0.0014
0.014
0.0035
-0.0033
-0.0093
-0.0097
-0.019
-0.024
-0.028
-0.03
-0.023
-0.012
-0.0033
0.0018
0.0071
0.0052
0.0019
0.0049
0.0016
0.00093
0.0068
-0.00041
0.00072
0.016
0.013
0.0031
0.012
0.0035
-0.016
-0.017
-0.01
-0.0035
0.0053
0.011
0.012
0.0071
0.0095
0.019
0.017
0.019
0.021
0.01
0.0042
0.012
0.011
0.00035
-0.00066
0.015
0.028
0.013
-0.01
-0.0051
0.021
0.022
0.0055
0.0037
0.022
0.023
0.008
0.0096
0.023
0.018
0.012
0.0069
0.0079
0.017
0.029
0.03
0.022
0.014
0.0021
-0.011
-0.0025
0.016
0.0059
-0.013
-0.0048
0.0085
0.0062
-0.0056
0.00044
0.012
4.6e-005
-0.013
-0.0044
0.018
0.021
-0.00017
-0.014
-0.014
-0.01
-0.0083
0.0013
-0.0037
-0.024
-0.023
-0.0021
0.0025
-0.0081
-0.0022
0.0013
-7.6e-005
0.0059
-0.0082
-0.022
-0.0057
0.023
0.016
-0.013
-0.014
0.0022
-0.001
-0.018
-0.014
-0.0035
0.015
0.021
0.011
0.0076
0.02
0.025
0.0038
-0.0053
0.015
0.022
0.0031
0.00084
0.016
-0.00014
-0.0088
0.0025
0.0078
0.0043
-0.0065
-0.0068
0.0099
0.019
0.0081
0.0077
0.017
0.016
0.017
0.026
0.025
0.014
0.013
0.01
-0.0018
-0.0073
-4.6e-005
0.0086
0.0098
-0.0014
-0.0093
-0.0076
0.01
0.01
-0.0063
-0.0088
0.014
0.024
0.0078
-0.0021
0.0011
0.0025
-0.01
-0.013
0.0087
0.019
-0.0075
-0.013
0.011
0.011
-0.016
-0.024
-0.0016
0.011
0.0009
0.01
0.032
0.027
0.007
-0.0012
-0.014
-0.025
-0.015
0.0061
0.02
0.019
0.015
0.013
0.00093
-0.013
-0.0072
-0.0023
-0.0066
0.0035
0.024
0.032
0.023
0.0091
0.0079
0.011
-0.0019
-0.0092
0.011
0.029
0.027
0.026
0.023
0.026
0.013
-0.0027
-0.0058
0.0053
0.0098
0.0098
0.017
0.022
0.02
0.0036
-0.0081
-0.0067
-0.00032
0.0073
0.0077
0.00066
0.0087
0.021
0.01
-0.00084
0.0074
0.012
0.013
0.017
0.02
0.026
0.034
0.029
0.017
0.01
0.01
0.022
0.025
0.024
0.032
0.035
0.031
0.035
0.03
0.013
0.0048
0.018
0.039
0.037
0.014
0.013
0.029
0.026
0.0063
-0.0062
0.0074
0.022
0.016
-0.0038
-0.0055
-7.6e-005
-0.0011
-0.0058
-0.00017
0.012
0.023
0.011
-0.01
-0.015
-0.01
-0.02
-0.04
-0.035
-0.019
-0.019
-0.016
0.0057
0.012
-0.015
-0.028
-0.019
-0.024
-0.031
-0.021
0.0023
0.017
0.017
0.0088
-0.0042
-0.021
-0.031
-0.019
-0.0084
-0.0046
0.0074
0.027
0.028
0.0067
-0.003
0.0017
0.01
0.022
0.022
0.017
0.021
0.028
0.025
0.021
0.02
0.017
0.014
0.0091
0.013
0.01
0.025
0.045
0.042
0.018
0.0048
0.0091
0.0081
0.0095
0.028
0.031
0.017
0.015
0.016
0.0026
-0.0019
0.01
0.02
0.014
-0.0017
-0.0073
0.0045
0.018
0.0066
-0.021
-0.026
-0.007
0.01
0.014
0.0079
0.00096
-0.0017
0.002
0.0068
0.0078
0.0072
0.0095
0.02
0.02
0.0063
-0.0036
0.012
0.022
0.013
-0.00072
0.0053
0.014
0.0097
0.0069
0.0097
0.01
-0.00096
-0.0072
-0.01
-0.017
-0.022
-0.015
-0.0076
-0.011
-0.022
-0.024
-0.019
-0.012
-0.018
-0.025
-0.019
-0.0063
0.00096
-0.011
-0.03
-0.031
-0.023
-0.022
-0.024
-0.02
-0.00017
0.013
0.051
0.091
0.05
-0.03
-0.031
0.036
0.059
0.019
-0.0061
0.022
0.057
0.066
0.047
0.028
0.031
0.045
0.047
0.04
0.041
0.054
0.049
0.037
0.025
0.017
0.01
0.0062
0.004
0.015
0.033
0.031
0.024
0.01
0.0029
0.0063
-0.0028
-0.0011
0.01
0.0023
-0.02
-0.028
-0.019
-0.012
-0.014
-0.026
-0.029
-0.024
-0.021
-0.0073
0.0057
-0.0045
-0.028
-0.025
-0.012
-0.0087
-0.015
-0.024
-0.03
-0.022
0.006
0.012
-0.012
-0.02
-0.00017
0.017
0.0037
-0.022
-0.036
-0.023
0.0002
4.6e-005
-0.0049
0.0025
0.017
0.0019
-0.0087
-0.0072
0.013
0.038
0.033
0.027
0.031
0.028
0.02
0.017
0.014
0.0018
-0.0032
0.012
0.012
-0.0086
-0.0037
0.02
0.019
-0.011
-0.031
-0.02
0.0024
0.015
0.0076
-0.0032
-0.0076
-0.0091
-0.011
-0.0081
-0.0078
-0.011
-0.0051
-0.012
-0.031
-0.027
-0.0077
-0.0034
-0.0088
-0.019
-0.019
-0.0056
0.0033
-0.0071
-0.0079
0.0048
0.018
0.013
-0.0044
-0.0091
-0.01
-0.0059
-0.0052
-0.0088
-0.024
-0.013
0.021
0.042
0.025
-0.0084
-0.019
-0.0064
0.0016
-0.0039
-0.022
-0.025
0.0038
0.023
0.0069
-0.0073
-0.0037
0.0073
0.017
0.00032
-0.026
-0.027
-0.014
-0.0062
-0.012
-0.023
-0.028
-0.017
0.0005
0.017
0.02
0.0066
0.012
0.025
0.0032
-0.021
-0.018
0.011
0.034
0.041
0.039
0.034
0.0061
-0.024
-0.023
0.013
0.046
0.034
0.0016
-0.022
-0.03
-0.026
-0.012
0.0021
0.0051
-0.0083
-0.027
-0.054
-0.07
-0.059
-0.044
-0.041
-0.052
-0.079
-0.12
-0.14
-0.11
-0.054
-0.037
-0.056
-0.077
-0.093
-0.1
-0.1
-0.072
-0.023
0.0049
0.011
0.01
0.0043
-0.013
-0.02
0.00044
0.013
0.027
0.064
0.091
0.08
0.063
0.056
0.052
0.049
0.048
0.045
0.042
0.041
0.051
0.069
0.078
0.069
0.048
0.02
-0.00096
-0.016
-0.011
0.013
0.02
0.0068
-0.015
-0.034
-0.048
-0.059
-0.049
-0.02
-0.0042
-0.015
-0.019
-0.0098
0.0079
0.026
0.025
0.027
0.039
0.044
0.051
0.067
0.08
0.081
0.083
0.085
0.086
0.091
0.095
0.095
0.095
0.1
0.12
0.13
0.13
0.11
0.11
0.12
0.12
0.11
0.092
0.096
0.11
0.1
0.078
0.059
0.055
0.053
0.037
0.012
-0.023
-0.056
-0.074
-0.087
-0.11
-0.13
-0.15
-0.16
-0.19
-0.21
-0.22
-0.21
-0.21
-0.19
-0.16
-0.14
-0.14
-0.13
-0.11
-0.1
-0.081
-0.053
-0.036
-0.033
-0.025
-0.0027
0.013
0.018
0.025
0.043
0.052
0.051
0.12
0.22
0.23
0.18
0.13
0.1
0.095
0.07
0.047
0.051
0.067
0.082
0.084
0.07
0.067
0.055
0.018
-0.037
-0.075
-0.074
-0.054
-0.039
-0.0089
0.015
0.043
0.084
0.096
0.067
0.03
0.037
0.099
0.16
0.17
0.13
0.098
0.11
0.14
0.16
0.14
0.12
0.13
0.15
0.16
0.12
0.073
0.056
0.084
0.13
0.15
0.14
0.11
0.1
0.12
0.12
0.11
0.082
0.07
0.075
0.083
0.077
0.055
0.021
-0.0051
-0.024
-0.034
-0.036
-0.042
-0.051
-0.036
-0.0038
0.014
0.016
0.016
0.02
0.028
0.045
0.056
0.06
0.075
0.086
0.092
0.1
0.1
0.086
0.094
0.13
0.16
0.15
0.12
0.11
0.11
0.13
0.16
0.18
0.17
0.16
0.15
0.16
0.15
0.13
0.11
0.11
0.093
0.059
0.027
0.0092
-0.0043
-0.004
-0.012
-0.052
-0.1
-0.12
-0.12
-0.11
-0.1
-0.11
-0.12
-0.14
-0.16
-0.19
-0.24
-0.28
-0.31
-0.32
-0.33
-0.35
-0.4
-0.47
-0.55
-0.6
-0.62
-0.62
-0.6
-0.54
-0.45
-0.3
-0.18
-0.09
-0.021
0.024
0.048
0.05
0.032
0.017
0.024
0.037
0.032
0.018
0.01
0.008
0.018
0.048
0.079
0.093
0.094
0.092
0.087
0.074
0.063
0.072
0.08
0.077
0.075
0.088
0.12
0.14
0.14
0.14
0.13
0.097
0.086
0.086
0.083
0.074
0.064
0.057
0.041
0.011
-0.0055
0.0037
0.0093
-0.011
-0.034
-0.036
-0.031
-0.049
-0.08
-0.11
-0.15
-0.16
-0.15
-0.13
-0.11
-0.08
-0.048
-0.032
-0.031
-0.029
-0.031
-0.039
-0.042
-0.037
-0.022
-0.015
-0.018
-0.0094
0.017
0.041
0.065
0.078
0.08
0.082
0.079
0.07
0.073
0.073
0.089
0.12
0.14
0.15
0.15
0.14
0.14
0.13
0.12
0.099
0.076
0.071
0.072
0.059
0.042
0.027
0.0095
-0.008
-0.036
-0.074
-0.099
-0.12
-0.14
-0.15
-0.16
-0.18
-0.19
-0.22
-0.25
-0.26
-0.26
-0.25
-0.25
-0.24
-0.21
-0.16
-0.11
-0.068
-0.037
-0.028
-0.021
-0.0052
0.015
0.04
0.068
0.087
0.093
0.085
0.082
0.11
0.15
0.18
0.17
0.16
0.15
0.16
0.15
0.14
0.14
0.15
0.16
0.15
0.14
0.13
0.12
0.12
0.11
0.1
0.085
0.054
0.031
0.018
-0.0095
-0.028
-0.019
-0.0079
-0.017
-0.046
-0.066
-0.07
-0.06
-0.046
-0.04
-0.04
-0.032
-0.017
-0.016
-0.036
-0.075
-0.1
-0.099
-0.087
-0.077
-0.069
-0.069
-0.084
-0.1
-0.11
-0.12
-0.13
-0.14
-0.14
-0.14
-0.13
-0.091
-0.058
-0.038
-0.037
-0.04
-0.048
-0.039
-0.015
0.02
0.067
0.1
0.1
0.087
0.071
0.065
0.069
0.082
0.093
0.089
0.087
0.097
0.091
0.071
0.07
0.077
0.087
0.097
0.11
0.13
0.15
0.15
0.13
0.1
0.093
0.099
0.1
0.1
0.09
0.07
0.045
0.019
-0.013
-0.035
-0.05
-0.05
-0.053
-0.076
-0.098
-0.09
-0.06
-0.046
-0.056
-0.086
-0.098
-0.096
-0.079
-0.063
-0.057
-0.053
-0.048
-0.05
-0.049
-0.053
-0.066
-0.057
-0.032
-0.023
-0.027
-0.037
-0.051
-0.063
-0.06
-0.048
-0.038
-0.028
-0.014
-0.0065
-0.0061
0.0049
0.022
0.039
0.049
0.06
0.074
0.077
0.071
0.065
0.068
0.071
0.075
0.076
0.057
0.016
0.00026
0.0096
0.012
0.016
0.013
0.00038
0.0026
0.0097
0.02
0.03
0.045
0.066
0.08
0.068
0.04
0.03
0.041
0.06
0.073
0.082
0.072
0.041
0.021
0.032
0.05
0.049
0.027
0.0067
0.012
0.026
0.036
0.045
0.037
0.019
0.013
0.011
0.0026
0.0013
0.016
0.021
0.013
0.00035
0.002
0.016
0.014
-0.0011
-0.0047
-0.0048
0.00026
0.015
0.034
0.058
0.076
0.084
0.083
0.073
0.051
0.042
0.046
0.048
0.048
0.053
0.056
0.054
0.027
-0.016
-0.052
-0.061
-0.052
-0.049
-0.052
-0.056
-0.058
-0.056
-0.048
-0.03
-0.025
-0.043
-0.052
-0.035
-0.018
0.0018
0.03
0.054
0.049
0.028
0.018
0.01
0.012
0.024
0.034
0.041
0.058
0.085
0.1
0.1
0.068
0.052
0.057
0.05
0.053
0.085
0.11
0.1
0.086
0.078
0.074
0.069
0.079
0.1
0.13
0.14
0.13
0.11
0.088
0.075
0.083
0.085
0.073
0.054
0.052
0.079
0.12
0.13
0.086
0.027
0.0043
0.025
0.058
0.08
0.083
0.082
0.09
0.091
0.073
0.056
0.038
0.03
0.026
0.017
0.029
0.046
0.049
0.05
0.038
0.0014
-0.03
-0.045
-0.044
-0.023
-0.0097
-0.0076
-0.0023
-0.01
-0.018
-0.025
-0.022
-0.02
-0.034
-0.055
-0.058
-0.037
-0.0094
-0.0011
-0.017
-0.043
-0.071
-0.079
-0.077
-0.063
-0.045
-0.01
0.02
0.014
-0.012
-0.029
-0.034
-0.019
0.01
0.023
0.011
1.5e-005
0.013
0.033
0.031
0.026
0.027
0.028
0.024
0.027
0.033
0.045
0.064
0.073
0.056
0.034
0.034
0.05
0.062
0.064
0.062
0.065
0.064
0.049
0.031
0.03
0.023
0.0027
0.0033
0.022
0.04
0.049
0.02
-0.03
-0.061
-0.035
0.026
0.054
0.042
0.027
0.018
0.0088
0.0071
-0.0024
0.0038
0.006
0.0026
0.025
0.05
0.046
0.014
-0.0013
-0.0019
-0.0085
-0.018
-0.035
-0.064
-0.073
-0.029
0.016
0.025
0.014
-0.0076
-0.023
-0.0069
0.021
0.025
0.015
0.017
0.025
0.025
0.02
0.015
0.0031
4.6e-005
0.012
0.023
0.017
-0.014
-0.036
-0.025
-0.013
-0.015
-0.022
-0.014
-0.016
-0.017
-0.0058
0.013
0.0096
-0.0064
-0.019
-0.035
-0.051
-0.06
-0.056
-0.056
-0.068
-0.078
-0.07
-0.061
-0.052
-0.046
-0.051
-0.058
-0.062
-0.065
-0.05
-0.02
0.0058
0.0043
-0.026
-0.055
-0.05
-0.02
0.0019
-0.027
-0.064
-0.05
-0.0049
0.029
0.036
0.0094
-0.036
-0.053
-0.025
0.01
0.015
0.0072
0.012
0.0099
0.013
0.017
0.0056
0.0017
-0.0073
-0.022
-0.014
-0.009
0.00093
0.008
-0.00063
-0.018
-0.021
-0.011
0.001
0.0021
0.0073
0.02
0.022
0.015
0.0028
-0.018
-0.037
-0.039
-0.02
0.015
0.035
0.025
0.0061
-0.017
-0.036
-0.04
-0.033
-0.022
0.0017
0.027
0.03
0.022
0.015
0.0079
0.007
0.0022
0.0033
0.016
0.027
0.044
0.056
0.046
0.036
0.029
0.026
0.033
0.039
0.035
0.034
0.036
0.048
0.059
0.049
0.035
0.02
0.012
0.019
0.045
0.066
0.068
0.046
0.034
0.037
0.043
0.045
0.029
0.015
0.022
0.027
0.028
0.024
-0.0029
-0.022
-0.0013
0.028
0.035
0.021
0.013
0.0034
-0.013
-0.027
-0.043
-0.041
-0.02
0.0059
0.017
0.013
-0.011
-0.043
-0.044
-0.044
-0.064
-0.082
-0.068
-0.042
-0.025
-0.025
-0.054
-0.082
-0.082
-0.072
-0.061
-0.052
-0.04
-0.03
-0.014
-0.0047
-0.0071
-0.02
-0.034
-0.038
-0.035
-0.0078
0.014
0.019
0.021
0.021
0.0098
-0.0015
-0.0066
-0.0067
-0.00084
0.0075
0.022
0.022
-0.0017
-0.021
-0.03
-0.032
-0.021
-0.013
-0.013
0.0002
0.015
0.005
-0.019
-0.03
-0.021
-0.0087
-0.0039
-0.00011
0.0028
0.0096
0.013
0.0049
-0.0073
-0.01
-0.0047
-0.0035
-0.012
-0.024
-0.026
-0.011
-0.0023
0.0074
0.0017
-0.007
-0.025
-0.043
-0.051
-0.044
-0.017
0.0028
0.0052
0.0019
-0.01
-0.036
-0.047
-0.027
-0.0025
0.0014
0.0063
0.026
0.038
0.04
0.052
0.063
0.068
0.061
0.035
0.0023
-0.014
-0.002
0.016
0.012
0.0026
-0.0061
-0.035
-0.066
-0.08
-0.08
-0.072
-0.058
-0.047
-0.066
-0.094
-0.086
-0.043
-0.024
-0.021
-0.02
-0.039
-0.058
-0.069
-0.069
-0.049
-0.019
0.0082
0.0062
-0.027
-0.071
-0.074
-0.042
-0.0094
0.0036
0.0024
-0.011
-0.037
-0.054
-0.054
-0.035
-0.025
-0.035
-0.047
-0.056
-0.065
-0.076
-0.075
-0.069
-0.065
-0.061
-0.062
-0.067
-0.06
-0.042
-0.035
-0.031
-0.03
-0.032
-0.025
-0.014
-0.0043
0.01
0.021
0.027
0.03
0.017
-0.0046
-0.014
-0.011
0.00044
0.0094
0.0041
0.0047
0.011
0.029
0.034
0.02
0.0069
0.0091
0.024
0.039
0.052
0.044
0.033
0.023
0.018
0.029
0.043
0.04
0.021
0.0032
-0.012
-0.022
-0.017
-0.0024
-0.0026
-0.011
0.0073
0.028
0.035
0.037
0.046
0.051
0.047
0.04
0.022
0.014
0.021
0.045
0.074
0.085
0.06
0.011
-0.015
-0.02
-0.013
-0.00078
0.016
0.025
0.028
0.035
0.027
0.012
0.00056
-0.012
-0.022
-0.028
-0.0081
0.018
0.038
0.042
0.033
0.027
0.02
0.022
0.016
0.02
0.034
0.039
0.043
0.053
0.049
0.03
0.022
0.024
0.028
0.036
0.048
0.053
0.047
0.046
0.041
0.022
0.013
0.021
0.03
0.052
0.073
0.06
0.03
0.013
0.0075
0.0058
0.0015
0.00096
0.0068
0.016
0.027
0.029
0.022
0.016
0.019
0.024
0.025
0.021
0.023
0.04
0.049
0.043
0.019
0.0056
0.00032
0.0079
0.021
0.025
0.026
0.038
0.052
0.05
0.045
0.043
0.042
0.032
0.019
0.021
0.034
0.052
0.057
0.035
0.0092
0.0032
0.017
0.035
0.046
0.041
0.034
0.034
0.042
0.046
0.055
0.075
0.079
0.069
0.054
0.035
0.017
0.023
0.046
0.046
0.03
0.018
0.018
0.021
0.029
0.033
0.024
0.027
0.036
0.042
0.052
0.057
0.051
0.037
0.032
0.025
0.022
0.016
0.0024
-0.0063
0.0017
0.012
0.0032
1.5e-005
0.0084
0.0063
-0.0076
-0.021
-0.027
-0.026
-0.013
0.006
0.018
0.012
0.0021
-0.014
-0.042
-0.054
-0.044
-0.037
-0.042
-0.033
-0.021
-0.032
-0.042
-0.031
-0.0079
0.0044
0.0082
-0.0028
-0.028
-0.055
-0.053
-0.015
0.016
0.029
0.037
0.021
0.0041
-4.6e-005
0.017
0.028
0.014
-0.011
-0.034
-0.045
-0.039
-0.011
0.0028
0.0056
0.012
0.0076
-0.0092
-0.026
-0.039
-0.034
-0.0072
0.01
-0.011
-0.035
-0.037
-0.028
-0.011
0.0078
0.005
-0.018
-0.035
-0.038
-0.035
-0.032
-0.015
-0.0054
-0.0072
-0.00038
0.013
0.017
0.011
-0.00047
-0.014
-0.0079
-0.0027
-0.0059
-0.0035
0.0047
0.0093
0.01
0.0071
-0.0044
-0.0098
-0.0042
-0.011
-0.023
-0.033
-0.016
0.0051
0.01
-0.0075
-0.029
-0.032
-0.022
-0.0095
0.0002
0.019
0.033
0.037
0.028
0.009
-0.014
-0.026
-0.018
-0.0036
0.0017
0.0064
0.016
0.022
0.025
0.038
0.043
0.035
0.025
0.0051
-0.0077
0.0087
0.029
0.024
0.009
0.0039
0.015
0.022
0.013
0.0063
0.0094
0.02
0.031
0.036
0.023
0.0048
-0.0024
0.0019
0.0086
0.0076
0.0033
0.0095
0.025
0.038
0.033
0.028
0.029
0.039
0.051
0.052
0.045
0.035
0.031
0.035
0.038
0.028
0.015
0.0036
0.0025
0.016
0.021
0.019
0.023
0.025
0.015
0.014
0.023
0.027
0.025
0.019
0.014
0.016
0.02
0.023
0.033
0.054
0.064
0.062
0.061
0.051
0.033
0.022
0.027
0.027
0.026
0.043
0.062
0.061
0.05
0.037
0.017
0.02
0.035
0.042
0.049
0.053
0.056
0.059
0.066
0.069
0.072
0.064
0.054
0.051
0.065
0.083
0.081
0.067
0.059
0.053
0.05
0.058
0.07
0.072
0.06
0.055
0.051
0.039
0.041
0.054
0.044
0.019
0.0059
0.011
0.027
0.046
0.052
0.036
0.02
0.027
0.051
0.061
0.057
0.044
0.032
0.028
0.034
0.056
0.067
0.058
0.058
0.061
0.063
0.064
0.063
0.055
0.04
0.03
0.026
0.024
0.013
0.013
0.015
0.014
0.011
0.0084
0.0088
0.012
0.0096
0.019
0.029
0.024
0.021
0.031
0.04
0.035
0.025
0.016
0.0081
0.012
0.017
0.01
-0.0067
-0.034
-0.046
-0.035
-0.026
-0.025
-0.023
-0.012
0.0018
0.023
0.046
0.061
0.048
0.028
0.0038
-0.036
-0.048
-0.027
-0.01
-0.01
-0.014
-0.012
-0.00035
0.016
0.028
0.054
0.072
0.067
0.047
0.019
-0.018
-0.047
-0.036
-0.0012
0.032
0.052
0.056
0.035
0.0037
-0.014
-0.018
-0.02
-0.02
-0.013
0.0039
0.02
0.034
0.048
0.052
0.046
0.046
0.037
0.00087
-0.025
-0.016
0.013
0.023
0.012
-0.0045
-0.014
-0.01
-0.0011
0.0021
-0.0069
-0.019
-0.021
-0.018
-0.02
-0.013
0.0049
0.013
0.0026
-0.012
-0.019
-0.021
-0.017
-0.015
-0.025
-0.022
-0.0063
0.0028
-0.0039
-0.0055
0.00056
0.00035
-0.0011
0.001
0.004
0.013
0.023
0.021
0.0082
0.0098
0.012
0.0042
-0.0026
-0.028
-0.067
-0.07
-0.041
-0.026
-0.042
-0.051
-0.044
-0.036
-0.034
-0.042
-0.051
-0.043
-0.029
-0.026
-0.029
-0.037
-0.046
-0.045
-0.037
-0.04
-0.054
-0.057
-0.054
-0.062
-0.059
-0.056
-0.067
-0.076
-0.087
-0.089
-0.079
-0.066
-0.042
-0.031
-0.039
-0.057
-0.063
-0.063
-0.07
-0.084
-0.087
-0.072
-0.063
-0.068
-0.067
-0.065
-0.069
-0.073
-0.067
-0.064
-0.069
-0.058
-0.054
-0.076
-0.093
-0.085
-0.072
-0.07
-0.076
-0.089
-0.087
-0.069
-0.051
-0.049
-0.049
-0.034
-0.014
-0.005
-0.0064
-0.019
-0.026
-0.021
-0.014
-0.011
-0.012
-0.02
-0.025
-0.034
-0.045
-0.049
-0.039
-0.022
-0.0077
-0.009
-0.02
-0.023
-0.021
-0.0047
0.014
0.016
0.0014
-0.012
-0.012
-0.00075
0.0024
0.0013
0.0062
0.0099
0.016
0.024
0.021
0.015
0.013
0.014
0.02
0.029
0.015
-0.013
-0.029
-0.026
-0.0088
0.0099
0.02
0.028
0.041
0.056
0.053
0.04
0.026
0.017
0.018
0.032
0.041
0.029
0.015
0.012
-0.00075
-0.014
-0.021
-0.024
-0.023
-0.028
-0.04
-0.045
-0.034
-0.015
-0.011
-0.016
-0.032
-0.051
-0.052
-0.034
-0.015
0.00056
0.016
0.016
0.0041
-0.0035
-0.0035
-0.0006
0.0024
0.013
0.029
0.033
0.021
0.01
0.008
0.01
0.021
0.025
0.0081
-0.0065
0.0037
0.024
0.035
0.033
0.029
0.035
0.04
0.04
0.043
0.043
0.038
0.036
0.03
0.005
-0.015
-0.0063
0.015
0.031
0.046
0.049
0.03
0.026
0.04
0.04
0.029
0.019
0.0088
-0.013
-0.022
-0.018
-0.01
0.0022
0.026
0.055
0.094
0.13
0.15
0.15
0.15
0.14
0.12
0.1
0.085
0.056
0.046
0.064
0.093
0.11
0.096
0.074
0.043
0.016
-0.0021
-0.0044
0.0049
0.016
0.02
0.028
0.041
0.044
0.055
0.065
0.063
0.05
0.037
0.028
0.013
0.0064
0.0066
0.00093
-0.0026
-0.0076
-0.0049
0.0057
0.018
0.031
0.04
0.05
0.051
0.047
0.038
0.037
0.045
0.062
0.078
0.073
0.052
0.029
0.012
-0.0026
-0.016
-0.016
-0.008
0.0009
0.019
0.036
0.025
0.0074
-0.0014
-0.0091
-0.014
-0.014
-0.011
-0.0035
-0.0031
-0.012
-0.028
-0.05
-0.058
-0.05
-0.044
-0.031
-0.021
-0.018
-0.0077
0.0053
0.011
0.017
0.024
0.038
0.054
0.063
0.065
0.063
0.063
0.066
0.052
0.028
0.0057
-0.016
-0.027
-0.035
-0.041
-0.04
-0.031
-0.016
-0.0028
-0.00017
0.0064
0.021
0.028
0.032
0.038
0.037
0.038
0.051
0.053
0.034
0.022
0.012
0.0028
0.0011
-0.0032
-0.011
-0.013
-0.018
-0.028
-0.019
0.013
0.037
0.04
0.028
0.0043
-0.0083
-0.00056
0.00053
-0.01
-0.014
-0.00053
-0.00087
-0.0083
-0.011
-0.012
-0.0018
0.004
-0.008
-0.017
-0.0095
0.0041
0.0064
0.0036
-0.0073
-0.018
-0.014
0.0022
0.013
0.018
0.029
0.024
0.0075
-0.0047
-0.0067
-0.0063
-0.011
-0.0059
0.013
0.027
0.034
0.053
0.056
0.036
0.025
0.014
-0.0043
-0.0096
0.0037
0.023
0.04
0.05
0.048
0.036
0.03
0.031
0.026
0.023
0.013
0.006
0.0034
-0.0061
-0.0079
0.0021
0.013
0.011
-0.0005
-0.0072
-0.012
-0.009
0.0034
0.0025
0.0026
0.012
0.023
0.028
0.034
0.031
0.024
0.015
0.0081
0.008
0.018
0.024
0.015
0.01
0.029
0.037
0.031
0.038
0.041
0.025
0.0096
0.01
0.018
0.024
0.026
0.032
0.032
0.021
0.011
0.0091
0.0072
0.01
0.016
0.018
0.021
0.015
0.012
0.011
0.008
0.012
0.032
0.048
0.042
0.026
0.0038
-0.013
-0.021
-0.023
-0.015
-0.0074
-0.00017
0.009
0.0066
-0.0033
-0.021
-0.03
-0.029
-0.017
-0.0076
0.0074
0.027
0.042
0.046
0.035
0.023
0.013
-0.0057
-0.02
-0.031
-0.026
0.0029
0.031
0.034
0.024
0.014
0.021
0.053
0.073
0.06
0.038
0.017
-0.0086
-0.039
-0.05
-0.03
0.007
0.034
0.037
0.018
-0.0043
-0.0061
0.0021
0.0014
-0.0057
-0.019
-0.025
-0.022
-0.012
0.006
0.02
0.028
0.04
0.027
-0.0092
-0.029
-0.016
0.013
0.028
0.025
0.0091
-0.0072
-0.016
-0.024
-0.033
-0.032
-0.019
-0.009
-0.0029
0.0047
-0.0002
-0.0014
0.017
0.027
0.026
0.042
0.059
0.044
0.013
-0.018
-0.043
-0.054
-0.053
-0.051
-0.036
-0.023
-0.012
-0.0061
-0.018
-0.041
-0.059
-0.052
-0.038
-0.036
-0.042
-0.031
-0.018
-0.016
-0.036
-0.068
-0.089
-0.092
-0.08
-0.058
-0.029
0.0042
0.028
0.029
0.0088
-0.0059
-0.019
-0.021
-0.012
-0.0033
0.0087
0.0072
-0.022
-0.055
-0.071
-0.082
-0.095
-0.096
-0.087
-0.082
-0.069
-0.031
-0.01
-0.022
-0.028
-0.025
-0.024
-0.028
-0.028
-0.013
0.02
0.049
0.049
0.019
-0.023
-0.049
-0.048
-0.035
-0.027
-0.032
-0.04
-0.042
-0.048
-0.062
-0.073
-0.072
-0.063
-0.066
-0.083
-0.09
-0.068
-0.043
-0.029
-0.037
-0.043
-0.035
-0.021
-0.0029
0.018
0.03
0.038
0.051
0.051
0.03
0.006
-0.0048
0.0037
0.0029
-0.0037
-0.012
-0.027
-0.027
-0.011
-0.0043
0.0033
0.02
0.025
0.021
0.018
0.024
0.031
0.029
0.019
0.017
0.028
0.032
0.018
-0.0092
-0.022
-0.02
-0.016
-0.004
0.011
0.024
0.04
0.05
0.046
0.049
0.054
0.05
0.051
0.054
0.048
0.045
0.055
0.059
0.043
0.026
0.014
-0.00078
-0.021
-0.024
-0.018
-0.023
-0.036
-0.047
-0.05
-0.046
-0.05
-0.052
-0.038
0.0054
0.042
0.053
0.05
0.051
0.056
0.057
0.051
0.034
0.011
-0.0078
-0.014
-0.03
-0.055
-0.073
-0.064
-0.037
-0.019
-0.0063
-0.0085
-0.035
-0.061
-0.058
-0.029
-0.0068
0.0018
0.0063
0.0085
0.0074
0.0033
-0.0021
-0.022
-0.037
-0.053
-0.073
-0.066
-0.032
-0.011
-0.015
-0.035
-0.068
-0.089
-0.096
-0.092
-0.067
-0.027
0.015
0.024
0.013
0.0029
-0.011
-0.016
0.0013
-0.0017
-0.028
-0.022
-0.0026
0.0068
0.0072
-0.0018
-0.031
-0.061
-0.062
-0.038
-0.0021
0.021
0.035
0.037
0.032
0.02
0.015
0.038
0.072
0.095
0.099
0.08
0.036
-0.0076
-0.035
-0.048
-0.049
-0.045
-0.039
-0.014
0.019
0.036
0.034
0.016
-0.028
-0.065
-0.084
-0.08
-0.056
-0.019
0.037
0.086
0.087
0.037
-0.018
-0.041
-0.045
-0.042
-0.032
-0.026
-0.01
0.018
0.021
-0.0087
-0.0099
0.0071
-0.00075
-0.023
-0.044
-0.047
-0.016
0.022
0.039
0.042
0.05
0.059
0.053
0.036
0.02
0.0069
-0.0067
-0.01
-0.0042
-0.0016
0.0013
0.0092
0.0084
-0.0088
-0.03
-0.03
0.0027
0.033
0.04
0.021
0.0065
0.0047
0.0099
0.0039
-0.024
-0.049
-0.053
-0.044
-0.038
-0.039
-0.044
-0.044
-0.025
-0.0037
0.013
0.023
0.031
0.034
0.031
0.016
-0.0066
-0.013
-0.0069
0.0074
0.018
0.017
0.016
0.03
0.045
0.039
0.019
-0.0083
-0.016
-1.5e-005
0.032
0.058
0.058
0.041
0.028
0.021
0.022
0.036
0.038
0.033
0.033
0.039
0.053
0.055
0.043
0.034
0.038
0.045
0.039
0.03
0.04
0.069
0.081
0.075
0.059
0.055
0.062
0.063
0.052
0.041
0.043
0.047
0.043
0.035
0.029
0.019
0.019
0.041
0.072
0.086
0.082
0.058
0.024
0.0021
0.00084
0.013
0.027
0.024
0.0074
0.0067
0.016
0.024
0.03
0.031
0.021
0.0039
-0.0071
-0.013
-0.017
-0.0026
0.026
0.036
0.012
-0.013
-0.03
-0.039
-0.055
-0.07
-0.067
-0.039
-0.012
-0.0084
-0.019
-0.024
-0.018
-0.0099
-0.0093
-0.004
0.007
0.011
0.0019
-0.0058
-0.0048
-0.016
-0.038
-0.047
-0.052
-0.065
-0.062
-0.049
-0.038
-0.035
-0.036
-0.039
-0.045
-0.043
-0.033
-0.017
0.0032
0.025
0.039
0.038
0.028
0.016
0.016
0.012
-0.0035
-0.018
-0.022
-0.025
-0.031
-0.028
-0.017
-0.0049
0.00087
0.0058
0.023
0.039
0.051
0.049
0.053
0.062
0.065
0.049
0.02
-0.008
-0.023
-0.013
0.0076
0.016
0.0071
-0.0058
-0.0049
0.00023
-0.0061
-0.009
-0.0094
0.0098
0.034
0.037
0.012
-0.014
-0.02
-0.0011
0.027
0.03
0.019
0.017
0.015
0.0072
0.0071
0.022
0.046
0.064
0.061
0.038
0.015
0.0048
0.016
0.027
0.03
0.044
0.069
0.089
0.1
0.11
0.1
0.11
0.1
0.085
0.055
0.039
0.049
0.06
0.058
0.05
0.036
0.031
0.039
0.055
0.077
0.098
0.099
0.078
0.038
0.014
0.027
0.048
0.056
0.061
0.067
0.077
0.089
0.085
0.058
0.025
0.0049
-0.0036
-0.0038
0.011
0.042
0.082
0.11
0.13
0.11
0.075
0.04
0.011
0.012
0.042
0.069
0.078
0.079
0.081
0.084
0.08
0.071
0.065
0.059
0.052
0.054
0.054
0.049
0.051
0.049
0.04
0.03
0.033
0.058
0.078
0.082
0.068
0.053
0.036
0.017
-0.0023
-0.015
-0.0092
0.015
0.05
0.066
0.053
0.029
0.0035
-0.013
-0.0068
0.0074
0.027
0.048
0.06
0.058
0.047
0.02
-0.011
-0.031
-0.04
-0.04
-0.035
-0.028
-0.017
-0.0019
0.019
0.033
0.023
0.0021
-0.0065
0.0037
0.013
0.013
0.006
0.0022
0.0034
0.012
0.018
0.013
-0.0011
-0.011
-0.017
-0.027
-0.03
-0.024
-0.011
0.0022
0.007
-0.002
-0.012
-0.0052
0.014
0.019
0.008
0.0013
0.00096
-0.0076
-0.015
-0.011
4.6e-005
0.01
0.0076
-0.0058
-0.018
-0.013
0.011
0.033
0.039
0.038
0.033
0.024
0.023
0.031
0.045
0.054
0.047
0.031
0.027
0.029
0.03
0.033
0.028
0.018
0.0092
0.011
0.022
0.028
0.027
0.009
-0.0087
-0.015
-0.0066
0.00011
0.0023
0.0054
0.0053
0.0051
0.0093
0.016
0.011
-0.0027
-0.012
-0.0073
-0.0041
-0.012
-0.031
-0.039
-0.028
-0.016
-0.011
-0.0082
-0.00053
0.0082
0.012
0.0031
0.004
0.025
0.038
0.031
0.019
0.016
0.026
0.036
0.031
0.022
0.012
0.0015
-0.0015
-0.0024
-0.0063
-0.0037
0.00063
0.0019
0.00078
-0.019
-0.04
-0.033
-0.012
0.0031
0.007
0.006
0.012
0.017
0.0074
-0.0042
-0.015
-0.024
-0.024
-0.019
-0.014
-0.01
-0.0036
0.011
0.024
0.031
0.021
-0.0023
-0.019
-0.022
-0.014
-0.0027
0.011
0.013
-0.0067
-0.027
-0.037
-0.039
-0.038
-0.036
-0.03
-0.016
0.0092
0.029
0.026
0.0037
-0.011
-0.0078
0.00017
0.0075
0.0067
0.003
0.012
0.034
0.044
0.032
0.016
0.02
0.016
0.0058
0.00035
-0.00041
0.0069
0.02
0.04
0.055
0.059
0.054
0.057
0.066
0.073
0.073
0.061
0.036
0.013
0.0098
0.019
0.033
0.051
0.068
0.071
0.076
0.084
0.085
0.078
0.066
0.042
0.017
0.012
0.028
0.056
0.084
0.087
0.063
0.03
-0.0031
-0.026
-0.028
-0.015
-0.0022
0.0067
0.0063
0.0013
0.00078
0.003
0.015
0.021
-0.0035
-0.041
-0.056
-0.048
-0.034
-0.011
0.0037
0.0056
-0.0018
-0.0082
-0.012
-0.017
-0.016
-0.016
-0.02
-0.023
-0.029
-0.042
-0.057
-0.061
-0.054
-0.055
-0.058
-0.059
-0.041
-0.024
-0.026
-0.036
-0.033
-0.012
0.0038
-0.0083
-0.049
-0.082
-0.086
-0.074
-0.06
-0.057
-0.068
-0.083
-0.081
-0.064
-0.049
-0.042
-0.035
-0.025
-0.019
-0.022
-0.031
-0.054
-0.071
-0.07
-0.057
-0.046
-0.041
-0.042
-0.04
-0.035
-0.029
-0.024
-0.032
-0.054
-0.064
-0.057
-0.045
-0.036
-0.022
-0.01
-0.0095
-0.0097
-0.023
-0.049
-0.072
-0.093
-0.092
-0.073
-0.047
-0.038
-0.04
-0.048
-0.054
-0.053
-0.047
-0.047
-0.039
-0.024
-0.022
-0.033
-0.045
-0.049
-0.042
-0.035
-0.042
-0.051
-0.064
-0.073
-0.067
-0.05
-0.031
-0.023
-0.027
-0.027
-0.012
-0.0047
0.0013
0.018
0.04
0.044
0.028
0.012
0.0061
0.0073
0.0076
0.0066
-0.0049
-0.013
-0.0063
-0.0024
-0.00093
0.011
0.019
0.015
0.014
0.029
0.042
0.04
0.04
0.038
0.027
0.019
0.027
0.043
0.057
0.068
0.069
0.068
0.067
0.062
0.061
0.065
0.072
0.074
0.071
0.065
0.052
0.043
0.03
0.012
-0.0027
0.0039
0.029
0.047
0.042
0.022
0.011
0.02
0.031
0.042
0.048
0.055
0.061
0.061
0.055
0.044
0.037
0.041
0.057
0.065
0.062
0.06
0.056
0.044
0.034
0.031
0.029
0.023
0.018
0.012
-0.0024
-0.011
-0.011
-0.013
-0.012
-0.0051
0.0025
-0.0024
-0.02
-0.041
-0.032
0.0056
0.032
0.026
0.01
0.0034
0.0031
0.00038
-0.0027
-0.0059
-0.0037
0.0045
0.0089
0.0064
-0.0059
-0.013
-0.0032
0.0047
-0.0087
-0.032
-0.037
-0.034
-0.027
-0.028
-0.039
-0.044
-0.036
-0.034
-0.048
-0.07
-0.075
-0.083
-0.094
-0.088
-0.072
-0.049
-0.03
-0.015
0.0039
0.023
0.03
0.028
0.017
0.0005
-0.015
-0.031
-0.05
-0.069
-0.076
-0.066
-0.053
-0.048
-0.067
-0.092
-0.079
-0.033
0.012
0.033
0.018
-0.02
-0.045
-0.032
-0.0058
0.013
0.021
0.022
0.026
0.026
-0.00069
-0.044
-0.067
-0.066
-0.053
-0.044
-0.053
-0.065
-0.058
-0.034
-0.022
-0.019
-0.023
-0.027
-0.023
-0.017
-0.0067
0.015
0.048
0.065
0.047
0.012
-0.017
-0.02
0.00023
0.021
0.023
0.013
-0.0098
-0.037
-0.051
-0.056
-0.051
-0.037
-0.025
-0.02
-0.0059
0.009
0.0066
-0.00038
0.00072
0.006
0.02
0.032
0.027
0.019
0.013
0.0072
-0.003
-0.032
-0.06
-0.066
-0.073
-0.081
-0.075
-0.041
-0.0011
0.0087
0.0042
0.0051
0.0081
0.0057
-0.0086
-0.029
-0.024
-0.0014
0.014
0.018
0.014
0.018
0.026
0.032
0.032
0.017
0.014
0.033
0.049
0.078
0.092
0.064
0.012
-0.042
-0.05
-0.03
-0.0055
0.018
0.019
0.022
0.018
0.025
0.05
0.075
0.074
0.057
0.047
0.044
0.026
0.0023
0.011
0.036
0.057
0.056
0.05
0.052
0.068
0.081
0.083
0.077
0.08
0.087
0.065
0.0052
-0.06
-0.11
-0.12
-0.088
-0.06
-0.041
-0.036
-0.032
-0.033
-0.049
-0.055
-0.031
0.012
0.053
0.045
0.0076
-0.02
-0.045
-0.061
-0.05
-0.046
-0.045
-0.045
-0.038
-0.021
0.00041
0.016
0.0027
-0.018
-0.019
0.0076
0.042
0.05
0.024
-0.015
-0.053
-0.074
-0.079
-0.072
-0.054
-0.034
0.0013
0.048
0.073
0.065
0.039
0.03
0.062
0.096
0.1
0.071
0.039
0.03
0.033
0.039
0.024
-0.0014
-0.012
-0.0025
0.023
0.052
0.077
0.091
0.09
0.084
0.08
0.081
0.081
0.067
0.048
0.024
-0.00023
-0.0086
-0.017
-0.028
-0.024
-0.004
0.024
0.041
0.041
0.029
0.017
0.004
-0.015
-0.018
0.0054
0.04
0.053
0.035
0.0012
-0.028
-0.043
-0.04
-0.032
-0.021
-0.011
-0.015
-0.035
-0.049
-0.051
-0.045
-0.031
-0.026
-0.045
-0.06
-0.066
-0.07
-0.061
-0.036
-0.0071
0.0079
0.0042
-0.0038
0.0042
0.019
0.027
0.025
0.0073
-0.021
-0.051
-0.056
-0.054
-0.049
-0.03
-0.023
-0.019
-0.0035
0.02
0.034
0.048
0.046
0.016
-0.0068
-0.014
-0.028
-0.046
-0.035
-0.007
0.008
0.011
0.012
0.009
0.016
0.032
0.053
0.061
0.051
0.033
0.032
0.038
0.024
0.0074
-0.002
0.0044
0.032
0.067
0.068
0.041
0.028
0.035
0.05
0.061
0.052
0.042
0.052
0.08
0.099
0.11
0.12
0.11
0.082
0.041
0.0048
0.002
0.027
0.053
0.064
0.061
0.049
0.043
0.036
0.015
0.0029
0.0046
0.014
0.021
0.0094
-0.0061
-0.011
-0.015
-0.017
-0.016
-0.0041
0.0075
0.0015
-0.0002
0.019
0.029
0.019
-0.0066
-0.048
-0.07
-0.061
-0.049
-0.036
-0.023
-0.02
-0.033
-0.045
-0.051
-0.046
-0.035
-0.011
0.02
0.049
0.06
0.044
0.018
-0.0024
-0.011
-0.0058
0.012
0.034
0.05
0.06
0.047
0.034
0.037
0.039
0.039
0.055
0.078
0.088
0.091
0.091
0.1
0.11
0.094
0.067
0.054
0.047
0.048
0.061
0.083
0.11
0.1
0.067
0.041
0.031
0.024
0.019
0.025
0.043
0.048
0.033
0.009
-0.015
-0.029
-0.022
-0.0082
-0.0056
-0.00087
0.0094
0.026
0.051
0.063
0.057
0.036
0.024
0.029
0.021
0.0059
0.0036
0.00063
0.00032
0.0062
-0.0022
-0.018
-0.025
-0.023
-0.017
-0.011
-0.016
-0.017
-0.0083
-0.0051
-0.013
-0.029
-0.043
-0.038
-0.009
0.034
0.056
0.037
0.0064
-1.5e-005
0.0029
0.0031
-0.0039
-0.008
0.011
0.022
0.02
0.028
0.039
0.043
0.036
0.016
-0.0083
-0.021
-0.032
-0.029
-0.014
-0.0049
-0.00096
-0.0017
-0.0065
0.00063
0.011
0.0066
-0.0048
-0.0053
-0.0025
-0.0097
-0.012
-0.0037
-0.0026
-0.014
-0.023
-0.024
-0.02
-0.02
-0.039
-0.056
-0.038
-0.011
-0.0086
-0.014
-0.0077
0.0076
0.022
0.031
0.035
0.026
0.0096
-0.0015
-0.0049
-0.0016
-0.0029
-0.0035
-0.01
-0.02
-0.033
-0.041
-0.036
-0.029
-0.024
-0.024
-0.028
-0.032
-0.028
-0.023
-0.022
-0.018
-0.014
-0.013
-0.018
-0.029
-0.039
-0.038
-0.033
-0.035
-0.029
-0.026
-0.029
-0.031
-0.031
-0.032
-0.033
-0.038
-0.037
-0.016
0.0047
0.019
0.031
0.027
0.0021
-0.022
-0.027
-0.022
-0.013
-0.017
-0.026
-0.03
-0.022
-0.00026
0.016
0.02
0.024
0.018
0.0098
0.0041
-0.017
-0.032
-0.031
-0.037
-0.029
-0.012
-0.012
-0.021
-0.018
-0.013
-0.0074
-0.0098
-0.021
-0.023
-0.016
0.0034
0.026
0.038
0.042
0.049
0.046
0.022
-0.0084
-0.025
-0.02
-0.018
-0.019
-0.014
-0.019
-0.023
-0.009
0.0014
0.0081
0.017
0.022
0.027
0.029
0.016
0.0084
0.013
0.011
0.0068
0.0066
0.0019
-0.00017
0.0052
0.0089
0.0024
-0.014
-0.025
-0.023
-0.024
-0.027
-0.025
-0.018
-0.0033
0.0054
0.0077
0.019
0.031
0.028
0.027
0.02
0.016
0.031
0.048
0.052
0.042
0.025
0.0099
-0.0075
-0.016
-0.012
-0.0088
0.0017
0.018
0.0049
-0.015
-0.013
-0.0057
0.0094
0.026
0.021
-0.0085
-0.039
-0.056
-0.049
-0.03
-0.021
-0.016
-0.012
-0.015
-0.03
-0.045
-0.045
-0.036
-0.033
-0.028
-0.013
-0.0046
0.0024
0.0038
0.0042
0.018
0.018
0.00078
-0.0098
-0.013
-0.0097
-0.00096
-0.0018
-0.022
-0.032
-0.044
-0.051
-0.043
-0.025
0.0022
0.025
0.026
0.022
0.023
0.015
0.0014
-0.0042
-0.0049
-0.019
-0.031
-0.023
-0.012
-0.0092
-0.0059
-0.017
-0.039
-0.048
-0.048
-0.036
-0.0054
0.022
0.015
-0.0019
-0.0043
0.0028
0.0078
0.0044
0.0062
0.0057
-0.0025
-0.0014
0.011
0.021
0.018
0.0057
0.00041
0.0077
0.0094
0.013
0.033
0.049
0.042
0.022
0.00084
-0.017
-0.014
0.0073
0.015
0.0093
0.006
0.0065
0.014
0.017
0.015
0.011
0.0058
0.0035
0.0076
0.0071
-0.0094
-0.033
-0.042
-0.038
-0.023
-0.014
-0.01
-0.0054
-0.0034
0.0009
0.0077
0.0095
-1.5e-005
0.0018
0.018
0.031
0.04
0.037
0.024
0.022
0.037
0.054
0.05
0.028
0.02
0.026
0.034
0.04
0.029
0.014
0.014
0.017
0.03
0.049
0.052
0.04
0.028
0.017
0.0092
0.0018
-0.0034
0.00081
0.0051
0.015
0.022
0.025
0.021
0.02
0.022
0.014
0.011
0.022
0.034
0.032
0.031
0.038
0.032
0.016
0.00078
-0.012
-0.019
-0.015
-0.0036
0.009
0.017
0.0051
-0.012
-0.021
-0.02
-0.0062
0.015
0.035
0.038
0.022
0.0022
-0.014
-0.017
-0.0099
0.0027
0.01
0.015
0.019
0.031
0.044
0.033
0.018
0.015
0.024
0.026
0.015
-0.012
-0.033
-0.028
-0.007
0.0096
0.0082
-0.0048
-0.013
-0.0067
0.019
0.041
0.042
0.033
0.019
-0.0094
-0.018
0.0068
0.026
0.042
0.061
0.069
0.058
0.037
0.017
0.0072
0.0013
0.0018
0.0053
-0.0019
-0.0092
-0.01
0.0051
0.026
0.029
0.012
0.0005
0.0042
0.009
0.0093
0.0025
-0.00038
0.013
0.02
0.025
0.032
0.041
0.058
0.068
0.067
0.051
0.038
0.029
0.036
0.045
0.052
0.059
0.066
0.08
0.081
0.059
0.023
-0.0005
0.0045
0.018
0.013
-0.0048
-0.014
-0.017
-0.012
0.0025
0.0029
-0.008
-0.014
-0.015
-0.0043
0.017
0.024
0.011
-0.0031
0.0027
0.022
0.024
0.0028
-0.011
-0.006
0.0045
0.013
0.013
0.0068
0.0061
0.012
0.023
0.035
0.032
0.022
0.013
0.014
0.015
0.016
0.013
0.013
0.021
0.032
0.039
0.031
0.02
0.018
0.024
0.036
0.047
0.052
0.043
0.035
0.04
0.049
0.045
0.028
0.018
0.016
0.021
0.019
0.0052
-0.0056
0.00029
0.017
0.021
0.013
-0.004
0.0024
0.03
0.054
0.067
0.068
0.053
0.038
0.03
0.022
0.016
0.0052
0.0091
0.024
0.026
0.014
-0.0075
-0.022
-0.018
-0.012
-0.0077
0.0029
0.02
0.029
0.029
0.011
-0.0054
-0.0077
-0.0031
0.015
0.03
0.039
0.039
0.026
0.0089
0.0046
0.008
0.0048
0.0063
0.018
0.026
0.022
0.018
0.018
0.0065
-0.012
-0.029
-0.042
-0.045
-0.034
-0.015
0.0054
0.014
0.00053
-0.023
-0.035
-0.029
-0.024
-0.018
-0.008
-0.00063
-0.0018
-0.0072
-0.0097
-0.0084
-0.018
-0.028
-0.027
-0.024
-0.022
-0.025
-0.022
-0.017
-0.0098
-0.0034
0.0033
0.0045
0.011
0.023
0.03
0.033
0.037
0.039
0.038
0.038
0.029
0.013
0.0068
-0.0028
-0.015
-0.016
-0.014
-0.018
-0.026
-0.034
-0.037
-0.027
-0.019
-0.018
-0.022
-0.022
-0.019
-0.016
-0.018
-0.024
-0.023
-0.021
-0.014
-0.011
-0.016
-0.024
-0.035
-0.04
-0.042
-0.048
-0.054
-0.056
-0.051
-0.034
-0.022
-0.031
-0.048
-0.07
-0.078
-0.053
-0.026
-0.011
-0.015
-0.038
-0.08
-0.11
-0.11
-0.081
-0.042
-0.025
-0.015
0.0023
0.023
0.041
0.049
0.042
0.029
0.028
0.023
0.0035
-0.021
-0.02
-0.0034
0.008
0.019
0.01
-0.024
-0.046
-0.039
-0.02
0.0068
0.01
-0.016
-0.031
-0.026
-0.019
-0.011
-0.009
-0.0053
0.0066
0.0097
0.0055
-0.0017
-0.007
-0.0014
0.0073
0.0029
-0.0074
-0.019
-0.013
0.0065
0.013
0.0078
0.0046
-0.0041
-0.015
-0.014
-0.0098
-0.0048
-0.0027
-0.009
-0.016
-0.013
-0.0086
-0.0017
0.014
0.03
0.022
-0.0011
-0.011
-0.013
-0.025
-0.026
-0.021
-0.035
-0.061
-0.079
-0.088
-0.087
-0.081
-0.071
-0.04
-0.0081
0.012
0.019
0.012
0.0068
0.0079
0.015
0.015
0.004
-0.016
-0.016
-0.00093
0.0054
0.0005
-0.015
-0.021
-0.0079
-0.0025
-0.0016
0.0045
0.011
0.013
0.023
0.028
0.019
0.0017
-0.009
-0.0094
-0.0068
0.00066
0.0087
0.0022
-0.025
-0.046
-0.05
-0.055
-0.056
-0.035
-0.0024
0.019
0.032
0.036
0.032
0.038
0.049
0.05
0.051
0.062
0.055
0.042
0.04
0.036
0.029
0.035
0.056
0.068
0.064
0.06
0.051
0.035
0.028
0.034
0.033
0.017
0.0097
0.02
0.035
0.045
0.042
0.045
0.06
0.066
0.049
0.026
0.006
0.0054
0.024
0.042
0.041
0.034
0.033
0.033
0.028
0.021
0.0094
-0.0017
-0.0054
0.0018
0.011
0.014
0.0086
0.0049
0.021
0.048
0.073
0.086
0.082
0.068
0.058
0.049
0.033
0.018
0.0081
0.015
0.026
0.028
0.018
0.013
0.012
0.01
0.01
0.011
0.016
0.03
0.041
0.033
0.018
0.0045
0.0032
0.015
0.022
0.017
0.013
0.019
0.03
0.037
0.04
0.032
0.02
0.0072
0.015
0.043
0.076
0.1
0.1
0.082
0.056
0.036
0.023
0.02
0.034
0.049
0.05
0.036
0.02
0.0076
0.0033
0.015
0.02
0.014
0.011
0.018
0.022
0.026
0.019
0.0028
0.0039
0.017
0.024
0.02
0.0088
-0.0033
-0.007
-0.0022
0.012
0.025
0.027
0.027
0.028
0.023
0.027
0.03
0.033
0.033
0.025
0.02
0.019
0.013
0.0061
0.0058
0.0022
-0.0066
-0.0097
0.0011
0.012
0.011
0.00035
-0.012
-0.019
-0.017
-0.0069
0.0042
0.014
0.011
-0.0054
-0.02
-0.031
-0.039
-0.04
-0.031
-0.024
-0.017
-0.0016
0.024
0.055
0.076
0.086
0.088
0.08
0.055
0.0041
-0.034
-0.026
0.0098
0.036
0.054
0.051
0.022
-0.0018
-0.0084
-0.0047
0.00056
0.0005
-0.0022
-0.0054
0.0069
0.026
0.04
0.041
0.037
0.042
0.046
0.033
0.0034
-0.012
-0.0087
-0.002
0.0011
-0.0085
-0.035
-0.068
-0.075
-0.049
-0.022
-0.015
-0.019
-0.026
-0.044
-0.047
-0.025
-0.0096
-0.013
-0.024
-0.032
-0.022
-0.0036
0.0031
0.0029
-0.0044
-0.0068
0.0005
0.0021
-0.01
-0.027
-0.042
-0.052
-0.062
-0.07
-0.064
-0.051
-0.048
-0.051
-0.049
-0.054
-0.048
-0.037
-0.04
-0.06
-0.08
-0.088
-0.083
-0.078
-0.085
-0.093
-0.092
-0.084
-0.078
-0.08
-0.091
-0.11
-0.11
-0.092
-0.067
-0.039
-0.0091
0.006
0.0016
-0.01
-0.025
-0.027
-0.022
-0.02
-0.028
-0.044
-0.066
-0.091
-0.11
-0.12
-0.12
-0.12
-0.12
-0.12
-0.12
-0.1
-0.087
-0.067
-0.059
-0.063
-0.065
-0.063
-0.059
-0.054
-0.064
-0.072
-0.056
-0.04
-0.033
-0.021
0.0029
0.024
0.037
0.032
0.01
-0.014
-0.041
-0.064
-0.079
-0.073
-0.041
0.0016
0.029
0.014
-0.032
-0.075
-0.091
-0.066
-0.024
0.0099
0.026
0.017
-0.009
-0.04
-0.049
-0.051
-0.048
-0.032
-0.014
-0.0051
-0.0044
-0.032
-0.076
-0.094
-0.083
-0.057
-0.031
-0.023
-0.023
-0.014
-0.0035
0.0064
0.0067
0.0018
0.0046
0.014
0.0053
-0.011
-0.021
-0.017
-0.0072
0.0025
0.01
0.0018
-0.0097
-0.0048
0.015
0.04
0.049
0.036
0.015
-0.0018
-0.004
0.01
0.023
0.027
0.025
0.022
0.032
0.049
0.054
0.036
0.019
0.0094
0.015
0.042
0.069
0.071
0.046
0.019
-0.0034
-0.012
-0.0092
-0.0044
0.003
0.006
0.017
0.028
0.032
0.024
0.016
0.016
0.03
0.055
0.065
0.055
0.04
0.029
0.018
0.0058
-0.00035
-0.0038
-4.6e-005
0.0025
0.0069
0.0029
-0.0029
1.5e-005
0.019
0.038
0.034
0.017
-0.0037
-0.012
0.0006
0.022
0.028
0.0049
-0.03
-0.047
-0.043
-0.027
-0.0049
0.0088
-0.00023
-0.019
-0.04
-0.048
-0.024
0.023
0.067
0.093
0.073
0.0054
-0.063
-0.089
-0.058
-0.0036
0.021
0.0073
-0.014
-0.022
-0.0093
0.009
0.018
0.014
-0.0054
-0.026
-0.04
-0.05
-0.058
-0.042
-0.0017
0.041
0.06
0.052
0.03
0.017
0.02
0.028
0.038
0.039
0.026
0.014
0.02
0.04
0.061
0.079
0.088
0.093
0.093
0.079
0.039
-0.01
-0.035
-0.03
-0.015
-0.017
-0.021
-0.015
0.0079
0.033
0.051
0.055
0.058
0.075
0.095
0.1
0.095
0.074
0.051
0.04
0.04
0.034
0.012
-0.0065
0.0012
0.017
0.023
0.022
0.038
0.084
0.13
0.16
0.17
0.17
0.15
0.14
0.15
0.15
0.13
0.085
0.05
0.028
0.019
0.022
0.03
0.035
0.034
0.026
0.0048
-0.018
-0.017
-0.00026
0.012
0.021
0.029
0.021
-0.0038
-0.014
-0.0033
0.0089
0.01
0.0089
0.021
0.05
0.072
0.073
0.068
0.069
0.069
0.069
0.061
0.046
0.037
0.043
0.052
0.053
0.043
0.02
0.0027
-0.0092
-0.01
-0.0091
-0.011
-0.021
-0.021
-0.0072
0.0062
0.0067
0.003
0.0079
0.025
0.047
0.053
0.07
0.075
0.07
0.078
0.049
0.041
0.049
0.064
0.12
0.14
0.12
0.056
-0.0018
-0.00063
0.061
0.11
0.12
0.09
0.033
0.0049
0.011
0.018
0.023
0.017
0.0033
-0.00017
-0.0052
-0.019
-0.014
-0.021
-0.031
-0.027
-0.032
-0.03
-0.015
0.00014
0.021
0.04
0.034
0.02
0.0067
-0.011
-0.0088
-0.0055
-0.0051
-0.0037
-0.012
-0.021
-0.029
-0.054
-0.078
-0.082
-0.071
-0.059
-0.059
-0.053
-0.057
-0.069
-0.063
-0.057
-0.069
-0.082
-0.091
-0.11
-0.11
-0.1
-0.088
-0.081
-0.083
-0.11
-0.13
-0.14
-0.13
-0.13
-0.13
-0.13
-0.11
-0.086
-0.068
-0.056
-0.048
-0.054
-0.072
-0.086
-0.083
-0.075
-0.077
-0.083
-0.073
-0.063
-0.065
-0.069
-0.075
-0.094
-0.11
-0.12
-0.1
-0.075
-0.048
-0.03
-0.023
-0.026
-0.027
-0.02
-0.01
0.003
0.014
0.019
0.015
0.0075
0.0036
0.0055
0.012
0.011
0.0025
0.0077
0.021
0.022
0.015
0.0056
-0.0043
-0.0096
-0.011
-0.016
-0.013
0.0033
0.018
0.033
0.041
0.032
0.023
0.03
0.048
0.068
0.072
0.069
0.072
0.081
0.089
0.089
0.083
0.084
0.066
0.026
1.5e-005
0.0045
0.0077
-0.011
-0.03
-0.031
-0.012
-0.0084
-0.015
-0.022
-0.04
-0.046
-0.036
-0.035
-0.043
-0.039
-0.032
-0.034
-0.022
0.0017
0.0033
-0.0056
0.0067
0.024
0.041
0.059
0.061
0.042
0.015
0.0029
0.027
0.066
0.082
0.067
0.041
0.022
0.011
0.012
0.0054
-0.015
-0.026
-0.026
-0.029
-0.029
-0.016
-0.0024
0.0034
-0.0018
-0.0072
-0.0076
0.0082
0.03
0.055
0.065
0.067
0.061
0.044
0.033
0.017
0.013
0.024
0.034
0.03
0.028
0.039
0.049
0.054
0.051
0.052
0.05
0.049
0.058
0.062
0.065
0.074
0.086
0.081
0.063
0.042
0.026
0.028
0.038
0.04
0.039
0.038
0.031
0.017
0.0073
0.0048
0.0048
0.02
0.05
0.069
0.075
0.072
0.075
0.085
0.098
0.1
0.1
0.1
0.1
0.089
0.087
0.092
0.091
0.078
0.064
0.049
0.035
0.017
0.00063
0.0027
0.022
0.038
0.031
0.0085
-0.021
-0.046
-0.061
-0.073
-0.081
-0.084
-0.079
-0.079
-0.081
-0.089
-0.1
-0.088
-0.059
-0.038
-0.021
-0.001
0.011
0.028
0.049
0.053
0.051
0.048
0.037
0.028
0.034
0.046
0.054
0.048
0.032
0.024
0.025
0.026
0.032
0.036
0.036
0.04
0.046
0.042
0.025
0.015
0.016
0.02
0.022
0.032
0.037
0.04
0.044
0.042
0.029
0.0069
-0.011
-0.017
-0.0044
0.031
0.062
0.067
0.056
0.043
0.032
0.038
0.053
0.066
0.08
0.095
0.1
0.11
0.11
0.093
0.078
0.07
0.06
0.056
0.063
0.073
0.072
0.065
0.044
0.017
-0.0087
-0.016
-0.00096
0.02
0.035
0.041
0.05
0.064
0.069
0.066
0.059
0.061
0.065
0.066
0.066
0.067
0.065
0.053
0.042
0.033
0.027
0.024
0.015
0.0023
-0.0045
-0.0043
-0.0086
-0.015
-0.012
-0.0096
-0.017
-0.02
-0.013
-0.012
-0.011
-0.0067
-0.0018
-0.0033
-0.018
-0.041
-0.036
-0.0045
0.015
0.015
0.0077
0.0087
0.023
0.035
0.03
0.021
0.011
0.0058
0.0074
0.0013
-0.0087
-0.017
-0.02
-0.018
-0.011
-0.011
-0.014
-0.019
-0.02
-0.024
-0.028
-0.031
-0.033
-0.029
-0.017
-0.0044
0.0065
0.0094
0.00017
-0.011
-0.022
-0.022
-0.0085
0.0024
-0.00041
-0.0061
0.0042
0.025
0.033
0.026
0.021
0.017
0.0057
-0.0028
-0.015
-0.039
-0.052
-0.042
-0.033
-0.029
-0.0056
0.021
0.025
0.029
0.03
0.0065
-0.025
-0.035
-0.028
-0.02
-0.016
0.0054
0.028
0.035
0.018
-0.012
-0.026
-0.026
-0.025
-0.022
-0.017
-0.017
-0.029
-0.053
-0.088
-0.1
-0.087
-0.065
-0.052
-0.047
-0.044
-0.053
-0.066
-0.066
-0.059
-0.056
-0.062
-0.07
-0.068
-0.054
-0.042
-0.032
-0.033
-0.047
-0.056
-0.062
-0.071
-0.071
-0.049
-0.013
0.023
0.038
0.029
0.019
0.014
0.013
0.018
0.034
0.052
0.063
0.058
0.041
0.021
0.012
0.0086
0.015
0.029
0.033
0.037
0.054
0.068
0.061
0.048
0.037
0.029
0.029
0.037
0.039
0.032
0.026
0.029
0.031
0.025
0.017
0.012
0.015
0.023
0.022
0.0087
-0.0073
-0.021
-0.03
-0.03
-0.034
-0.034
-0.028
-0.028
-0.034
-0.046
-0.054
-0.045
-0.03
-0.023
-0.022
-0.017
-0.0084
0.0062
0.0067
0.0049
0.01
0.029
0.056
0.075
0.081
0.078
0.065
0.049
0.05
0.047
0.037
0.038
0.035
0.037
0.054
0.068
0.078
0.08
0.075
0.062
0.049
0.036
0.03
0.035
0.047
0.057
0.062
0.064
0.059
0.052
0.046
0.038
0.034
0.046
0.058
0.05
0.043
0.031
0.018
0.025
0.035
0.041
0.065
0.079
0.065
0.041
0.021
0.022
0.03
0.034
0.041
0.053
0.054
0.047
0.037
0.021
0.012
0.0052
-0.0046
-0.014
-0.02
-0.022
-0.014
0.0033
0.022
0.025
0.02
0.023
0.033
0.039
0.035
0.023
0.0072
-0.0011
0.0022
0.011
0.019
0.02
0.016
0.0023
-0.0094
-0.0024
0.012
0.017
0.0076
-0.011
-0.016
0.0054
0.025
0.02
-0.0015
-0.03
-0.049
-0.041
-0.032
-0.035
-0.033
-0.021
-0.0091
-0.0012
0.0046
0.0027
0.0046
0.02
0.024
0.009
-0.0036
-0.0037
-0.0045
-0.0055
-0.0099
-0.02
-0.014
0.0026
0.0079
0.015
0.028
0.035
0.038
0.031
0.0067
-0.014
-0.031
-0.042
-0.041
-0.029
-0.0084
0.0051
-0.0039
-0.025
-0.039
-0.05
-0.063
-0.059
-0.036
-0.026
-0.028
-0.019
-0.031
-0.066
-0.085
-0.088
-0.088
-0.08
-0.07
-0.06
-0.038
-0.016
-0.015
-0.017
-0.02
-0.031
-0.038
-0.021
0.0011
0.014
0.018
0.02
0.02
0.03
0.046
0.059
0.06
0.039
0.02
0.026
0.037
0.032
0.023
0.01
-0.0043
-0.012
-0.0097
-0.0047
-0.012
-0.024
-0.029
-0.036
-0.048
-0.054
-0.049
-0.039
-0.028
-0.032
-0.036
-0.035
-0.027
-0.02
-0.019
-0.023
-0.02
-0.012
-0.011
-0.0076
-0.01
-0.021
-0.021
-0.026
-0.036
-0.035
-0.015
0.0025
0.012
0.0076
0.00056
-0.0047
0.00081
0.011
0.014
0.014
0.02
0.022
0.019
0.016
0.0079
-0.00035
0.013
0.029
0.049
0.061
0.062
0.059
0.045
0.034
0.03
0.033
0.027
0.027
0.048
0.074
0.086
0.074
0.053
0.034
0.019
0.013
-0.004
-0.01
0.0048
0.023
0.034
0.037
0.023
0.014
0.027
0.044
0.05
0.065
0.086
0.087
0.076
0.058
0.047
0.04
0.027
0.018
0.0063
-0.0081
-0.0076
-0.004
-0.011
-0.018
-0.025
-0.028
-0.029
-0.035
-0.035
-0.03
-0.025
-0.012
-0.00023
0.00032
-0.0022
-0.0028
0.0035
0.022
0.044
0.052
0.035
0.02
0.018
0.036
0.068
0.088
0.076
0.049
0.026
0.016
0.017
0.025
0.014
-0.0062
-0.009
-0.011
-0.01
-0.0069
-0.024
-0.044
-0.042
-0.029
-0.018
0.0057
0.03
0.046
0.055
0.057
0.049
0.036
0.036
0.042
0.043
0.036
0.024
0.016
0.013
-0.0021
-0.017
-0.016
-0.011
-0.012
-0.006
0.016
0.036
0.046
0.047
0.035
0.014
-0.0075
-0.017
-0.019
-0.012
0.0075
0.016
0.0083
-0.0014
-0.015
-0.027
-0.036
-0.038
-0.04
-0.05
-0.06
-0.052
-0.044
-0.047
-0.037
-0.032
-0.037
-0.029
-0.016
0.0092
0.045
0.056
0.043
0.02
-0.0044
-0.019
-0.029
-0.034
-0.029
-0.024
-0.022
-0.013
-0.0032
0.0045
0.012
0.014
0.01
0.0068
0.0021
0.009
0.016
0.025
0.04
0.043
0.034
0.025
0.029
0.052
0.071
0.07
0.064
0.05
0.036
0.027
0.023
0.026
0.035
0.032
0.024
0.016
0.00075
-0.014
-0.011
-0.0019
-0.0006
-0.0062
-0.013
-0.019
-0.026
-0.03
-0.024
-0.013
-0.014
-0.021
-0.02
-0.0065
0.01
0.017
0.013
0.0043
-0.013
-0.033
-0.036
-0.019
0.0039
0.023
0.039
0.062
0.087
0.098
0.098
0.08
0.048
0.0091
-0.027
-0.054
-0.07
-0.076
-0.069
-0.05
-0.024
0.0041
0.015
0.021
0.025
0.019
0.0065
-0.014
-0.044
-0.071
-0.079
-0.052
0.011
0.067
0.092
0.1
0.088
0.062
0.053
0.048
0.035
0.039
0.059
0.064
0.047
0.019
-0.0078
-0.026
-0.048
-0.082
-0.11
-0.11
-0.097
-0.068
-0.041
-0.029
-0.027
-0.033
-0.034
-0.024
-0.004
0.023
0.044
0.051
0.042
0.027
0.017
0.012
-0.0029
-0.012
-0.015
-0.016
-0.012
-0.00032
0.0029
-0.0037
-0.012
-0.018
-0.022
-0.017
-0.0095
-0.0052
0.0058
0.016
0.012
0.00023
-0.0028
0.0036
0.026
0.057
0.065
0.055
0.056
0.069
0.076
0.088
0.095
0.081
0.053
0.032
0.014
0.0021
0.013
0.024
0.016
-0.014
-0.055
-0.089
-0.11
-0.13
-0.13
-0.11
-0.09
-0.07
-0.043
-0.021
-0.0065
0.0045
0.016
0.035
0.053
0.063
0.065
0.05
0.051
0.065
0.065
0.053
0.044
0.045
0.045
0.046
0.066
0.084
0.08
0.061
0.071
0.093
0.083
0.078
0.056
-0.0074
-0.047
-0.058
-0.05
-0.062
-0.075
-0.045
1.5e-005
0.055
0.069
0.062
0.04
0.023
0.019
0.017
0.034
0.037
0.046
0.076
0.11
0.11
0.073
0.00069
-0.052
-0.04
0.014
0.043
0.041
0.025
-0.0022
-0.021
-0.0029
0.03
0.037
0.011
-0.025
-0.033
-0.0068
0.035
0.06
0.072
0.058
0.04
0.018
-0.011
-0.024
-0.026
-0.018
-0.0042
0.015
0.036
0.029
0.007
0.0096
0.027
0.035
0.038
0.05
0.061
0.069
0.083
0.064
-0.0032
-0.062
-0.067
-0.032
0.0088
0.048
0.071
0.059
0.043
0.038
0.038
0.032
0.029
0.036
0.048
0.051
0.032
0.012
0.0094
0.018
0.015
0.009
0.0024
-0.024
-0.05
-0.044
-0.022
0.0049
0.022
0.02
0.0027
-0.019
-0.033
-0.021
0.013
0.041
0.056
0.064
0.045
0.021
0.02
0.018
0.011
0.032
0.08
0.12
0.12
0.07
-0.0029
-0.071
-0.097
-0.07
-0.037
-0.021
-0.011
-0.019
-0.029
-0.018
0.0031
0.029
0.041
0.033
0.035
0.051
0.073
0.078
0.052
0.012
-0.03
-0.051
-0.055
-0.044
-0.035
-0.014
0.034
0.086
0.12
0.13
0.1
0.059
0.021
0.018
0.033
0.036
0.015
-0.015
-0.043
-0.043
-0.0092
0.022
0.043
0.047
0.038
0.025
0.027
0.023
0.0063
-0.0016
0.017
0.07
0.12
0.14
0.12
0.09
0.055
0.035
0.031
0.015
-0.014
-0.037
-0.043
-0.037
-0.018
0.0013
0.0012
-0.0039
0.0071
0.032
0.055
0.057
0.051
0.043
0.042
0.047
0.047
0.032
0.013
0.0043
0.00093
-0.0028
-0.013
-0.028
-0.043
-0.06
-0.061
-0.049
-0.029
0.003
0.027
0.01
-0.021
-0.033
-0.042
-0.043
-0.041
-0.052
-0.06
-0.041
-0.021
-0.02
-0.027
-0.026
-0.0058
0.017
0.035
0.045
0.039
0.029
0.026
0.018
0.0045
-0.0066
-0.01
0.00093
0.013
0.008
0.00087
-0.0055
-0.0068
-0.011
-0.03
-0.039
-0.024
-0.02
-0.034
-0.037
-0.031
-0.017
0.0059
0.026
0.024
0.016
0.013
0.014
0.027
0.045
0.063
0.066
0.059
0.05
0.038
0.041
0.062
0.071
0.062
0.028
-0.009
-0.022
-0.031
-0.036
-0.029
-0.034
-0.026
-0.0058
0.012
0.02
0.0087
0.0083
0.02
0.03
0.031
0.026
0.02
0.0053
-0.015
-0.035
-0.043
-0.048
-0.059
-0.068
-0.069
-0.057
-0.036
-0.016
-0.012
-0.018
-0.031
-0.039
-0.019
0.0029
0.017
0.02
0.018
0.016
0.013
0.016
0.022
0.022
0.025
0.025
0.031
0.047
0.053
0.036
0.012
-0.0043
-0.016
-0.02
-0.0022
0.012
0.021
0.03
0.026
0.027
0.035
0.042
0.043
0.038
0.039
0.05
0.051
0.04
0.028
0.023
0.034
0.05
0.061
0.061
0.047
0.025
0.017
0.023
0.037
0.044
0.038
0.031
0.029
0.035
0.034
0.013
0.015
0.078
0.13
0.1
0.025
-0.014
0.003
0.023
0.031
0.046
0.056
0.057
0.055
0.041
0.016
0.016
0.049
0.072
0.063
0.037
0.02
0.032
0.054
0.075
0.091
0.092
0.085
0.06
0.027
0.013
0.03
0.057
0.069
0.062
0.055
0.047
0.019
0.0093
0.0089
0.011
0.015
0.02
0.026
0.021
0.00084
-0.021
-0.021
-0.013
-0.024
-0.033
-0.025
-0.0053
0.02
0.029
0.022
0.013
0.014
0.021
0.012
-0.0065
-0.021
-0.025
-0.022
-0.022
-0.022
-0.0062
0.0054
0.0098
0.022
0.014
-0.021
-0.045
-0.047
-0.053
-0.058
-0.079
-0.091
-0.051
-0.0098
-0.0095
-0.041
-0.061
-0.049
-0.03
-0.01
0.0069
-0.0018
-0.04
-0.071
-0.069
-0.048
-0.03
-0.027
-0.033
-0.05
-0.07
-0.077
-0.061
-0.05
-0.049
-0.059
-0.076
-0.074
-0.064
-0.054
-0.038
-0.033
-0.031
-0.033
-0.029
-0.0035
0.016
0.025
0.035
0.021
-0.022
-0.046
-0.04
-0.037
-0.04
-0.037
-0.036
-0.04
-0.047
-0.049
-0.043
-0.037
-0.027
-0.029
-0.053
-0.081
-0.097
-0.09
-0.077
-0.075
-0.088
-0.095
-0.081
-0.048
-0.029
-0.042
-0.046
-0.044
-0.049
-0.063
-0.085
-0.094
-0.078
-0.047
-0.028
-0.036
-0.06
-0.076
-0.075
-0.077
-0.087
-0.1
-0.13
-0.15
-0.13
-0.097
-0.072
-0.053
-0.03
-0.023
-0.024
-0.018
-0.021
-0.042
-0.043
-0.011
0.027
0.051
0.061
0.059
0.059
0.058
0.053
0.049
0.039
0.024
0.0047
-0.016
-0.029
-0.031
-0.031
-0.023
-0.016
-0.013
-0.0065
0.0052
0.015
0.014
0.0017
-0.012
-0.0079
0.0062
0.016
0.021
0.026
0.037
0.049
0.057
0.05
0.028
0.0035
-0.01
-0.0061
0.0063
0.015
0.0094
-0.0016
-0.024
-0.04
-0.032
-0.0081
0.014
0.029
0.035
0.036
0.035
0.021
0.0056
-0.01
-0.02
-0.021
-0.018
-0.015
-0.009
0.0072
0.02
0.031
0.028
0.0034
-0.03
-0.047
-0.042
-0.035
-0.026
-0.015
-0.0018
0.0054
0.011
0.00078
-0.009
-0.017
-0.03
-0.036
-0.038
-0.036
-0.033
-0.031
-0.03
-0.039
-0.057
-0.069
-0.061
-0.041
-0.017
1.5e-005
0.00044
-0.007
-0.011
-0.017
-0.022
-0.028
-0.026
-0.014
-0.0028
0.0082
0.016
0.0084
-0.0065
-0.0054
-0.0033
-0.0036
0.0078
0.02
0.023
0.019
-0.0032
-0.021
-0.016
-0.013
-0.022
-0.031
-0.032
-0.023
-0.0094
0.0041
0.0085
0.0028
-0.013
-0.023
-0.023
-0.017
-0.0083
-0.0049
0.0033
0.0046
-0.0029
-0.011
-0.014
-0.015
-0.0042
0.011
0.027
0.042
0.046
0.043
0.042
0.046
0.048
0.036
0.021
0.014
0.01
0.019
0.043
0.05
0.047
0.06
0.068
0.064
0.07
0.078
0.071
0.057
0.067
0.079
0.084
0.083
0.086
0.087
0.087
0.096
0.11
0.13
0.16
0.17
0.17
0.16
0.15
0.14
0.13
0.1
0.11
0.11
0.093
0.086
0.091
0.11
0.13
0.15
0.15
0.14
0.14
0.14
0.14
0.14
0.17
0.19
0.21
0.2
0.18
0.16
0.15
0.15
0.18
0.17
0.15
0.13
0.12
0.1
0.097
0.11
0.12
0.12
0.092
0.062
0.064
0.083
0.087
0.087
0.09
0.099
0.11
0.12
0.14
0.17
0.19
0.2
0.21
0.19
0.16
0.13
0.13
0.13
0.14
0.13
0.11
0.11
0.12
0.11
0.093
0.073
0.064
0.077
0.099
0.094
0.077
0.058
0.028
0.0034
0.0097
0.028
0.044
0.044
0.035
0.045
0.063
0.083
0.075
0.05
0.046
0.054
0.051
0.037
0.012
-0.026
-0.061
-0.061
-0.031
-0.0048
0.0061
-0.0081
-0.039
-0.068
-0.089
-0.11
-0.1
-0.067
-0.031
-0.0088
-0.0023
0.014
0.046
0.065
0.055
0.023
-0.007
-0.028
-0.032
-0.015
0.0055
0.02
0.027
0.019
-0.0082
-0.055
-0.089
-0.08
-0.065
-0.056
-0.052
-0.051
-0.049
-0.058
-0.078
-0.088
-0.095
-0.11
-0.11
-0.11
-0.11
-0.099
-0.1
-0.12
-0.13
-0.11
-0.092
-0.11
-0.11
-0.093
-0.088
-0.093
-0.095
-0.084
-0.072
-0.07
-0.078
-0.099
-0.11
-0.1
-0.1
-0.093
-0.078
-0.068
-0.07
-0.083
-0.11
-0.13
-0.11
-0.081
-0.076
-0.086
-0.097
-0.12
-0.17
-0.18
-0.17
-0.16
-0.15
-0.16
-0.17
-0.18
-0.18
-0.18
-0.19
-0.19
-0.19
-0.19
-0.2
-0.2
-0.18
-0.15
-0.12
-0.12
-0.13
-0.12
-0.11
-0.097
-0.1
-0.096
-0.068
-0.046
-0.035
-0.045
-0.079
-0.098
-0.094
-0.091
-0.07
-0.042
-0.018
-0.019
-0.05
-0.066
-0.057
-0.04
-0.014
0.00011
0.0057
0.01
0.0091
0.021
0.047
0.069
0.077
0.074
0.069
0.06
0.05
0.054
0.062
0.064
0.057
0.058
0.068
0.067
0.055
0.045
0.032
0.057
0.094
0.11
0.11
0.086
0.044
0.014
0.0066
0.0087
0.0062
-0.018
-0.016
0.027
0.065
0.06
0.022
-0.0025
0.024
0.057
0.058
0.056
0.045
0.038
0.023
0.0059
0.0084
-0.00017
-0.017
-0.027
-0.024
-0.021
-0.016
-0.019
-0.011
0.012
0.042
0.067
0.069
0.069
0.077
0.078
0.065
0.047
0.046
0.07
0.088
0.072
0.045
0.03
0.032
0.048
0.061
0.072
0.078
0.073
0.078
0.093
0.1
0.1
0.1
0.089
0.078
0.06
0.036
0.013
0.013
0.05
0.071
0.055
0.015
-0.0095
-0.011
0.00053
0.016
0.026
0.024
0.021
0.026
0.036
0.049
0.054
0.044
0.027
0.0014
-0.0088
0.0095
0.021
0.0079
-0.017
-0.04
-0.042
-0.022
-0.0045
0.0011
-0.014
-0.03
-0.021
-0.0082
-0.013
-0.014
-0.007
-0.014
-0.039
-0.067
-0.076
-0.062
-0.038
-0.023
-0.032
-0.05
-0.051
-0.047
-0.049
-0.057
-0.067
-0.056
-0.026
-0.0018
0.00026
-0.0036
0.0043
0.022
0.034
0.034
0.021
-0.0083
-0.021
0.00014
0.009
0.01
0.023
0.027
0.013
0.02
0.029
0.0083
-0.022
-0.034
-0.0089
0.032
0.039
-0.0067
-0.048
-0.022
0.025
0.054
0.045
0.015
0.00075
0.0077
0.02
0.03
0.032
0.039
0.062
0.089
0.11
0.1
0.069
0.017
0.0005
0.027
0.052
0.064
0.055
0.039
0.029
0.011
-0.016
-0.034
-0.034
-0.025
-0.02
-0.026
-0.02
-0.0029
-0.0043
-0.039
-0.078
-0.096
-0.087
-0.07
-0.059
-0.063
-0.066
-0.067
-0.068
-0.055
-0.036
-0.029
-0.035
-0.042
-0.043
-0.04
-0.03
-0.024
-0.034
-0.047
-0.053
-0.052
-0.052
-0.056
-0.061
-0.077
-0.098
-0.11
-0.1
-0.097
-0.1
-0.12
-0.14
-0.14
-0.15
-0.16
-0.16
-0.17
-0.17
-0.17
-0.17
-0.13
-0.11
-0.11
-0.13
-0.15
-0.17
-0.17
-0.18
-0.19
-0.2
-0.18
-0.15
-0.13
-0.12
-0.13
-0.15
-0.16
-0.17
-0.17
-0.16
-0.14
-0.14
-0.14
-0.14
-0.14
-0.14
-0.11
-0.095
-0.11
-0.14
-0.16
-0.14
-0.11
-0.1
-0.11
-0.12
-0.12
-0.1
-0.072
-0.035
-0.014
-0.015
-0.0066
0.015
0.025
0.022
0.0068
-0.008
-0.012
-0.0089
-0.011
-0.01
0.014
0.048
0.07
0.069
0.048
0.019
0.0085
0.015
0.034
0.058
0.068
0.073
0.069
0.044
0.0068
-0.015
-0.0046
0.019
0.039
0.044
0.024
-0.0035
-0.028
-0.05
-0.06
-0.059
-0.049
-0.019
0.011
0.023
0.026
0.014
-0.013
-0.026
-0.026
-0.029
-0.039
-0.04
-0.028
-0.022
-0.02
-0.028
-0.053
-0.069
-0.073
-0.063
-0.032
0.0042
0.019
0.0065
-0.013
-0.021
-0.025
-0.025
-0.018
-0.011
-0.0051
-0.0038
0.018
0.048
0.058
0.052
0.034
0.016
0.015
0.03
0.053
0.068
0.067
0.057
0.053
0.051
0.035
0.017
0.015
0.026
0.046
0.079
0.1
0.094
0.061
0.021
-0.0039
0.014
0.056
0.095
0.11
0.11
0.098
0.088
0.081
0.074
0.072
0.079
0.099
0.11
0.1
0.094
0.085
0.072
0.065
0.06
0.049
0.049
0.078
0.12
0.15
0.16
0.13
0.096
0.091
0.11
0.12
0.13
0.13
0.11
0.11
0.11
0.1
0.083
0.068
0.071
0.1
0.14
0.15
0.13
0.076
0.026
0.0024
0.0023
0.0091
0.02
0.043
0.077
0.1
0.1
0.077
0.057
0.043
0.033
0.033
0.05
0.085
0.13
0.16
0.14
0.1
0.08
0.069
0.065
0.073
0.085
0.096
0.11
0.12
0.093
0.061
0.042
0.034
0.027
0.027
0.031
0.048
0.076
0.094
0.09
0.066
0.035
0.023
0.035
0.055
0.064
0.069
0.07
0.064
0.054
0.046
0.031
0.014
0.0047
0.0087
0.021
0.027
0.026
0.025
0.027
0.021
0.011
-0.0018
-0.015
-0.028
-0.036
-0.024
0.0041
0.013
0.00026
-0.017
-0.029
-0.034
-0.022
0.00026
0.0053
-0.0029
-0.00087
0.014
0.03
0.027
0.0087
4.6e-005
0.011
0.026
0.041
0.057
0.067
0.061
0.044
0.033
0.039
0.053
0.064
0.075
0.077
0.067
0.059
0.055
0.057
0.062
0.062
0.054
0.041
0.029
0.023
0.026
0.025
0.014
-0.0062
-0.025
-0.034
-0.03
-0.014
0.0022
-0.0016
-0.018
-0.03
-0.027
-0.015
-0.0051
-0.0019
0.0049
0.015
0.024
0.041
0.041
0.012
-0.0056
0.013
0.035
0.032
0.021
0.019
0.027
0.036
0.037
0.028
0.0087
-0.011
-0.0091
0.01
0.025
0.033
0.031
0.019
0.0095
0.011
0.015
0.0046
-0.013
-0.031
-0.038
-0.021
-0.0016
0.0033
0.0053
0.014
0.015
0.00041
-0.028
-0.054
-0.053
-0.027
0.0045
0.015
0.0092
0.0033
0.013
0.035
0.054
0.058
0.057
0.062
0.067
0.062
0.04
0.0082
-0.0095
0.0075
0.036
0.051
0.051
0.044
0.042
0.048
0.064
0.071
0.061
0.049
0.045
0.056
0.075
0.084
0.073
0.057
0.041
0.033
0.033
0.028
0.023
0.025
0.035
0.052
0.061
0.056
0.041
0.033
0.032
0.023
0.0098
0.0054
0.021
0.055
0.076
0.067
0.042
0.012
-0.0045
0.008
0.034
0.042
0.041
0.048
0.054
0.053
0.052
0.038
0.02
0.013
0.0086
0.00084
-0.0011
-0.0014
-0.012
-0.019
-0.015
-0.011
-0.019
-0.028
-0.033
-0.03
-0.021
-0.0042
0.0065
0.00011
-0.0099
-0.0092
-0.0035
-0.0075
-0.021
-0.024
-0.0098
0.0059
0.0068
-0.012
-0.043
-0.067
-0.081
-0.086
-0.092
-0.098
-0.094
-0.079
-0.064
-0.066
-0.071
-0.064
-0.044
-0.032
-0.03
-0.04
-0.057
-0.069
-0.07
-0.065
-0.055
-0.035
-0.013
0.0079
0.013
0.0051
-0.0036
-0.0027
0.0067
0.012
0.0059
-0.012
-0.026
-0.024
-0.0046
0.013
0.017
-0.0033
-0.038
-0.064
-0.07
-0.066
-0.061
-0.05
-0.038
-0.031
-0.033
-0.051
-0.08
-0.096
-0.092
-0.075
-0.055
-0.05
-0.057
-0.065
-0.069
-0.068
-0.055
-0.028
0.0072
0.028
0.027
0.016
-0.0042
-0.019
-0.014
0.012
0.034
0.038
0.02
-0.0029
-0.022
-0.027
-0.017
-0.0073
0.0011
0.022
0.047
0.044
0.016
-0.018
-0.025
-4.6e-005
0.025
0.031
0.009
-0.026
-0.051
-0.056
-0.048
-0.035
-0.027
-0.025
-0.029
-0.049
-0.085
-0.13
-0.17
-0.18
-0.16
-0.14
-0.12
-0.096
-0.1
-0.099
-0.072
-0.044
-0.047
-0.07
-0.1
-0.12
-0.13
-0.12
-0.097
-0.068
-0.042
-0.052
-0.091
-0.15
-0.22
-0.26
-0.25
-0.2
-0.16
-0.14
-0.14
-0.13
-0.1
-0.081
-0.079
-0.085
-0.09
-0.099
-0.11
-0.12
-0.1
-0.067
-0.027
-0.011
-0.041
-0.095
-0.13
-0.14
-0.11
-0.071
-0.029
0.016
0.029
0.002
-0.031
-0.043
-0.037
-0.022
-0.013
-0.0066
-0.016
-0.035
-0.047
-0.062
-0.057
-0.026
0.0027
0.0093
0.0014
-0.012
-0.036
-0.053
-0.061
-0.054
-0.054
-0.056
-0.044
-0.033
-0.015
0.021
0.041
0.014
-0.028
-0.025
0.017
0.067
0.086
0.052
-0.0065
-0.026
0.027
0.097
0.13
0.11
0.05
0.029
0.12
0.23
0.22
0.11
-0.0025
-0.031
0.0073
0.06
0.12
0.2
0.25
0.24
0.16
0.063
0.0095
0.006
0.021
0.033
0.053
0.084
0.1
0.079
0.049
0.049
0.071
0.083
0.057
0.022
0.007
0.017
0.038
0.049
0.047
0.038
0.045
0.071
0.087
0.058
-0.0066
-0.045
-0.029
-0.016
-0.066
-0.14
-0.15
-0.078
0.029
0.097
0.09
0.055
0.03
0.014
-0.0086
-0.016
0.017
0.086
0.14
0.14
0.085
0.015
-0.014
0.022
0.061
0.052
-0.0022
-0.048
-0.039
0.012
0.078
0.12
0.11
0.069
0.028
0.0098
0.015
0.039
0.07
0.091
0.1
0.11
0.096
0.086
0.084
0.086
0.072
0.038
0.01
0.011
0.031
0.055
0.057
0.016
-0.031
-0.02
0.037
0.09
0.085
0.019
-0.054
-0.075
-0.035
0.016
0.031
0.012
-0.021
-0.053
-0.076
-0.08
-0.078
-0.079
-0.085
-0.095
-0.11
-0.13
-0.12
-0.088
-0.064
-0.093
-0.16
-0.22
-0.22
-0.16
-0.064
-0.018
-0.044
-0.11
-0.16
-0.17
-0.13
-0.098
-0.087
-0.082
-0.073
-0.075
-0.081
-0.066
-0.031
0.012
0.031
0.0012
-0.052
-0.088
-0.081
-0.049
-0.022
-0.021
-0.026
-0.016
0.018
0.046
0.035
-0.02
-0.088
-0.11
-0.082
-0.035
-0.033
-0.075
-0.11
-0.082
-0.0013
0.072
0.1
0.081
0.037
0.019
0.025
0.017
-0.024
-0.065
-0.057
0.00063
0.046
0.044
0.015
-0.0012
0.0066
0.026
0.03
0.014
-0.011
-0.016
0.023
0.072
0.099
0.087
0.05
0.023
0.024
0.03
0.018
-0.0019
-0.0081
0.012
0.035
0.016
-0.036
-0.071
-0.035
0.06
0.14
0.15
0.091
0.028
0.016
0.063
0.11
0.1
0.05
0.0059
0.012
0.047
0.064
0.057
0.039
0.031
0.03
0.038
0.062
0.089
0.1
0.11
0.12
0.11
0.081
0.071
0.11
0.16
0.2
0.19
0.13
0.062
0.052
0.092
0.13
0.14
0.12
0.1
0.11
0.14
0.16
0.17
0.15
0.13
0.12
0.13
0.13
0.13
0.14
0.17
0.18
0.18
0.15
0.099
0.082
0.095
0.11
0.12
0.13
0.14
0.15
0.15
0.12
0.08
0.05
0.053
0.089
0.12
0.13
0.093
0.032
-0.00047
0.023
0.082
0.13
0.15
0.12
0.078
0.043
0.021
0.033
0.086
0.14
0.14
0.1
0.054
0.032
0.05
0.098
0.14
0.13
0.1
0.078
0.11
0.24
0.38
0.38
0.25
0.072
-0.033
-0.012
0.074
0.13
0.13
0.073
0.013
-0.0036
0.03
0.09
0.14
0.17
0.17
0.14
0.11
0.1
0.11
0.13
0.14
0.13
0.11
0.089
0.085
0.097
0.12
0.14
0.13
0.099
0.066
0.047
0.046
0.052
0.046
0.02
-0.0078
-0.026
-0.02
0.024
0.08
0.097
0.067
0.016
-0.023
-0.018
0.039
0.1
0.11
0.065
0.0072
-0.021
-0.0068
0.036
0.076
0.089
0.08
0.068
0.057
0.043
0.036
0.037
0.041
0.051
0.065
0.065
0.052
0.051
0.059
0.069
0.073
0.065
0.061
0.068
0.072
0.069
0.049
0.029
0.03
0.061
0.099
0.12
0.1
0.066
0.039
0.027
0.036
0.049
0.042
0.027
0.015
0.0092
0.011
0.0067
0.0011
-0.0032
-0.0083
-0.019
-0.039
-0.073
-0.1
-0.11
-0.096
-0.078
-0.079
-0.085
-0.078
-0.073
-0.083
-0.1
-0.12
-0.13
-0.13
-0.12
-0.11
-0.1
-0.1
-0.097
-0.09
-0.081
-0.069
-0.062
-0.053
-0.044
-0.046
-0.056
-0.054
-0.039
-0.016
0.0082
0.029
0.045
0.043
0.016
-0.015
-0.026
-0.0079
0.027
0.044
0.026
-0.0012
-0.0021
0.032
0.064
0.059
0.026
