0.007
0.0058
-0.0082
-0.0087
0.0039
0.016
0.018
0.0086
0.0079
0.011
0.0029
-0.01
-0.0031
0.007
0.00078
-0.0042
0.0013
0.0076
0.0084
0.0082
0.0034
0.0033
0.0062
-0.0079
-0.015
0.0032
0.022
0.01
-0.0058
-0.0005
-0.0012
-0.011
-0.016
-0.005
0.00047
0.016
0.026
0.009
-0.0035
0.0079
0.019
0.0096
0.0016
0.02
0.026
0.0046
0.0052
0.021
0.0066
-0.011
-0.018
-0.027
-0.031
-0.022
-0.0058
-0.0049
-0.0078
-0.0076
-0.0024
0.0032
0.0037
0.009
0.0086
0.0043
0.0098
0.018
0.012
-0.0065
-0.014
0.0033
0.018
0.0018
-0.017
-0.0067
0.0063
0.0094
0.0021
0.0042
0.024
0.031
0.015
0.006
0.013
0.016
0.012
0.0028
0.0011
0.0033
0.0091
-0.0032
-0.019
0.00023
0.013
-0.016
-0.028
-0.00099
0.0015
-0.019
0.0032
0.043
0.037
-0.0014
-0.0064
0.0018
-0.0064
-0.0061
0.0053
0.016
0.0094
-0.0074
-0.0093
0.0064
0.0078
0.0023
0.0068
0.0025
-0.0052
-0.0084
0.0052
0.015
0.0012
-0.014
-0.021
-0.015
-0.0022
0.00026
0.0022
0.0066
0.0083
-0.0031
-0.0012
0.0065
0.00035
-0.015
-0.016
-0.0038
0.007
0.021
0.023
0.017
0.017
0.021
0.0026
-0.022
-0.0088
0.018
0.0099
-0.0085
-0.0012
0.0074
-0.0019
-0.0091
-0.007
-0.0052
-0.013
-0.019
-0.01
0.0063
0.0056
-0.0096
-0.011
0.00099
0.0086
0.0053
0.0076
0.01
0.0082
0.0035
-0.00038
0.006
0.0022
-0.002
0.013
0.023
0.0068
-0.0098
-0.00026
0.025
0.022
0.0053
0.0053
0.02
0.018
0.012
0.019
0.02
0.0065
0.00099
0.01
0.023
0.023
0.014
0.013
0.011
0.0013
-0.0084
-0.012
-0.0068
-0.00011
0.00047
0.011
0.027
0.036
0.029
0.0089
0.0044
0.017
0.015
0.014
0.022
0.021
0.018
0.014
0.0099
0.0042
0.0017
-0.0031
-0.0028
0.0063
0.0081
0.0062
-0.00084
-0.0027
0.0031
-0.00014
-0.015
-0.014
0.011
0.027
0.011
0.00075
0.018
0.031
0.008
-0.011
-0.0054
-0.0025
-0.017
-0.013
0.0018
0.016
0.019
0.0011
-0.0084
0.00053
0.008
-0.00069
-0.014
-0.0079
0.016
0.022
0.0036
0.0021
0.008
0.0022
-0.0065
-0.016
-0.016
-0.0067
0.0033
0.0061
0.0081
0.0053
-0.0031
0.0081
0.021
0.026
0.033
0.04
0.036
0.035
0.029
0.00056
-0.016
-0.012
0.0035
0.019
0.0074
-0.0043
0.0095
0.028
0.029
0.025
0.024
0.027
0.027
0.015
0.0053
-0.007
-0.01
-0.0077
-0.0025
0.011
0.026
0.018
0.0069
0.0051
-0.0022
-0.025
-0.034
-0.0094
0.01
0.00063
0.0091
0.04
0.039
0.012
0.0065
0.017
0.016
0.004
-0.0058
0.0044
0.03
0.031
0.0048
-0.013
-0.023
-0.044
-0.052
-0.041
-0.022
0.0067
0.033
0.029
0.00011
-0.019
-0.021
-0.018
-0.0036
0.01
0.0095
-0.011
-0.018
-0.013
-0.011
-0.0044
-0.0053
0.0037
0.0057
-0.0055
-0.0093
0.014
0.034
0.033
0.029
0.027
0.01
-0.00084
0.013
0.032
0.027
0.012
0.0029
-0.011
-0.029
-0.017
0.013
0.027
0.027
0.012
-0.004
-0.0042
0.001
-0.0024
-0.0042
0.0057
0.018
0.024
0.02
0.014
0.0079
0.014
0.016
0.0023
-0.0096
0.0013
0.029
0.056
0.046
0.018
0.0093
0.024
0.026
0.028
0.03
0.031
0.026
0.012
0.0072
0.0057
0.0036
0.0015
0.0021
0.0068
0.02
0.026
0.038
0.049
0.036
0.0056
-0.017
-0.024
-0.013
0.0054
0.025
0.037
0.033
0.018
-0.0036
-0.02
-0.013
-0.0015
-0.00038
0.0075
0.018
0.024
0.013
-0.0091
-0.023
-0.026
-0.033
-0.045
-0.044
-0.027
-0.0097
-0.0077
-0.011
-0.013
-0.021
-0.031
-0.033
-0.014
0.01
0.016
0.015
0.011
0.014
0.0036
-0.0098
-0.011
-0.007
-0.0089
-0.0063
0.0072
0.022
0.034
0.023
0.0072
0.0086
0.026
0.036
0.024
0.0081
0.019
0.035
0.023
0.01
0.004
-0.0021
0.0022
0.013
0.014
0.0076
0.011
0.024
0.023
0.013
0.0066
0.013
0.02
0.016
0.022
0.038
0.028
0.007
0.0054
0.0067
-0.0013
4.6e-005
0.01
0.016
-0.0022
-0.025
-0.02
-0.008
-0.0088
-0.015
-0.0065
0.0063
0.0062
-0.014
-0.013
-0.00044
0.0087
0.0073
-0.0047
-0.013
-0.0047
0.0064
0.0014
-0.0051
-0.0041
-0.0048
-0.0086
-0.0084
-0.016
-0.023
-0.01
0.012
0.023
0.012
0.0069
0.011
-0.008
-0.013
0.0042
0.015
0.025
0.03
0.037
0.044
0.037
0.02
0.021
0.025
0.025
0.033
0.037
0.033
0.021
0.012
0.0026
-0.012
-0.00011
0.021
0.025
0.023
0.025
0.026
0.012
0.00056
-0.01
-0.0088
-0.014
-0.026
-0.036
-0.027
-0.00069
0.014
0.0024
-0.017
-0.025
-0.029
-0.033
-0.036
-0.035
-0.037
-0.033
-0.03
-0.034
-0.027
-0.013
-0.021
-0.027
-0.017
-0.0084
0.0002
-0.0022
-0.0089
-0.019
-0.02
-0.0013
0.022
0.028
0.018
0.0079
-0.0025
-0.0026
0.016
0.025
0.021
0.0036
-0.0071
0.01
0.024
0.0098
0.004
0.011
0.006
-0.0096
-0.015
1.5e-005
0.0085
0.021
0.03
0.024
-0.0048
-0.012
0.008
0.021
0.025
0.025
0.011
0.0015
0.012
0.015
0.0013
0.0066
0.03
0.042
0.024
0.0013
0.0067
0.021
0.015
0.0067
-0.00023
-0.022
-0.042
-0.033
0.0013
0.024
0.021
0.0076
-0.022
-0.051
-0.018
0.031
0.027
0.0015
-0.0069
0.0086
-0.0018
-0.042
-0.06
-0.053
-0.029
0.0057
0.0067
-0.012
-0.018
0.004
0.031
0.031
0.019
0.0065
0.0028
-0.0056
0.0011
0.035
0.064
0.053
0.017
0.0057
0.019
0.029
0.02
0.015
0.03
0.033
0.0073
-0.0084
0.0069
0.02
0.026
0.037
0.041
0.032
0.024
0.032
0.044
0.031
-0.0067
-0.021
-0.0015
0.014
0.029
0.036
0.027
0.014
-0.007
-0.017
-0.0076
0.01
0.019
0.015
0.0059
0.0061
0.027
0.033
0.025
0.0076
0.0044
0.026
0.04
0.026
0.014
0.019
0.02
0.0052
-0.013
-0.019
-0.018
-0.019
-0.027
-0.018
0.014
0.014
-0.024
-0.044
-0.046
-0.065
-0.085
-0.08
-0.071
-0.082
-0.11
-0.13
-0.15
-0.17
-0.17
-0.16
-0.16
-0.17
-0.19
-0.21
-0.24
-0.26
-0.27
-0.25
-0.25
-0.23
-0.17
-0.11
-0.057
-0.015
0.025
0.049
0.059
0.071
0.068
0.05
0.019
-0.0076
-0.057
-0.14
-0.24
-0.32
-0.38
-0.44
-0.51
-0.59
-0.66
-0.7
-0.73
-0.72
-0.59
-0.29
0.00011
0.14
0.13
0.072
0.058
0.071
0.039
-0.05
-0.14
-0.18
-0.18
-0.14
-0.089
0.0036
0.14
0.28
0.38
0.4
0.39
0.37
0.37
0.38
0.41
0.47
0.52
0.55
0.55
0.54
0.53
0.56
0.61
0.64
0.68
0.66
0.67
0.82
0.95
0.87
0.62
0.43
0.42
0.42
0.28
0.031
-0.14
-0.18
-0.15
-0.12
-0.13
-0.15
-0.13
-0.063
-0.02
-0.086
-0.22
-0.37
-0.49
-0.57
-0.59
-0.59
-0.62
-0.67
-0.68
-0.64
-0.58
-0.52
-0.53
-0.61
-0.66
-0.63
-0.53
-0.46
-0.45
-0.46
-0.45
-0.4
-0.36
-0.33
-0.3
-0.25
-0.2
-0.14
-0.099
-0.091
-0.058
0.0055
0.06
0.084
0.099
0.12
0.13
0.14
0.17
0.31
0.51
0.59
0.51
0.39
0.37
0.44
0.48
0.44
0.37
0.29
0.28
0.3
0.33
0.34
0.32
0.28
0.26
0.26
0.25
0.21
0.16
0.14
0.16
0.22
0.25
0.22
0.13
0.064
0.069
0.14
0.18
0.15
0.04
-0.051
-0.067
-0.03
0.0014
0.00035
-0.024
-0.057
-0.09
-0.11
-0.099
-0.08
-0.088
-0.12
-0.15
-0.16
-0.16
-0.17
-0.17
-0.16
-0.15
-0.16
-0.2
-0.23
-0.23
-0.19
-0.14
-0.12
-0.14
-0.17
-0.18
-0.15
-0.12
-0.11
-0.091
-0.065
-0.035
-0.011
0.0055
0.0037
-0.009
-0.012
-0.0084
0.00072
0.022
0.056
0.078
0.085
0.083
0.091
0.12
0.15
0.16
0.17
0.19
0.21
0.21
0.2
0.18
0.17
0.17
0.16
0.13
0.12
0.14
0.18
0.18
0.15
0.093
0.059
0.054
0.065
0.066
0.06
0.047
0.03
0.0065
-0.014
-0.029
-0.042
-0.048
-0.052
-0.074
-0.098
-0.11
-0.12
-0.14
-0.15
-0.14
-0.12
-0.12
-0.12
-0.13
-0.13
-0.12
-0.1
-0.098
-0.098
-0.089
-0.064
-0.0078
0.046
0.051
0.0081
-0.022
-0.0064
0.037
0.062
0.077
0.1
0.11
0.094
0.07
0.09
0.13
0.15
0.13
0.12
0.12
0.14
0.16
0.17
0.15
0.11
0.081
0.082
0.11
0.13
0.13
0.099
0.069
0.06
0.057
0.048
0.033
0.012
-0.01
-0.016
0.0027
0.023
0.016
-0.0079
-0.026
-0.038
-0.049
-0.062
-0.069
-0.059
-0.048
-0.049
-0.068
-0.088
-0.1
-0.1
-0.094
-0.091
-0.1
-0.083
-0.039
-0.037
-0.041
-0.046
-0.071
-0.07
-0.048
-0.033
-0.026
-0.02
-0.011
0.01
0.031
0.042
0.029
0.0087
0.0059
0.013
0.022
0.039
0.047
0.044
0.047
0.051
0.051
0.047
0.046
0.047
0.056
0.069
0.078
0.067
0.052
0.074
0.13
0.14
0.1
0.029
-0.015
-0.0089
0.044
0.092
0.088
0.041
-0.012
-0.036
-0.028
-0.0026
0.011
0.01
0.0014
-0.021
-0.054
-0.068
-0.045
-0.024
-0.028
-0.037
-0.036
-0.032
-0.024
-0.0058
0.014
0.025
0.019
0.0098
0.0041
0.0023
0.0029
0.012
0.025
0.032
0.033
0.033
0.049
0.07
0.077
0.077
0.071
0.075
0.092
0.11
0.12
0.11
0.096
0.092
0.093
0.08
0.065
0.065
0.084
0.11
0.13
0.14
0.12
0.096
0.077
0.07
0.062
0.046
0.029
0.029
0.042
0.06
0.078
0.076
0.048
0.014
-0.00099
0.01
0.037
0.065
0.068
0.041
0.012
0.0068
0.02
0.029
0.028
0.01
-0.0063
-0.017
-0.018
-0.0064
0.016
0.031
0.025
0.0072
-0.0046
-0.012
-0.014
0.0059
0.028
0.028
0.018
0.0031
-0.014
-0.02
-0.014
-0.0012
0.018
0.027
0.019
0.004
-0.003
0.0065
0.027
0.039
0.033
0.021
0.016
0.012
0.0082
-0.0014
-0.026
-0.053
-0.06
-0.047
-0.033
-0.035
-0.037
-0.029
-0.012
-0.0028
0.0038
0.0058
0.0019
-0.0031
-0.012
-0.016
-0.0093
0.0087
0.036
0.055
0.043
0.013
-0.017
-0.039
-0.032
-0.018
-0.011
0.0083
0.035
0.053
0.06
0.068
0.07
0.064
0.059
0.063
0.068
0.071
0.098
0.16
0.18
0.13
0.057
-0.015
-0.014
0.062
0.13
0.13
0.091
0.048
-0.014
-0.069
-0.064
-0.016
0.0062
-0.013
-0.035
-0.035
-0.02
0.015
0.032
0.02
0.013
0.024
0.017
0.00023
-0.015
-0.034
-0.053
-0.038
-0.0095
-0.019
-0.043
-0.053
-0.05
-0.034
0.0043
0.036
0.014
-0.07
-0.14
-0.12
-0.055
-0.045
-0.049
-0.047
-0.045
-0.055
-0.072
-0.085
-0.066
-0.011
0.052
0.071
0.037
0.0044
0.0089
0.041
0.055
0.06
0.063
0.044
0.032
0.037
0.045
0.063
0.075
0.053
0.002
-0.044
-0.055
-0.011
0.051
0.068
0.054
0.024
-0.0055
-0.021
-0.025
-0.031
-0.03
-0.01
0.015
0.031
0.033
0.031
0.031
0.029
0.022
0.0095
0.016
0.031
0.052
0.083
0.095
0.071
0.039
0.031
0.036
0.054
0.076
0.092
0.088
0.052
0.017
0.025
0.068
0.093
0.087
0.065
0.05
0.042
0.037
0.028
0.019
0.02
0.024
0.024
0.021
0.019
0.037
0.059
0.077
0.076
0.05
0.047
0.06
0.069
0.064
0.059
0.046
0.052
0.075
0.084
0.081
0.08
0.073
0.053
0.042
0.052
0.072
0.087
0.091
0.086
0.061
0.043
0.062
0.091
0.11
0.099
0.078
0.074
0.1
0.15
0.19
0.21
0.21
0.19
0.17
0.16
0.17
0.2
0.24
0.27
0.28
0.25
0.22
0.21
0.23
0.26
0.26
0.21
0.077
-0.17
-0.58
-0.91
-0.95
-0.94
-0.94
-0.93
-0.94
-0.93
-0.93
-0.91
-0.88
-0.76
-0.56
-0.35
-0.19
-0.1
-0.036
0.085
0.21
0.25
0.18
0.044
-0.06
-0.11
-0.15
-0.21
-0.25
-0.24
-0.2
-0.13
-0.041
0.066
0.17
0.23
0.25
0.25
0.24
0.24
0.21
0.16
0.12
0.1
0.11
0.11
0.073
0.066
0.095
0.15
0.2
0.17
0.072
-0.012
-0.057
-0.099
-0.15
-0.19
-0.17
-0.11
-0.058
-0.005
0.058
0.14
0.2
0.2
0.18
0.18
0.18
0.18
0.17
0.15
0.11
0.057
-0.00096
-0.065
-0.11
-0.12
-0.12
-0.13
-0.14
-0.14
-0.13
-0.092
-0.06
-0.05
-0.056
-0.059
-0.037
-0.0073
-0.0035
-0.0079
-0.011
-0.023
-0.045
-0.054
-0.044
-0.03
-0.024
-0.044
-0.073
-0.077
-0.052
0.0076
0.067
0.11
0.13
0.13
0.11
0.1
0.093
0.082
0.07
0.048
0.031
0.0099
-0.013
-0.025
-0.015
0.013
0.028
0.018
0.0059
0.011
0.026
0.044
0.062
0.063
0.053
0.037
0.029
0.017
0.0035
-0.0031
0.0026
0.025
0.042
0.043
0.03
0.015
0.011
0.0034
-0.018
-0.052
-0.082
-0.089
-0.078
-0.064
-0.064
-0.054
-0.023
-0.00063
0.009
0.015
0.015
0.017
0.04
0.057
0.07
0.068
0.056
0.048
0.051
0.051
0.049
0.054
0.053
0.047
0.043
0.045
0.051
0.059
0.074
0.086
0.084
0.079
0.07
0.046
0.027
0.021
0.024
0.035
0.035
0.0098
-0.0083
-0.0058
-0.0024
-0.007
-0.0076
0.003
0.017
0.0051
-0.025
-0.038
-0.026
-0.0022
0.015
0.013
0.00023
-0.013
-0.019
-0.027
-0.041
-0.056
-0.054
-0.043
-0.043
-0.05
-0.07
-0.072
-0.058
-0.039
-0.034
-0.044
-0.055
-0.042
-0.019
-0.0034
0.0086
0.015
0.023
0.018
0.0058
-0.0046
-0.017
-0.017
-0.0096
-0.009
-0.012
0.014
0.046
0.05
0.036
0.021
0.014
0.014
0.033
0.05
0.066
0.078
0.08
0.083
0.079
0.074
0.07
0.077
0.067
0.028
-0.017
-0.04
-0.035
-0.023
-0.0019
0.013
0.03
0.056
0.066
0.059
0.054
0.06
0.056
0.042
0.021
-0.0086
-0.024
-0.029
-0.013
0.0057
0.026
0.024
-0.013
-0.044
-0.042
-0.026
-0.024
-0.023
-0.019
-0.013
-0.0054
0.0051
0.016
0.0041
-0.00047
0.00075
-0.012
-0.034
-0.054
-0.058
-0.042
-0.012
-0.0063
-0.026
-0.028
-0.0047
0.023
0.041
0.048
0.046
0.048
0.043
0.035
0.033
0.029
0.016
-0.0013
-0.022
-0.023
-0.023
-0.026
-0.028
-0.029
-0.025
-0.019
-0.02
-0.023
-0.0031
0.017
0.03
0.023
0.0055
-4.6e-005
0.013
0.025
0.023
0.011
-0.0039
-0.022
-0.017
0.013
0.017
-0.0075
-0.012
0.00066
0.012
0.021
0.038
0.051
0.055
0.061
0.064
0.071
0.077
0.078
0.07
0.07
0.075
0.063
0.05
0.037
0.032
0.037
0.034
0.014
4.6e-005
0.005
0.012
0.022
0.029
0.021
0.013
0.016
0.051
0.085
0.11
0.13
0.15
0.16
0.16
0.14
0.1
0.083
0.064
0.051
0.044
0.035
0.018
0.0005
-0.0061
-0.0066
-0.00041
0.013
0.025
0.025
0.011
0.0043
-0.0015
-0.0014
0.002
-0.0065
-0.017
-0.0086
0.0042
-0.00056
-0.009
-0.011
-0.0012
0.0098
0.015
0.026
0.028
0.022
0.022
0.029
0.034
0.029
0.013
-0.011
-0.022
-0.027
-0.034
-0.029
-0.021
-0.01
-0.014
-0.011
-0.0091
-0.01
-0.0065
0.0075
0.032
0.052
0.057
0.042
0.031
0.031
0.028
0.019
0.018
0.026
0.022
0.0094
0.0029
-0.00093
-0.0036
0.01
0.029
0.031
0.022
0.022
0.037
0.051
0.057
0.061
0.06
0.064
0.073
0.09
0.1
0.094
0.077
0.068
0.068
0.057
0.046
0.046
0.051
0.047
0.04
0.043
0.051
0.06
0.053
0.025
0.0064
0.013
0.032
0.039
0.047
0.041
0.029
0.018
0.0081
0.011
0.024
0.037
0.034
0.024
0.022
0.019
0.014
0.011
0.017
0.021
0.018
0.013
0.016
0.016
0.011
0.017
0.024
0.031
0.028
0.026
0.019
0.015
0.015
0.0006
-0.0034
0.0017
0.0077
0.0083
0.0047
0.0058
0.0084
0.013
0.0093
0.012
0.017
0.0072
0.0077
0.012
0.023
0.036
0.038
0.018
-0.02
-0.049
-0.061
-0.063
-0.06
-0.039
-0.017
0.0071
0.032
0.044
0.04
0.03
0.0088
-0.015
-0.023
-0.031
-0.057
-0.069
-0.052
-0.037
-0.037
-0.016
0.0039
-0.00093
0.0045
0.022
0.028
0.012
0.00081
-0.0087
-0.014
-0.005
0.0063
0.0079
-0.0024
-0.0061
-0.016
-0.033
-0.059
-0.086
-0.085
-0.056
-0.025
-0.015
-0.026
-0.036
-0.033
-0.0093
-0.0047
-0.026
-0.054
-0.052
-0.027
-0.008
0.0022
-0.0027
-0.0079
-0.019
-0.027
-0.03
-0.016
-0.0013
0.00087
-0.0028
-0.012
-0.027
-0.038
-0.035
-0.028
-0.038
-0.06
-0.076
-0.082
-0.078
-0.063
-0.054
-0.057
-0.056
-0.048
-0.021
0.026
0.053
0.031
-0.0098
-0.035
-0.03
-0.00087
0.012
0.0043
-0.0052
-0.011
-0.017
-0.022
-0.025
-0.022
-0.013
-0.0097
-0.014
-0.02
-0.029
-0.016
0.0067
0.022
0.019
0.0054
-0.0042
-0.011
-0.0053
0.0031
0.0073
-0.00047
-0.0086
-0.0088
-0.00056
0.0064
0.011
0.017
0.019
0.024
0.024
0.017
0.021
0.025
0.014
0.0062
0.015
0.015
0.00023
-0.014
-0.027
-0.04
-0.04
-0.019
0.0087
0.037
0.052
0.05
0.049
0.043
0.026
0.016
0.017
0.0086
-0.0063
-0.0049
0.013
0.019
0.013
0.016
0.022
0.026
0.025
0.0056
0.00087
0.016
0.043
0.048
0.041
0.024
0.0061
-0.0027
-0.007
-0.0093
-0.012
-0.0057
-0.0053
-0.018
-0.026
-0.036
-0.048
-0.051
-0.032
-0.0074
0.00014
0.0064
0.012
-0.00078
-0.02
-0.027
-0.026
-0.018
-0.0047
0.0019
0.0029
0.0072
0.01
-0.0072
-0.031
-0.037
-0.032
-0.031
-0.032
-0.032
-0.023
-0.0094
-0.0065
-0.0038
-0.0024
-0.012
-0.018
-0.022
-0.023
-0.016
-0.00017
0.016
0.012
0.0049
-0.0046
-0.0078
-0.022
-0.03
-0.022
-0.015
-0.021
-0.046
-0.064
-0.06
-0.052
-0.037
-0.021
-0.019
-0.026
-0.029
-0.024
-0.022
-0.028
-0.035
-0.046
-0.052
-0.043
-0.039
-0.034
-0.027
-0.027
-0.037
-0.052
-0.058
-0.055
-0.041
-0.026
-0.017
-0.01
0.0027
0.019
0.037
0.048
0.031
0.0075
0.0016
-0.01
-0.031
-0.047
-0.049
-0.045
-0.038
-0.034
-0.033
-0.03
-0.032
-0.014
0.0061
0.016
0.012
-0.00096
-0.0045
0.016
0.043
0.056
0.04
0.011
-0.017
-0.043
-0.064
-0.063
-0.047
-0.029
-0.004
0.024
0.04
0.043
0.044
0.063
0.076
0.052
0.012
-0.013
-0.022
-0.032
-0.041
-0.044
-0.051
-0.052
-0.061
-0.067
-0.057
-0.039
-0.02
0.0014
0.015
0.024
0.029
0.041
0.051
0.039
0.0062
-0.015
-0.031
-0.047
-0.056
-0.049
-0.024
-0.0054
-0.0018
-0.014
-0.019
-0.012
0.0042
0.022
0.031
0.025
0.0072
-0.0075
-0.023
-0.028
-0.0095
-0.0098
-0.034
-0.055
-0.052
-0.018
0.032
0.06
0.057
0.036
0.021
0.023
0.031
0.031
0.024
0.022
0.029
0.015
-0.016
-0.031
-0.022
-0.0067
0.0092
0.014
0.011
0.023
0.053
0.071
0.063
0.045
0.035
0.035
0.04
0.031
0.027
0.035
0.049
0.047
0.024
0.0069
-0.00072
0.00044
0.0093
0.024
0.04
0.064
0.077
0.059
0.032
0.017
0.0075
-0.0042
-0.01
0.0019
0.016
0.024
0.029
0.015
-0.014
-0.024
-0.017
-0.004
0.011
0.014
0.019
0.024
0.015
-0.0072
-0.028
-0.026
-0.015
-0.0077
0.0019
0.002
-0.011
-0.015
-0.0057
0.011
0.02
0.015
0.0081
0.005
-0.003
-0.012
-0.022
-0.017
-0.018
-0.022
-0.024
-0.017
-0.016
-0.019
-0.0092
0.0029
0.0058
0.0018
-0.00078
0.00017
-0.0065
-0.023
-0.019
0.0043
0.012
0.0022
-0.0046
-0.0072
-0.015
-0.019
-0.02
-0.03
-0.036
-0.039
-0.045
-0.057
-0.071
-0.071
-0.059
-0.045
-0.03
-0.01
0.004
-0.0006
-0.018
-0.031
-0.041
-0.051
-0.05
-0.051
-0.052
-0.04
-0.02
-0.012
-0.0082
0.0025
0.0092
0.0049
-0.0056
-0.024
-0.029
-0.031
-0.034
-0.039
-0.033
-0.025
-0.015
0.0021
0.018
0.023
0.024
0.031
0.033
0.035
0.039
0.032
0.02
0.011
0.017
0.038
0.057
0.053
0.035
0.024
0.03
0.048
0.049
0.033
0.029
0.045
0.07
0.075
0.066
0.054
0.05
0.051
0.054
0.06
0.059
0.053
0.055
0.064
0.069
0.072
0.071
0.068
0.063
0.06
0.057
0.05
0.055
0.07
0.074
0.08
0.081
0.077
0.067
0.064
0.062
0.053
0.05
0.055
0.063
0.074
0.086
0.085
0.077
0.092
0.11
0.12
0.12
0.12
0.087
0.074
0.084
0.088
0.072
0.048
0.028
0.0043
-0.0034
0.0098
0.03
0.056
0.083
0.11
0.14
0.15
0.14
0.13
0.14
0.11
0.073
0.055
0.051
0.036
0.024
0.024
0.03
0.047
0.06
0.061
0.062
0.073
0.086
0.084
0.067
0.03
-0.0096
-0.028
-0.014
0.024
0.069
0.091
0.083
0.066
0.064
0.066
0.064
0.057
0.049
0.037
0.016
0.014
0.026
0.026
0.025
0.027
0.026
0.024
0.024
0.025
0.026
0.031
0.027
0.0011
-0.022
-0.022
-0.0081
-0.0031
-0.00011
-0.0041
-0.012
-0.025
-0.039
-0.041
-0.031
-0.021
-0.0025
0.012
0.013
0.0017
-0.0036
0.0084
0.011
0.0015
0.00087
-0.0027
-0.014
-0.019
-0.03
-0.034
-0.032
-0.032
-0.041
-0.062
-0.084
-0.082
-0.048
-0.018
-0.011
0.0011
0.023
0.029
0.0097
-0.015
-0.035
-0.046
-0.063
-0.073
-0.076
-0.076
-0.063
-0.041
-0.024
-0.028
-0.035
-0.032
-0.03
-0.029
-0.025
-0.019
-0.026
-0.03
-0.024
-0.012
0.002
0.018
0.011
-0.0082
-0.019
-0.026
-0.037
-0.05
-0.07
-0.075
-0.067
-0.056
-0.045
-0.028
-0.014
-0.02
-0.036
-0.042
-0.035
-0.031
-0.014
0.0023
0.0033
-0.0069
-0.023
-0.036
-0.041
-0.039
-0.03
-0.024
-0.029
-0.035
-0.021
0.0091
0.044
0.054
0.026
-0.011
-0.03
-0.036
-0.032
-0.026
-0.031
-0.036
-0.041
-0.056
-0.064
-0.064
-0.053
-0.048
-0.05
-0.053
-0.049
-0.038
-0.024
-0.014
-0.012
-0.012
-0.013
-0.0036
0.017
0.021
0.018
0.0052
-0.017
-0.048
-0.063
-0.057
-0.048
-0.039
-0.031
-0.025
-0.0096
0.017
0.024
0.01
0.0058
0.004
-0.0047
0.0024
0.03
0.05
0.063
0.07
0.049
0.014
-0.011
-0.022
-0.026
-0.019
-0.018
-0.0082
0.008
0.02
0.019
0.01
-0.0016
-0.021
-0.025
0.0038
0.024
0.016
0.013
0.024
0.027
0.024
0.025
0.028
0.033
0.026
0.011
0.0096
0.018
0.024
0.016
-4.6e-005
-0.029
-0.047
-0.049
-0.033
-0.018
-0.0015
0.011
-0.0067
-0.039
-0.05
-0.042
-0.04
-0.046
-0.033
-0.015
-0.021
-0.031
-0.036
-0.054
-0.072
-0.067
-0.06
-0.059
-0.058
-0.058
-0.054
-0.04
-0.04
-0.057
-0.059
-0.048
-0.036
-0.035
-0.04
-0.052
-0.062
-0.053
-0.039
-0.027
-0.024
-0.032
-0.037
-0.048
-0.063
-0.065
-0.056
-0.043
-0.034
-0.026
-0.032
-0.046
-0.056
-0.045
-0.031
-0.034
-0.048
-0.064
-0.077
-0.071
-0.052
-0.036
-0.026
-0.016
-0.0089
0.0058
0.028
0.035
0.016
-0.0018
-0.01
-0.021
-0.039
-0.06
-0.073
-0.071
-0.048
-0.014
0.012
0.02
0.025
0.027
0.026
0.036
0.025
-0.0048
-0.035
-0.044
-0.028
-0.012
-0.016
-0.024
-0.015
0.0038
0.015
0.023
0.018
0.0064
0.0052
0.016
0.018
0.012
0.0062
-0.0022
0.0049
0.013
0.012
-0.0063
-0.016
-0.018
-0.011
0.016
0.038
0.03
0.013
0.019
0.044
0.049
0.034
0.032
0.047
0.036
0.0049
-0.012
-0.029
-0.045
-0.048
-0.045
-0.029
-0.0057
-0.00011
-0.016
-0.02
-0.013
0.002
0.019
0.034
0.027
0.014
0.02
0.024
0.023
0.031
0.037
0.036
0.031
0.0065
-0.025
-0.027
-0.024
-0.0071
0.013
0.014
0.01
0.017
0.025
0.025
0.031
0.037
0.042
0.046
0.058
0.069
0.072
0.07
0.054
0.042
0.043
0.043
0.051
0.067
0.069
0.075
0.1
0.12
0.11
0.085
0.074
0.058
0.043
0.043
0.048
0.062
0.077
0.089
0.089
0.08
0.064
0.054
0.074
0.1
0.12
0.12
0.11
0.1
0.085
0.081
0.076
0.079
0.083
0.078
0.087
0.099
0.11
0.097
0.087
0.087
0.086
0.083
0.096
0.11
0.11
0.12
0.12
0.08
0.03
-0.011
-0.032
-0.033
-0.017
0.0067
0.015
0.0058
0.0026
0.005
0.0023
0.0094
0.018
0.027
0.039
0.05
0.065
0.082
0.085
0.067
0.049
0.041
0.043
0.049
0.051
0.05
0.043
0.043
0.034
0.019
0.01
0.0075
0.012
0.018
0.022
0.015
0.0044
0.00035
-0.0052
-0.0022
0.0055
0.026
0.046
0.058
0.059
0.055
0.054
0.065
0.079
0.087
0.079
0.048
0.019
0.013
0.0082
-0.00056
0.01
0.026
0.023
0.019
0.023
0.02
0.013
0.0098
0.017
0.025
0.027
0.022
0.025
0.033
0.038
0.05
0.058
0.061
0.056
0.052
0.051
0.044
0.031
0.026
0.027
0.022
0.019
0.012
-0.0023
-0.021
-0.043
-0.047
-0.028
0.004
0.023
0.003
-0.039
-0.1
-0.15
-0.15
-0.11
-0.079
-0.064
-0.05
-0.033
-0.015
-0.016
-0.027
-0.029
-0.022
-0.012
-0.019
-0.043
-0.068
-0.079
-0.078
-0.077
-0.075
-0.074
-0.072
-0.075
-0.077
-0.062
-0.033
-0.01
-0.0087
-0.025
-0.054
-0.06
-0.03
0.00078
0.02
0.013
-0.0061
-0.014
-0.019
-0.016
-0.011
-0.0051
0.0026
-0.01
-0.025
-0.014
0.0047
0.026
0.032
0.0024
-0.038
-0.062
-0.063
-0.058
-0.036
-0.0079
0.0051
-0.0069
-0.024
-0.021
-0.0015
0.035
0.061
0.066
0.063
0.044
0.016
-0.01
-0.023
-0.013
0.018
0.03
0.0036
-0.024
-0.021
-0.0028
0.0018
0.011
0.036
0.058
0.067
0.061
0.044
0.032
0.033
0.038
0.051
0.059
0.055
0.048
0.057
0.063
0.052
0.039
0.031
0.038
0.046
0.039
0.023
0.0061
0.0055
0.014
0.022
0.02
0.012
0.0024
0.0022
0.011
0.01
0.014
0.028
0.024
0.01
0.0084
-0.003
-0.018
-0.0072
0.019
0.029
0.022
0.0079
0.0019
-0.0083
-0.013
-0.0054
0.0081
0.029
0.035
0.027
0.02
0.0092
-0.018
-0.039
-0.049
-0.055
-0.042
-0.015
0.0016
-0.0016
0.0009
0.0077
-0.0021
-0.02
-0.034
-0.033
-0.03
-0.027
-0.015
-0.0081
1.5e-005
0.0033
0.0071
0.0053
-0.0064
-0.016
-0.0075
0.015
0.02
0.019
0.018
0.02
0.032
0.047
0.051
0.045
0.056
0.062
0.039
0.02
0.015
0.0099
0.013
0.041
0.06
0.063
0.059
0.054
0.055
0.044
0.025
0.02
0.025
0.016
0.0025
0.0057
0.032
0.056
0.056
0.05
0.037
0.028
0.028
0.031
0.018
-0.0035
-0.017
-0.012
0.0012
0.002
0.0033
0.013
0.013
0.0079
-0.0079
-0.013
-0.011
-0.0066
-0.012
-0.021
-0.03
-0.028
-0.019
-0.02
-0.026
-0.029
-0.035
-0.04
-0.043
-0.044
-0.043
-0.053
-0.058
-0.047
-0.035
-0.031
-0.024
-0.023
-0.02
-0.019
-0.03
-0.03
-0.013
-0.0065
-0.022
-0.036
-0.043
-0.034
-0.024
-0.035
-0.045
-0.049
-0.034
-0.012
-0.0037
-0.0043
0.0047
0.015
0.015
0.0016
-0.023
-0.044
-0.054
-0.045
-0.019
-0.0056
-0.012
-0.021
-0.026
-0.03
-0.025
-0.018
-0.028
-0.042
-0.043
-0.04
-0.038
-0.025
-0.014
-0.021
-0.023
-0.015
-0.019
-0.034
-0.047
-0.061
-0.068
-0.072
-0.082
-0.081
-0.061
-0.037
-0.012
0.0031
-0.0081
-0.0042
-0.008
-0.078
-0.12
-0.09
-0.093
-0.078
0.007
0.05
0.034
0.047
0.053
0.02
-0.029
-0.047
-0.053
-0.069
-0.066
-0.061
-0.074
-0.072
-0.022
0.029
0.042
0.012
-0.023
-0.025
-0.045
-0.067
-0.068
-0.067
-0.075
-0.064
-0.027
-0.00029
0.019
0.04
0.029
0.018
0.014
-0.018
-0.043
-0.044
-0.049
-0.057
-0.054
-0.059
-0.052
-0.023
0.0034
0.036
0.063
0.065
0.041
0.013
-0.0063
-0.0006
0.013
0.016
0.011
0.0071
0.01
0.024
0.036
0.041
0.049
0.046
0.028
0.0084
-0.0088
-0.0086
0.0045
0.026
0.044
0.048
0.039
0.036
0.037
0.023
0.023
0.041
0.059
0.067
0.056
0.033
0.015
0.0037
0.0085
0.0079
0.013
0.027
0.039
0.046
0.052
0.05
0.043
0.037
0.029
0.015
0.0085
0.01
0.011
0.01
0.017
0.03
0.049
0.067
0.077
0.071
0.064
0.056
0.051
0.055
0.051
0.044
0.041
0.034
0.022
0.018
0.023
0.039
0.051
0.042
0.035
0.025
0.022
0.033
0.044
0.04
0.035
0.035
0.034
0.033
0.025
0.022
0.023
0.015
-0.0026
-0.013
-0.014
-0.012
-0.0046
0.014
0.027
0.026
0.02
0.0038
-0.02
-0.026
-0.018
-0.034
-0.055
-0.047
-0.028
-0.022
-0.032
-0.048
-0.055
-0.049
-0.048
-0.037
-0.028
-0.035
-0.041
-0.039
-0.029
-0.018
-0.015
-0.015
-0.013
-0.016
-0.012
0.0012
0.01
0.011
-0.002
-0.017
-0.022
-0.023
-0.033
-0.045
-0.049
-0.039
-0.031
-0.032
-0.029
-0.015
-0.00063
-0.0015
-0.02
-0.034
-0.037
-0.028
-0.013
-0.0019
-0.0047
-0.022
-0.037
-0.042
-0.038
-0.033
-0.041
-0.053
-0.064
-0.075
-0.077
-0.068
-0.055
-0.042
-0.033
-0.029
-0.028
-0.029
-0.018
0.00047
0.015
0.025
0.022
0.0025
-0.0099
-0.011
-0.0086
-0.0053
-0.012
-0.018
-0.0084
0.0083
0.024
0.024
0.0096
-0.0058
-0.0066
-0.0032
0.0019
0.0021
0.0034
0.019
0.033
0.031
0.021
0.019
0.0094
-0.012
-0.017
0.0039
0.039
0.069
0.084
0.071
0.034
0.0042
-0.0017
-0.0022
-0.0066
-0.016
-0.0061
0.0082
0.0015
-0.017
-0.018
0.0016
0.035
0.066
0.081
0.083
0.076
0.063
0.047
0.026
0.0014
-0.01
-0.0084
-0.021
-0.03
-0.024
0.00063
0.039
0.079
0.1
0.1
0.082
0.064
0.055
0.046
0.028
-0.0017
-0.031
-0.034
0.0029
0.043
0.062
0.068
0.072
0.064
0.048
0.038
0.019
-0.013
-0.016
0.0067
0.035
0.065
0.094
0.11
0.11
0.08
0.038
0.011
-0.008
-0.018
-0.0047
0.019
0.042
0.054
0.054
0.045
0.034
0.037
0.063
0.092
0.097
0.068
0.03
0.0017
-0.023
-0.033
0.0034
0.053
0.075
0.073
0.063
0.041
0.015
-0.0022
-0.00035
0.0065
0.0014
-0.0043
-0.0063
0.0046
0.033
0.066
0.078
0.071
0.055
0.026
-0.011
-0.033
-0.012
0.029
0.057
0.069
0.053
0.023
0.01
0.0057
-0.0036
0.006
0.025
0.037
0.036
0.016
-0.013
-0.027
-0.027
-0.024
-0.012
0.0014
0.011
0.019
0.023
0.026
0.032
0.027
0.026
0.028
0.023
0.021
0.012
-0.002
-0.022
-0.034
-0.032
-0.021
-0.019
-0.019
-0.023
-0.029
-0.025
-0.0056
0.025
0.049
0.048
0.025
-0.0042
-0.033
-0.042
-0.031
-0.0011
0.027
0.03
0.019
0.0094
0.00026
-0.0067
-0.0051
0.0039
0.014
0.026
0.028
0.023
0.022
0.023
0.023
0.017
0.0096
-0.00023
-0.0013
0.011
0.01
0.003
0.021
0.062
0.069
0.012
-0.042
-0.056
-0.043
-0.0047
0.016
0.011
0.017
0.018
-0.006
-0.025
-0.048
-0.04
-0.016
-0.011
0.011
0.019
0.0043
0.014
0.029
0.025
0.025
0.039
0.051
0.06
0.064
0.054
0.026
-0.0016
-0.0046
0.0043
0.0096
0.025
0.03
0.013
-0.0055
-0.011
0.0072
0.051
0.088
0.095
0.09
0.07
0.049
0.039
0.04
0.054
0.062
0.059
0.056
0.044
0.021
0.012
0.021
0.032
0.036
0.042
0.047
0.032
0.026
0.02
0.0058
0.0059
0.02
0.021
0.0027
-0.019
-0.012
0.0081
0.042
0.068
0.071
0.06
0.059
0.056
0.045
0.055
0.068
0.068
0.074
0.091
0.089
0.064
0.031
0.012
0.014
0.02
0.029
0.048
0.068
0.069
0.066
0.066
0.062
0.058
0.068
0.084
0.078
0.059
0.044
0.031
0.028
0.04
0.054
0.061
0.063
0.061
0.057
0.043
0.035
0.035
0.029
0.027
0.039
0.061
0.073
0.083
0.084
0.078
0.06
0.038
0.0076
-0.034
-0.058
-0.025
0.046
0.12
0.14
0.087
0.047
0.04
0.023
0.025
0.013
-0.02
-0.051
-0.093
-0.11
-0.081
-0.05
-0.015
0.003
-0.008
0.0056
0.014
-0.018
-0.049
-0.051
-0.031
-0.02
-0.033
-0.036
-0.031
-0.038
-0.051
-0.066
-0.081
-0.091
-0.08
-0.061
-0.049
-0.054
-0.066
-0.066
-0.05
-0.025
-0.0069
-0.0072
-0.022
-0.031
-0.046
-0.056
-0.056
-0.061
-0.059
-0.037
-0.026
-0.03
-0.026
-0.0098
0.0046
0.003
-0.0063
-0.0053
-0.011
-0.024
-0.037
-0.049
-0.06
-0.058
-0.035
-0.027
-0.028
-0.023
-0.014
-0.009
-0.022
-0.041
-0.036
-0.0056
0.011
0.0029
-0.023
-0.031
-0.013
0.0049
0.005
-0.016
-0.023
-0.0052
0.0079
0.029
0.051
0.037
-0.028
-0.13
-0.23
-0.26
-0.24
-0.19
-0.11
-0.014
0.068
0.098
0.072
0.019
-0.016
-0.018
-0.0049
-0.0047
-0.011
-0.0049
0.0073
0.021
0.019
-0.019
-0.082
-0.13
-0.13
-0.087
-0.054
-0.051
-0.045
-0.018
0.0041
0.0035
-0.00066
0.01
0.017
-0.0093
-0.049
-0.061
-0.058
-0.046
-0.029
-0.02
-0.021
-0.022
0.0076
0.071
0.12
0.11
0.085
0.05
0.011
-0.019
-0.034
-0.017
0.023
0.044
0.062
0.061
0.029
-0.01
-0.039
-0.052
-0.065
-0.057
-0.019
0.022
0.07
0.11
0.11
0.091
0.063
0.044
0.035
0.03
0.037
0.046
0.046
0.047
0.058
0.078
0.083
0.057
0.015
-0.0068
0.0014
0.021
0.036
0.045
0.051
0.043
0.022
-0.00066
-0.0078
0.011
0.053
0.1
0.12
0.1
0.062
0.02
-0.0057
0.014
0.053
0.078
0.078
0.065
0.036
0.023
0.032
0.05
0.07
0.075
0.083
0.094
0.1
0.1
0.082
0.059
0.05
0.046
0.039
0.038
0.044
0.046
0.026
0.0029
-0.0077
-0.012
-0.013
-0.003
0.021
0.03
0.022
0.0019
-0.024
-0.03
-0.031
-0.051
-0.056
-0.03
0.0024
0.0099
-0.0026
-0.016
-0.025
-0.042
-0.055
-0.052
-0.045
-0.023
-0.0039
0.0043
-0.0042
-0.029
-0.044
-0.047
-0.038
-0.017
0.011
0.027
0.036
0.019
-0.012
-0.032
-0.04
-0.033
-0.019
-0.0052
0.027
0.062
0.075
0.067
0.042
0.011
0.00023
-0.0034
-0.021
-0.042
-0.048
-0.037
-0.017
0.0037
0.0097
0.018
0.044
0.063
0.061
0.036
0.014
-0.005
-0.026
-0.044
-0.049
-0.036
-0.0077
0.018
0.028
0.028
0.011
-0.0076
-0.013
-0.018
-0.0027
0.026
0.039
0.035
0.019
0.0052
0.0078
0.019
0.024
0.025
0.011
-0.0057
-0.0097
-0.006
-0.0052
-0.0086
-0.013
-0.017
-0.012
-0.0032
0.0038
0.0026
0.0043
0.02
0.022
0.0056
-0.0097
-0.011
0.0015
0.0055
-0.0098
-0.024
-0.025
-0.033
-0.058
-0.068
-0.053
-0.026
0.0013
0.018
0.016
-0.0068
-0.033
-0.046
-0.042
-0.033
-0.026
-0.017
-0.0029
0.011
0.0039
-0.0095
-0.018
-0.019
-0.017
-0.023
-0.034
-0.039
-0.036
-0.022
0.0065
0.034
0.046
0.042
0.032
0.011
-0.016
-0.029
-0.032
-0.026
-0.013
-0.014
-0.018
-0.015
0.0028
0.016
0.028
0.04
0.038
0.022
-0.0014
-0.013
-0.012
-0.01
-0.0051
0.0051
0.015
0.023
0.036
0.033
0.026
0.022
0.022
0.027
0.031
0.03
0.032
0.023
0.02
0.038
0.034
0.0074
-0.011
-0.024
-0.023
-0.017
-0.018
-0.022
-0.019
-0.017
-0.0093
0.0011
0.0045
0.002
0.0006
0.0088
0.014
0.016
0.013
-0.0033
-0.02
-0.024
-0.016
-0.0063
-0.0047
-0.013
-0.034
-0.051
-0.059
-0.038
-0.01
-0.011
-0.0081
0.0068
0.012
0.0089
-0.0014
-0.022
-0.028
-0.015
-0.013
-0.014
-0.0094
-0.0078
-0.0021
-0.0026
-0.0086
-0.0058
-0.0015
0.011
0.024
0.016
0.0028
-0.0061
-0.011
-0.0094
-0.0076
-0.0083
-0.0036
0.01
0.027
0.047
0.045
0.019
-0.0024
-0.015
-0.015
-0.0079
-0.0075
-0.0031
0.0029
0.014
0.021
0.016
0.015
0.017
0.0014
-0.0038
0.0091
0.0053
0.0021
0.018
0.037
0.047
0.055
0.056
0.049
0.041
0.031
0.034
0.048
0.047
0.028
0.014
0.023
0.039
0.043
0.05
0.08
0.098
0.095
0.087
0.079
0.079
0.065
0.051
0.056
0.066
0.072
0.077
0.077
0.07
0.065
0.051
0.056
0.073
0.087
0.11
0.11
0.098
0.078
0.065
0.057
0.061
0.076
0.093
0.093
0.069
0.029
-0.012
-0.032
-0.014
0.025
0.06
0.088
0.1
0.098
0.098
0.092
0.066
0.037
0.024
0.027
0.038
0.054
0.057
0.031
0.0091
0.0091
0.02
0.033
0.038
0.038
0.032
0.024
0.0027
-0.013
-0.011
-0.011
-0.008
-0.0039
-0.0026
-0.0076
-0.0023
0.0094
0.011
0.002
-0.018
-0.037
-0.041
-0.04
-0.029
-0.0077
0.012
0.018
0.027
0.029
0.011
-0.0067
-0.012
-0.02
-0.033
-0.04
-0.044
-0.041
-0.036
-0.033
-0.023
-0.01
-0.012
-0.022
-0.029
-0.029
-0.013
-0.0028
-0.018
-0.048
-0.079
-0.093
-0.087
-0.06
-0.04
-0.046
-0.064
-0.064
-0.062
-0.083
-0.11
-0.13
-0.12
-0.09
-0.074
-0.059
-0.041
-0.041
-0.052
-0.056
-0.059
-0.048
-0.036
-0.028
-0.019
-0.025
-0.035
-0.034
-0.038
-0.049
-0.046
-0.034
-0.019
-0.0093
-0.0041
-0.0006
-0.024
-0.063
-0.073
-0.071
-0.065
-0.04
-0.013
-0.0019
0.0023
0.0048
0.011
0.03
0.032
0.014
-0.005
-0.012
0.00066
0.021
0.039
0.049
0.042
0.021
0.013
0.014
0.02
0.024
0.026
0.043
0.057
0.05
0.033
0.01
-0.017
-0.024
-0.019
-0.015
0.0082
0.031
0.035
0.03
0.016
0.00063
-0.013
-0.018
-0.015
-0.012
-0.0072
0.011
0.019
0.013
0.016
0.015
0.0086
0.009
0.00072
-0.019
-0.027
-0.028
-0.029
-0.0084
0.014
0.02
0.022
0.026
0.032
0.03
0.028
0.029
0.022
0.0066
0.0034
0.013
0.018
0.024
0.034
0.056
0.07
0.053
0.034
0.028
0.028
0.016
-0.018
-0.057
-0.062
-0.036
0.0017
0.03
0.038
0.031
0.018
-0.0086
-0.035
-0.038
-0.04
-0.048
-0.051
-0.047
-0.034
-0.014
0.00029
-0.019
-0.065
-0.098
-0.098
-0.083
-0.07
-0.069
-0.067
-0.043
-0.017
-0.022
-0.042
-0.055
-0.063
-0.073
-0.076
-0.061
-0.051
-0.054
-0.048
-0.036
-0.028
-0.031
-0.029
-0.02
-0.017
-0.034
-0.057
-0.065
-0.069
-0.068
-0.056
-0.032
-0.018
-0.017
-0.02
-0.024
-0.039
-0.06
-0.076
-0.082
-0.086
-0.079
-0.059
-0.039
-0.034
-0.032
-0.032
-0.04
-0.053
-0.052
-0.044
-0.037
-0.02
-0.0091
-0.01
-0.012
-0.014
-0.011
-0.00084
-0.0015
-0.0078
-0.0075
-0.013
-0.035
-0.059
-0.076
-0.074
-0.046
-0.003
0.04
0.063
0.06
0.046
0.023
0.0039
-0.009
-0.026
-0.032
-0.034
-0.036
-0.015
0.016
0.047
0.081
0.1
0.085
0.054
0.015
-0.011
-0.026
-0.028
0.0014
0.03
0.033
0.028
0.019
-0.0002
0.0017
0.032
0.068
0.068
0.015
-0.031
-0.047
-0.051
-0.038
-0.018
0.0087
0.037
0.051
0.049
0.041
0.033
0.021
0.0098
-0.011
-0.033
-0.025
0.0017
0.027
0.038
0.041
0.055
0.067
0.056
0.029
-0.0015
-0.025
-0.02
-0.0069
0.0046
0.016
0.027
0.04
0.043
0.019
-0.0094
-0.01
0.00035
0.016
0.03
0.034
0.034
0.036
0.041
0.048
0.065
0.086
0.11
0.12
0.12
0.11
0.063
0.041
0.041
0.05
0.082
0.12
0.12
0.099
0.067
0.037
0.032
0.042
0.052
0.056
0.046
0.032
0.026
0.047
0.06
0.035
0.0043
0.012
0.032
0.03
0.016
-0.0046
-0.01
-0.0091
-0.014
-0.0064
0.02
0.054
0.079
0.092
0.086
0.064
0.039
0.017
0.018
0.037
0.065
0.08
0.068
0.048
0.045
0.051
0.037
0.0043
-0.021
-0.028
-0.027
-0.02
-0.0093
0.00096
0.011
0.016
0.01
0.0049
0.017
0.03
0.044
0.057
0.054
0.037
0.022
0.02
0.016
-0.0022
-0.015
-0.016
-0.013
-0.0094
-0.0005
0.012
0.021
0.027
0.023
0.016
0.024
0.04
0.057
0.057
0.041
0.022
0.013
0.0073
0.011
0.021
0.026
0.019
0.0065
0.0044
0.01
0.011
0.0086
0.0066
0.0025
-0.0058
-0.012
-0.0065
0.007
0.018
0.031
0.043
0.038
0.029
0.026
0.023
0.011
-0.009
-0.026
-0.033
-0.04
-0.046
-0.034
-0.014
-0.00084
0.018
0.032
0.035
0.02
-0.0011
-0.017
-0.017
-0.0034
0.0038
-0.0031
-0.014
-0.018
-0.022
-0.026
-0.026
-0.032
-0.035
-0.036
-0.04
-0.049
-0.055
-0.061
-0.05
-0.035
-0.03
-0.04
-0.048
-0.031
-0.0063
-0.0034
-0.017
-0.033
-0.054
-0.079
-0.084
-0.068
-0.048
-0.044
-0.05
-0.054
-0.065
-0.077
-0.085
-0.096
-0.1
-0.086
-0.061
-0.037
-0.022
-0.014
0.01
0.012
-0.023
-0.043
-0.027
-0.0036
0.0071
0.0094
0.0042
-0.015
-0.044
-0.059
-0.046
-0.034
-0.03
-0.031
-0.023
0.0039
0.025
0.039
0.054
0.057
0.041
0.0075
-0.049
-0.092
-0.093
-0.074
-0.039
0.01
0.028
0.015
0.0058
0.0049
-0.0014
-0.012
-0.029
-0.059
-0.089
-0.081
-0.045
-0.021
0.0015
0.032
0.049
0.055
0.047
0.011
-0.025
-0.041
-0.036
-0.021
-0.017
-0.02
-0.0079
0.029
0.055
0.053
0.039
0.032
0.024
-0.0085
-0.031
-0.027
-0.0035
0.03
0.04
0.043
0.051
0.054
0.052
0.052
0.044
0.022
0.0018
-0.021
-0.038
-0.036
-0.018
0.013
0.034
0.033
0.025
0.015
-0.0035
-0.021
-0.026
-0.012
0.013
0.038
0.044
0.017
-0.013
-0.025
-0.042
-0.056
-0.045
-0.023
0.0046
0.019
-0.0077
-0.05
-0.066
-0.042
-0.0043
0.021
0.032
0.037
0.029
0.014
0.016
0.038
0.054
0.042
0.0053
-0.037
-0.052
-0.036
-0.0021
0.022
0.023
0.0058
-0.024
-0.057
-0.079
-0.073
-0.039
0.007
0.045
0.062
0.047
0.0083
-0.0078
0.014
0.03
0.014
-0.019
-0.04
-0.041
-0.033
-0.026
-0.0029
0.016
0.023
0.026
0.024
0.017
0.0019
-0.0084
-0.0012
0.012
0.018
0.031
0.044
0.027
0.0049
-0.0075
-0.0085
7.6e-005
0.0045
-0.005
-0.032
-0.055
-0.051
-0.038
-0.029
-0.013
0.0018
0.00072
-0.017
-0.042
-0.048
-0.027
0.009
0.024
0.013
-0.013
-0.029
-0.028
-0.018
0.0032
0.031
0.044
0.028
-0.00023
-0.012
0.0066
0.026
0.027
0.029
0.043
0.05
0.031
-7.6e-005
-0.015
-0.015
-0.0077
0.0025
0.014
0.028
0.044
0.04
0.016
0.0027
0.0093
0.029
0.033
0.028
0.044
0.07
0.071
0.057
0.053
0.057
0.054
0.04
0.036
0.047
0.063
0.08
0.092
0.092
0.095
0.083
0.054
0.039
0.042
0.037
0.034
0.037
0.047
0.064
0.072
0.069
0.064
0.058
0.043
0.028
0.019
0.016
0.021
0.027
0.026
0.013
0.0054
0.015
0.014
0.0068
0.015
0.028
0.022
-0.0032
-0.037
-0.05
-0.025
0.0029
0.0051
-0.01
-0.017
-0.023
-0.031
-0.039
-0.055
-0.064
-0.056
-0.027
0.0051
0.042
0.058
0.033
-0.0078
-0.048
-0.059
-0.037
-0.012
-0.0025
-0.0016
-0.016
-0.044
-0.061
-0.079
-0.089
-0.072
-0.02
0.036
0.066
0.068
0.067
0.06
0.042
0.038
0.041
0.014
-0.031
-0.044
-0.032
-0.033
-0.023
0.0071
0.032
0.052
0.053
0.037
0.016
0.017
0.029
0.023
0.02
0.037
0.056
0.044
0.026
0.028
0.041
0.041
0.034
0.025
-0.0018
-0.024
-0.026
-0.034
-0.039
-0.024
0.014
0.058
0.078
0.062
0.029
0.0034
-0.0056
-0.0097
-0.0069
0.0027
0.0047
-0.0074
-0.026
-0.032
-0.032
-0.025
-0.0082
0.00093
-0.0025
-0.00063
0.0033
-0.0059
-0.023
-0.023
-0.013
-0.013
-0.0093
0.00047
0.0026
-0.03
-0.075
-0.089
-0.065
-0.047
-0.05
-0.053
-0.053
-0.031
0.015
0.042
0.036
0.022
0.0062
-0.0051
-0.0021
0.0091
0.02
0.023
0.026
0.033
0.032
0.018
-0.0094
-0.027
-0.024
-0.0079
0.00053
-0.0017
-0.0034
0.00087
0.014
0.021
0.022
0.028
0.037
0.044
0.053
0.053
0.041
0.018
-0.0019
-0.009
-0.0028
0.0026
0.0033
0.0037
0.014
0.034
0.052
0.061
0.055
0.043
0.032
0.042
0.059
0.069
0.06
0.049
0.056
0.063
0.066
0.059
0.035
0.0074
-0.0081
-0.011
0.00066
0.016
0.019
0.022
0.023
0.019
0.017
0.02
0.032
0.042
0.041
0.026
0.018
0.023
0.037
0.051
0.056
0.048
0.03
0.022
0.03
0.028
0.0086
-0.0057
0.006
0.028
0.038
0.046
0.055
0.051
0.049
0.067
0.08
0.079
0.067
0.035
-0.004
-0.012
0.014
0.042
0.064
0.078
0.097
0.11
0.091
0.051
0.0075
-0.014
-0.023
-0.018
0.0042
0.027
0.034
0.029
0.028
0.027
0.042
0.06
0.06
0.043
0.017
0.0039
0.016
0.05
0.073
0.07
0.046
0.041
0.072
0.099
0.096
0.065
0.043
0.047
0.048
0.034
0.018
0.02
0.039
0.067
0.1
0.13
0.12
0.06
0.0005
-0.015
0.0031
0.025
0.024
0.022
0.044
0.083
0.1
0.089
0.049
0.0057
-0.0072
0.012
0.036
0.032
0.0068
0.018
0.066
0.1
0.096
0.064
0.038
0.039
0.052
0.053
0.052
0.064
0.078
0.067
0.036
-0.00066
-0.021
0.013
0.084
0.13
0.11
0.07
0.01
-0.038
-0.035
-0.013
-0.0012
-0.0091
0.0071
0.053
0.077
0.05
-0.0088
-0.038
-0.041
-0.011
0.017
0.0083
-0.014
0.0011
0.046
0.067
0.06
0.05
0.037
0.019
0.014
0.024
0.042
0.087
0.12
0.08
-0.035
-0.11
-0.099
-0.034
0.0067
0.015
0.031
0.078
0.12
0.087
0.012
-0.024
0.01
0.044
0.016
-0.034
-0.03
0.027
0.07
0.069
0.037
0.026
0.053
0.07
0.064
0.048
0.033
0.013
0.0073
0.033
0.06
0.065
0.051
0.029
0.012
0.0061
0.017
0.022
0.022
0.019
-0.0036
-0.031
-0.038
-0.018
0.017
0.054
0.066
0.065
0.048
0.0085
-0.025
-0.053
-0.077
-0.062
-0.0052
0.039
0.045
0.027
0.009
0.013
0.038
0.055
0.039
0.0069
-0.0067
-0.0023
-0.011
-0.025
-0.007
0.024
0.023
-0.011
-0.036
-0.029
-0.012
-0.012
-0.031
-0.041
-0.022
-0.00041
-0.01
-0.053
-0.1
-0.13
-0.12
-0.097
-0.083
-0.081
-0.086
-0.1
-0.11
-0.1
-0.078
-0.039
-0.00056
0.017
0.011
-0.019
-0.058
-0.098
-0.1
-0.083
-0.068
-0.055
-0.028
-0.00078
0.011
0.0043
-0.00066
0.015
0.0046
-0.061
-0.13
-0.15
-0.1
-0.023
0.02
-0.0029
-0.072
-0.13
-0.16
-0.14
-0.11
-0.063
-0.013
0.02
0.018
-0.016
-0.062
-0.095
-0.099
-0.079
-0.054
-0.036
-0.017
0.0016
0.0043
-0.0079
-0.028
-0.041
-0.035
-0.027
-0.0081
0.032
0.072
0.082
0.065
0.04
0.025
0.022
0.034
0.05
0.056
0.054
0.048
0.037
0.035
0.037
0.027
0.018
0.015
0.02
0.031
0.053
0.081
0.097
0.087
0.07
0.066
0.065
0.065
0.076
0.088
0.089
0.08
0.068
0.046
0.025
0.017
0.014
0.012
0.029
0.061
0.07
0.042
0.0064
0.0074
0.036
0.064
0.079
0.076
0.064
0.046
0.019
-0.012
-0.028
-0.026
-0.0035
0.029
0.051
0.045
0.0099
-0.031
-0.056
-0.06
-0.051
-0.033
-0.017
-0.0011
0.016
0.023
0.024
0.027
0.032
0.028
0.012
-0.0011
-0.0033
-0.011
-0.028
-0.039
-0.042
-0.041
-0.046
-0.045
-0.028
-0.0099
0.01
0.023
0.015
-0.015
-0.046
-0.058
-0.063
-0.055
-0.037
-0.045
-0.067
-0.081
-0.085
-0.094
-0.092
-0.07
-0.032
0.047
0.14
0.19
0.18
0.12
0.059
0.039
0.023
-0.0046
-0.018
-0.013
-0.0023
-0.00011
-0.0096
-0.021
-0.019
-0.0071
0.0099
0.027
0.041
0.036
0.0085
-0.011
-0.0016
0.023
0.043
0.064
0.08
0.075
0.039
-0.0034
-0.039
-0.068
-0.076
-0.058
-0.031
-0.016
0.0071
0.048
0.079
0.066
0.015
-0.052
-0.1
-0.11
-0.081
-0.028
-0.0023
-0.0041
-0.028
-0.071
-0.11
-0.13
-0.13
-0.11
-0.08
-0.044
-0.0034
0.012
-0.0066
-0.037
-0.049
-0.034
-0.012
0.0053
0.0073
-0.00084
-0.019
-0.041
-0.045
-0.032
-0.016
-0.016
-0.018
-0.015
-0.0098
0.0064
0.012
-0.014
-0.041
-0.046
-0.042
-0.033
-0.028
-0.026
-0.014
0.00029
-0.0049
-0.022
-0.043
-0.059
-0.052
-0.029
-0.015
-0.019
-0.024
-0.031
-0.051
-0.072
-0.089
-0.11
-0.13
-0.14
-0.14
-0.11
-0.082
-0.07
-0.075
-0.062
-0.026
0.0029
-0.0036
-0.027
-0.038
-0.033
-0.027
-0.026
-0.018
-0.001
0.01
0.013
0.0012
-0.024
-0.053
-0.054
-0.033
-0.015
-0.014
-0.016
-0.0036
0.01
0.01
-0.0079
-0.032
-0.038
-0.018
0.0072
0.012
0.0063
-0.0011
-0.0088
-0.02
-0.023
-0.0087
0.004
0.0009
-0.016
-0.02
-0.015
-0.011
-0.021
-0.028
-0.02
-0.017
-0.0074
0.0046
0.01
0.0036
-0.0083
-0.019
-0.027
-0.029
-0.033
-0.034
-0.024
-0.0069
-0.0062
-0.017
-0.024
-0.023
-0.026
-0.04
-0.049
-0.055
-0.046
-0.032
-0.019
-0.0061
-0.014
-0.026
-0.041
-0.052
-0.049
-0.039
-0.045
-0.047
-0.032
-0.017
-0.015
-0.03
-0.035
-0.026
-0.018
-0.02
-0.028
-0.034
-0.028
-0.037
-0.078
-0.095
-0.07
-0.055
-0.056
-0.051
-0.047
-0.036
-0.019
-0.012
-0.02
-0.027
-0.04
-0.048
-0.047
-0.054
-0.065
-0.073
-0.075
-0.073
-0.068
-0.061
-0.052
-0.043
-0.037
-0.021
-0.0044
-0.0085
-0.029
-0.037
-0.026
-0.013
-0.0031
-0.0039
-0.011
-0.012
0.0029
0.016
0.014
0.0076
0.0077
0.015
0.027
0.035
0.036
0.027
0.016
0.0058
-0.00053
-0.0064
-0.013
-0.023
-0.028
-0.024
-0.027
-0.03
-0.019
-0.0028
0.012
0.024
0.025
0.012
0.0081
0.007
0.0086
0.0073
-0.005
-0.021
-0.021
-0.00029
0.019
0.036
0.052
0.071
0.089
0.083
0.044
-0.0094
-0.033
-0.03
-0.013
0.026
0.059
0.063
0.047
0.033
0.021
0.018
0.02
0.027
0.033
0.04
0.051
0.056
0.059
0.078
0.1
0.12
0.1
0.073
0.043
0.02
0.023
0.044
0.056
0.048
0.043
0.052
0.067
0.08
0.089
0.096
0.1
0.095
0.067
0.036
0.021
0.03
0.039
0.044
0.049
0.062
0.083
0.095
0.082
0.061
0.048
0.046
0.043
0.037
0.038
0.051
0.059
0.053
0.047
0.046
0.056
0.059
0.048
0.027
0.012
0.0076
0.0096
0.018
0.022
0.019
0.026
0.047
0.063
0.055
0.05
0.058
0.065
0.056
0.046
0.046
0.051
0.053
0.047
0.039
0.022
0.0087
0.015
0.029
0.039
0.055
0.084
0.098
0.098
0.088
0.077
0.077
0.091
0.09
0.068
0.052
0.061
0.08
0.088
0.084
0.073
0.059
0.044
0.026
0.027
0.053
0.077
0.082
0.067
0.04
0.02
0.016
0.018
0.029
0.035
0.034
0.034
0.029
0.016
0.005
0.0033
0.014
0.021
0.032
0.046
0.045
0.035
0.032
0.021
0.00044
-0.0094
-0.029
-0.043
-0.035
-0.019
-0.0074
-0.0012
-0.0056
-0.0091
-0.0058
-0.016
-0.04
-0.049
-0.035
-0.024
-0.025
-0.023
-0.014
-0.014
-0.024
-0.026
-0.013
-0.00044
0.0053
0.015
0.026
0.008
-0.019
-0.037
-0.046
-0.046
-0.032
-0.021
-0.022
-0.016
0.0025
0.024
0.035
0.032
0.026
0.019
0.013
0.011
0.0096
0.011
0.011
-0.0029
-0.0085
0.0078
0.012
0.0018
-0.0058
-0.0074
-0.0019
0.0097
0.01
-0.0027
1.5e-005
0.016
0.028
0.028
0.019
0.00053
-0.019
-0.023
-0.026
-0.035
-0.04
-0.028
-0.0079
0.00056
-0.0052
-0.013
-0.0082
-0.011
-0.022
-0.016
0.0034
0.019
0.019
0.0098
-0.0057
-0.014
-0.019
-0.0098
0.011
0.023
0.031
0.037
0.026
0.0082
-0.0065
-0.011
-0.0019
0.019
0.045
0.048
0.037
0.029
0.02
0.0026
-0.0089
-0.019
-0.029
-0.032
-0.035
-0.034
-0.025
-0.025
-0.027
-0.014
0.011
0.037
0.039
0.03
0.028
0.037
0.054
0.072
0.08
0.077
0.066
0.044
0.027
0.022
0.017
0.0089
0.004
0.0075
0.025
0.043
0.056
0.067
0.07
0.071
0.06
0.029
-0.0035
-0.011
0.012
0.05
0.087
0.11
0.11
0.091
0.076
0.077
0.088
0.096
0.095
0.08
0.059
0.051
0.047
0.051
0.059
0.063
0.063
0.06
0.046
0.041
0.059
0.078
0.086
0.077
0.06
0.051
0.057
0.07
0.078
0.083
0.087
0.085
0.069
0.054
0.042
0.041
0.042
0.021
-0.00044
0.011
0.038
0.057
0.06
0.051
0.032
0.02
0.012
0.019
0.031
0.043
0.048
0.035
0.014
-0.0024
-0.019
-0.039
-0.064
-0.066
-0.044
-0.03
-0.04
-0.046
-0.056
-0.071
-0.066
-0.06
-0.067
-0.06
-0.026
0.0011
0.0078
-0.011
-0.038
-0.044
-0.043
-0.041
-0.045
-0.049
-0.045
-0.047
-0.054
-0.057
-0.061
-0.069
-0.075
-0.067
-0.052
-0.044
-0.042
-0.034
-0.032
-0.036
-0.042
-0.056
-0.084
-0.1
-0.098
-0.078
-0.049
-0.026
-0.018
-0.025
-0.046
-0.068
-0.078
-0.076
-0.065
-0.062
-0.062
-0.053
-0.054
-0.064
-0.062
-0.058
-0.066
-0.073
-0.074
-0.083
-0.089
-0.089
-0.091
-0.081
-0.08
-0.081
-0.071
-0.056
-0.047
-0.057
-0.054
-0.04
-0.031
-0.032
-0.032
-0.029
-0.03
-0.037
-0.04
-0.022
-0.012
-0.026
-0.034
-0.024
-0.0056
0.0036
0.0033
-0.0058
-0.015
-0.029
-0.037
-0.019
0.0014
0.01
0.015
0.018
0.02
0.027
0.031
0.027
0.021
0.021
0.023
0.019
0.03
0.053
0.061
0.048
0.025
0.0062
0.0051
0.011
0.014
0.021
0.028
0.013
-0.0051
-0.0093
0.0094
0.039
0.056
0.064
0.071
0.077
0.073
0.058
0.041
0.031
0.032
0.025
0.012
0.0059
0.0062
0.016
0.027
0.035
0.029
0.014
0.007
0.0083
0.016
0.026
0.026
0.022
0.029
0.037
0.035
0.034
0.034
0.037
0.023
0.0034
0.0037
0.012
0.0022
-0.0075
-0.0017
-0.0062
-0.015
-0.014
-0.007
-0.0034
-0.0025
-0.011
-0.025
-0.024
-0.015
0.00038
0.012
0.015
0.0032
-0.011
-0.0053
0.0033
-0.0041
-0.018
-0.022
-0.02
-0.016
-0.019
-0.033
-0.045
-0.054
-0.057
-0.045
-0.022
0.0042
0.018
0.0098
-0.0063
-0.014
-0.0086
0.0085
0.019
0.023
0.03
0.016
-0.014
-0.033
-0.038
-0.036
-0.03
-0.015
0.0035
0.01
0.014
0.028
0.042
0.036
0.023
-0.0023
-0.031
-0.057
-0.073
-0.06
-0.031
-0.013
-0.016
-0.035
-0.044
-0.023
-0.0042
-0.00038
0.0043
0.011
0.0022
-0.025
-0.05
-0.043
-0.013
0.0058
0.013
0.0079
-0.012
-0.025
-0.016
0.0052
0.015
0.0019
-0.02
-0.038
-0.038
-0.014
0.015
0.03
0.02
0.0018
-0.0097
-0.0022
0.014
0.012
-0.0049
-0.021
-0.021
-0.013
-0.0047
0.00084
-0.0033
-0.0077
0.011
0.032
0.038
0.036
0.027
0.0081
-0.0011
0.015
0.028
0.04
0.064
0.073
0.059
0.039
0.028
0.021
0.033
0.056
0.068
0.064
0.058
0.067
0.079
0.071
0.049
0.043
0.046
0.043
0.042
0.052
0.07
0.082
0.079
0.054
0.031
0.023
0.016
0.015
0.022
0.04
0.059
0.082
0.12
0.15
0.12
0.0045
-0.16
-0.25
-0.22
-0.1
0.044
0.16
0.2
0.14
0.041
-0.029
-0.048
-0.028
0.0091
0.04
0.066
0.083
0.091
0.085
0.013
-0.078
-0.12
-0.092
-0.039
0.0014
-0.0012
-0.037
-0.085
-0.12
-0.14
-0.092
0.004
0.064
0.048
-0.00078
-0.066
-0.11
-0.13
-0.12
-0.12
-0.12
-0.11
-0.11
-0.11
-0.091
-0.052
0.00084
0.02
-0.0076
-0.049
-0.089
-0.12
-0.11
-0.061
0.0095
0.049
0.037
-0.0078
-0.055
-0.065
-0.05
-0.053
-0.064
-0.052
-0.00066
0.076
0.12
0.11
0.083
0.059
0.048
0.055
0.061
0.07
0.092
0.11
0.12
0.12
0.11
0.093
0.077
0.075
0.073
0.063
0.052
0.034
0.0072
0.0022
0.025
0.047
0.058
0.074
0.083
0.1
0.12
0.11
0.086
0.048
0.023
0.025
0.046
0.068
0.087
0.094
0.076
0.033
-0.00078
0.0035
0.021
0.045
0.073
0.073
0.054
0.04
0.016
-0.0044
-0.0058
-0.0036
0.0018
0.014
0.024
0.029
0.019
-0.0017
-0.0059
0.0034
-0.0053
-0.027
-0.034
-0.0079
0.031
0.043
0.032
0.015
0.0062
0.019
0.04
0.056
0.067
0.063
0.048
0.036
0.029
0.024
0.02
0.0071
-0.00093
0.012
0.031
0.043
0.046
0.025
-0.013
-0.04
-0.017
0.033
0.071
0.086
0.066
0.0089
-0.022
-0.0028
0.018
0.026
0.026
0.0092
-0.027
-0.044
-0.05
-0.058
-0.062
-0.048
-0.0024
0.048
0.079
0.084
0.092
0.1
0.088
0.059
0.016
-0.02
-0.04
-0.029
-0.011
0.013
0.05
0.059
0.04
0.026
0.035
0.052
0.068
0.069
0.038
-0.0067
-0.056
-0.073
-0.062
-0.025
0.025
0.053
0.053
0.046
0.057
0.062
0.036
-0.0062
-0.048
-0.077
-0.067
-0.017
0.024
0.032
0.017
-0.012
-0.034
-0.037
-0.029
-0.019
-0.0052
0.0066
0.011
0.021
0.034
0.029
0.01
0.021
0.051
0.054
0.024
0.00056
-0.011
-0.021
-0.029
-0.039
-0.054
-0.069
-0.064
-0.031
-0.0072
-0.0059
-0.013
-0.018
-0.014
0.0021
0.013
-0.0022
-0.024
-0.024
-0.0015
0.026
0.035
0.022
-0.0016
-0.018
-0.022
-0.033
-0.032
1.5e-005
0.026
0.028
0.042
0.057
0.047
0.016
-0.0085
-0.02
-0.035
-0.042
-0.026
0.0029
0.014
0.0079
0.0056
0.0092
0.011
0.0076
0.0068
0.0079
0.011
0.011
0.017
0.031
0.038
0.033
0.019
0.0094
0.0052
0.0019
0.00075
-0.0021
0.0024
0.012
0.019
0.011
0.0065
0.0074
0.016
0.026
0.02
0.015
0.01
0.011
0.025
0.049
0.069
0.067
0.048
0.036
0.038
0.049
0.064
0.077
0.077
0.075
0.069
0.053
0.038
0.029
0.033
0.067
0.098
0.077
0.031
-0.008
-0.017
0.0068
0.027
0.025
0.015
0.024
0.039
0.035
0.012
-0.014
-0.025
-0.023
0.0042
0.03
0.027
0.017
0.004
-0.011
-0.028
-0.031
-0.028
-0.031
-0.046
-0.05
-0.039
-0.033
-0.033
-0.041
-0.064
-0.081
-0.078
-0.064
-0.061
-0.065
-0.063
-0.051
-0.035
-0.027
-0.034
-0.043
-0.04
-0.034
-0.029
-0.016
0.0019
-0.0015
-0.0084
-0.0074
-0.014
-0.019
-0.037
-0.08
-0.14
-0.12
0.04
0.18
0.15
-0.036
-0.17
-0.16
-0.081
0.027
0.12
0.13
0.018
-0.088
-0.093
-0.038
0.0099
0.017
0.019
0.022
0.021
0.0057
0.0042
0.0017
-0.016
-0.018
0.0073
0.027
0.014
-0.0022
0.014
0.026
0.019
0.017
0.0084
0.0043
0.004
-0.0028
-0.0041
0.0052
0.028
0.044
0.044
0.033
0.016
-0.013
-0.018
0.013
0.018
-0.025
-0.059
-0.036
0.012
0.029
0.018
0.0023
-0.008
-0.0098
-0.013
-0.03
-0.052
-0.072
-0.066
-0.049
-0.018
0.012
0.029
0.036
0.016
-0.015
-0.058
-0.1
-0.12
-0.11
-0.07
-0.039
-0.016
0.0073
0.023
0.017
-0.0025
-0.0094
0.0019
0.013
-0.0016
-0.012
-0.0097
-0.001
0.0064
-0.00014
-0.014
-0.026
-0.029
-0.043
-0.055
-0.052
-0.051
-0.054
-0.043
-0.034
-0.028
0.0093
0.057
0.081
0.072
0.039
0.00084
-0.018
-0.024
-0.025
-0.013
0.0078
0.016
-0.0046
-0.013
0.0041
0.021
0.029
0.031
0.039
0.042
0.035
0.038
0.058
0.072
0.064
0.058
0.042
0.027
0.03
0.048
0.057
0.048
0.054
0.081
0.11
0.11
0.097
0.075
0.069
0.081
0.08
0.058
0.021
0.001
0.03
0.063
0.066
0.047
0.04
0.049
0.052
0.036
0.016
0.013
0.016
0.024
0.041
0.053
0.053
0.043
0.036
0.031
0.024
0.021
0.013
0.0014
-0.017
-0.019
0.0037
0.04
0.06
0.058
0.048
0.045
0.04
0.034
0.033
0.024
0.019
0.025
0.027
0.023
0.018
0.031
0.045
0.044
0.03
0.011
0.012
0.02
0.0081
-0.0047
0.0072
0.017
0.00038
-0.032
-0.058
-0.071
-0.075
-0.066
-0.055
-0.035
-0.017
0.0014
0.017
0.018
0.0013
-0.024
-0.023
-0.0079
0.0061
0.021
0.041
0.052
0.039
0.01
-0.025
-0.036
-0.032
-0.047
-0.056
-0.051
-0.035
-0.025
-0.02
-0.014
-0.013
-0.02
-0.025
-0.02
-0.017
-0.009
0.0099
0.019
0.02
0.024
0.021
0.011
0.0084
0.014
0.0079
-0.005
-0.0019
0.0085
0.0053
0.0059
0.017
0.034
0.047
0.041
0.04
0.056
0.07
0.067
0.07
0.076
0.073
0.055
0.042
0.05
0.068
0.088
0.098
0.09
0.078
0.065
0.06
0.061
0.064
0.066
0.058
0.057
0.069
0.084
0.087
0.081
0.068
0.051
0.04
0.032
0.03
0.028
0.027
0.031
0.043
0.064
0.07
0.065
0.047
0.028
0.02
0.019
0.02
0.028
0.037
0.032
0.026
0.017
0.01
0.0047
-0.0058
-0.02
-0.034
-0.047
-0.063
-0.062
-0.053
-0.05
-0.058
-0.065
-0.056
-0.044
-0.04
-0.047
-0.059
-0.052
-0.019
0.01
0.032
0.033
0.0084
-0.027
-0.058
-0.072
-0.067
-0.059
-0.049
-0.021
0.019
0.043
0.027
-0.014
-0.054
-0.078
-0.076
-0.052
-0.035
-0.03
-0.022
-0.034
-0.073
-0.09
-0.074
-0.043
-0.0049
0.028
0.047
0.049
0.032
0.017
-0.0066
-0.035
-0.03
0.011
0.046
0.052
0.039
0.017
0.0052
0.01
0.026
0.034
0.028
0.027
0.042
0.06
0.074
0.075
0.062
0.045
0.03
0.021
0.022
0.018
0.029
0.053
0.063
0.066
0.063
0.034
-0.0098
-0.038
-0.036
-0.014
0.021
0.057
0.088
0.1
0.096
0.079
0.066
0.06
0.056
0.072
0.098
0.1
0.068
0.059
0.086
0.11
0.12
0.12
0.11
0.083
0.085
0.11
0.13
0.13
0.098
0.074
0.072
0.073
0.063
0.063
0.079
0.097
0.099
0.091
0.078
0.051
0.023
0.004
0.0054
0.0094
-0.016
-0.051
-0.066
-0.051
-0.033
-0.047
-0.08
-0.095
-0.094
-0.09
-0.083
-0.074
-0.068
-0.055
-0.044
-0.05
-0.062
-0.073
-0.076
-0.055
-0.025
-0.019
-0.035
-0.049
-0.048
-0.054
-0.068
-0.079
-0.072
-0.053
-0.051
-0.058
-0.054
-0.038
-0.041
-0.062
-0.065
-0.055
-0.05
-0.06
-0.072
-0.07
-0.06
-0.051
-0.048
-0.054
-0.052
-0.042
-0.037
-0.035
-0.051
-0.075
-0.071
-0.048
-0.028
-0.028
-0.044
-0.07
-0.085
-0.08
-0.071
-0.081
-0.094
-0.1
-0.11
-0.12
-0.1
-0.09
-0.072
-0.044
-0.019
-0.016
-0.034
-0.055
-0.072
-0.061
-0.024
0.0018
0.0053
0.0018
0.0043
-0.0047
-0.029
-0.05
-0.051
-0.05
-0.043
-0.021
-0.0075
-0.011
-0.026
-0.054
-0.057
-0.015
0.012
0.013
0.019
0.035
0.037
0.016
-0.022
-0.045
-0.04
-0.017
-0.014
-0.02
-0.023
-0.033
-0.044
-0.046
-0.032
-0.027
-0.058
-0.089
-0.083
-0.051
-0.027
-0.042
-0.066
-0.057
-0.033
-0.02
-0.026
-0.025
0.005
0.036
0.048
0.044
0.04
0.033
0.038
0.044
0.034
0.03
0.058
0.097
0.095
0.069
0.045
0.041
0.048
0.042
0.031
0.027
0.032
0.038
0.037
0.04
0.049
0.042
0.02
0.0082
0.0054
0.0027
-0.0059
-0.0032
0.018
0.043
0.057
0.072
0.085
0.083
0.093
0.091
0.088
0.11
0.13
0.14
0.11
0.085
0.079
0.086
0.095
0.1
0.11
0.13
0.11
0.068
0.064
0.066
0.035
-0.0022
0.0035
0.043
0.057
0.037
-0.0044
-0.024
0.018
0.052
0.045
0.037
0.035
0.052
0.077
0.078
0.054
0.018
-0.0023
0.0063
0.025
0.036
0.027
0.0012
-0.012
-0.016
-0.0075
0.006
0.02
0.012
-0.019
-0.053
-0.072
-0.062
-0.047
-0.052
-0.058
-0.031
-0.0058
-0.023
-0.045
-0.057
-0.051
-0.042
-0.037
-0.028
-0.028
-0.027
-0.02
-0.033
-0.054
-0.051
-0.023
-0.005
-0.023
-0.073
-0.12
-0.12
-0.099
-0.12
-0.15
-0.14
-0.14
-0.14
-0.13
-0.11
-0.092
-0.11
-0.13
-0.12
-0.09
-0.065
-0.066
-0.1
-0.13
-0.12
-0.097
-0.092
-0.096
-0.12
-0.14
-0.15
-0.15
-0.16
-0.16
-0.13
-0.11
-0.09
-0.065
-0.064
-0.098
-0.15
-0.17
-0.12
-0.097
-0.13
-0.14
-0.14
-0.12
-0.11
-0.11
-0.088
-0.069
-0.057
-0.075
-0.09
-0.057
-0.021
-0.03
-0.057
-0.068
-0.042
-0.013
-0.028
-0.065
-0.093
-0.086
-0.053
-0.027
-0.032
-0.048
-0.043
-0.02
-0.0069
-0.018
-0.035
-0.045
-0.051
-0.05
-0.046
-0.022
0.01
0.02
0.011
-0.00047
-0.015
-0.014
-0.0068
-0.0043
-0.0015
-0.0061
-0.0069
-0.0048
-0.028
-0.049
-0.042
-0.033
-0.036
-0.043
-0.043
-0.027
-0.0012
0.018
0.013
-0.014
-0.031
-0.027
-0.024
-0.032
-0.045
-0.045
-0.023
-0.002
-0.015
-0.047
-0.062
-0.069
-0.07
-0.05
-0.016
0.0094
0.015
0.016
0.014
0.01
0.0096
0.0034
0.0018
0.023
0.037
0.023
0.0032
-0.013
-0.028
-0.042
-0.05
-0.048
-0.032
-0.0092
0.0065
0.01
0.015
0.028
0.031
0.011
-0.00099
0.0051
0.019
0.034
0.045
0.064
0.079
0.064
0.047
0.056
0.054
0.018
-0.021
-0.028
-0.0092
0.031
0.059
0.054
0.035
0.016
0.0022
-0.0026
0.0061
0.022
0.041
0.047
0.038
0.033
0.034
0.052
0.073
0.084
0.072
0.054
0.06
0.071
0.078
0.09
0.099
0.1
0.091
0.065
0.043
0.044
0.056
0.07
0.077
0.076
0.075
0.069
0.049
0.016
-0.014
-0.022
-0.0087
0.015
0.042
0.055
0.054
0.058
0.047
0.021
-0.01
-0.035
-0.04
-0.029
-0.024
-0.024
-0.0042
0.021
0.03
0.038
0.04
0.033
0.018
-0.0091
-0.034
-0.035
-0.013
0.017
0.032
0.023
0.018
0.033
0.032
0.015
-0.0018
-0.0055
0.0044
0.0094
0.0054
0.0024
0.0019
0.017
0.045
0.059
0.039
-0.0031
-0.035
-0.027
0.0087
0.04
0.06
0.055
0.038
0.034
0.053
0.079
0.088
0.067
0.044
0.034
0.037
0.043
0.023
-0.0011
0.00029
0.024
0.048
0.061
0.066
0.073
0.082
0.075
0.065
0.063
0.068
0.078
0.088
0.088
0.082
0.094
0.11
0.12
0.11
0.099
0.077
0.057
0.053
0.05
0.058
0.092
0.12
0.11
0.082
0.057
0.05
0.052
0.048
0.05
0.055
0.058
0.063
0.059
0.06
0.078
0.098
0.1
0.1
0.092
0.088
0.086
0.08
0.078
0.077
0.071
0.072
0.077
0.076
0.072
0.062
0.051
0.058
0.067
0.064
0.065
0.069
0.07
0.069
0.062
0.05
0.051
0.072
0.095
0.1
0.086
0.067
0.068
0.085
0.089
0.065
0.05
0.053
0.066
0.081
0.073
0.042
0.025
0.023
0.03
0.041
0.045
0.045
0.043
0.04
0.04
0.043
0.045
0.043
0.026
0.016
0.013
0.0035
0.0043
0.025
0.048
0.054
0.05
0.042
0.018
-0.012
-0.02
-0.0058
0.018
0.033
0.037
0.032
0.024
0.025
0.024
0.019
0.0062
0.0024
0.013
0.026
0.03
0.025
0.014
0.0013
0.0014
0.0036
-0.0032
-0.0081
7.6e-005
0.017
0.026
0.017
-0.0076
-0.022
-0.018
-0.0079
0.0011
0.0019
0.00014
0.0014
-0.0072
-0.015
-0.015
-0.016
-0.028
-0.047
-0.056
-0.046
-0.0045
0.038
0.033
-0.018
-0.067
-0.073
-0.033
0.01
0.019
0.0061
0.0097
0.026
0.024
0.015
0.0095
0.0066
0.01
0.023
0.042
0.052
0.041
0.025
0.013
0.0063
0.016
0.03
0.027
0.011
0.0051
0.023
0.046
0.048
0.031
0.009
0.0018
0.01
0.014
0.01
0.013
0.022
0.028
0.036
0.046
0.042
0.039
0.049
0.066
0.071
0.057
0.036
0.023
0.024
0.036
0.051
0.059
0.074
0.086
0.091
0.08
0.045
0.017
0.0083
-0.00023
-0.0093
-0.0029
0.012
0.03
0.048
0.046
0.033
0.025
0.022
0.012
-0.0029
-0.022
-0.039
-0.039
-0.021
-0.0087
-0.0028
0.0036
-0.0018
-0.0077
0.0033
0.022
0.025
0.018
0.021
0.022
0.034
0.058
0.078
0.078
0.075
0.089
0.1
0.1
0.099
0.086
0.066
0.049
0.043
0.048
0.057
0.066
0.085
0.11
0.12
0.12
0.11
0.093
0.096
0.11
0.12
0.11
0.09
0.07
0.067
0.061
0.038
0.015
0.019
0.053
0.096
0.12
0.12
0.12
0.12
0.11
0.096
0.042
-0.02
-0.065
-0.091
-0.099
-0.097
-0.099
-0.12
-0.14
-0.15
-0.14
-0.13
-0.12
-0.11
-0.1
-0.11
-0.13
-0.13
-0.11
-0.076
-0.057
-0.067
-0.077
-0.076
-0.069
-0.071
-0.055
-0.016
0.026
0.057
0.083
0.11
0.12
0.11
0.091
0.082
0.082
0.072
0.058
0.05
0.059
0.084
0.12
0.13
0.13
0.14
0.16
0.18
0.19
0.18
0.17
0.16
0.17
0.16
0.15
0.13
0.12
0.12
0.11
0.07
0.013
-0.039
-0.072
-0.081
-0.082
-0.08
-0.072
-0.065
-0.072
-0.093
-0.13
-0.16
-0.18
-0.16
-0.15
-0.14
-0.12
-0.11
-0.098
-0.093
-0.091
-0.097
-0.1
-0.096
-0.095
-0.099
-0.11
-0.13
-0.17
-0.2
-0.19
-0.17
-0.17
-0.18
-0.17
-0.15
-0.14
-0.15
-0.18
-0.2
-0.2
-0.18
-0.16
-0.16
-0.18
-0.19
-0.18
-0.18
-0.19
-0.19
-0.19
-0.18
-0.17
-0.17
-0.16
-0.17
-0.18
-0.19
-0.2
-0.2
-0.2
-0.19
-0.18
-0.17
-0.15
-0.13
-0.13
-0.13
-0.14
-0.15
-0.15
-0.14
-0.12
-0.12
-0.12
-0.13
-0.13
-0.13
-0.14
-0.13
-0.11
-0.088
-0.068
-0.055
-0.048
-0.045
-0.04
-0.039
-0.027
-0.0057
0.02
0.029
0.018
-0.0055
-0.029
-0.031
-0.023
-0.021
-0.021
-0.019
-0.013
-0.011
-0.017
-0.038
-0.057
-0.057
-0.053
-0.053
-0.047
-0.03
-0.016
-0.019
-0.03
-0.035
-0.035
-0.033
-0.028
-0.022
-0.022
-0.028
-0.027
-0.015
-0.0069
-0.0022
-0.00096
-0.011
-0.026
-0.029
-0.029
-0.033
-0.045
-0.068
-0.084
-0.092
-0.09
-0.088
-0.097
-0.11
-0.11
-0.094
-0.081
-0.079
-0.084
-0.084
-0.072
-0.07
-0.082
-0.099
-0.1
-0.074
-0.045
-0.036
-0.035
-0.034
-0.021
0.0015
0.017
0.019
0.0055
0.0075
0.026
0.026
-0.012
-0.015
0.069
0.15
0.12
0.016
-0.049
-0.054
-0.023
0.033
0.072
0.068
0.061
0.074
0.1
0.12
0.12
0.12
0.11
0.11
0.097
0.092
0.095
0.092
0.079
0.077
0.083
0.089
0.1
0.12
0.14
0.14
0.12
0.11
0.1
0.1
0.11
0.11
0.12
0.14
0.16
0.17
0.16
0.15
0.14
0.13
0.12
0.12
0.13
0.15
0.17
0.18
0.18
0.17
0.14
0.13
0.13
0.14
0.16
0.17
0.17
0.16
0.15
0.13
0.092
0.059
0.055
0.072
0.1
0.13
0.15
0.15
0.17
0.18
0.17
0.14
0.11
0.1
0.091
0.082
0.097
0.13
0.16
0.18
0.18
0.17
0.13
0.079
0.05
0.052
0.069
0.078
0.086
0.096
0.11
0.14
0.16
0.16
0.13
0.097
0.071
0.06
0.053
0.051
0.062
0.083
0.1
0.12
0.11
0.09
0.073
0.069
0.069
0.059
0.037
0.034
0.068
0.1
0.088
0.019
-0.061
-0.12
-0.13
-0.12
-0.11
-0.076
-0.032
-0.0052
0.014
0.034
0.013
-0.059
-0.13
-0.15
-0.12
-0.078
-0.064
-0.075
-0.071
-0.045
-0.0095
0.012
-0.0086
-0.074
-0.15
-0.2
-0.22
-0.2
-0.14
-0.067
0.0019
0.047
0.054
0.022
-0.018
-0.039
-0.029
-0.022
-0.044
-0.067
-0.054
-0.0059
0.037
0.05
0.025
-0.022
-0.067
-0.1
-0.14
-0.17
-0.17
-0.16
-0.13
-0.077
-0.024
0.023
0.049
0.055
0.058
0.052
0.026
-0.017
-0.048
-0.034
0.022
0.082
0.12
0.14
0.16
0.17
0.17
0.14
0.095
0.065
0.058
0.067
0.081
0.074
0.056
0.035
0.017
0.0045
0.012
0.03
0.045
0.045
0.027
0.022
0.025
0.015
-0.003
-0.009
-0.0081
-0.02
-0.033
-0.039
-0.046
-0.047
-0.026
-0.0052
-0.0029
-0.0079
-0.0097
-0.012
-0.011
-0.016
-0.013
-0.00017
0.011
0.0034
-0.012
-0.011
0.0016
0.017
0.029
0.03
0.023
0.028
0.039
0.043
0.036
0.019
0.025
0.064
0.11
0.14
0.12
0.081
0.036
0.011
0.0018
0.0034
0.019
0.052
0.09
0.11
0.12
0.11
0.099
0.089
0.079
0.079
0.096
0.12
0.15
0.19
0.19
0.18
0.16
0.14
0.13
0.13
0.11
0.091
0.086
0.092
0.088
0.081
0.076
0.076
0.078
0.078
0.071
0.05
0.021
0.01
0.014
0.026
0.048
0.066
0.069
0.055
0.025
0.0053
0.0021
0.0042
0.0025
0.0011
0.013
0.028
0.042
0.056
0.064
0.06
0.05
0.04
0.03
0.023
0.017
0.012
0.013
0.019
0.031
0.048
0.058
0.058
0.047
0.03
0.029
0.036
0.032
0.019
0.004
-0.0044
0.0065
0.025
0.02
-0.0032
-0.025
-0.037
-0.027
-0.017
-0.023
-0.033
-0.02
0.0014
0.0087
0.0015
-0.01
-0.022
-0.033
-0.041
-0.065
-0.089
-0.097
-0.091
-0.072
-0.045
-0.028
-0.035
-0.059
-0.077
-0.081
-0.064
-0.039
-0.026
-0.031
-0.04
-0.044
-0.049
-0.055
-0.057
-0.06
-0.064
-0.061
-0.05
-0.039
-0.038
-0.052
-0.075
-0.1
-0.12
-0.12
-0.13
-0.13
-0.11
-0.092
-0.081
-0.083
-0.1
-0.12
-0.11
-0.098
-0.092
-0.096
-0.097
-0.089
-0.07
-0.049
-0.033
-0.019
-0.016
-0.03
-0.056
-0.086
-0.11
-0.11
-0.084
