-0.027
-0.019
-0.0069
0.0054
0.019
0.022
0.0097
-0.00084
-0.012
-0.018
-0.011
-0.011
-0.011
-0.00087
0.022
0.033
0.015
-0.0074
-0.014
-0.0037
-0.002
-0.0065
0.0012
0.034
0.046
0.025
0.01
0.013
0.015
0.0078
0.0029
0.014
0.028
0.023
0.0063
0.0074
0.014
0.012
0.005
-0.0014
-0.0036
0.0027
0.013
0.0069
-0.0056
-0.0072
0.003
0.0082
0.00011
0.0023
0.011
0.0097
0.0089
0.02
0.015
-0.0054
-0.01
0.0047
0.012
-0.0031
-0.0089
0.0091
0.018
0.015
0.0012
-0.0082
-0.0022
0.0014
-0.0047
-0.0012
0.012
0.012
0.0094
0.0073
0.0039
0.00014
0.0075
0.0058
-0.0053
0.0033
0.015
0.0042
0.00063
0.0059
-0.01
-0.014
0.012
0.023
0.0019
-0.019
-0.018
-0.02
-0.03
-0.028
-0.018
-0.0033
0.0036
-0.011
-0.011
0.017
0.027
0.0052
0.0017
0.017
0.011
-0.0029
0.0054
0.0098
0.0092
0.024
0.027
0.016
0.0015
-0.014
-0.019
-0.0041
0.023
0.031
0.022
0.0082
-0.0061
-0.016
-0.0056
0.012
0.0078
0.015
0.021
0.0076
-0.0052
-0.004
0.0055
0.011
0.012
0.012
0.0025
-0.0022
0.019
0.034
0.027
0.033
0.017
-0.0077
-0.00044
0.0078
0.0069
0.021
0.032
0.0087
-0.0022
0.0057
-0.00053
-0.0065
0.012
0.025
0.014
0.019
0.033
0.036
0.035
0.028
0.0071
-0.022
-0.016
0.027
0.049
0.033
0.009
-0.0041
-0.0097
0.0034
4.6e-005
-0.0065
-0.0066
-0.0094
0.0088
0.02
-0.0045
-0.0028
0.036
0.023
-0.011
-0.0049
0.017
0.026
0.022
0.02
0.0038
-0.022
-0.0046
0.022
0.017
0.014
0.013
-0.008
-0.02
-0.023
-0.021
-0.0069
0.012
0.025
0.023
0.015
0.0043
-0.0061
-0.0078
-0.0065
0.0041
0.017
0.017
0.0018
0.0099
0.037
0.032
0.0073
0.0039
0.022
0.029
0.022
0.038
0.044
0.045
0.054
0.016
-0.027
-0.026
-0.035
-0.0096
0.047
0.048
0.015
0.0047
0.029
0.027
-0.0075
-0.039
-0.025
0.0046
0.047
0.054
-0.012
-0.04
-0.019
0.0051
0.012
-0.0062
-0.026
0.0048
0.067
0.061
0.011
-0.055
-0.069
0.00014
0.041
0.025
-0.012
-0.023
0.0071
0.035
0.027
-0.0061
-0.022
-0.019
-0.0054
0.0075
0.018
0.019
0.019
0.034
0.023
-0.033
-0.069
-0.054
-0.0045
0.025
0.023
0.008
0.0043
0.014
0.013
0.0043
0.018
0.025
0.031
0.043
0.046
0.038
0.031
0.04
0.017
-0.019
-0.026
-0.0089
0.026
0.037
0.019
0.00081
-0.025
-0.043
-0.062
-0.051
-0.0086
0.026
0.031
-0.0011
-0.0016
0.016
0.015
-0.016
-0.043
-0.012
0.023
0.025
0.03
0.06
0.07
0.028
-0.0038
-0.0014
-0.0006
-0.0089
0.0081
0.043
0.048
0.031
-0.0072
-0.035
-0.051
-0.054
-0.027
0.011
0.03
0.02
0.0058
0.0031
0.0029
-0.011
-0.033
-0.028
-0.0044
0.013
0.029
0.039
0.019
0.0065
0.017
0.015
0.009
0.00032
0.011
0.032
0.028
0.012
0.0072
0.016
0.016
0.0065
-0.0077
-0.028
-0.035
-0.015
-0.0025
0.009
0.021
0.011
-0.016
-0.03
-0.0094
0.013
0.029
0.046
0.044
0.029
0.013
0.0018
0.0022
0.014
0.048
0.057
0.039
0.011
-0.0042
0.005
0.027
0.03
0.013
0.0071
0.01
0.0051
0.0013
0.0053
0.0061
0.0022
0.012
0.02
0.0053
-0.013
-0.0089
-0.00014
-0.017
-0.029
-0.034
-0.029
-0.0057
0.014
0.018
0.0024
-0.023
-0.039
-0.037
-0.026
-0.012
0.0023
0.0073
-0.0016
-0.011
-0.0065
0.0062
0.007
0.012
0.012
0.008
0.0073
0.023
0.031
0.024
0.023
0.022
0.013
-0.0069
-0.0009
0.014
0.024
0.029
0.028
0.021
0.015
0.013
0.016
0.014
0.0067
-0.0047
-0.0013
0.019
0.023
-0.0005
-0.024
-0.026
-0.011
-0.00011
-0.011
-0.027
-0.02
-0.0035
-0.004
-0.013
-0.01
-0.0029
0.0043
0.0037
0.0051
0.0072
0.001
-0.0035
0.0079
0.017
0.013
-0.0009
-0.0025
0.0093
0.017
0.015
0.02
0.014
0.0024
-0.0084
-0.0079
-0.00053
-0.0024
-0.0098
-0.014
7.6e-005
0.004
-0.0044
-0.015
-0.016
-0.0082
-0.0023
-0.013
-0.027
-0.02
0.0013
0.0082
-0.0092
-0.022
-0.022
-0.0094
0.01
0.017
0.0041
-0.01
-0.0061
-0.0067
-0.016
-0.015
0.0071
0.041
0.048
0.031
0.03
0.034
0.022
0.0087
0.01
0.021
0.024
0.023
0.026
0.015
0.024
0.038
0.018
-0.005
0.0036
0.014
0.0038
-0.0083
0.0099
0.026
0.02
0.008
0.00023
-0.0074
-0.011
-0.0029
-0.0006
0.0044
0.0055
0.017
0.028
0.01
-0.011
-0.018
0.0015
0.014
-0.0015
-0.015
-0.012
-0.0023
-0.00035
0.0022
-4.6e-005
-0.0046
0.0018
0.015
0.016
-0.002
-0.019
-0.017
0.011
0.018
0.0014
-0.0058
0.0027
0.0074
-0.0032
-0.013
-0.023
-0.037
-0.042
-0.027
-0.011
-0.016
-0.016
-0.013
-0.027
-0.022
-0.012
-0.015
-0.028
-0.028
-0.016
0.013
0.026
0.0062
-0.013
-0.016
-0.0021
0.011
0.011
0.0034
0.0002
0.02
0.028
0.0064
0.0018
0.012
0.0024
-0.012
0.011
0.05
0.056
0.038
0.013
-0.022
-0.023
0.012
0.039
0.05
0.051
0.041
0.017
0.0083
0.0035
-0.012
-0.025
-0.034
-0.016
0.019
0.021
-0.023
-0.053
-0.045
-0.047
-0.064
-0.067
-0.065
-0.079
-0.088
-0.059
-0.036
-0.053
-0.076
-0.073
-0.065
-0.041
-0.021
-0.016
-0.0068
-0.0096
-0.019
-0.03
-0.038
-0.059
-0.078
-0.079
-0.08
-0.1
-0.13
-0.17
-0.21
-0.2
-0.21
-0.29
-0.37
-0.37
-0.31
-0.28
-0.31
-0.37
-0.39
-0.35
-0.27
-0.2
-0.17
-0.17
-0.14
-0.056
0.034
0.081
0.015
-0.24
-0.57
-0.71
-0.53
-0.074
0.33
0.44
0.29
0.071
0.02
0.077
0.064
-0.045
-0.064
0.12
0.38
0.54
0.57
0.54
0.53
0.52
0.47
0.38
0.3
0.28
0.3
0.31
0.28
0.24
0.18
0.13
0.11
0.13
0.17
0.21
0.22
0.22
0.21
0.23
0.18
0.39
0.83
0.89
0.47
-0.2
-0.47
-0.23
0.24
0.34
-0.23
-0.63
-0.37
0.16
0.46
0.33
-0.19
-0.65
-0.62
-0.42
-0.48
-0.72
-0.8
-0.58
-0.21
0.021
0.038
0.02
0.042
0.019
-0.1
-0.16
-0.14
-0.19
-0.28
-0.31
-0.23
-0.068
-0.0046
-0.06
-0.065
0.019
0.05
-0.065
-0.24
-0.3
-0.16
0.0014
0.059
0.041
0.09
0.22
0.33
0.32
0.25
0.25
0.32
0.46
0.68
0.71
0.51
0.31
0.27
0.34
0.34
0.18
-0.025
-0.066
0.048
0.15
0.16
0.18
0.17
0.12
0.057
0.011
-0.007
-0.027
-0.1
-0.26
-0.36
-0.32
-0.2
-0.15
-0.22
-0.33
-0.37
-0.36
-0.37
-0.4
-0.4
-0.32
-0.22
-0.2
-0.21
-0.21
-0.19
-0.17
-0.17
-0.19
-0.19
-0.15
-0.092
-0.044
-0.026
0.038
0.28
0.42
0.32
0.11
0.043
0.16
0.3
0.26
0.059
-0.074
0.014
0.2
0.29
0.28
0.28
0.3
0.29
0.22
0.15
0.15
0.19
0.14
0.026
-0.033
0.015
0.094
0.1
0.04
-0.029
-0.038
0.0076
0.022
-0.0062
-0.021
-0.00075
0.0076
-0.045
-0.14
-0.17
-0.15
-0.13
-0.12
-0.12
-0.09
-0.055
-0.042
-0.057
-0.099
-0.13
-0.12
-0.099
-0.066
-0.068
-0.091
-0.1
-0.083
-0.061
-0.046
-0.047
-0.059
-0.068
-0.058
-0.013
0.059
0.1
0.088
0.044
0.021
0.068
0.16
0.21
0.19
0.13
0.089
0.099
0.13
0.15
0.14
0.11
0.098
0.11
0.12
0.12
0.11
0.093
0.066
0.044
0.035
0.039
0.047
0.053
0.059
0.066
0.062
0.041
-0.0038
-0.062
-0.098
-0.099
-0.071
-0.041
-0.037
-0.068
-0.1
-0.11
-0.087
-0.056
-0.059
-0.084
-0.083
-0.056
-0.033
-0.018
-0.027
-0.054
-0.078
-0.097
-0.11
-0.095
-0.064
-0.016
0.0092
0.0011
-0.036
-0.076
-0.074
-0.015
0.052
0.078
0.068
0.06
0.085
0.11
0.12
0.12
0.11
0.11
0.11
0.1
0.098
0.1
0.09
0.09
0.11
0.099
0.059
0.019
0.018
0.057
0.09
0.087
0.048
-0.014
-0.059
-0.046
0.013
0.068
0.075
0.042
0.016
0.025
0.053
0.068
0.059
0.037
0.028
0.048
0.083
0.11
0.11
0.091
0.065
0.045
0.037
0.034
0.036
0.038
0.045
0.044
0.032
0.036
0.059
0.055
0.013
-0.016
-0.0083
0.0054
-0.0065
-0.033
-0.049
-0.051
-0.06
-0.076
-0.06
-0.012
0.022
0.012
-0.01
-0.02
-0.035
-0.041
-0.034
-0.016
0.01
0.024
0.024
0.022
0.024
0.021
0.021
0.023
0.02
0.017
0.02
0.024
0.023
0.029
0.02
-0.0094
-0.026
-0.02
-0.0076
-0.00017
0.0022
0.0017
-0.0042
-0.0036
-0.0078
-0.014
-0.011
0.014
0.023
0.002
-0.012
0.0011
0.025
0.034
0.02
-0.0038
-0.015
-0.01
-0.0012
0.0064
0.018
0.02
-0.0054
-0.029
-0.028
-0.023
-0.027
-0.036
-0.04
-0.025
-0.0028
-0.00041
-0.024
-0.044
-0.044
-0.033
-0.018
-0.0065
-0.0019
0.0037
0.0089
0.014
0.021
0.022
0.018
0.027
0.034
0.031
0.023
0.017
0.021
0.027
0.024
0.02
0.028
0.03
0.031
0.022
0.0041
-0.011
-0.016
-0.0082
0.01
0.0011
-0.036
-0.058
-0.051
-0.036
-0.035
-0.045
-0.055
-0.056
-0.052
-0.044
-0.031
-0.047
-0.068
-0.073
-0.081
-0.067
-0.054
-0.055
-0.048
-0.028
-0.021
-0.039
-0.057
-0.067
-0.061
-0.061
-0.069
-0.069
-0.06
-0.066
-0.045
0.0042
0.015
-0.0027
-0.013
-0.0014
0.024
0.024
0.012
0.016
0.035
0.043
0.028
0.016
0.029
0.049
0.041
0.031
0.046
0.078
0.087
0.066
0.054
0.06
0.067
0.054
0.032
0.027
0.041
0.048
0.029
0.0059
-0.0075
-0.011
-0.0025
0.0024
0.0014
0.0085
0.034
0.064
0.074
0.07
0.074
0.085
0.09
0.089
0.085
0.079
0.07
0.058
0.04
0.031
0.037
0.054
0.066
0.047
0.0055
-0.021
-0.022
-0.0045
0.0061
-0.0026
-0.016
-0.016
-0.012
-0.015
-0.022
-0.029
-0.025
-0.021
-0.015
-0.012
-0.012
-0.0068
-0.00069
-0.0019
-0.02
-0.049
-0.061
-0.042
-0.017
-0.0046
0.0018
-0.0009
-0.014
-0.031
-0.039
-0.032
-0.014
0.0077
0.012
-0.0047
-0.011
0.0078
0.024
0.021
-0.005
-0.035
-0.041
-0.023
-0.0018
0.0017
-0.011
-0.039
-0.059
-0.055
-0.039
-0.019
-0.0017
-0.0014
-0.018
-0.029
-0.013
0.016
0.024
0.0098
-0.011
-0.027
-0.021
-0.0046
0.0032
0.012
0.018
0.015
-0.0023
-0.019
-0.024
-0.021
-0.0084
0.013
0.029
0.029
0.031
0.034
0.026
0.022
0.02
0.02
0.03
0.041
0.048
0.053
0.05
0.039
0.028
0.027
0.034
0.039
0.041
0.037
0.028
0.018
0.0022
-0.017
-0.033
-0.034
-0.023
-0.012
-0.016
-0.029
-0.024
-0.00017
0.019
0.027
0.015
0.016
0.028
0.033
0.026
0.015
0.0034
-0.0048
-0.0071
0.0033
0.019
0.024
0.025
0.024
0.022
0.022
0.029
0.04
0.047
0.042
0.037
0.042
0.054
0.064
0.066
0.06
0.053
0.043
0.036
0.039
0.046
0.047
0.044
0.035
0.025
0.034
0.052
0.064
0.066
0.064
0.059
0.066
0.079
0.077
0.07
0.061
0.056
0.063
0.069
0.068
0.062
0.059
0.077
0.085
0.065
0.036
0.027
0.027
0.027
0.019
0.013
0.029
0.057
0.078
0.085
0.08
0.068
0.059
0.063
0.077
0.086
0.083
0.081
0.078
0.072
0.07
0.061
0.048
0.046
0.046
0.042
0.035
0.025
0.017
0.017
0.015
0.015
0.014
0.0029
-0.012
-0.0098
0.0021
0.015
0.024
0.035
0.045
0.041
0.032
0.03
0.037
0.053
0.062
0.046
0.028
0.019
0.016
0.018
0.02
0.015
0.013
0.014
0.028
0.051
0.062
0.061
0.045
0.031
0.036
0.047
0.06
0.077
0.072
0.052
0.062
0.1
0.13
0.12
0.099
0.078
0.062
0.077
0.1
0.12
0.1
0.1
0.11
0.1
0.11
0.12
0.14
0.15
0.15
0.15
0.16
0.17
0.18
0.22
0.25
0.23
0.2
0.18
0.16
0.16
0.21
0.25
0.24
0.21
0.17
0.12
0.057
-0.0056
-0.11
-0.21
-0.27
-0.33
-0.38
-0.41
-0.42
-0.45
-0.46
-0.44
-0.42
-0.42
-0.44
-0.45
-0.44
-0.37
-0.29
-0.26
-0.27
-0.27
-0.25
-0.17
-0.098
-0.078
-0.1
-0.14
-0.16
-0.14
-0.091
-0.042
-0.0019
0.016
0.016
0.019
0.022
0.049
0.09
0.13
0.14
0.13
0.14
0.16
0.18
0.19
0.17
0.13
0.089
0.046
0.013
-0.023
-0.057
-0.077
-0.067
-0.046
-0.039
-0.06
-0.11
-0.16
-0.17
-0.15
-0.13
-0.13
-0.11
-0.12
-0.15
-0.18
-0.17
-0.16
-0.19
-0.23
-0.27
-0.29
-0.27
-0.23
-0.2
-0.17
-0.16
-0.15
-0.13
-0.12
-0.11
-0.1
-0.091
-0.083
-0.085
-0.082
-0.062
-0.039
-0.015
0.0055
0.019
0.043
0.066
0.055
0.02
0.0065
0.019
0.034
0.041
0.029
0.029
0.06
0.073
0.059
0.045
0.05
0.054
0.053
0.063
0.059
0.04
0.038
0.047
0.043
0.03
-0.0035
-0.049
-0.068
-0.065
-0.049
-0.044
-0.052
-0.063
-0.064
-0.054
-0.036
-0.019
-0.016
-0.0059
0.016
0.031
0.031
0.027
0.034
0.063
0.084
0.074
0.062
0.063
0.084
0.12
0.12
0.1
0.1
0.11
0.13
0.13
0.11
0.1
0.093
0.074
0.073
0.082
0.087
0.072
0.037
0.025
0.04
0.059
0.058
0.032
0.009
0.0021
0.012
0.02
0.0079
-0.019
-0.03
-0.02
-0.014
-0.008
0.0026
0.005
-0.0032
0.0025
0.0097
0.013
0.029
0.046
0.054
0.052
0.046
0.031
0.014
0.014
0.021
0.036
0.053
0.063
0.047
0.039
0.05
0.062
0.067
0.066
0.065
0.066
0.068
0.073
0.064
0.059
0.055
0.037
0.0031
-0.02
-0.013
0.012
0.041
0.05
0.045
0.046
0.047
0.038
0.027
0.019
0.016
0.023
0.033
0.044
0.033
0.017
0.026
0.034
0.035
0.034
0.027
0.028
0.047
0.06
0.049
0.038
0.031
0.031
0.051
0.075
0.078
0.058
0.037
0.013
0.0015
-0.0025
0.0015
0.0037
-0.013
-0.016
0.0034
0.016
0.022
0.023
0.024
0.028
0.029
0.00099
-0.041
-0.065
-0.057
-0.031
-0.0058
0.019
0.031
0.02
0.0094
0.015
0.025
0.017
0.0011
-0.0049
-0.02
-0.046
-0.036
-0.0019
0.014
0.017
0.018
0.0024
-0.035
-0.069
-0.085
-0.067
-0.032
0.00053
0.024
0.03
0.032
0.03
0.031
0.044
0.049
0.031
0.0048
-0.017
-0.023
-0.004
0.0043
-0.005
-0.014
-0.0044
0.026
0.055
0.066
0.06
0.036
0.0091
-0.0027
0.015
0.035
0.049
0.043
0.026
0.028
0.042
0.06
0.067
0.054
0.022
-0.0051
-0.0005
0.026
0.048
0.065
0.081
0.068
0.051
0.046
0.024
0.0046
0.0049
0.0045
0.016
0.04
0.043
0.019
0.00014
-0.0046
0.0082
0.018
0.017
0.012
0.0029
4.6e-005
0.007
0.0064
0.0052
0.012
0.012
0.0097
0.013
0.0062
0.0051
0.015
0.016
0.01
0.01
0.027
0.048
0.06
0.046
0.025
0.011
0.018
0.034
0.045
0.05
0.045
0.044
0.042
0.04
0.036
0.027
0.017
0.0021
-0.016
-0.034
-0.041
-0.035
-0.02
-0.0081
-0.0044
-0.0084
-0.025
-0.041
-0.049
-0.041
-0.034
-0.039
-0.051
-0.066
-0.069
-0.049
-0.017
-0.0049
-0.004
0.0022
0.016
0.031
0.035
0.03
0.013
0.0022
0.0095
-0.0025
-0.013
-0.00072
0.018
0.019
0.0013
-0.022
-0.043
-0.033
-0.0039
0.02
0.036
0.047
0.037
0.0051
-0.012
-0.019
-0.043
-0.072
-0.084
-0.081
-0.078
-0.07
-0.059
-0.055
-0.06
-0.054
-0.056
-0.072
-0.078
-0.071
-0.063
-0.068
-0.064
-0.071
-0.087
-0.075
-0.066
-0.069
-0.077
-0.073
-0.064
-0.064
-0.07
-0.079
-0.072
-0.05
-0.032
-0.019
-0.015
-0.022
-0.046
-0.057
-0.055
-0.044
-0.044
-0.044
-0.033
-0.02
-0.0033
-0.00017
-0.00081
0.0016
0.0065
0.011
0.0085
0.0026
0.0057
0.015
0.006
-0.01
-0.0043
0.0063
0.01
0.014
0.035
0.041
0.018
0.0082
0.0081
-0.00087
-0.006
-0.0024
-0.0097
-0.013
-0.0099
-0.0055
0.0035
0.013
0.013
0.0048
0.012
0.016
0.0094
0.0078
0.026
0.039
0.04
0.029
0.0069
-0.011
0.0017
0.02
0.039
0.045
0.052
0.045
0.02
0.0064
0.0045
0.022
0.044
0.06
0.077
0.11
0.13
0.12
0.12
0.11
0.075
0.032
0.0079
0.0033
0.013
0.052
0.09
0.095
0.099
0.11
0.11
0.1
0.1
0.11
0.11
0.11
0.1
0.08
0.075
0.087
0.11
0.12
0.13
0.13
0.13
0.11
0.095
0.077
0.069
0.074
0.075
0.061
0.043
0.049
0.063
0.084
0.089
0.081
0.061
0.038
0.023
0.025
0.044
0.05
0.035
0.01
-0.0022
-0.0039
0.0013
0.014
0.018
0.0074
0.0018
0.017
0.028
0.032
0.043
0.044
0.033
0.033
0.064
0.086
0.073
0.045
0.026
0.024
0.021
0.015
0.0063
0.01
0.015
0.023
0.044
0.062
0.068
0.061
0.059
0.054
0.042
0.035
0.029
0.03
0.041
0.042
0.027
0.01
-0.004
-0.019
-0.025
-0.025
-0.02
-0.021
-0.026
-0.045
-0.055
-0.043
-0.036
-0.044
-0.044
-0.029
-0.027
-0.026
-0.01
0.0033
-0.0023
-0.018
-0.006
0.002
-0.0094
-0.024
-0.033
-0.03
-0.024
-0.021
-0.041
-0.062
-0.056
-0.03
-0.0088
-0.002
0.0018
-0.0087
-0.015
-0.0091
-0.0087
-0.015
-0.018
-0.019
-0.029
-0.045
-0.063
-0.065
-0.046
-0.021
-0.0051
-0.004
-0.017
-0.027
-0.012
0.0092
0.021
0.034
0.04
0.02
-0.03
-0.056
-0.039
-0.04
-0.051
-0.031
-0.008
0.022
0.039
0.016
-0.017
-0.024
-0.02
-0.017
-0.019
-0.013
-0.013
-0.009
0.024
0.041
0.021
0.0056
0.0014
0.0027
0.012
0.024
0.031
0.033
0.035
0.038
0.045
0.037
-0.00096
-0.012
0.0042
0.014
0.018
0.026
0.037
0.027
-0.00017
-0.01
-0.012
-0.0098
0.0083
0.021
0.017
0.019
0.028
0.026
0.028
0.023
0.016
0.0036
0.003
0.011
0.02
0.032
0.012
-0.02
-0.025
-0.017
-0.0049
0.0053
0.013
0.017
0.0067
0.0056
0.014
0.0097
0.012
0.032
0.041
0.037
0.034
0.024
0.029
0.054
0.06
0.034
0.0054
-0.00047
0.011
0.027
0.041
0.04
0.042
0.048
0.054
0.052
0.035
0.019
0.014
0.014
0.024
0.029
0.022
0.0088
-0.0074
-0.017
-0.017
-0.019
-0.035
-0.036
-0.033
-0.038
-0.03
-0.016
-0.0065
-0.01
-0.023
-0.025
-0.0097
0.0043
0.0034
0.007
0.00044
-0.014
-0.02
-0.018
-0.014
-0.0076
0.0082
0.012
-0.00053
-0.024
-0.047
-0.052
-0.06
-0.071
-0.069
-0.056
-0.043
-0.04
-0.043
-0.038
-0.026
-0.0068
-0.0093
-0.04
-0.066
-0.06
-0.053
-0.056
-0.06
-0.071
-0.08
-0.074
-0.087
-0.11
-0.1
-0.079
-0.053
-0.035
-0.04
-0.07
-0.11
-0.13
-0.14
-0.13
-0.095
-0.078
-0.081
-0.073
-0.047
-0.02
-0.016
-0.03
-0.048
-0.059
-0.057
-0.054
-0.055
-0.043
-0.018
-0.0019
-0.018
-0.037
-0.041
-0.042
-0.048
-0.05
-0.056
-0.063
-0.05
-0.026
-0.0072
-0.00069
0.0064
0.029
0.05
0.056
0.051
0.036
0.011
-0.0087
-0.01
-0.01
-0.01
0.0083
0.037
0.046
0.038
0.03
0.024
0.015
0.017
0.027
0.038
0.053
0.066
0.067
0.07
0.071
0.057
0.041
0.047
0.05
0.025
0.0027
-0.0005
-1.5e-005
0.02
0.054
0.062
0.035
0.007
-0.0066
-0.0098
0.0021
0.014
0.012
0.01
0.015
0.018
0.019
0.02
0.0099
-0.0024
-0.0057
-0.0089
-0.015
-0.014
0.0081
0.027
0.044
0.063
0.061
0.047
0.033
0.011
-0.0026
0.0065
0.023
0.029
0.02
-0.0073
-0.025
-0.024
-0.012
0.0035
0.016
0.026
0.03
0.017
0.0092
0.021
0.026
0.018
0.022
0.03
0.028
0.039
0.067
0.067
0.045
0.029
0.01
-0.016
-0.031
-0.031
-0.021
0.0013
0.021
0.012
-0.017
-0.037
-0.044
-0.042
-0.036
-0.027
-0.0052
0.028
0.047
0.047
0.038
0.025
0.014
0.0051
0.00044
-0.0014
-0.00075
0.014
0.018
0.012
0.0076
0.015
0.018
0.021
0.022
0.018
0.023
0.041
0.066
0.069
0.04
0.0062
0.0047
0.02
0.019
0.012
0.0091
0.01
0.018
0.023
0.016
0.0087
0.0084
0.013
0.027
0.037
0.034
0.021
0.0072
-0.0068
-0.024
-0.017
7.6e-005
0.00038
-0.0075
-0.0099
-0.012
-0.017
-0.0088
-0.0091
-0.02
-0.015
0.015
0.038
0.041
0.024
-0.0036
-0.012
-0.012
-0.021
-0.026
-0.026
-0.021
-0.012
0.0011
-0.0037
-0.031
-0.062
-0.083
-0.097
-0.082
-0.053
-0.044
-0.04
-0.033
-0.032
-0.036
-0.039
-0.022
-0.015
-0.021
-0.031
-0.031
-0.029
-0.032
-0.029
-0.039
-0.055
-0.051
-0.034
-0.025
-0.027
-0.029
-0.027
-0.0083
0.018
0.04
0.047
0.038
0.034
0.035
0.031
0.02
0.0042
-0.00035
0.0058
0.018
0.041
0.056
0.044
0.032
0.032
0.032
0.032
0.023
0.0069
-0.019
-0.037
-0.025
-0.0033
0.018
0.037
0.059
0.076
0.079
0.049
0.0071
-0.0058
-0.0086
-0.0021
0.016
0.019
0.01
0.027
0.052
0.055
0.035
0.021
0.0073
-0.022
-0.043
-0.049
-0.048
-0.039
-0.028
-0.023
-0.013
-0.0058
-0.013
-0.02
-0.03
-0.049
-0.063
-0.05
-0.033
-0.033
-0.031
-0.031
-0.028
-0.027
-0.028
-0.019
-0.014
-0.017
-0.023
-0.024
-0.016
-0.0074
-0.0051
-0.0054
-0.0072
-0.01
-0.0022
0.0097
0.0037
-0.013
-0.015
-0.011
-0.014
-0.012
-1.5e-005
-4.6e-005
-0.0098
-0.0036
0.006
-0.012
-0.031
-0.032
-0.03
-0.036
-0.042
-0.04
-0.019
-0.0011
0.0014
-0.0078
-0.02
-0.026
-0.026
-0.028
-0.03
-0.036
-0.034
-0.021
-0.011
0.0046
0.014
0.0072
-0.012
-0.039
-0.049
-0.041
-0.012
0.0044
0.00047
-0.01
-0.013
-0.0033
0.0064
0.019
0.026
0.022
0.011
0.0032
-0.0065
-0.026
-0.047
-0.041
-0.0064
0.016
0.02
0.032
0.051
0.06
0.051
0.037
0.031
0.052
0.077
0.084
0.074
0.064
0.058
0.049
0.042
0.029
0.017
0.0093
0.004
-0.0027
-0.0045
0.014
0.04
0.07
0.082
0.063
0.046
0.058
0.075
0.094
0.1
0.093
0.079
0.072
0.066
0.081
0.11
0.13
0.1
0.073
0.074
0.061
0.035
0.031
0.031
0.019
0.0096
0.0021
0.00066
0.0041
0.0083
0.014
0.017
0.029
0.058
0.079
0.08
0.069
0.057
0.043
0.029
0.0097
-0.007
-0.013
-0.0009
0.022
0.049
0.091
0.12
0.12
0.08
0.023
0.0088
0.013
0.0083
0.027
0.054
0.05
0.033
0.024
0.021
0.018
0.01
0.018
0.038
0.048
0.062
0.049
0.024
0.024
0.04
0.043
0.032
0.022
0.023
0.028
0.019
-0.0049
-0.024
-0.0018
0.044
0.072
0.095
0.093
0.062
0.046
0.054
0.061
0.061
0.053
0.024
-0.0054
-0.0072
0.021
0.04
0.043
0.033
0.013
0.004
0.0034
0.0017
-0.0065
-0.014
-0.0081
0.0094
0.02
0.0049
-0.026
-0.039
-0.022
-0.011
-0.0049
-0.01
-0.027
-0.023
-0.004
0.032
0.066
0.063
0.041
0.018
0.009
-0.021
-0.08
-0.12
-0.11
-0.054
0.0056
0.039
0.032
0.023
0.027
0.025
0.015
-0.0083
-0.014
-0.012
-0.023
-0.02
0.011
0.025
0.017
0.015
0.016
0.028
0.03
0.013
-0.0039
-0.0036
0.0079
0.0076
-0.017
-0.054
-0.078
-0.074
-0.045
-0.029
-0.028
-0.021
-0.026
-0.042
-0.049
-0.04
-0.022
-0.022
-0.041
-0.067
-0.067
-0.035
-0.019
-0.022
-0.023
-0.014
-0.011
-0.0049
-0.012
-0.024
-0.036
-0.058
-0.08
-0.065
-0.017
0.0047
0.0027
-0.0047
-0.0083
0.019
0.058
0.069
0.041
0.023
0.03
0.035
0.03
0.018
0.0025
-0.01
-0.01
-0.0079
-0.00072
0.011
0.019
0.02
0.019
0.022
0.019
0.026
0.042
0.048
0.049
0.038
0.019
0.011
0.019
0.024
0.026
0.033
0.047
0.057
0.054
0.045
0.057
0.065
0.052
0.037
0.032
0.021
0.018
0.021
0.034
0.052
0.051
0.031
0.016
0.022
0.024
-0.012
-0.075
-0.11
-0.077
0.013
0.093
0.13
0.11
0.079
0.06
0.076
0.092
0.063
0.0099
-0.042
-0.087
-0.098
-0.066
-0.017
0.028
0.032
-0.026
-0.08
-0.076
-0.02
0.06
0.12
0.11
0.06
0.053
0.1
0.11
0.064
0.0054
-0.014
0.03
0.079
0.061
0.012
-0.026
-0.053
-0.046
-0.031
-0.025
-0.027
-0.034
0.019
0.058
0.056
0.04
-0.023
-0.041
0.014
0.051
0.05
0.031
0.007
-0.0066
-0.011
-0.0056
-0.002
-0.02
-0.042
-0.059
-0.02
0.026
0.016
-0.014
-0.05
-0.066
-0.059
-0.036
-0.026
-0.042
-0.042
-0.0012
0.054
0.077
0.082
0.06
0.026
0.03
0.033
0.01
-0.015
-0.038
-0.025
0.012
0.0087
-0.021
-0.072
-0.087
-0.053
-0.021
0.0077
0.012
0.007
0.04
0.1
0.13
0.081
0.028
-0.016
-0.052
-0.034
-0.0052
0.0031
0.03
0.05
0.031
0.0089
-0.0037
-0.016
-0.024
-0.021
0.034
0.12
0.17
0.18
0.15
0.13
0.12
0.1
0.07
0.07
0.075
0.064
0.05
0.03
0.019
0.016
0.0023
-0.019
-0.032
-0.022
-0.0035
-0.0029
-0.042
-0.09
-0.099
-0.067
-0.023
-0.019
-0.049
-0.07
-0.058
0.00072
0.069
0.097
0.071
0.04
0.036
0.038
0.049
0.044
0.0027
-0.045
-0.065
-0.067
-0.056
-0.047
-0.063
-0.083
-0.082
-0.061
-0.023
0.016
0.022
0.0026
-0.011
-0.01
-0.00014
0.0036
-0.0041
-0.016
-0.015
0.0018
0.015
0.016
-0.0032
-0.026
-0.045
-0.062
-0.072
-0.064
-0.052
-0.061
-0.068
-0.043
0.0002
0.035
0.019
-0.042
-0.11
-0.13
-0.1
-0.081
-0.083
-0.09
-0.083
-0.07
-0.051
-0.032
-0.028
-0.035
-0.047
-0.044
-0.031
-0.032
-0.037
-0.033
-0.028
-0.03
-0.022
-0.021
-0.037
-0.047
-0.042
-0.015
0.02
0.022
-0.01
-0.044
-0.056
-0.019
0.041
0.071
0.063
0.039
0.027
0.027
0.019
0.003
-0.0079
-0.0083
0.0058
0.034
0.053
0.055
0.048
0.041
0.043
0.041
0.04
0.042
0.043
0.034
0.014
0.0014
-0.0074
-0.012
-0.0051
0.007
0.004
0.00041
0.01
0.019
0.038
0.064
0.077
0.078
0.073
0.059
0.054
0.07
0.082
0.077
0.055
0.031
0.013
0.018
0.032
0.044
0.051
0.042
0.038
0.034
0.031
0.032
0.028
0.03
0.03
0.018
0.01
0.017
0.015
0.0084
0.0054
-0.0055
-0.019
-0.04
-0.057
-0.048
-0.019
0.0066
0.012
0.0044
-0.0025
-0.0015
-0.0041
-0.0088
-0.023
-0.029
-0.017
-0.0048
-0.00023
-0.0038
-0.016
-0.038
-0.045
-0.019
0.012
0.019
0.017
0.033
0.037
0.021
0.0011
-0.026
-0.046
-0.046
-0.027
-0.019
-0.032
-0.051
-0.061
-0.052
-0.046
-0.06
-0.069
-0.055
-0.037
-0.03
-0.03
-0.039
-0.049
-0.048
-0.04
-0.031
-0.035
-0.048
-0.057
-0.05
-0.032
-0.017
-0.023
-0.035
-0.031
-0.026
-0.021
-0.017
-0.013
-0.014
-0.017
-0.013
0.002
0.017
0.012
-0.0083
-0.012
-0.003
0.0043
0.0099
0.0013
-0.014
-0.012
-0.0027
0.0034
0.0098
0.011
0.0032
-0.015
-0.025
-0.017
-0.0094
-0.0089
-0.0089
-0.017
-0.03
-0.032
-0.038
-0.04
-0.036
-0.033
-0.037
-0.033
-0.021
-0.031
-0.052
-0.062
-0.044
-0.014
-0.011
-0.022
-0.04
-0.044
-0.031
-0.026
-0.037
-0.05
-0.051
-0.041
-0.019
-0.018
-0.028
-0.026
-0.0051
0.012
0.011
-0.0029
-0.036
-0.08
-0.095
-0.071
-0.041
-0.031
-0.039
-0.052
-0.044
-0.018
0.0036
0.017
0.011
-0.0096
-0.011
-0.0038
-0.017
-0.036
-0.041
-0.048
-0.05
-0.035
-0.02
-0.027
-0.038
-0.035
-0.021
-0.011
-0.024
-0.05
-0.072
-0.073
-0.05
-0.022
-0.0039
-0.0065
-0.014
-0.025
-0.039
-0.046
-0.047
-0.048
-0.052
-0.06
-0.067
-0.056
-0.029
-0.0017
0.012
0.011
0.016
0.023
0.01
-0.019
-0.038
-0.037
-0.03
-0.031
-0.048
-0.059
-0.059
-0.054
-0.038
-0.028
-0.031
-0.036
-0.036
-0.044
-0.05
-0.042
-0.027
-0.017
-0.024
-0.023
-0.0096
0.0066
0.013
0.003
-0.014
-0.019
-0.015
-0.025
-0.035
-0.03
-0.0031
0.022
0.013
0.0024
0.0058
0.02
0.031
0.019
-0.011
-0.022
-0.0082
0.0086
0.012
-0.0049
-0.013
-0.0094
-0.01
-0.0058
0.011
0.024
0.013
-0.012
-0.029
-0.023
-0.0081
0.00026
-0.014
-0.046
-0.063
-0.059
-0.037
0.0083
0.057
0.066
0.047
0.02
-0.0059
-0.016
-0.0045
0.01
0.035
0.064
0.075
0.066
0.043
0.021
0.012
0.016
0.019
0.032
0.032
0.02
0.013
0.016
0.033
0.039
0.038
0.038
0.04
0.04
0.047
0.052
0.051
0.037
0.016
0.0072
0.019
0.043
0.062
0.069
0.073
0.075
0.064
0.044
0.034
0.037
0.044
0.055
0.066
0.073
0.09
0.11
0.12
0.1
0.074
0.055
0.058
0.074
0.091
0.098
0.094
0.078
0.065
0.073
0.083
0.082
0.072
0.077
0.082
0.066
0.048
0.039
0.045
0.046
0.035
0.031
0.035
0.049
0.062
0.07
0.063
0.06
0.052
0.055
0.057
0.047
0.044
0.041
0.027
0.01
-0.001
-0.0098
-0.017
-0.022
-0.024
-0.022
-0.015
-0.002
-0.00087
-0.024
-0.037
-0.029
-0.016
-0.0092
-0.018
-0.018
-0.004
0.003
-0.0052
-0.0051
0.0065
0.024
0.041
0.044
0.047
0.012
-0.016
0.027
0.11
0.14
0.12
0.088
0.044
0.036
0.08
0.12
0.052
0.0021
0.0072
0.041
0.059
0.048
0.023
-0.0065
-0.00093
0.0015
-0.0026
0.014
0.029
0.059
0.074
0.055
0.018
-0.004
-0.01
-0.0076
0.022
0.057
0.062
0.029
-0.0092
-0.01
0.024
0.059
0.063
0.031
0.0072
0.003
-0.004
-0.014
-0.016
-0.012
0.0011
0.028
0.064
0.078
0.063
0.055
0.052
0.054
0.06
0.054
0.02
-0.0046
0.013
0.052
0.088
0.1
0.097
0.077
0.051
0.046
0.051
0.046
0.032
0.031
0.051
0.089
0.12
0.13
0.12
0.1
0.1
0.11
0.11
0.076
0.04
0.023
0.029
0.035
0.035
0.038
0.029
0.024
0.039
0.051
0.052
0.054
0.062
0.057
0.044
0.034
0.033
0.042
0.028
0.0082
0.015
0.029
0.032
0.03
0.036
0.048
0.057
0.058
0.058
0.063
0.067
0.063
0.052
0.048
0.045
0.038
0.03
0.034
0.045
0.042
0.027
0.011
-0.0009
-0.017
-0.025
-0.0083
0.026
0.057
0.072
0.071
0.063
0.053
0.04
0.026
0.0069
-0.0041
0.00023
0.0058
0.012
0.0099
-0.0027
-0.019
-0.024
-0.023
-0.025
-0.016
-0.0017
0.011
0.0093
-0.01
-0.025
-0.028
-0.012
-0.0038
-0.017
-0.042
-0.053
-0.046
-0.034
-0.027
-0.034
-0.045
-0.053
-0.071
-0.059
-0.022
0.014
0.019
-0.0069
-0.042
-0.061
-0.061
-0.062
-0.059
-0.065
-0.069
-0.068
-0.075
-0.088
-0.097
-0.1
-0.1
-0.1
-0.1
-0.11
-0.12
-0.098
-0.071
-0.072
-0.1
-0.12
-0.13
-0.11
-0.097
-0.077
-0.043
-0.013
-0.024
-0.059
-0.085
-0.094
-0.087
-0.08
-0.073
-0.068
-0.061
-0.057
-0.058
-0.063
-0.079
-0.077
-0.061
-0.051
-0.047
-0.057
-0.058
-0.053
-0.046
-0.051
-0.07
-0.077
-0.051
-0.019
-0.01
-0.018
-0.036
-0.044
-0.039
-0.032
-0.037
-0.049
-0.056
-0.051
-0.036
-0.022
-0.026
-0.048
-0.065
-0.068
-0.068
-0.059
-0.048
-0.045
-0.046
-0.052
-0.061
-0.065
-0.062
-0.061
-0.06
-0.064
-0.075
-0.083
-0.091
-0.081
-0.058
-0.035
-0.033
-0.048
-0.053
-0.036
-0.0079
0.017
0.03
0.023
0.012
0.013
0.014
0.021
0.012
0.0017
0.0065
0.02
0.027
0.032
0.026
0.013
0.012
0.02
0.037
0.045
0.042
0.029
0.024
0.029
0.029
0.022
0.01
0.0079
0.013
0.019
0.006
-0.027
-0.035
-0.017
-0.0089
-0.0086
-0.004
-0.0011
0.0054
0.021
0.028
0.03
0.026
0.0042
-0.0025
0.015
0.032
0.032
0.028
0.023
-0.00023
-0.036
-0.044
-0.022
-0.0061
-0.0048
-0.0018
0.016
0.045
0.057
0.055
0.051
0.051
0.043
0.02
-0.021
-0.048
-0.04
-0.012
0.014
0.031
0.041
0.033
0.013
0.0098
0.018
0.028
0.034
0.021
-0.01
-0.025
-0.0098
0.012
0.022
0.028
0.043
0.056
0.048
0.0093
-0.027
-0.037
-0.034
-0.022
-0.027
-0.049
-0.073
-0.072
-0.044
-0.02
-0.019
-0.023
-0.015
-0.023
-0.026
-0.013
0.0067
0.022
0.0018
-0.018
-0.0013
0.026
0.041
0.028
-0.0071
-0.048
-0.067
-0.072
-0.064
-0.046
-0.023
-0.005
-0.009
-0.016
-0.0056
0.018
0.022
0.0066
0.00072
0.0081
0.013
0.014
0.012
-0.017
-0.052
-0.053
-0.029
-0.012
-0.017
-0.03
-0.027
-0.0018
0.011
0.0051
0.0043
0.016
0.031
0.031
0.023
0.0097
-0.0088
-0.011
-0.0073
-0.012
-0.03
-0.047
-0.04
-0.018
0.0015
-0.0046
-0.014
-0.0032
0.021
0.035
0.014
-0.013
-0.011
0.029
0.063
0.077
0.072
0.054
0.037
0.028
0.018
0.00066
-0.017
-0.025
-0.014
-0.00053
0.0037
-0.0074
-0.024
-0.022
-0.0083
0.012
0.023
0.022
0.025
0.037
0.06
0.073
0.06
0.033
0.027
0.046
0.062
0.064
0.047
0.032
0.03
0.032
0.031
0.02
0.026
0.055
0.08
0.084
0.075
0.063
0.054
0.046
0.025
0.021
0.032
0.026
0.022
0.036
0.042
0.026
0.0059
-0.0049
0.015
0.052
0.081
0.09
0.085
0.09
0.095
0.089
0.08
0.069
0.057
0.05
0.046
0.041
0.048
0.046
0.047
0.065
0.078
0.078
0.079
0.083
0.083
0.073
0.061
0.059
0.071
0.077
0.08
0.08
0.07
0.057
0.047
0.049
0.056
0.055
0.054
0.064
0.071
0.076
0.092
0.1
0.1
0.085
0.058
0.051
0.047
0.043
0.041
0.039
0.046
0.061
0.061
0.053
0.045
0.04
0.039
0.031
0.023
0.015
0.0025
0.015
0.043
0.041
0.023
0.025
0.031
0.031
0.023
0.017
0.02
0.031
0.036
0.035
0.041
0.054
0.06
0.054
0.037
0.023
0.013
0.012
0.0064
-0.011
-0.017
0.00026
0.0095
0.017
0.025
0.018
0.014
0.0066
-0.021
-0.032
-0.015
0.0085
0.017
-0.0013
-0.038
-0.078
-0.11
-0.11
-0.085
-0.071
-0.065
-0.054
-0.029
0.0038
0.027
0.048
0.063
0.07
0.068
0.044
-0.014
-0.061
-0.063
-0.051
-0.038
-0.023
-0.0024
0.0017
-0.021
-0.054
-0.066
-0.057
-0.058
-0.063
-0.067
-0.076
-0.081
-0.06
-0.013
0.038
0.068
0.057
0.012
-0.029
-0.042
-0.034
-0.01
0.018
0.03
0.03
0.031
0.023
0.025
0.027
0.023
0.013
-0.00029
-0.03
-0.064
-0.073
-0.059
-0.029
-0.01
-0.0064
-0.015
-0.011
0.01
0.011
-0.0013
-0.0076
-0.0051
-0.0079
-0.0036
0.0087
0.016
0.017
0.016
0.03
0.043
0.041
0.028
0.02
0.013
0.012
0.0063
-0.02
-0.042
-0.045
-0.041
-0.035
-0.045
-0.072
-0.1
-0.096
-0.051
-0.0034
0.018
0.019
0.0016
-0.016
-0.024
-0.029
-0.027
-0.0058
0.0094
0.012
-0.0029
-0.019
-0.03
-0.027
-0.011
-0.0066
-0.024
-0.047
-0.057
-0.052
-0.035
-0.015
-0.011
-0.014
-0.013
-0.0073
0.0013
0.0097
-0.0012
-0.028
-0.046
-0.048
-0.024
0.0025
0.015
0.021
0.019
0.0064
-0.013
-0.033
-0.032
1.5e-005
0.019
0.0028
-0.037
-0.079
-0.082
-0.058
-0.03
-0.01
-0.017
-0.033
-0.03
-0.008
0.0091
0.0076
-0.011
-0.013
0.0006
0.0058
0.0026
-0.019
-0.037
-0.027
-0.0058
-0.0025
-0.016
-0.043
-0.069
-0.069
-0.054
-0.034
-0.018
-0.014
-0.0095
-0.017
-0.033
-0.04
-0.04
-0.035
0.0019
0.039
0.05
0.036
0.0045
-0.024
-0.043
-0.046
-0.032
-0.014
-0.008
-0.018
-0.019
-0.0091
-0.0041
-0.019
-0.031
-0.032
-0.04
-0.049
-0.05
-0.037
-0.021
-0.014
-0.021
-0.026
-0.025
-0.031
-0.025
-0.0051
0.0059
0.016
0.021
0.021
0.028
0.032
0.014
0.001
0.008
0.041
0.073
0.078
0.069
0.057
0.032
0.011
0.019
0.051
0.07
0.076
0.084
0.095
0.097
0.097
0.1
0.11
0.1
0.1
0.1
0.1
0.11
0.1
0.084
0.09
0.1
0.1
0.09
0.077
0.063
0.046
0.055
0.075
0.087
0.089
0.088
0.084
0.081
0.081
0.073
0.072
0.071
0.07
0.069
0.061
0.043
0.032
0.031
0.028
0.039
0.056
0.066
0.065
0.055
0.039
0.035
0.054
0.082
0.089
0.072
0.041
7.6e-005
-0.027
-0.009
0.016
0.027
0.042
0.065
0.083
0.092
0.091
0.088
0.1
0.12
0.12
0.08
0.03
-0.0011
-0.011
0.016
0.066
0.098
0.09
0.064
0.04
0.034
0.044
0.047
0.042
0.027
0.0025
-0.00023
0.013
0.038
0.071
0.082
0.064
0.039
0.0057
-0.028
-0.045
-0.051
-0.037
-0.012
0.014
0.03
0.023
-0.00099
-0.026
-0.052
-0.068
-0.082
-0.1
-0.11
-0.099
-0.077
-0.054
-0.04
-0.041
-0.047
-0.061
-0.082
-0.083
-0.063
-0.049
-0.047
-0.053
-0.057
-0.044
-0.033
-0.021
-0.0074
-0.014
-0.027
-0.033
-0.036
-0.038
-0.048
-0.055
-0.045
-0.032
-0.034
-0.042
-0.056
-0.065
-0.068
-0.069
-0.071
-0.072
-0.072
-0.071
-0.07
-0.061
-0.045
-0.032
-0.021
-0.019
-0.037
-0.056
-0.07
-0.069
-0.063
-0.06
-0.063
-0.061
-0.053
-0.05
-0.052
-0.061
-0.062
-0.06
-0.059
-0.048
-0.023
0.0013
0.02
0.046
0.065
0.071
0.069
0.05
0.027
0.02
0.025
0.028
0.029
0.031
0.031
0.021
0.015
0.023
0.033
0.042
0.044
0.027
0.011
0.015
0.028
0.037
0.044
0.037
0.032
0.028
0.027
0.032
0.034
0.033
0.022
0.00017
-0.012
-0.02
-0.045
-0.073
-0.071
-0.037
0.0022
0.027
0.035
0.023
-0.0079
-0.028
-0.033
-0.032
-0.021
-0.004
0.013
0.018
0.0091
-0.017
-0.037
-0.034
-0.022
-0.0054
0.02
0.029
0.017
0.0069
0.0066
0.0051
0.0049
0.0037
0.0088
0.0095
0.007
-0.0058
-0.017
-0.017
-0.032
-0.05
-0.061
-0.076
-0.086
-0.068
-0.054
-0.052
-0.049
-0.044
-0.037
-0.024
-0.0089
0.0038
0.011
0.024
0.034
0.032
0.034
0.038
0.026
0.015
0.0047
-0.019
-0.025
-0.0084
0.00056
-0.013
-0.041
-0.074
-0.09
-0.082
-0.063
-0.041
-0.034
-0.041
-0.052
-0.051
-0.049
-0.051
-0.054
-0.059
-0.057
-0.061
-0.07
-0.08
-0.083
-0.059
-0.043
-0.045
-0.059
-0.084
-0.088
-0.075
-0.063
-0.062
-0.045
-0.036
-0.028
-0.015
-0.0069
-0.0033
-0.00072
0.0028
-0.0029
-0.012
-0.015
-0.023
-0.023
-0.012
-0.013
-0.012
0.0048
0.018
0.023
0.031
0.038
0.044
0.043
0.027
0.021
0.04
0.053
0.044
0.03
0.024
0.035
0.053
0.07
0.076
0.055
0.02
0.0023
0.0084
0.041
0.073
0.071
0.04
0.0071
-0.016
-0.0047
0.029
0.054
0.065
0.057
0.039
0.021
0.0079
-0.006
-0.0054
0.007
0.03
0.05
0.051
0.04
0.03
0.036
0.047
0.047
0.04
0.023
0.0016
-0.017
-0.02
-0.02
-0.008
0.012
0.015
0.02
0.03
0.035
0.036
0.032
0.016
0.012
0.029
0.036
0.032
0.02
0.0071
0.0017
0.0082
0.016
0.00087
-0.031
-0.042
-0.033
-0.015
0.0054
0.016
0.018
0.026
0.025
0.015
0.018
0.03
0.039
0.046
0.043
0.019
-0.0026
-0.0025
0.026
0.057
0.077
0.081
0.064
0.045
0.039
0.045
0.038
0.026
0.029
0.049
0.072
0.08
0.075
0.049
0.017
0.0039
0.0021
0.011
0.031
0.06
0.081
0.095
0.09
0.066
0.053
0.054
0.057
0.066
0.077
0.081
0.082
0.088
0.095
0.096
0.092
0.086
0.069
0.048
0.043
0.047
0.061
0.063
0.048
0.046
0.061
0.072
0.076
0.08
0.08
0.082
0.084
0.086
0.08
0.072
0.067
0.064
0.077
0.1
0.11
0.11
0.11
0.1
0.091
0.088
0.083
0.066
0.062
0.086
0.11
0.13
0.14
0.12
0.1
0.089
0.086
0.081
0.069
0.064
0.073
0.095
0.11
0.11
0.094
0.09
0.094
0.093
0.092
0.093
0.094
0.095
0.081
0.073
0.068
0.065
0.063
0.061
0.05
0.034
0.014
-0.0027
0.0021
0.0058
0.015
0.036
0.056
0.06
0.056
0.051
0.049
0.057
0.066
0.065
0.06
0.068
0.076
0.075
0.069
0.056
0.033
0.013
0.00011
-0.0066
-0.004
0.0037
-0.0045
-0.015
-0.0016
0.022
0.032
0.029
0.034
0.035
0.013
-0.004
-0.0079
-0.0088
-0.0081
-0.013
-0.027
-0.038
-0.043
-0.044
-0.026
-0.005
0.012
0.022
0.014
-0.0094
-0.029
-0.034
-0.028
-0.021
-0.032
-0.054
-0.055
-0.028
-0.0049
-0.012
-0.031
-0.045
-0.036
-0.0036
0.033
0.042
0.022
0.0019
-0.011
-0.011
-0.022
-0.041
-0.043
-0.028
-0.011
-0.014
-0.039
-0.056
-0.044
-0.022
-0.0048
0.0022
-0.013
-0.032
-0.049
-0.065
-0.063
-0.044
-0.0015
0.055
0.088
0.094
0.085
0.06
0.031
0.012
0.0012
0.0039
0.0058
0.0046
-0.0029
-0.01
-0.021
-0.023
-0.018
0.00087
0.026
0.045
0.062
0.065
0.046
0.021
0.0079
0.0048
0.0091
0.023
0.036
0.051
0.061
0.059
0.041
0.0076
-0.02
-0.033
-0.039
-0.038
-0.036
-0.025
0.0063
0.04
0.058
0.064
0.048
0.016
-0.019
-0.032
-0.02
0.0018
0.024
0.031
0.0073
-0.036
-0.054
-0.032
0.00099
0.025
0.026
0.017
0.013
0.0044
-0.0018
-0.0043
-0.014
-0.038
-0.045
-0.028
-0.0025
0.021
0.037
0.043
0.032
-0.0051
-0.056
-0.09
-0.085
-0.056
-0.015
0.032
0.059
0.043
0.023
0.029
0.042
0.049
0.053
0.044
0.026
0.025
0.035
0.044
0.046
0.029
-0.0026
-0.035
-0.053
-0.043
-0.0053
0.025
0.031
0.0084
-0.025
-0.041
-0.041
-0.015
0.02
0.037
0.031
0.0041
-0.018
-0.014
0.0029
0.0069
-0.0015
-0.023
-0.046
-0.048
-0.043
-0.033
-0.032
-0.034
-0.028
-0.021
-0.016
-0.03
-0.05
-0.069
-0.099
-0.094
-0.072
-0.083
-0.089
-0.079
-0.097
-0.11
-0.1
-0.11
-0.097
-0.087
-0.077
-0.056
-0.041
-0.064
-0.087
-0.083
-0.073
-0.05
-0.047
-0.078
-0.081
-0.057
-0.051
-0.048
-0.054
-0.053
-0.026
-0.024
-0.044
-0.049
-0.065
-0.069
-0.048
-0.044
-0.059
-0.062
-0.045
-0.025
-0.009
-0.0051
-0.017
-0.016
-0.00066
0.0083
0.018
0.031
0.027
0.023
0.026
0.025
0.028
0.023
0.0092
-0.012
-0.022
-0.02
-0.02
-0.02
-0.031
-0.051
-0.06
-0.041
0.0041
0.042
0.044
0.03
0.017
-0.011
-0.024
-0.0052
0.02
0.042
0.053
0.056
0.065
0.067
0.059
0.045
0.027
0.017
0.011
0.0069
0.009
0.021
0.04
0.052
0.054
0.048
0.035
0.024
0.021
0.026
0.022
0.013
0.0088
0.013
0.02
0.015
0.0063
0.0032
0.0052
0.012
0.014
0.014
0.023
0.026
0.021
0.028
0.032
0.034
0.036
0.017
-0.0059
-0.0035
0.012
0.028
0.033
0.013
-0.0052
-0.0051
-0.0016
0.016
0.044
0.069
0.086
0.086
0.079
0.066
0.047
0.055
0.095
0.12
0.12
0.088
0.065
0.045
0.019
0.013
0.027
0.045
0.057
0.071
0.087
0.091
0.091
0.11
0.12
0.13
0.12
0.1
0.055
0.022
0.027
0.052
0.086
0.12
0.15
0.16
0.16
0.16
0.13
0.11
0.097
0.09
0.08
0.07
0.07
0.09
0.11
0.12
0.15
0.17
0.17
0.16
0.15
0.12
0.11
0.1
0.099
0.095
0.094
0.11
0.12
0.13
0.14
0.13
0.11
0.11
0.12
0.13
0.14
0.13
0.11
0.089
0.081
0.093
0.11
0.12
0.12
0.1
0.071
0.047
0.025
0.0016
-0.0064
0.0058
0.028
0.042
0.056
0.057
0.03
0.0041
-0.0089
-0.026
-0.04
-0.052
-0.066
-0.072
-0.075
-0.091
-0.099
-0.096
-0.088
-0.072
-0.052
-0.043
-0.054
-0.083
-0.11
-0.13
-0.14
-0.14
-0.15
-0.17
-0.19
-0.18
-0.17
-0.16
-0.16
-0.16
-0.16
-0.16
-0.17
-0.17
-0.17
-0.17
-0.15
-0.13
-0.13
-0.14
-0.14
-0.13
-0.12
-0.13
-0.15
-0.16
-0.16
-0.16
-0.19
-0.2
-0.19
-0.18
-0.17
-0.15
-0.12
-0.088
-0.056
-0.03
-0.015
-0.023
-0.047
-0.063
-0.072
-0.082
-0.089
-0.08
-0.077
-0.089
-0.096
-0.091
-0.076
-0.066
-0.062
-0.056
-0.042
-0.026
-0.031
-0.048
-0.06
-0.053
-0.041
-0.046
-0.049
-0.056
-0.07
-0.082
-0.08
-0.07
-0.062
-0.043
-0.025
-0.02
-0.032
-0.045
-0.05
-0.047
-0.042
-0.042
-0.043
-0.042
-0.05
-0.063
-0.066
-0.052
-0.042
-0.03
-0.016
-0.0039
0.0089
0.021
0.019
0.0043
-0.018
-0.032
-0.028
-0.026
-0.024
-0.015
-0.0013
0.0023
0.0067
0.021
0.042
0.053
0.05
0.043
0.03
0.0039
-0.014
-0.014
0.0035
0.014
0.012
0.0075
0.0095
0.023
0.047
0.077
0.11
0.12
0.11
0.089
0.073
0.064
0.068
0.068
0.062
0.059
0.047
0.035
0.026
0.012
0.0065
0.012
0.017
0.017
0.011
0.004
-0.0073
-0.019
-0.012
0.0079
0.029
0.035
0.024
0.015
0.017
0.027
0.036
0.032
0.018
0.0063
-0.00081
0.0036
0.015
0.02
0.036
0.047
0.042
0.029
0.0095
-0.0064
-0.012
0.0012
0.013
0.028
0.046
0.051
0.038
0.022
0.03
0.055
0.068
0.06
0.039
0.019
0.012
-0.0016
-0.026
-0.039
-0.014
0.037
0.062
0.056
0.035
-0.0054
-0.051
-0.081
-0.095
-0.11
-0.13
-0.11
-0.082
-0.068
-0.086
-0.09
-0.077
-0.067
-0.051
-0.035
-0.034
-0.031
-0.024
-0.04
-0.071
-0.079
-0.061
-0.04
-0.041
-0.062
-0.079
-0.092
-0.095
-0.081
-0.064
-0.063
-0.068
-0.092
-0.12
-0.12
-0.087
-0.038
-0.0022
0.022
0.023
-0.0093
-0.046
-0.068
-0.075
-0.077
-0.087
-0.1
-0.11
-0.091
-0.064
-0.052
-0.059
-0.064
-0.058
-0.043
-0.031
-0.026
-0.023
-0.014
0.0036
0.0093
0.0015
0.013
0.037
0.037
0.017
0.0084
0.013
0.019
0.027
0.037
0.041
0.049
0.07
0.072
0.054
0.031
0.0017
-0.011
-0.0021
0.034
0.071
0.089
0.096
0.081
0.035
0.0026
-0.0069
-0.0046
0.022
0.054
0.077
0.083
0.07
0.041
0.0083
-0.016
-0.026
-0.041
-0.061
-0.056
0.0017
0.038
0.037
-0.026
-0.16
-0.2
-0.13
-0.064
0.0025
0.068
0.094
0.056
-0.057
-0.17
-0.18
-0.093
0.027
0.14
0.2
0.21
0.12
0.0076
-0.039
-0.032
-0.037
-0.052
-0.086
-0.12
-0.11
-0.092
-0.028
0.095
0.18
0.2
0.19
0.15
0.059
-0.015
-0.042
-0.059
-0.057
-0.058
-0.069
-0.036
-0.035
-0.08
-0.071
-0.0002
0.086
0.13
0.14
0.14
0.14
0.15
0.16
0.14
0.11
0.068
0.033
0.035
0.053
0.089
0.13
0.12
0.079
0.047
0.043
0.048
0.075
0.099
0.082
0.048
0.045
0.091
0.12
0.1
0.093
0.12
0.14
0.13
0.093
0.11
0.14
0.15
0.14
0.14
0.11
0.065
0.021
0.015
0.046
0.076
0.11
0.13
0.13
0.12
0.088
0.057
0.034
0.038
0.074
0.12
0.14
0.13
0.093
0.034
-0.014
-0.018
0.016
0.072
0.13
0.16
0.15
0.12
0.07
0.048
0.053
0.06
0.073
0.094
0.11
0.098
0.071
0.055
0.059
0.069
0.091
0.12
0.13
0.12
0.12
0.13
0.11
0.079
0.068
0.083
0.093
0.092
0.089
0.076
0.058
0.053
0.075
0.092
0.077
0.051
0.044
0.056
0.065
0.062
0.071
0.072
0.032
-0.019
-0.033
-0.02
-0.0012
0.025
0.059
0.079
0.061
0.035
0.032
0.053
0.064
0.06
0.043
0.0016
-0.045
-0.081
-0.092
-0.076
-0.027
0.013
0.014
0.0071
0.0053
0.0039
0.0068
0.015
0.016
-0.0038
-0.026
-0.036
-0.02
-0.019
-0.041
-0.054
-0.045
-0.031
-0.036
-0.033
-0.023
-0.013
-0.017
-0.044
-0.065
-0.04
0.025
0.064
0.065
0.042
0.014
-0.011
-0.013
-0.012
-0.035
-0.083
-0.13
-0.14
-0.12
-0.1
-0.073
-0.016
0.048
0.067
0.065
0.06
0.036
0.03
0.031
0.035
0.039
0.021
-0.02
-0.071
-0.097
-0.07
-0.014
0.043
0.067
0.054
0.018
-0.0064
-0.009
0.0025
0.013
0.033
0.043
0.034
0.019
-0.0034
-0.036
-0.065
-0.066
-0.044
-0.024
-0.013
-0.0068
-0.0026
-0.0066
-0.0017
0.022
0.044
0.045
0.02
-0.0078
-0.027
-0.036
-0.054
-0.091
-0.12
-0.13
-0.12
-0.097
-0.068
-0.053
-0.049
-0.033
-0.02
-0.011
0.0068
0.014
-0.0051
-0.022
-0.022
-0.012
-0.0032
0.015
0.018
-0.0096
-0.036
-0.04
-0.018
0.00078
0.0047
0.0041
0.0019
0.0065
0.01
0.014
0.0042
-0.023
-0.056
-0.085
-0.093
-0.081
-0.051
-0.033
-0.037
-0.047
-0.055
-0.067
-0.084
-0.09
-0.079
-0.067
-0.054
-0.046
-0.045
-0.056
-0.058
-0.053
-0.061
-0.073
-0.075
-0.057
-0.035
-0.021
-0.038
-0.055
-0.04
-0.017
-0.0036
0.01
0.019
0.0036
-0.024
-0.042
-0.048
-0.047
-0.042
-0.029
-0.024
-0.036
-0.048
-0.051
-0.045
-0.044
-0.034
-0.02
-0.014
-0.017
-0.018
-0.025
-0.03
-0.015
0.0055
0.011
-0.0039
-0.013
-0.0087
-0.0091
-0.0065
-0.0013
-0.0015
-0.0065
-0.015
-0.034
-0.045
-0.036
-0.033
-0.037
-0.026
-0.0055
-0.0046
-0.028
-0.042
-0.032
-0.00011
0.019
0.018
0.00084
-0.017
-0.04
-0.067
-0.071
-0.066
-0.059
-0.057
-0.049
-0.039
-0.041
-0.049
-0.055
-0.044
-0.035
-0.038
-0.043
-0.05
-0.047
-0.04
-0.025
-0.019
-0.024
-0.044
-0.067
-0.076
-0.073
-0.056
-0.044
-0.047
-0.046
-0.036
-0.027
-0.024
-0.021
-0.024
-0.039
-0.055
-0.052
-0.036
-0.027
-0.026
-0.035
-0.045
-0.052
-0.062
-0.05
-0.015
-0.0019
-0.03
-0.071
-0.094
-0.085
-0.057
-0.029
-0.017
-0.016
-0.022
-0.029
-0.035
-0.021
0.0072
0.022
0.013
-0.0064
-0.035
-0.07
-0.086
-0.084
-0.059
-0.038
-0.016
0.0081
0.025
0.024
0.0057
-0.021
-0.037
-0.029
-0.021
-0.021
-0.027
-0.029
-0.027
-0.036
-0.026
-0.0018
0.0094
-0.0043
-0.018
-0.017
-0.009
0.0023
-0.005
-0.025
-0.045
-0.052
-0.036
-0.02
-0.022
-0.03
-0.033
-0.041
-0.048
-0.059
-0.085
-0.1
-0.096
-0.066
-0.042
-0.036
-0.028
-0.015
-0.02
-0.034
-0.043
-0.046
-0.032
-0.01
0.016
0.039
0.04
0.028
0.016
0.0091
-0.0064
-0.013
-0.011
0.0019
0.016
0.033
0.05
0.05
0.038
0.026
0.012
-0.00032
-0.0043
0.012
0.031
0.031
0.014
0.00044
-0.015
-0.038
-0.044
-0.048
-0.045
-0.028
-0.006
0.0034
0.0009
-0.015
-0.038
-0.029
-0.0026
0.016
0.017
0.021
0.027
0.021
0.005
-0.012
-0.016
-0.0014
0.018
0.034
0.04
0.035
0.029
0.038
0.046
0.045
0.05
0.053
0.039
0.024
0.013
0.00053
0.0033
0.029
0.058
0.078
0.074
0.056
0.035
0.016
0.012
0.019
0.033
0.046
0.042
0.027
0.03
0.038
0.033
0.03
0.037
0.043
0.041
0.037
0.034
0.036
0.043
0.04
0.037
0.038
0.033
0.007
-0.0025
0.0052
0.016
0.018
0.014
0.024
0.034
0.026
0.0044
-0.0033
0.0079
0.012
0.012
0.018
0.025
0.023
0.013
-0.0014
-0.01
-0.0087
-0.0096
0.00084
0.022
0.039
0.043
0.036
0.032
0.039
0.041
0.038
0.038
0.04
0.037
0.031
0.03
0.037
0.039
0.046
0.058
0.061
0.065
0.068
0.072
0.091
0.12
0.12
0.096
0.072
0.07
0.08
0.078
0.072
0.067
0.073
0.078
0.072
0.069
0.08
0.089
0.089
0.086
0.086
0.074
0.055
0.044
0.053
0.071
0.078
0.078
0.076
0.078
0.077
0.069
0.064
0.068
0.063
0.046
0.04
0.047
0.061
0.064
0.056
0.067
0.087
0.091
0.079
0.07
0.066
0.072
0.073
0.067
0.064
0.052
0.04
0.033
0.023
0.0077
0.02
0.043
0.06
0.071
0.054
0.037
0.051
0.092
0.12
0.11
0.085
0.049
0.007
-0.02
-0.024
-0.022
-0.016
-0.017
-0.014
0.017
0.055
0.068
0.07
0.069
0.053
0.034
0.011
-0.016
-0.029
-0.01
0.022
0.032
0.03
0.028
0.022
0.019
0.022
0.036
0.062
0.076
0.059
0.024
0.0043
0.0033
0.025
0.046
0.042
0.029
0.026
0.031
0.045
0.062
0.061
0.056
0.039
0.012
0.0049
0.015
0.03
0.044
0.051
0.043
0.027
0.0082
0.00011
0.0016
0.002
0.0041
0.0031
0.0023
0.0079
0.009
0.01
0.025
0.037
0.023
-0.0057
-0.038
-0.06
-0.054
-0.032
-0.016
-0.032
-0.07
-0.082
-0.055
-0.0032
0.032
0.04
0.043
0.043
0.033
0.027
0.027
0.014
0.0079
0.021
0.017
-0.023
-0.058
-0.063
-0.037
0.003
0.018
0.0087
0.0025
0.015
0.027
0.039
0.059
0.069
0.059
0.044
0.045
0.044
0.024
-0.008
-0.029
-0.019
-0.0099
-0.018
-0.026
-0.023
-0.016
-0.012
-0.01
-0.018
-0.016
-0.0053
0.013
0.024
0.015
-0.0058
-0.026
-0.039
-0.032
-0.007
0.01
0.016
0.02
0.026
0.03
0.034
0.033
0.016
-0.0095
-0.018
-0.021
-0.029
-0.037
-0.04
-0.028
-0.0077
-0.013
-0.043
-0.054
-0.036
-0.015
-0.015
-0.025
-0.021
-0.0011
0.02
0.017
-0.0069
-0.02
-0.0097
-0.0013
-0.013
-0.033
-0.05
-0.046
-0.032
-0.027
-0.025
-0.021
-0.021
-0.022
-0.013
-0.012
-0.026
-0.041
-0.035
-0.0098
0.0068
0.0074
0.01
0.016
0.022
0.011
-0.00017
0.0067
0.0088
-0.0051
-0.00093
0.018
0.026
0.037
0.049
0.052
0.049
0.04
0.028
0.026
0.032
0.036
0.034
0.029
0.041
0.055
0.055
0.048
0.032
0.017
0.013
0.013
0.015
0.021
0.018
0.0099
0.0017
-0.011
-0.0033
0.022
0.041
0.039
0.019
-0.0022
-0.013
-0.018
-0.028
-0.04
-0.052
-0.045
-0.024
-0.012
-0.019
-0.032
-0.039
-0.036
-0.034
-0.025
-0.012
-0.012
-0.011
-0.00044
0.0064
0.008
0.006
-0.0062
-0.016
-0.027
-0.045
-0.048
-0.037
-0.033
-0.042
-0.056
-0.055
-0.031
-0.016
-0.021
-0.041
-0.054
-0.049
-0.042
-0.052
-0.061
-0.06
-0.068
-0.085
-0.099
-0.098
-0.081
-0.069
-0.061
-0.055
-0.056
-0.051
-0.031
-0.022
-0.019
-0.016
-0.032
-0.062
-0.081
-0.088
-0.086
-0.09
-0.088
-0.073
-0.071
-0.07
-0.054
-0.036
-0.039
-0.044
-0.051
-0.054
-0.054
-0.051
-0.039
-0.038
-0.028
-0.0049
-0.00029
-0.014
-0.022
-0.023
-0.024
-0.011
-0.0033
-0.0048
-0.0089
0.0036
0.022
0.032
0.036
0.043
0.041
0.021
0.0093
0.015
0.032
0.037
0.0065
-0.037
-0.059
-0.052
-0.043
-0.041
-0.039
-0.028
-0.019
-0.013
0.00038
0.01
0.024
0.037
0.033
0.017
0.0031
-0.0057
-0.0068
-0.00081
-0.0011
-0.01
-0.028
-0.034
-0.027
-0.037
-0.057
-0.069
-0.084
-0.097
-0.092
-0.063
-0.03
-0.022
-0.041
-0.037
-0.0056
0.014
0.014
-0.012
-0.049
-0.075
-0.076
-0.063
-0.06
-0.062
-0.053
-0.034
-0.025
-0.023
-0.028
-0.034
-0.031
-0.025
-0.016
-0.0018
0.0069
-0.0061
-0.009
0.0036
0.021
0.028
0.014
0.0098
0.026
0.026
0.011
-0.011
-0.026
-0.036
-0.045
-0.033
-0.0095
-0.0061
0.0063
0.054
0.094
0.094
0.069
0.034
0.016
0.019
0.018
0.012
0.011
0.0027
-0.011
-0.024
-0.038
-0.063
-0.077
-0.049
-0.0065
0.015
0.017
0.026
0.041
0.051
0.041
0.011
-0.0094
-0.025
-0.031
-0.021
0.0012
0.021
0.022
0.021
0.023
0.022
0.0075
-0.0079
-0.013
-0.0012
0.017
0.018
0.0025
-0.011
-0.019
-0.03
-0.048
-0.05
-0.03
-0.023
-0.034
-0.043
-0.046
-0.042
-0.03
-0.027
-0.025
-0.0059
0.019
0.034
0.039
0.028
-0.00087
-0.026
-0.034
-0.017
0.0043
0.006
0.0014
0.006
0.021
0.032
0.03
0.014
0.0068
0.00014
-0.011
-0.014
-0.02
-0.017
-0.0035
0.014
0.026
0.026
0.019
0.022
0.034
0.055
0.075
0.074
0.066
0.068
0.072
0.067
0.057
0.046
0.049
0.052
0.057
0.072
0.091
0.11
0.12
0.12
0.11
0.11
0.11
0.1
0.093
0.079
0.07
0.067
0.063
0.06
0.066
0.066
0.062
0.053
0.047
0.041
0.044
0.058
0.071
0.081
0.084
0.08
0.066
0.056
0.056
0.064
0.076
0.07
0.051
0.042
0.043
0.044
0.037
0.024
0.015
0.02
0.027
0.041
0.053
0.056
0.057
0.058
0.054
0.051
0.045
0.036
0.033
0.045
0.063
0.067
0.045
0.029
0.0066
-0.029
-0.036
-0.022
-0.014
-0.0058
0.015
0.046
0.075
0.081
0.073
0.075
0.067
0.052
0.032
0.0069
-0.011
-0.02
-0.02
-0.0083
0.023
0.059
0.082
0.075
0.056
0.044
0.039
0.053
0.067
0.056
0.037
0.035
0.043
0.065
0.087
0.084
0.06
0.023
-0.0057
-0.021
-0.035
-0.041
-0.037
-0.033
-0.017
0.012
0.04
0.056
0.039
-0.0026
-0.016
-0.007
-0.0057
-0.011
-0.018
-0.029
-0.043
-0.055
-0.052
-0.015
0.024
0.035
0.029
0.015
-0.0032
-0.029
-0.041
-0.037
-0.033
-0.043
-0.055
-0.065
-0.073
-0.068
-0.065
-0.064
-0.072
-0.096
-0.1
-0.093
-0.071
-0.063
-0.078
-0.11
-0.13
-0.14
-0.14
-0.13
-0.13
-0.12
-0.097
-0.1
-0.12
-0.13
-0.14
-0.15
-0.16
-0.16
-0.15
-0.16
-0.15
-0.13
-0.13
-0.13
-0.12
-0.11
-0.12
-0.13
-0.14
-0.13
-0.11
-0.11
-0.11
-0.1
-0.089
-0.067
-0.049
-0.037
-0.033
-0.035
-0.037
-0.033
-0.032
-0.035
-0.031
-0.032
-0.034
-0.032
-0.029
-0.018
-0.0048
0.0077
0.012
0.018
0.029
0.037
0.038
0.036
0.026
0.011
0.0071
0.016
0.018
0.012
0.0086
0.025
0.045
0.045
0.034
0.03
0.032
0.036
0.038
0.033
0.034
0.041
0.046
0.044
0.032
0.024
0.021
0.017
0.01
0.019
0.04
0.051
0.056
0.044
0.014
-0.0087
-0.0021
0.012
0.027
0.037
0.04
0.03
0.024
0.026
0.024
0.024
0.026
0.03
0.041
0.055
0.064
0.061
0.053
0.044
0.039
0.032
0.024
0.03
0.043
0.058
0.064
0.051
0.029
0.018
0.024
0.025
0.018
0.013
0.017
0.024
0.033
0.037
0.025
0.019
0.026
0.032
0.033
0.038
0.048
0.049
0.036
0.018
0.025
0.035
0.023
0.0014
-0.0097
-0.0066
0.0033
0.021
0.042
0.049
0.035
0.0088
-0.0097
-0.012
-0.0088
-0.017
-0.022
-0.0091
0.0076
0.019
0.023
0.022
0.02
0.026
0.032
0.023
0.0078
0.01
0.029
0.042
0.043
0.033
0.015
0.011
0.014
0.011
-0.012
-0.041
-0.036
0.0077
0.041
0.019
-0.037
-0.068
-0.058
-0.031
-0.0034
-0.0085
-0.029
-0.027
-0.015
0.018
0.062
0.084
0.067
0.023
-0.0065
-0.014
-0.027
-0.048
-0.043
-0.012
0.025
0.041
0.027
-0.0032
-0.022
-0.013
0.006
0.028
0.036
0.018
0.0034
0.0049
0.016
0.027
0.039
0.051
0.064
0.069
0.049
0.016
0.0084
0.028
0.045
0.041
0.03
0.014
-0.0053
0.013
0.086
0.15
0.15
0.12
0.078
0.044
0.038
0.047
0.048
0.057
0.07
0.08
0.093
0.1
0.11
0.1
0.11
0.11
0.11
0.065
0.026
0.012
0.013
0.029
0.052
0.07
0.072
0.058
0.048
0.066
0.096
0.11
0.094
0.067
0.042
0.029
0.03
0.035
0.046
0.043
0.012
-0.012
-0.012
-0.0068
-0.00072
-0.0082
-0.022
-0.0069
0.028
0.062
0.056
0.02
-0.016
-0.031
-0.022
-0.0043
0.0092
0.014
0.019
0.015
0.013
0.021
0.031
0.046
0.052
0.052
0.041
0.019
-0.016
-0.035
-0.022
0.0058
0.017
-0.00035
-0.018
-0.018
0.0097
0.042
0.053
0.039
0.0062
-0.025
-0.024
0.0034
0.035
0.05
0.05
0.038
0.013
-0.0095
-0.0044
0.018
0.043
0.06
0.064
0.058
0.049
0.041
0.038
0.059
0.1
0.12
0.12
0.085
0.068
0.064
0.066
0.07
0.06
0.049
0.046
0.062
0.068
0.056
0.035
0.048
0.096
0.1
0.088
0.082
0.073
0.075
0.11
0.13
0.12
0.1
0.075
0.047
0.049
0.063
0.068
0.062
0.057
0.039
0.0091
-0.015
-0.0055
0.024
0.049
0.066
0.059
0.028
-0.0044
-0.014
0.0035
0.015
0.0088
-0.0074
-0.027
-0.037
-0.038
-0.038
-0.036
-0.044
-0.063
-0.062
-0.044
-0.025
-0.015
-0.013
-0.019
-0.029
-0.034
-0.034
-0.025
-0.024
-0.031
-0.036
-0.032
-0.022
-0.02
-0.017
-0.017
-0.034
-0.062
-0.063
-0.042
-0.03
-0.041
-0.055
-0.036
-0.026
-0.043
-0.059
-0.058
-0.032
-0.012
0.0038
0.01
0.0045
-0.0017
0.0069
0.021
0.022
0.029
0.034
0.033
0.032
0.025
0.013
-0.0041
-0.0069
0.015
0.025
0.017
0.026
0.042
0.036
0.036
0.036
0.017
0.019
0.029
0.033
0.034
0.04
0.042
0.036
0.026
0.032
0.036
0.019
0.015
0.031
0.048
0.061
0.065
0.06
0.058
0.058
0.056
0.06
0.063
0.053
0.055
0.055
0.049
0.041
0.03
0.02
0.022
0.044
0.065
0.078
0.093
0.11
0.13
0.11
0.095
0.089
0.078
0.053
0.04
0.05
0.066
0.08
0.087
0.1
0.11
0.12
0.11
0.09
0.091
0.093
0.077
0.075
0.094
0.11
0.13
0.12
0.094
0.059
0.04
0.051
0.07
0.1
0.15
0.16
0.14
0.13
0.12
0.13
0.16
0.17
0.16
0.14
0.13
0.13
0.12
0.11
0.092
0.071
0.049
0.057
0.071
0.062
0.059
0.087
0.12
0.11
0.06
0.023
0.017
0.021
0.029
0.031
0.03
0.043
0.049
0.031
-0.00038
-0.028
-0.034
-0.032
-0.045
-0.065
-0.075
-0.073
-0.065
-0.058
-0.07
-0.074
-0.061
-0.054
-0.047
-0.043
-0.05
-0.053
-0.058
-0.059
-0.057
-0.071
-0.096
-0.1
-0.094
-0.085
-0.1
-0.098
-0.064
-0.039
-0.051
-0.087
-0.099
-0.084
-0.063
-0.065
-0.089
-0.094
-0.077
-0.065
-0.065
-0.087
-0.089
-0.079
-0.076
-0.08
-0.091
-0.1
-0.1
-0.11
-0.11
-0.076
-0.059
-0.048
-0.033
-0.037
-0.065
-0.085
-0.077
-0.068
-0.071
-0.083
-0.092
-0.11
-0.13
-0.14
-0.15
-0.17
-0.19
-0.19
-0.2
-0.19
-0.16
-0.15
-0.18
-0.21
-0.18
-0.15
-0.13
-0.12
-0.096
-0.077
-0.081
-0.12
-0.16
-0.17
-0.14
-0.099
-0.073
-0.082
-0.11
-0.13
-0.15
-0.17
-0.18
-0.18
-0.16
-0.14
-0.15
-0.17
-0.16
-0.13
-0.11
-0.12
-0.14
-0.16
-0.15
-0.11
-0.081
-0.049
-0.031
-0.037
-0.077
-0.13
-0.15
-0.14
-0.12
-0.092
-0.059
-0.054
-0.084
-0.1
-0.091
-0.058
-0.039
-0.032
-0.018
0.011
0.032
0.037
0.035
0.042
0.055
0.054
0.025
-0.0005
0.0028
0.019
0.022
0.019
0.023
0.039
0.055
0.061
0.072
0.088
0.094
0.087
0.081
0.08
0.084
0.087
0.087
0.092
0.1
0.12
0.12
0.096
0.081
0.084
0.08
0.077
0.07
0.065
0.079
0.085
0.086
0.079
0.054
0.039
0.041
0.048
0.063
0.078
0.088
0.088
0.07
0.048
0.021
-0.0039
-0.013
-0.02
-0.027
-0.043
-0.062
-0.062
-0.025
0.012
0.01
-0.032
-0.084
-0.091
-0.068
-0.05
-0.051
-0.057
-0.05
-0.045
-0.057
-0.074
-0.093
-0.09
-0.065
-0.053
-0.055
-0.048
-0.041
-0.039
-0.032
-0.057
-0.1
-0.11
-0.071
-0.031
-0.012
-0.015
-0.019
-0.016
-0.029
-0.058
-0.081
-0.09
-0.075
-0.05
-0.025
-0.013
-0.02
-0.033
-0.042
-0.041
-0.034
-0.028
-0.027
-0.026
-0.033
-0.041
-0.032
-0.015
-0.018
-0.03
-0.046
-0.054
-0.046
-0.028
-0.0088
0.013
0.017
0.0011
-0.022
-0.035
-0.026
-0.0014
0.02
0.029
0.024
0.013
0.013
0.0072
-0.015
-0.026
-0.019
-0.013
-0.021
-0.024
-0.024
-0.021
-0.02
-0.034
-0.045
-0.043
-0.04
-0.027
-0.011
-0.01
-0.01
-0.0047
0.0013
-0.00023
-0.0076
-0.0072
0.0037
0.01
-0.0067
-0.03
-0.025
0.0016
0.03
0.041
0.024
-0.0082
-0.028
-0.028
-0.0077
0.017
0.042
0.065
0.073
0.052
0.018
0.004
0.012
0.022
0.034
0.041
0.031
0.016
0.01
0.015
0.017
0.013
-0.0006
-0.02
-0.029
-0.025
-0.0036
0.025
0.04
0.03
0.0075
-0.00053
0.01
0.034
0.053
0.061
0.059
0.045
0.034
0.032
0.048
0.086
0.12
0.12
0.12
0.11
0.1
0.093
0.086
0.089
0.1
0.11
0.12
0.13
0.14
0.14
0.12
0.1
0.1
0.1
0.1
0.1
0.11
0.13
0.14
0.14
0.13
0.12
0.084
0.063
0.078
0.1
0.12
0.12
0.11
0.098
0.091
0.093
0.11
0.12
0.12
0.12
0.11
0.12
0.13
0.14
0.13
0.11
0.098
0.11
0.13
0.14
0.14
0.12
0.11
0.12
0.13
0.12
0.12
0.12
0.13
0.15
0.15
0.15
0.13
0.12
0.12
0.13
0.13
0.15
0.16
0.17
0.17
0.16
0.15
0.14
0.12
0.11
0.13
0.15
0.17
0.17
0.14
0.11
0.088
0.095
0.12
0.12
0.11
0.11
0.12
0.13
0.11
0.11
0.12
0.14
0.15
0.14
0.12
0.12
0.13
0.13
0.13
0.14
0.15
0.15
0.14
0.13
0.12
0.1
0.099
0.11
0.12
0.12
0.11
0.1
0.097
0.1
0.1
0.098
0.09
0.082
0.082
0.078
0.07
0.064
0.06
0.065
0.071
0.07
0.062
0.06
0.068
0.083
0.086
0.057
0.025
0.0053
-0.013
-0.028
-0.022
0.0049
0.029
0.036
0.018
-0.011
-0.044
-0.065
-0.068
-0.048
-0.021
-0.0093
-0.012
-0.018
-0.018
-0.019
-0.032
-0.053
-0.056
-0.05
-0.054
-0.059
-0.061
-0.055
-0.038
-0.029
-0.042
-0.06
-0.064
-0.058
-0.05
-0.051
-0.048
-0.033
-0.026
-0.038
-0.046
-0.039
-0.036
-0.039
-0.038
-0.027
-0.011
-0.0076
-0.022
-0.048
-0.071
-0.078
-0.072
-0.055
-0.037
-0.025
-0.016
-0.0095
-0.011
-0.015
-0.015
-0.018
-0.034
-0.046
-0.065
-0.085
-0.078
-0.058
-0.062
-0.091
-0.12
-0.13
-0.13
-0.11
-0.11
-0.11
-0.075
-0.05
-0.048
-0.04
-0.018
1.5e-005
0.0098
0.0099
0.013
0.025
0.027
0.012
-0.012
-0.063
-0.13
-0.16
-0.19
-0.21
-0.23
-0.25
-0.24
-0.21
-0.18
-0.13
-0.075
-0.042
-0.0047
0.058
0.097
0.079
0.037
0.01
0.018
0.029
0.014
-0.034
-0.088
-0.11
-0.12
-0.14
-0.17
-0.2
-0.21
-0.2
-0.19
-0.18
-0.14
-0.062
0.022
0.065
0.081
0.11
0.15
0.17
0.14
0.058
-0.0064
0.018
0.11
0.2
0.23
0.24
0.25
0.27
0.27
0.26
0.23
0.19
0.15
0.14
0.18
0.22
0.23
0.22
0.2
0.18
0.19
0.17
0.13
0.094
0.081
0.066
0.055
0.054
0.058
0.073
0.087
0.089
0.06
-0.00099
-0.045
-0.045
-0.022
-0.0014
-0.0093
-0.041
-0.055
-0.022
0.038
0.079
0.071
0.027
-0.034
-0.096
-0.14
-0.17
-0.21
-0.24
-0.27
-0.29
-0.32
-0.38
-0.44
-0.46
-0.43
-0.41
-0.43
-0.48
-0.53
-0.55
-0.51
-0.44
-0.39
-0.38
-0.4
-0.38
-0.31
-0.23
-0.2
-0.19
-0.18
-0.17
-0.17
-0.21
-0.27
-0.29
-0.27
-0.24
-0.21
-0.21
-0.25
-0.32
-0.38
-0.44
-0.46
-0.45
-0.41
-0.35
-0.3
-0.27
-0.27
-0.25
-0.22
-0.18
-0.15
-0.15
-0.15
-0.11
-0.071
-0.046
-0.049
-0.068
-0.092
-0.11
-0.13
-0.13
-0.13
-0.13
-0.12
-0.12
-0.14
-0.16
-0.18
-0.15
-0.094
-0.05
-0.03
-0.03
-0.022
0.0026
0.036
0.072
0.1
0.12
0.12
0.12
0.13
0.13
0.14
0.14
0.13
0.13
0.1
0.05
0.04
0.055
0.049
0.016
-0.0033
0.0025
0.025
0.052
0.054
0.038
0.028
0.043
0.065
0.083
0.095
0.1
0.098
0.08
0.052
0.03
0.019
0.011
0.011
0.013
0.0029
-0.032
-0.062
-0.072
-0.082
-0.095
-0.083
-0.055
-0.048
-0.088
-0.13
-0.13
-0.079
-0.0036
0.052
0.051
0.018
0.02
0.065
0.11
0.11
0.036
-0.043
-0.056
-0.015
0.032
0.053
0.047
0.013
-0.016
-0.028
-0.043
-0.068
-0.091
-0.1
-0.091
-0.049
-0.026
-0.022
-0.013
0.013
0.053
0.082
0.08
0.067
0.073
0.088
0.11
0.14
0.17
0.19
0.2
0.2
0.19
0.16
0.12
0.085
0.075
0.088
0.093
0.07
0.031
0.012
0.024
0.044
0.04
0.026
0.03
0.043
0.047
0.052
0.055
0.04
0.017
0.0097
0.015
0.0066
-0.025
-0.052
-0.053
-0.043
-0.047
-0.089
-0.13
-0.14
-0.12
-0.088
-0.071
-0.077
-0.082
-0.069
-0.041
-0.017
-0.0074
0.0045
0.027
0.048
0.058
0.054
0.041
0.035
0.051
0.07
0.08
0.077
0.072
0.069
0.061
0.04
-0.0025
-0.044
-0.066
-0.062
-0.038
-0.0061
-0.00023
-0.043
-0.11
-0.16
-0.14
-0.093
-0.04
-0.0075
0.012
0.031
0.042
0.041
0.028
0.021
0.029
0.037
0.03
0.0079
0.0037
0.042
0.08
0.064
0.012
-0.029
-0.025
0.0069
0.021
0.0087
-0.033
-0.066
-0.062
-0.044
-0.041
-0.05
-0.048
-0.021
0.02
0.056
0.076
0.078
0.072
0.058
0.035
0.0058
-0.027
-0.035
0.0054
0.065
0.1
0.1
0.08
0.05
0.016
0.0095
0.016
0.027
0.062
0.11
0.14
0.13
0.089
0.053
0.055
0.066
0.071
0.066
0.064
0.072
0.087
0.12
0.14
0.15
0.14
0.15
0.18
0.21
0.2
0.17
0.16
0.16
0.18
0.19
0.19
0.17
0.15
0.15
0.17
0.19
0.2
0.19
0.18
0.16
0.14
0.14
0.14
0.15
0.16
0.17
0.18
0.17
0.13
0.1
0.092
0.1
0.13
0.15
0.15
0.14
0.13
0.12
0.11
0.11
0.097
0.091
0.091
0.097
0.1
0.1
0.11
0.1
0.09
0.078
0.065
0.068
0.096
0.12
0.13
0.12
0.093
0.081
0.076
0.065
0.057
0.066
0.085
0.089
0.068
0.05
0.048
0.052
0.061
0.076
0.084
0.08
0.069
0.046
0.03
0.034
0.053
0.058
0.048
0.035
0.024
0.019
0.016
0.015
0.011
0.00032
-0.023
-0.043
-0.035
-0.0098
0.012
0.027
0.033
0.039
0.073
0.13
0.16
0.11
0.00026
-0.076
-0.06
0.0057
0.072
0.11
0.12
0.11
0.085
0.057
0.037
0.013
0.0018
-0.0095
-0.015
-0.0088
0.016
0.051
0.069
0.045
-0.013
-0.069
-0.093
-0.088
-0.071
-0.06
-0.052
-0.052
-0.051
-0.045
-0.027
-0.017
-0.03
-0.055
-0.081
-0.094
-0.094
-0.076
-0.046
-0.041
-0.066
-0.094
-0.12
-0.12
-0.1
-0.081
-0.074
-0.071
-0.073
-0.081
-0.084
-0.082
-0.076
-0.064
-0.051
-0.046
-0.056
-0.07
-0.075
-0.062
-0.033
-0.014
-0.013
-0.017
-0.014
-0.0011
0.0079
0.0074
-0.011
-0.028
-0.029
-0.013
0.0013
0.017
0.037
0.043
0.031
0.013
-0.0016
-0.014
-0.021
-0.015
0.015
0.06
0.11
0.14
0.13
0.1
0.066
0.044
0.042
0.064
0.098
0.12
0.13
0.15
0.14
0.12
0.086
0.062
0.068
0.088
0.11
0.13
0.14
0.15
0.16
0.15
0.14
0.12
0.1
0.093
0.097
0.12
0.15
0.16
0.17
0.17
0.16
0.15
0.15
0.16
0.16
0.16
0.16
0.15
0.15
0.16
0.17
0.19
0.2
0.2
0.18
0.15
0.13
0.11
0.11
0.11
0.1
0.088
0.083
0.078
0.065
0.045
0.018
-0.00035
-0.0075
-0.011
-0.01
-0.006
0.00056
0.0012
0.00044
-0.013
-0.036
-0.054
-0.048
-0.035
-0.024
-0.012
-0.0084
-0.021
-0.039
-0.063
-0.084
-0.1
-0.11
-0.091
-0.06
-0.04
-0.037
-0.041
-0.049
-0.048
-0.051
-0.054
-0.052
-0.059
-0.071
-0.078
-0.072
-0.064
-0.05
-0.028
-0.0074
0.002
0.0062
-0.0044
-0.038
-0.062
-0.058
-0.042
-0.033
-0.029
-0.021
0.01
0.055
0.08
0.08
0.057
0.03
0.0083
0.0064
0.029
0.053
0.059
0.049
0.04
0.042
0.048
0.051
0.051
0.045
0.022
-0.0073
-0.013
0.003
0.032
0.065
0.081
0.059
0.012
-0.028
-0.034
-0.004
0.029
0.049
0.049
0.033
0.013
-0.0056
-0.0083
0.00056
0.017
0.035
0.037
0.0087
-0.028
-0.04
-0.035
-0.024
-0.024
-0.036
-0.042
-0.041
-0.034
-0.028
-0.04
-0.074
-0.096
-0.09
-0.077
-0.072
-0.081
-0.085
-0.074
-0.058
-0.059
-0.064
-0.072
-0.092
-0.11
-0.12
-0.11
-0.089
-0.067
-0.059
-0.075
-0.086
-0.081
-0.067
-0.051
-0.049
-0.074
-0.11
-0.13
-0.13
-0.099
-0.077
-0.053
-0.039
-0.052
-0.067
-0.062
-0.048
-0.046
-0.054
-0.061
-0.053
-0.039
-0.035
-0.036
-0.051
-0.059
-0.052
-0.05
-0.054
-0.053
-0.053
-0.053
-0.04
-0.024
-0.0099
-0.008
-0.0086
0.0012
0.0043
-0.0002
-0.0024
-0.0084
-0.011
-0.0057
0.0043
0.016
0.02
0.0016
-0.02
-0.033
-0.028
-0.0023
0.011
0.0073
0.0045
-0.0099
-0.035
-0.043
-0.039
-0.029
-0.02
-0.016
-0.012
-0.0057
