-0.0044
0.0094
7.6e-005
0.0014
0.0079
0.0022
0.009
0.00096
-0.0069
-0.022
-0.017
-0.01
-0.014
0.018
0.013
0.0064
0.016
0.017
0.0079
-0.0035
-0.0079
-0.011
-0.021
-0.0095
0.015
0.015
0.021
0.027
0.0067
-0.024
-0.017
0.0068
-0.0066
-0.011
0.014
0.035
0.019
0.002
0.01
-0.0053
-0.013
-0.018
-0.014
0.0087
0.019
0.027
0.038
0.029
-0.012
-0.019
0.0089
-0.0017
-0.0094
0.022
0.032
0.0063
-0.0048
0.0034
0.0072
0.0026
0.0046
0.0068
0.011
0.014
0.026
0.036
0.034
0.0078
-0.011
-0.00081
0.0071
-0.0085
-0.0066
0.017
0.03
-0.0019
-0.038
-0.024
0.0047
0.0026
-0.012
0.0098
0.038
0.022
-0.007
-0.014
-0.014
-0.016
-0.012
0.017
0.035
0.022
0.011
0.0095
-0.0045
-0.027
-0.033
-0.0058
0.033
0.05
0.053
0.048
0.031
0.021
0.03
0.011
-0.027
-0.021
0.0072
0.0095
-0.0056
0.0077
0.014
-0.0099
-0.035
-0.04
-0.021
-0.01
-0.007
-0.002
0.00093
0.019
0.0094
-0.011
-0.016
-0.014
-0.017
-0.013
-0.0074
0.014
0.031
0.01
-0.022
-0.018
0.004
0.0067
0.0078
0.022
0.025
0.017
0.0058
0.011
0.018
-0.00081
-0.019
-0.006
0.016
0.022
0.023
0.024
0.022
0.0095
-0.0043
0.0029
0.004
0.0033
0.023
0.026
0.0072
0.012
0.011
-0.018
-0.027
-0.00066
0.023
0.0083
-0.017
-0.012
-0.0043
-0.0041
-0.0059
0.005
0.031
0.021
-0.012
-0.014
0.015
0.01
-0.019
-0.034
-0.024
-0.011
0.0059
0.016
0.0085
0.0032
-0.0043
-0.017
-0.011
0.0094
0.0012
-0.012
0.014
0.035
0.021
0.01
0.018
0.0039
-0.031
-0.036
-0.011
0.024
0.034
0.016
-0.011
-0.018
-0.0031
-0.0038
-0.01
-0.016
-0.0074
0.0057
0.014
0.019
0.012
0.0072
0.0048
0.0072
0.0092
-0.0027
-0.0044
0.0087
0.016
0.0015
0.00044
0.0043
-0.017
-0.036
-0.03
-0.011
-0.0073
0.0061
0.012
-0.0034
-0.006
0.01
0.012
-0.004
-0.00014
0.021
0.021
0.012
0.025
0.031
0.0055
0.0038
0.024
0.02
0.0043
0.011
0.028
0.031
0.026
0.0094
-0.0074
0.00011
0.022
0.025
0.018
0.024
0.026
0.022
0.019
0.019
0.013
0.0064
0.0034
0.0039
0.00084
0.0014
0.0099
0.025
0.014
-0.0051
-0.0099
0.0031
0.0033
-0.011
-0.013
-0.0033
-0.0018
-0.0063
0.0035
0.017
0.013
-0.0051
-0.0011
0.014
0.0058
-0.014
-0.012
0.004
-0.00093
-0.022
-0.01
0.018
0.021
0.0062
-0.0078
-0.02
-0.019
-0.0085
0.0068
0.026
0.033
0.029
0.025
0.019
0.015
0.015
0.013
0.0088
0.0092
0.0037
-0.00081
-0.003
0.0045
0.014
0.0026
-0.022
-0.026
-0.0024
0.0079
-0.0036
0.0006
0.0075
0.014
0.0059
0.0011
0.003
0.01
0.005
0.0053
0.022
0.036
0.044
0.026
0.0055
0.00078
0.0042
0.0022
-0.0094
-0.0094
0.0046
0.01
-0.013
-0.025
-0.014
-0.019
-0.02
-0.011
-0.0091
-0.01
-0.00081
0.0011
-0.0096
-0.017
-0.023
-0.017
-0.01
-0.0054
0.0019
-1.5e-005
-0.015
-0.013
-0.0012
-0.0028
-0.005
-0.0024
0.0015
-0.0065
-0.019
-0.003
0.015
0.0062
-0.019
-0.042
-0.045
-0.032
-0.019
-0.033
-0.027
-0.01
-0.012
-0.025
-0.018
0.0045
0.0079
-0.0018
0.0058
0.021
0.016
-0.00084
-0.0043
0.014
0.019
0.0026
0.0058
0.018
0.0093
-0.012
-0.0037
0.016
0.0089
0.00084
-0.002
0.0032
0.015
0.026
0.033
0.03
0.019
-0.00066
-0.0076
-0.00072
0.0097
0.021
0.033
0.03
0.016
0.012
0.016
0.0057
0.0054
0.0093
0.013
0.014
0.021
0.03
0.025
0.023
0.017
0.0053
-0.014
-0.021
-0.017
0.012
0.035
0.031
0.017
0.0084
-0.0064
-0.021
-0.016
0.0037
-0.00023
-0.026
-0.03
-0.02
-0.021
-0.0078
0.0097
-0.0034
-0.023
-0.022
-0.0061
0.018
0.027
0.0011
-0.03
-0.027
0.00041
0.018
0.021
0.023
0.013
-0.0056
-0.015
-0.0096
-0.0029
0.0019
0.0034
0.0033
0.0027
0.0036
0.0016
0.015
0.024
0.021
0.0033
-0.0022
0.0086
0.012
0.011
0.0083
0.0034
0.0018
0.0076
0.005
0.00014
-0.0047
0.0014
0.013
0.0053
-0.016
-0.026
-0.021
-0.0063
-0.0041
-0.012
-0.0021
0.018
0.027
0.015
-0.0046
7.6e-005
0.0087
0.0019
0.009
0.029
0.049
0.046
0.025
0.013
0.012
0.00087
-0.011
-0.0011
0.015
0.025
0.022
0.011
0.00099
-0.0057
-0.009
-0.0065
0.0087
0.02
0.01
0.0029
0.0043
0.022
0.02
-0.0064
-0.025
-0.023
-0.015
-0.0039
0.0033
0.0021
0.011
0.0026
-0.015
-0.019
-0.021
-0.025
-0.031
-0.036
-0.028
-0.018
-0.03
-0.034
-0.029
-0.033
-0.031
-0.032
-0.039
-0.033
-0.011
0.0051
-0.0012
-0.017
-0.025
-0.015
-0.0018
0.0049
0.014
0.02
0.018
0.019
0.025
0.019
0.013
0.02
0.031
0.045
0.041
0.031
0.042
0.056
0.061
0.048
0.032
0.03
0.047
0.05
0.054
0.051
0.048
0.062
0.07
0.076
0.099
0.1
0.075
0.058
0.066
0.06
0.04
0.027
0.026
0.029
0.039
0.058
0.063
0.046
0.036
0.029
0.0091
-0.0033
-0.0035
-0.0031
-0.00011
0.0074
0.008
-0.0087
-0.024
-0.035
-0.024
-0.021
-0.021
-0.006
0.0097
0.01
-0.0011
-0.0074
-0.001
-0.0048
-0.0086
-0.0015
0.0079
0.02
0.039
0.054
0.044
0.029
0.019
0.028
0.033
0.034
0.019
0.014
0.026
0.026
0.018
0.0056
-0.005
-0.0028
0.0036
0.0091
0.014
0.019
0.022
0.017
0.0092
0.0012
-0.0072
-0.0099
-0.0087
-0.01
-0.01
0.00023
0.012
0.0077
-0.019
-0.041
-0.028
-0.0017
0.0084
0.014
0.014
0.028
0.016
-0.0035
0.0043
0.017
0.027
0.018
0.0009
-0.021
-0.026
0.0073
0.038
0.034
0.008
-0.01
0.0049
0.029
0.037
0.037
0.038
0.013
0.0021
0.016
0.019
0.018
0.024
0.035
0.033
0.02
0.0022
-0.013
-0.0059
0.011
0.0091
-0.0075
-0.0077
0.0035
0.00017
-0.014
-0.02
-0.027
-0.058
-0.086
-0.087
-0.051
0.0018
0.024
-0.001
-0.044
-0.082
-0.09
-0.05
-0.034
-0.059
-0.07
-0.036
-0.012
-0.014
-0.014
-0.017
-0.022
-0.014
-0.013
-0.0092
0.01
0.045
0.059
0.04
0.02
0.011
0.0096
0.014
0.027
0.027
0.032
0.041
0.042
0.032
0.0097
0.00014
0.00044
0.012
0.033
0.037
0.026
0.027
0.036
0.036
0.034
0.028
0.019
0.018
0.017
0.028
0.054
0.071
0.057
0.035
0.031
0.049
0.072
0.076
0.065
0.057
0.057
0.052
0.033
0.0091
-0.0013
0.022
0.056
0.06
0.047
0.043
0.058
0.064
0.059
0.047
0.041
0.028
0.021
0.013
-0.0048
-0.022
-0.031
-0.028
-0.021
-0.027
-0.048
-0.055
-0.059
-0.065
-0.064
-0.049
-0.044
-0.059
-0.076
-0.057
-0.015
0.013
0.0063
-0.023
-0.047
-0.039
-0.01
0.0072
0.0017
-0.0072
-0.00029
0.011
0.024
0.04
0.053
0.049
0.037
0.035
0.036
0.038
0.05
0.059
0.052
0.05
0.047
0.045
0.05
0.049
0.042
0.043
0.038
0.045
0.037
0.021
0.0029
-0.0029
-0.00056
0.0012
0.0048
0.013
0.013
-0.0088
-0.021
-0.018
-0.015
-0.021
-0.039
-0.051
-0.038
-0.02
-0.023
-0.043
-0.061
-0.062
-0.055
-0.062
-0.079
-0.094
-0.11
-0.12
-0.15
-0.18
-0.21
-0.23
-0.25
-0.26
-0.28
-0.32
-0.37
-0.4
-0.43
-0.35
-0.18
-0.087
-0.08
-0.11
-0.14
-0.16
-0.2
-0.25
-0.27
-0.27
-0.26
-0.28
-0.35
-0.46
-0.59
-0.72
-0.84
-0.88
-0.87
-0.87
-0.87
-0.88
-0.87
-0.87
-0.6
-0.12
0.26
0.52
0.71
0.85
0.93
0.91
0.74
0.4
-0.014
-0.31
-0.38
-0.31
-0.22
-0.17
-0.13
-0.076
0.02
0.13
0.23
0.32
0.42
0.55
0.79
0.97
0.94
0.84
0.86
0.97
1
1
0.99
0.86
0.84
0.96
0.99
1
0.88
0.51
-0.081
-0.62
-0.69
-0.79
-0.95
-0.91
-0.95
-0.76
-0.46
-0.73
-0.93
-0.9
-0.91
-0.77
-0.67
-0.68
-0.57
-0.24
0.13
0.33
0.31
0.17
0.083
0.14
0.26
0.34
0.31
0.17
0.0067
-0.11
-0.15
-0.078
0.012
0.038
-0.0099
-0.059
-0.032
0.045
0.065
-0.0043
-0.039
0.057
0.17
0.21
0.15
0.11
0.14
0.2
0.2
0.12
0.0064
-0.047
-0.02
0.013
-0.015
-0.085
-0.12
-0.11
-0.12
-0.18
-0.25
-0.27
-0.27
-0.25
-0.2
-0.13
-0.067
-0.027
-0.003
0.015
0.05
0.1
0.13
0.1
0.073
0.096
0.16
0.21
0.2
0.16
0.14
0.16
0.17
0.15
0.13
0.13
0.16
0.2
0.19
0.13
0.067
0.031
0.0054
-0.045
-0.08
-0.056
-0.022
-0.016
-0.039
-0.078
-0.1
-0.11
-0.1
-0.094
-0.078
-0.062
-0.051
-0.033
-0.0088
0.0086
0.0026
-0.017
-0.035
-0.051
-0.07
-0.09
-0.091
-0.064
-0.032
-0.022
-0.022
-0.017
-0.015
-0.012
0.0073
0.04
0.058
0.059
0.045
0.034
0.059
0.099
0.12
0.089
0.034
0.022
0.047
0.068
0.07
0.051
0.034
0.031
0.037
0.047
0.049
0.03
0.022
0.035
0.054
0.063
0.047
0.034
0.037
0.051
0.054
0.052
0.047
0.043
0.043
0.047
0.064
0.078
0.06
0.026
0.021
0.046
0.065
0.062
0.043
0.017
0.0015
0.0097
0.023
0.02
0.0076
0.0029
-0.0079
-0.03
-0.047
-0.052
-0.044
-0.039
-0.042
-0.055
-0.085
-0.11
-0.12
-0.092
-0.065
-0.071
-0.1
-0.12
-0.12
-0.089
-0.054
-0.041
-0.053
-0.064
-0.055
-0.022
0.014
0.038
0.056
0.072
0.081
0.084
0.072
0.049
0.051
0.075
0.1
0.12
0.12
0.11
0.076
0.044
0.023
0.018
0.025
0.022
0.00047
-0.017
-0.004
0.023
0.033
0.013
-0.018
-0.022
0.011
0.046
0.053
0.033
-0.0025
-0.029
-0.04
-0.037
-0.017
0.019
0.037
0.02
0.008
0.016
0.028
0.042
0.06
0.07
0.063
0.041
0.027
0.036
0.063
0.067
0.049
0.05
0.061
0.053
0.035
0.026
0.026
0.029
0.032
0.03
0.0093
-0.011
-0.016
-0.0086
-0.0032
-0.021
-0.06
-0.09
-0.1
-0.12
-0.14
-0.13
-0.11
-0.075
-0.062
-0.076
-0.11
-0.13
-0.085
-0.0092
0.017
-0.02
-0.063
-0.067
-0.03
0.0051
0.0074
-0.029
-0.075
-0.081
-0.026
0.037
0.054
0.028
-0.018
-0.034
-0.0065
0.034
0.055
0.053
0.057
0.077
0.08
0.077
0.073
0.07
0.058
0.057
0.075
0.1
0.12
0.13
0.12
0.087
0.069
0.067
0.066
0.046
0.012
0.0019
0.036
0.073
0.063
0.021
-0.0097
-0.016
0.0034
0.031
0.042
0.031
0.022
0.028
0.032
0.035
0.026
0.013
-0.012
-0.03
-0.018
0.0029
0.026
0.028
-0.01
-0.064
-0.086
-0.065
-0.024
-0.0036
-0.034
-0.068
-0.067
-0.046
-0.038
-0.062
-0.083
-0.066
-0.032
-0.0089
-0.0098
-0.02
4.6e-005
0.046
0.077
0.072
0.053
0.04
0.053
0.082
0.1
0.088
0.054
0.035
0.031
0.029
0.042
0.061
0.064
0.055
0.053
0.051
0.041
0.029
0.028
0.039
0.055
0.072
0.077
0.067
0.04
0.012
0.0036
-0.0023
-0.018
-0.033
-0.034
-0.028
-0.032
-0.047
-0.068
-0.076
-0.051
-0.019
-0.016
-0.041
-0.053
-0.032
0.0014
0.015
-0.0024
-0.04
-0.073
-0.077
-0.067
-0.045
-0.017
-0.0029
-0.01
-0.019
-0.018
-0.011
-0.011
-0.022
-0.035
-0.04
-0.018
0.0086
0.0067
-0.014
-0.037
-0.06
-0.064
-0.045
-0.026
-0.012
0.00093
0.00066
-0.0098
-0.012
-0.00035
0.0082
0.015
0.033
0.052
0.064
0.06
0.041
0.022
0.018
0.027
0.044
0.048
0.036
0.024
0.033
0.047
0.06
0.058
0.039
0.016
-0.0018
-0.0084
-0.013
-0.018
-0.021
-0.02
-0.017
-0.011
-0.023
-0.043
-0.043
-0.025
-0.013
-0.0076
0.00084
0.0075
0.0083
0.012
0.014
0.018
0.025
0.03
0.021
0.0057
-0.0018
0.0036
0.009
0.021
0.038
0.044
0.037
0.017
-0.0065
-0.011
0.0058
0.03
0.049
0.057
0.056
0.051
0.036
0.023
0.015
0.0065
0.00029
-0.008
-0.014
-0.013
-0.011
0.0044
0.039
0.071
0.068
0.041
0.012
0.013
0.044
0.081
0.11
0.11
0.097
0.081
0.073
0.082
0.089
0.081
0.075
0.073
0.067
0.068
0.075
0.079
0.086
0.097
0.096
0.082
0.069
0.058
0.048
0.048
0.052
0.058
0.055
0.042
0.034
0.042
0.062
0.089
0.096
0.07
0.036
0.014
0.014
0.032
0.045
0.039
0.018
0.0027
0.0029
-0.00023
-0.0043
-0.011
-0.035
-0.078
-0.11
-0.11
-0.096
-0.083
-0.082
-0.086
-0.094
-0.1
-0.11
-0.099
-0.078
-0.077
-0.082
-0.063
-0.03
-0.021
-0.019
-0.017
-0.026
-0.035
-0.033
-0.028
-0.031
-0.036
-0.041
-0.042
-0.042
-0.042
-0.039
-0.043
-0.056
-0.066
-0.055
-0.045
-0.052
-0.063
-0.059
-0.046
-0.039
-0.038
-0.04
-0.048
-0.051
-0.044
-0.033
-0.022
-0.012
-0.0084
-0.014
-0.021
-0.016
0.013
0.031
0.041
0.031
0.018
0.02
0.034
0.056
0.077
0.083
0.082
0.077
0.078
0.082
0.079
0.08
0.085
0.085
0.093
0.11
0.11
0.1
0.083
0.066
0.065
0.075
0.072
0.048
0.03
0.04
0.065
0.078
0.075
0.056
0.032
0.013
-0.0016
-0.0035
0.019
0.037
0.027
-0.0036
-0.025
-0.032
-0.022
-0.0054
0.0065
0.0056
0.00032
-0.0098
-0.023
-0.031
-0.038
-0.037
-0.029
-0.014
-0.0055
-0.0034
-0.0041
-0.0066
-0.012
-0.018
-0.024
-0.026
-0.028
-0.024
-0.018
-0.021
-0.019
0.0022
0.019
0.016
-0.0012
-0.021
-0.037
-0.037
-0.02
-0.011
-0.0005
0.0045
0.0027
0.0092
0.0024
-0.027
-0.039
-0.025
-0.011
-0.00032
0.00053
0.0055
0.013
0.015
0.013
0.004
-0.0013
0.0064
-0.0017
-0.012
-0.01
-0.0022
-0.00047
-0.0038
-0.015
-0.025
-0.022
-0.019
-0.019
-0.015
0.0011
0.0068
-0.014
-0.044
-0.067
-0.074
-0.071
-0.057
-0.037
-0.018
-0.01
-0.015
-0.036
-0.066
-0.076
-0.073
-0.066
-0.045
-0.018
-0.0011
-0.00029
-0.016
-0.052
-0.07
-0.054
-0.029
-0.008
0.022
0.042
0.023
-0.012
-0.044
-0.052
-0.032
0.003
0.043
0.064
0.068
0.067
0.076
0.079
0.051
0.033
0.03
0.025
0.014
0.014
0.011
0.0079
0.011
0.0081
-0.0057
-0.021
-0.017
-0.0018
0.018
0.045
0.043
0.023
0.027
0.037
0.022
0.021
0.044
0.065
0.07
0.062
0.059
0.052
0.045
0.035
0.027
0.033
0.052
0.071
0.065
0.05
0.042
0.055
0.078
0.076
0.059
0.056
0.071
0.083
0.082
0.068
0.046
0.04
0.046
0.057
0.068
0.084
0.11
0.12
0.1
0.074
0.046
0.021
0.0089
0.0083
0.031
0.063
0.074
0.068
0.055
0.044
0.026
0.0067
-0.0034
-0.0055
-0.0021
0.0087
0.026
0.023
0.0063
0.00084
0.0093
0.02
0.02
0.0061
0.0094
0.045
0.068
0.054
0.026
0.011
0.022
0.037
0.04
0.026
0.005
-0.0034
-0.0065
-0.015
-0.025
-0.038
-0.039
-0.032
-0.025
-0.022
-0.019
-0.014
-0.0096
-0.0097
-0.019
-0.02
-0.017
-0.0048
-0.00066
-0.00075
0.003
0.0047
-0.0056
-0.017
-0.031
-0.052
-0.064
-0.067
-0.064
-0.054
-0.035
-0.012
-0.0083
-0.024
-0.044
-0.039
-0.016
-0.0086
-0.017
-0.022
-0.019
-0.0077
0.0011
-0.014
-0.031
-0.032
-0.021
-0.0054
-0.0036
-0.02
-0.039
-0.035
-0.021
-0.017
-0.013
0.005
0.018
0.0064
-0.012
-0.032
-0.041
-0.024
-0.0088
0.00081
0.0072
0.01
-0.0023
-0.019
-0.022
-0.0087
0.019
0.032
0.03
0.019
0.013
0.0041
-0.0078
-0.0017
0.014
0.018
0.014
0.01
0.00087
0.0088
0.019
0.021
0.028
0.019
0.011
0.017
0.026
0.032
0.026
0.011
0.0058
0.014
0.017
0.026
0.043
0.054
0.059
0.058
0.044
0.031
0.03
0.036
0.043
0.042
0.034
0.032
0.036
0.036
0.038
0.036
0.044
0.047
0.049
0.048
0.045
0.04
0.044
0.045
0.036
0.031
0.029
0.035
0.037
0.035
0.034
0.03
0.032
0.037
0.029
0.019
0.019
0.019
0.02
0.019
0.017
0.013
0.0043
0.0092
0.0042
-0.0026
0.0065
0.016
0.022
0.019
0.01
-0.0042
-0.017
-0.016
-0.004
-0.0035
-0.012
-0.016
-0.026
-0.036
-0.032
-0.015
0.0088
0.026
0.04
0.041
0.032
0.024
0.014
0.013
0.015
0.024
0.032
0.03
0.016
0.0058
-0.021
-0.047
-0.038
0.0052
0.033
0.022
0.019
0.037
0.06
0.082
0.094
0.077
0.035
0.0094
-0.014
-0.042
-0.045
-0.019
0.012
0.028
0.028
0.016
0.018
0.035
0.048
0.049
0.041
0.035
0.026
0.015
0.0083
0.0075
0.017
0.029
0.038
0.043
0.036
0.015
-0.006
-0.018
-0.026
-0.026
-0.022
-0.023
-0.032
-0.051
-0.056
-0.046
-0.021
-0.015
-0.026
-0.036
-0.042
-0.034
-0.02
-0.013
-0.0096
-0.016
-0.043
-0.067
-0.074
-0.068
-0.037
-0.0084
-0.0071
-0.017
-0.014
-0.013
-0.032
-0.06
-0.08
-0.089
-0.082
-0.058
-0.045
-0.049
-0.045
-0.031
-0.011
0.0076
0.0069
-0.021
-0.039
-0.033
-0.017
0.01
0.038
0.042
0.026
0.01
-0.008
-0.021
-0.013
-0.0049
-0.006
-0.0093
0.0015
0.011
0.0076
-0.0012
-0.011
-0.0084
-0.008
0.013
0.056
0.076
0.058
0.042
0.04
0.022
-0.0031
-0.011
0.0014
0.011
0.015
0.045
0.074
0.075
0.079
0.09
0.062
0.019
0.019
0.026
0.02
0.033
0.041
-7.6e-005
-0.037
-0.014
0.018
0.028
0.043
0.052
0.033
0.0064
-0.0017
0.0063
0.009
0.0089
0.01
0.0034
-0.015
-0.008
0.008
0.017
0.011
-0.00041
-0.01
-0.02
-0.034
-0.037
-0.023
-0.021
-0.013
0.016
0.036
0.031
0.016
-0.00026
-0.01
-0.0062
-0.0041
-0.009
-0.0051
-0.0079
-0.028
-0.05
-0.045
-0.031
-0.02
0.0024
0.034
0.047
0.029
0.0066
-0.0098
-0.0055
0.01
0.015
0.0062
-0.00023
0.00029
-0.0037
0.0012
0.011
0.02
0.027
0.027
0.017
0.012
0.021
0.029
0.032
0.028
0.011
-0.0025
-0.0029
0.026
0.058
0.08
0.074
0.045
-0.0017
-0.032
-0.02
0.0048
0.022
0.029
0.021
0.0084
0.0056
0.0087
0.0043
-0.0043
-0.0071
0.0025
0.022
0.034
0.028
0.011
0.0074
0.00026
-0.016
-0.027
-0.039
-0.04
-0.018
0.01
0.019
0.01
-0.0011
0.0024
0.018
0.03
0.034
0.023
0.0081
0.0095
0.016
0.02
0.027
0.029
0.016
0.0065
0.009
0.014
0.019
0.019
0.0085
-0.019
-0.033
-0.028
-0.012
-0.00087
0.0006
0.0023
-0.001
-0.0056
-0.013
-0.017
-0.0087
0.0099
0.027
0.035
0.033
0.0079
-0.013
-0.0049
0.0071
0.0069
0.015
0.031
0.029
0.0022
-0.025
-0.045
-0.047
-0.01
0.026
0.04
0.048
0.06
0.073
0.071
0.058
0.036
0.024
0.028
0.019
-0.0025
0.00029
0.024
0.043
0.049
0.035
0.0065
-0.0082
-0.0076
-0.003
0.0069
0.019
0.023
0.011
-0.0051
-0.013
0.00084
0.02
0.026
0.021
0.032
0.037
0.012
-0.0057
-0.0015
0.00084
0.0033
0.02
0.038
0.038
0.044
0.076
0.11
0.099
0.066
0.034
0.0045
0.00087
0.038
0.082
0.098
0.081
0.041
-0.0027
-0.022
-0.0094
0.018
0.041
0.052
0.046
0.037
0.031
0.03
0.039
0.045
0.037
0.028
0.018
0.017
0.01
0.01
0.02
0.031
0.042
0.048
0.041
0.016
-0.002
-0.005
0.0047
0.013
0.0082
0.00087
0.0029
0.0053
0.011
0.02
0.011
-0.01
-0.024
-0.037
-0.046
-0.046
-0.045
-0.04
-0.026
-0.016
-0.012
-0.0051
0.011
0.025
0.028
0.018
0.0062
0.0055
0.019
0.028
0.03
0.026
0.024
0.023
0.03
0.031
0.013
-0.00084
-0.0048
-0.016
-0.018
-0.0069
0.0086
0.022
0.029
0.017
0.0087
0.015
0.026
0.033
0.041
0.032
0.0065
-0.011
-0.0098
-0.0042
0.019
0.052
0.046
0.012
-0.0091
-0.00093
0.023
0.036
0.046
0.055
0.059
0.055
0.046
0.039
0.034
0.039
0.045
0.039
0.027
0.016
0.0067
-0.0048
-0.0076
-0.0037
-0.003
-0.0033
-0.0079
-0.014
-0.026
-0.046
-0.057
-0.058
-0.052
-0.026
0.011
0.024
0.0009
-0.031
-0.054
-0.061
-0.052
-0.037
-0.037
-0.042
-0.04
-0.039
-0.045
-0.045
-0.042
-0.05
-0.062
-0.064
-0.053
-0.035
-0.021
-0.025
-0.032
-0.016
-0.0026
-0.01
-0.022
-0.034
-0.046
-0.032
-0.0084
-0.0029
-0.011
-0.011
-0.008
-0.0096
-0.009
-0.014
-0.013
0.0012
0.026
0.039
0.036
0.02
-0.011
-0.025
-0.018
-0.013
-0.013
-0.0019
0.018
0.024
0.025
0.022
0.021
0.026
0.024
0.019
0.027
0.037
0.053
0.062
0.062
0.052
0.034
0.017
0.016
0.02
0.03
0.047
0.051
0.04
0.031
0.026
0.024
0.021
0.021
0.014
0.0089
0.035
0.064
0.063
0.059
0.06
0.049
0.025
0.0053
-0.0043
-0.004
0.00087
0.011
0.019
0.018
0.01
-0.0086
-0.033
-0.036
-0.015
0.017
0.045
0.053
0.043
0.023
0.0047
0.0015
-0.00035
0.0051
0.0076
0.013
0.033
0.059
0.07
0.059
0.04
0.0087
-0.01
-0.013
-0.021
-0.037
-0.036
-0.011
0.016
0.024
0.027
0.038
0.035
0.027
0.036
0.046
0.044
0.038
0.027
0.0079
-0.00023
0.0046
0.01
0.0039
-0.0015
0.0058
0.012
0.0061
-0.0044
-0.0012
0.012
0.011
-0.0066
-0.021
-0.021
-0.014
0.01
0.044
0.056
0.053
0.052
0.033
0.015
0.013
0.023
0.045
0.058
0.049
0.031
0.0071
-0.0045
0.00081
0.0091
0.0094
-4.6e-005
-0.0043
-0.0072
-0.02
-0.027
-0.0037
0.023
0.031
0.037
0.051
0.05
0.034
0.031
0.05
0.071
0.074
0.053
0.021
-0.0075
-0.0022
0.023
0.024
0.013
0.024
0.047
0.055
0.051
0.037
0.031
0.029
0.014
0.011
0.017
0.017
0.026
0.034
0.024
-0.00044
-0.025
-0.031
-0.02
-0.0051
0.0061
0.0013
-0.015
-0.017
-0.017
0.002
0.03
0.045
0.04
0.026
0.011
0.016
0.041
0.051
0.036
0.018
0.0032
-0.013
-0.019
0.0027
0.022
0.012
0.0025
0.0064
0.0069
0.0078
0.019
0.023
0.0026
-0.018
-0.021
-0.023
-0.022
-0.022
-0.026
-0.02
-0.0079
0.0033
0.0096
0.015
0.0064
0.0013
0.0095
0.012
-0.0051
-0.046
-0.068
-0.069
-0.071
-0.045
-0.015
-0.008
-0.0095
-0.0053
0.027
0.06
0.069
0.064
0.042
0.0042
-0.022
-0.035
-0.027
-0.0082
0.0093
0.034
0.048
0.037
-0.00078
-0.041
-0.045
-0.042
-0.049
-0.051
-0.062
-0.05
-0.0092
0.0023
0.0069
0.041
0.072
0.064
0.013
-0.037
-0.054
-0.04
-0.0056
0.014
0.014
0.0078
-0.0045
-0.023
-0.023
-0.018
-0.029
-0.041
-0.052
-0.06
-0.048
-0.014
0.019
0.031
0.032
0.035
0.045
0.067
0.091
0.086
0.053
0.025
-0.00035
-0.017
-0.027
-0.023
-0.015
-0.012
-0.022
-0.043
-0.061
-0.061
-0.04
-0.016
-0.00041
0.021
0.045
0.067
0.082
0.086
0.086
0.093
0.086
0.065
0.052
0.038
0.041
0.059
0.066
0.05
0.026
0.019
0.035
0.064
0.088
0.096
0.069
0.032
0.0083
0.0088
0.029
0.048
0.051
0.038
0.023
0.0051
-0.0056
-0.0082
-0.0048
0.028
0.071
0.095
0.085
0.056
0.0059
-0.044
-0.063
-0.052
-0.034
-0.026
0.0031
0.035
0.045
0.045
0.049
0.049
0.037
0.017
0.0016
-0.0064
-0.0031
0.015
0.031
0.0083
-0.037
-0.067
-0.085
-0.092
-0.069
-0.036
-0.016
-0.0087
-0.0069
-0.002
-0.0084
-0.027
-0.04
-0.049
-0.044
-0.02
0.0053
0.0078
-0.017
-0.043
-0.045
-0.028
-0.011
-0.0038
-0.0024
-0.012
-0.019
-0.017
0.0032
0.032
0.058
0.059
0.031
-0.0065
-0.024
-0.015
0.0028
0.0076
0.0019
-0.0031
-0.015
-0.029
-0.017
0.0044
0.0054
0.0017
0.0061
-0.0026
-0.00096
0.033
0.061
0.063
0.041
0.019
0.0057
0.0037
0.0024
-0.0072
-0.0011
0.025
0.033
0.014
-0.0082
-0.036
-0.048
-0.028
-0.0063
0.0013
0.0052
0.02
0.027
0.016
-0.00096
-0.021
-0.034
-0.039
-0.043
-0.036
-0.018
0.00032
0.0018
-0.0022
-0.026
-0.056
-0.07
-0.05
-0.029
-0.02
-0.00075
0.011
0.0095
0.00066
-0.015
-0.03
-0.043
-0.043
-0.024
-0.012
-0.01
-0.012
-0.043
-0.077
-0.077
-0.058
-0.036
-0.013
0.0041
0.021
0.035
0.028
0.0082
-0.0087
-0.0091
0.002
0.0025
-0.0043
-0.0045
0.0026
0.021
0.04
0.038
0.015
-0.0097
-0.013
0.0019
0.021
0.031
0.031
0.034
0.041
0.055
0.057
0.055
0.047
0.041
0.041
0.047
0.05
0.045
0.04
0.037
0.04
0.049
0.064
0.072
0.062
0.051
0.038
0.02
0.0066
0.0086
0.024
0.053
0.07
0.052
0.027
0.0093
0.00087
0.0099
0.034
0.045
0.038
0.024
0.0067
0.003
0.012
0.018
0.01
-0.0021
-0.01
-0.029
-0.046
-0.032
-0.0072
0.0043
0.0081
0.0023
-0.0031
0.00066
-0.0066
-0.014
-0.0093
-0.0026
0.0032
0.0012
-0.01
-0.027
-0.042
-0.046
-0.034
-0.022
0.008
0.037
0.032
-0.0023
-0.028
-0.029
-0.023
-0.011
0.011
0.024
0.013
-0.0074
-0.015
-0.017
-0.015
-0.019
-0.039
-0.055
-0.056
-0.044
-0.039
-0.043
-0.047
-0.041
-0.035
-0.035
-0.036
-0.038
-0.044
-0.041
-0.023
-0.011
-0.015
-0.022
-0.029
-0.034
-0.039
-0.044
-0.042
-0.049
-0.041
-0.033
-0.031
-0.033
-0.037
-0.044
-0.054
-0.057
-0.046
-0.023
-0.018
-0.027
-0.029
-0.022
-0.017
-0.019
-0.0034
0.021
0.016
-0.0035
-0.021
-0.034
-0.027
-0.0065
-0.0051
-0.017
-0.015
0.0048
0.021
0.028
0.034
0.033
0.021
0.0057
-0.0041
-0.02
-0.037
-0.042
-0.032
-0.0033
0.021
0.021
0.0084
0.0094
0.016
0.015
0.015
0.015
0.0085
-0.0069
-0.022
-0.017
0.0068
0.038
0.045
0.034
0.0032
-0.024
-0.042
-0.046
-0.035
-0.017
0.014
0.033
0.026
0.012
-0.0016
-0.0093
-0.014
-0.021
-0.021
-0.022
-0.028
-0.028
-0.022
-0.024
-0.016
-0.0041
0.011
0.0085
-0.027
-0.052
-0.035
-0.015
-0.019
-0.031
-0.04
-0.037
-0.02
-0.0088
-0.006
-0.014
-0.027
-0.03
-0.023
-0.017
-0.015
-0.01
-0.0072
-0.012
-0.021
-0.028
-0.025
-0.021
-0.014
-0.024
-0.044
-0.05
-0.028
0.0027
0.024
0.027
0.022
0.026
0.028
0.022
0.011
0.00038
-0.0097
-0.023
-0.02
-0.011
-0.0072
-0.011
-0.015
-0.017
-0.011
0.011
0.024
0.03
0.032
0.033
0.033
0.034
0.031
0.038
0.067
0.083
0.086
0.074
0.049
0.025
0.027
0.061
0.086
0.087
0.081
0.077
0.063
0.056
0.049
0.038
0.034
0.027
0.018
0.016
0.015
0.013
0.014
0.021
0.03
0.028
0.0084
0.00096
0.00075
0.013
0.039
0.054
0.045
0.03
0.026
0.025
0.019
0.017
0.013
0.0041
0.013
0.038
0.039
0.024
0.026
0.027
0.027
0.039
0.067
0.077
0.058
0.019
-0.012
-0.0051
0.0055
0.0067
0.028
0.051
0.049
0.034
0.025
0.016
0.016
0.043
0.072
0.07
0.045
0.023
0.00038
-0.013
-0.019
-0.028
-0.025
-0.012
-0.0091
-0.0063
-0.0071
-0.024
-0.03
-0.02
-0.0077
0.011
0.035
0.04
0.02
0.01
0.02
0.018
0.0085
0.007
0.0059
-0.0027
-0.0014
0.0074
0.015
0.017
0.0072
-0.0049
-0.023
-0.038
-0.033
-0.012
0.011
0.019
0.01
0.0043
0.0011
-0.012
-0.026
-0.042
-0.046
-0.041
-0.041
-0.045
-0.055
-0.068
-0.071
-0.055
-0.037
-0.032
-0.025
-0.024
-0.019
-0.014
-0.0097
-0.017
-0.011
0.0094
0.025
0.028
0.016
0.0049
-0.0051
0.002
0.0087
-0.0011
-0.0076
-0.0085
-0.02
-0.022
-0.012
0.007
0.033
0.054
0.042
0.016
-0.007
-0.018
-0.011
-0.0054
0.006
0.025
0.029
0.0087
-0.0091
-0.00072
0.022
0.044
0.058
0.067
0.064
0.055
0.058
0.07
0.082
0.087
0.084
0.083
0.08
0.07
0.065
0.068
0.073
0.077
0.08
0.091
0.098
0.099
0.1
0.11
0.11
0.11
0.11
0.11
0.1
0.092
0.08
0.073
0.067
0.074
0.082
0.078
0.071
0.063
0.058
0.07
0.095
0.11
0.1
0.095
0.094
0.096
0.093
0.093
0.095
0.1
0.11
0.1
0.096
0.088
0.076
0.072
0.081
0.077
0.062
0.059
0.07
0.08
0.087
0.081
0.066
0.062
0.063
0.072
0.084
0.082
0.068
0.057
0.054
0.049
0.047
0.045
0.047
0.041
0.041
0.058
0.073
0.072
0.066
0.068
0.07
0.066
0.055
0.042
0.021
0.011
0.018
0.015
-0.004
-0.018
-0.028
-0.03
-0.02
-0.016
-0.018
-0.016
-0.013
-0.0099
0.0018
0.0071
0.005
0.011
0.029
0.039
0.027
0.0018
-0.017
-0.016
-0.0024
0.017
0.034
0.032
0.017
-0.0022
-0.012
-0.014
-0.0017
0.018
0.027
0.013
-0.018
-0.043
-0.059
-0.058
-0.046
-0.038
-0.035
-0.036
-0.037
-0.032
-0.031
-0.022
-0.01
-0.00029
0.0085
0.0088
0.0024
-0.0011
-0.0021
-0.0066
-0.0039
0.0089
0.017
0.016
0.0052
-0.0021
0.00075
0.013
0.025
0.017
0.0048
0.0031
0.014
0.033
0.036
0.024
0.016
0.023
0.029
0.02
0.0077
-0.0085
-0.019
-0.019
-0.017
-0.0099
-0.0017
0.015
0.026
0.036
0.045
0.042
0.029
0.02
0.02
0.017
0.026
0.035
0.034
0.027
0.024
0.019
0.018
0.027
0.033
0.025
0.0099
0.012
0.023
0.029
0.035
0.042
0.039
0.033
0.019
0.011
0.031
0.049
0.039
0.03
0.033
0.042
0.052
0.04
0.021
0.013
0.014
0.02
0.022
0.015
0.013
0.02
0.024
0.027
0.021
0.015
0.018
0.024
0.025
0.023
0.018
0.019
0.036
0.048
0.038
0.017
-0.00099
-0.0079
-0.0059
-0.01
-0.016
-0.018
-0.012
-0.0023
0.014
0.027
0.026
0.012
0.00041
-0.0033
-0.0034
0.011
0.028
0.019
-0.01
-0.037
-0.046
-0.045
-0.035
-0.019
-0.0069
-0.0043
-0.006
-0.014
-0.026
-0.025
-0.0087
0.015
0.03
0.019
-0.0026
-0.025
-0.052
-0.071
-0.082
-0.088
-0.076
-0.047
-0.008
0.019
0.027
0.037
0.036
0.018
-0.0058
-0.029
-0.058
-0.071
-0.055
-0.015
0.035
0.07
0.07
0.038
-0.002
-0.039
-0.07
-0.079
-0.059
-0.045
-0.037
-0.026
-0.016
0.00096
0.021
0.032
0.021
-0.0053
-0.032
-0.044
-0.04
-0.037
-0.04
-0.04
-0.026
-0.00078
0.019
0.031
0.032
0.015
-0.022
-0.061
-0.071
-0.069
-0.062
-0.034
0.0028
0.03
0.031
0.017
0.0012
-0.012
-0.024
-0.048
-0.067
-0.066
-0.058
-0.062
-0.067
-0.067
-0.065
-0.058
-0.044
-0.04
-0.035
-0.028
-0.029
-0.032
-0.027
-0.023
-0.027
-0.034
-0.034
-0.032
-0.033
-0.038
-0.05
-0.066
-0.077
-0.072
-0.061
-0.055
-0.055
-0.047
-0.022
-0.0023
-0.0073
-0.036
-0.055
-0.06
-0.061
-0.07
-0.087
-0.089
-0.071
-0.063
-0.069
-0.075
-0.077
-0.081
-0.086
-0.099
-0.096
-0.082
-0.064
-0.039
-0.024
-0.026
-0.031
-0.022
-0.01
0.00035
-0.0017
-0.012
-0.031
-0.044
-0.044
-0.04
-0.033
-0.031
-0.043
-0.06
-0.064
-0.061
-0.056
-0.046
-0.041
-0.031
-0.018
-0.027
-0.053
-0.057
-0.047
-0.042
-0.044
-0.048
-0.042
-0.029
-0.027
-0.023
-0.016
-0.021
-0.03
-0.037
-0.035
-0.037
-0.049
-0.056
-0.049
-0.044
-0.049
-0.046
-0.034
-0.014
0.0025
0.013
0.015
0.022
0.029
0.032
0.023
0.015
0.015
0.016
0.01
0.0055
-0.00023
-0.0099
-0.021
-0.029
-0.034
-0.042
-0.033
-0.016
-0.011
-0.0084
-0.0015
0.00038
-0.0094
-0.015
-0.013
-0.0096
-0.0076
-0.01
-0.0047
0.0074
0.014
0.022
0.024
0.021
0.014
0.014
0.024
0.034
0.038
0.041
0.049
0.043
0.025
0.013
0.014
0.027
0.025
0.0088
-0.0015
-0.0036
0.0072
0.016
0.013
-0.0031
-0.02
-0.036
-0.034
-0.012
0.016
0.042
0.053
0.041
0.02
0.0078
0.0011
-0.0025
0.0039
0.019
0.031
0.044
0.065
0.07
0.057
0.046
0.049
0.061
0.067
0.056
0.05
0.068
0.084
0.065
0.027
0.00026
-0.0039
0.0017
0.0072
0.0051
-0.008
-0.018
-0.011
0.0016
0.0065
-0.0014
-0.0029
0.0018
0.0025
0.0018
0.0035
0.011
0.023
0.038
0.044
0.032
0.011
-0.013
-0.035
-0.049
-0.053
-0.05
-0.048
-0.028
-0.00032
0.024
0.043
0.056
0.059
0.055
0.047
0.026
-0.0094
-0.045
-0.053
-0.028
0.0028
0.013
0.00096
-0.029
-0.046
-0.045
-0.044
-0.046
-0.046
-0.044
-0.054
-0.08
-0.099
-0.084
-0.058
-0.042
-0.039
-0.044
-0.043
-0.04
-0.045
-0.049
-0.046
-0.049
-0.059
-0.059
-0.042
-0.0025
0.031
0.04
0.031
0.019
0.0067
-0.013
-0.034
-0.055
-0.057
-0.049
-0.043
-0.041
-0.038
-0.038
-0.046
-0.051
-0.052
-0.054
-0.052
-0.046
-0.036
-0.027
-0.02
-0.019
-0.018
-0.0091
-0.0014
-0.00026
0.0094
0.031
0.045
0.045
0.026
0.0014
-0.0038
-0.011
-0.0076
0.016
0.025
0.012
0.0047
0.012
0.021
0.021
0.014
0.016
0.025
0.043
0.067
0.078
0.083
0.067
0.04
0.023
0.02
0.032
0.043
0.034
0.016
0.0023
-0.0061
-0.012
-0.01
-0.007
-0.0078
0.0034
0.026
0.043
0.053
0.068
0.087
0.08
0.061
0.06
0.067
0.071
0.066
0.057
0.059
0.068
0.069
0.06
0.06
0.064
0.07
0.067
0.058
0.049
0.04
0.04
0.042
0.042
0.038
0.043
0.049
0.041
0.022
0.0088
0.014
0.025
0.02
0.011
0.004
0.012
0.024
0.028
0.018
0.00047
-0.013
-0.011
0.0011
0.016
0.03
0.036
0.039
0.042
0.047
0.047
0.036
0.025
0.011
-0.0068
-0.012
0.0032
0.0094
-0.0033
-0.013
-0.0061
0.015
0.035
0.028
0.016
0.03
0.053
0.065
0.061
0.057
0.059
0.056
0.053
0.045
0.02
-0.006
-0.016
-0.014
-0.0049
-0.0066
-0.0085
0.0057
0.027
0.039
0.047
0.058
0.072
0.085
0.082
0.074
0.063
0.051
0.043
0.038
0.03
0.027
0.027
0.03
0.032
0.028
0.025
0.025
0.03
0.042
0.049
0.046
0.039
0.033
0.037
0.045
0.043
0.037
0.032
0.018
0.0024
0.0011
0.0029
-0.002
0.0047
0.022
0.024
0.026
0.028
0.03
0.031
0.035
0.049
0.051
0.048
0.051
0.052
0.057
0.06
0.048
0.038
0.037
0.031
0.028
0.035
0.043
0.045
0.033
0.0047
-0.03
-0.047
-0.045
-0.026
-0.0027
0.022
0.037
0.041
0.049
0.045
0.023
-0.01
-0.041
-0.056
-0.049
-0.035
-0.026
-0.018
-0.018
-0.0034
0.029
0.047
0.047
0.059
0.08
0.088
0.075
0.041
0.0039
-0.011
-0.0067
0.0037
0.023
0.04
0.039
0.022
0.01
0.011
0.015
0.022
0.029
0.022
-1.5e-005
-0.02
-0.02
0.0076
0.024
0.023
0.019
0.012
0.0021
0.0079
0.026
0.026
0.02
0.022
0.028
0.036
0.041
0.043
0.042
0.037
0.024
-0.0022
-0.026
-0.031
-0.038
-0.038
-0.014
0.00041
-0.0074
-0.016
-0.013
-0.011
-0.014
-0.014
-0.0043
0.0067
0.017
0.029
0.037
0.04
0.037
0.03
0.019
-0.0026
-0.013
-0.015
-0.0062
-0.0026
-0.012
-0.027
-0.036
-0.032
-0.026
-0.029
-0.024
-0.0087
0.015
0.039
0.051
0.042
0.03
0.017
-0.00053
-0.01
-0.013
-0.00093
0.014
0.012
-0.012
-0.037
-0.045
-0.04
-0.024
-0.0029
0.0012
-0.012
-0.014
-0.011
-0.017
-0.017
-0.023
-0.047
-0.063
-0.054
-0.041
-0.021
-0.0014
-0.0048
-0.019
-0.028
-0.036
-0.053
-0.06
-0.053
-0.052
-0.061
-0.07
-0.075
-0.065
-0.05
-0.045
-0.039
-0.03
-0.029
-0.031
-0.03
-0.027
-0.021
-0.031
-0.045
-0.053
-0.048
-0.043
-0.049
-0.064
-0.075
-0.066
-0.023
0.025
0.043
0.03
0.0065
-0.012
-0.0056
0.007
0.019
0.022
0.013
0.0029
0.0033
0.014
0.019
0.025
0.032
0.033
0.032
0.033
0.032
0.034
0.052
0.069
0.07
0.059
0.052
0.056
0.067
0.077
0.074
0.062
0.06
0.066
0.062
0.054
0.038
0.025
0.034
0.052
0.063
0.072
0.074
0.068
0.058
0.054
0.053
0.053
0.049
0.051
0.058
0.074
0.093
0.092
0.077
0.073
0.076
0.075
0.076
0.091
0.11
0.13
0.12
0.11
0.082
0.054
0.038
0.022
0.0045
0.00087
0.017
0.031
0.047
0.053
0.042
0.034
0.027
0.02
0.025
0.041
0.052
0.053
0.052
0.06
0.063
0.046
0.0094
-0.02
-0.033
-0.034
-0.023
0.017
0.06
0.074
0.062
0.032
0.0022
-0.011
-0.014
-0.018
-0.0028
0.034
0.067
0.087
0.083
0.061
0.032
0.013
0.011
0.016
0.031
0.048
0.045
0.027
0.025
0.043
0.062
0.077
0.09
0.087
0.063
0.036
0.015
-0.01
-0.035
-0.048
-0.039
-0.01
0.022
0.039
0.052
0.069
0.068
0.036
-0.0051
-0.046
-0.081
-0.083
-0.049
-0.00032
0.028
0.024
0.01
-0.023
-0.05
-0.048
-0.027
-0.0069
-0.0034
-0.022
-0.05
-0.059
-0.043
-0.0059
0.027
0.039
0.034
0.022
0.0059
-0.01
-0.023
-0.019
-0.02
-0.038
-0.06
-0.072
-0.07
-0.055
-0.046
-0.055
-0.068
-0.08
-0.077
-0.053
-0.021
-0.0077
-0.0072
-0.017
-0.038
-0.061
-0.086
-0.084
-0.057
-0.025
-0.0061
-0.012
-0.036
-0.061
-0.07
-0.057
-0.027
-0.0025
-0.0037
-0.0057
-0.0024
-0.00053
-0.012
-0.025
-0.021
-0.01
-0.0014
-0.0074
-0.031
-0.053
-0.056
-0.047
-0.046
-0.051
-0.048
-0.025
0.0065
0.036
0.05
0.041
0.026
0.023
0.021
0.018
0.021
0.013
-0.0048
-0.017
-0.022
-0.027
-0.027
-0.026
-0.015
0.017
0.041
0.047
0.043
0.029
0.017
0.011
0.01
0.0083
0.0033
0.003
0.012
0.015
0.021
0.027
0.016
-0.002
-0.024
-0.036
-0.02
0.0018
0.012
0.017
0.013
-0.0088
-0.022
-0.022
-0.01
-0.0022
0.0036
0.018
0.027
0.025
0.018
0.015
0.00087
-0.014
-0.0065
0.015
0.019
0.0031
-0.0083
-0.0086
-0.0036
0.0066
0.0075
0.0027
0.017
0.055
0.092
0.1
0.072
0.019
-0.015
-0.015
-0.0002
0.012
0.017
0.026
0.036
0.045
0.048
0.045
0.033
0.014
0.013
0.023
0.03
0.024
0.037
0.062
0.064
0.043
0.0089
-0.019
-0.029
-0.02
-0.011
-0.0093
-0.021
-0.038
-0.04
-0.029
-0.024
-0.031
-0.038
-0.028
-0.023
-0.022
-0.021
-0.021
-0.021
-0.013
-0.0075
-0.015
-0.028
-0.032
-0.026
-0.024
-0.036
-0.049
-0.062
-0.071
-0.064
-0.044
-0.025
-0.012
-0.014
-0.026
-0.032
-0.031
-0.026
-0.015
0.0025
0.016
0.011
0.0078
0.026
0.042
0.034
0.016
-0.013
-0.033
-0.036
-0.025
-0.011
-0.0012
0.01
0.02
0.028
0.019
0.012
0.012
0.023
0.035
0.038
0.044
0.05
0.046
0.032
0.015
0.0037
0.0087
0.02
0.02
0.0021
-0.019
-0.022
0.00072
0.018
0.015
0.0066
0.0021
0.002
0.0011
-0.0041
-0.014
-0.023
-0.024
-0.012
-0.0019
-0.013
-0.023
-0.026
-0.029
-0.033
-0.035
-0.029
-0.014
0.0012
0.0074
0.006
0.0026
0.018
0.035
0.042
0.041
0.036
0.021
0.01
-0.0047
-0.03
-0.05
-0.052
-0.037
-0.015
-0.0019
0.0038
0.0059
0.0092
0.019
0.022
0.0061
-0.018
-0.043
-0.048
-0.026
-0.013
-0.012
-0.0097
-0.016
-0.023
-0.015
-0.0048
-0.0026
0.0042
0.016
0.032
0.041
0.036
0.028
0.018
0.0092
0.011
-0.0049
-0.024
-0.014
-0.018
-0.022
0.0094
0.038
0.036
0.017
-0.017
-0.043
-0.045
-0.033
-0.018
-0.002
0.012
0.025
0.03
0.043
0.058
0.055
0.043
0.035
0.031
0.036
0.05
0.054
0.049
0.049
0.05
0.042
0.013
-0.012
-0.024
-0.028
-0.018
-0.0047
0.0048
0.02
0.032
0.034
0.044
0.05
0.032
0.018
0.015
0.018
0.018
0.016
0.014
-0.0044
-0.025
-0.02
-0.012
-0.0085
-0.0047
-0.00044
-0.0036
-0.0027
0.002
0.011
0.02
0.022
0.029
0.032
0.018
-0.0029
-0.011
-0.0066
0.004
0.011
0.0074
-0.0098
-0.023
-0.017
-0.0017
0.018
0.041
0.04
0.034
0.038
0.033
0.0094
0.00093
0.012
0.026
0.043
0.053
0.049
0.041
0.029
0.0081
-0.0054
-0.01
-0.02
-0.025
-0.026
-0.017
-0.0098
-0.0087
-0.011
-0.02
-0.031
-0.026
-0.0083
-0.0029
-0.0085
-0.0073
0.0059
0.023
0.024
0.02
0.0084
-0.00084
0.002
0.0048
-0.022
-0.058
-0.064
-0.052
-0.036
-0.026
-0.015
-0.00047
0.013
0.016
0.0074
-0.0056
-0.012
-0.0018
0.017
0.028
0.019
0.0033
0.0026
0.006
0.0094
0.011
-0.00084
-0.0094
-0.016
-0.029
-0.028
-0.0072
0.011
0.014
0.0016
-0.012
-0.0054
-0.00014
-0.0043
-0.0053
-0.013
-0.023
-0.029
-0.026
-0.014
-0.0064
-0.0069
0.001
0.025
0.039
0.035
0.019
0.013
0.017
0.018
0.0094
0.0022
-0.0054
-0.0058
-0.0088
-0.026
-0.041
-0.042
-0.035
-0.022
-0.011
-0.0076
-0.0099
-0.0054
0.0046
0.011
0.016
0.01
-0.00047
-0.0065
-0.00044
-0.0014
-0.024
-0.045
-0.051
-0.053
-0.049
-0.041
-0.038
-0.029
-0.015
-0.004
-0.0023
-0.013
-0.032
-0.047
-0.048
-0.033
-0.022
-0.02
-0.0089
-0.0032
-0.019
-0.029
-0.015
0.0082
0.018
0.0036
-0.019
-0.034
-0.029
-0.015
-0.0042
-0.021
-0.049
-0.065
-0.055
-0.031
-0.018
-0.012
-0.0079
-0.0014
0.0017
-0.015
-0.046
-0.065
-0.04
0.001
0.024
0.025
0.011
-0.0097
-0.024
-0.013
0.0047
0.015
0.016
0.0048
-0.012
-0.02
-0.027
-0.042
-0.045
-0.033
-0.022
-0.021
-0.019
-0.016
-0.019
-0.015
0.0078
0.011
-0.014
-0.035
-0.023
0.01
0.046
0.056
0.032
0.0011
-0.025
-0.03
-0.015
0.0031
0.013
0.014
0.0066
-0.00026
-0.0038
0.0057
0.031
0.052
0.055
0.041
0.016
-0.012
-0.035
-0.031
-0.0093
0.0059
0.0066
0.0079
0.0093
0.0043
0.007
0.013
0.033
0.058
0.067
0.052
0.021
-0.015
-0.035
-0.018
0.0082
0.016
0.0058
-0.0037
-1.5e-005
0.0049
-0.0027
-0.0055
0.0044
0.021
0.025
0.01
0.00056
0.0071
0.0093
0.0002
-0.017
-0.032
-0.029
-0.0089
0.012
0.019
0.018
0.014
0.015
0.0054
-0.0027
-0.00084
0.0035
0.013
0.024
0.025
0.0095
-0.017
-0.045
-0.066
-0.057
-0.03
-0.011
-0.011
-0.01
-0.015
-0.027
-0.024
-0.019
-0.026
-0.029
-0.02
-0.026
-0.053
-0.09
-0.11
-0.097
-0.085
-0.083
-0.081
-0.083
-0.1
-0.11
-0.1
-0.075
-0.048
-0.041
-0.039
-0.035
-0.041
-0.044
-0.05
-0.055
-0.051
-0.046
-0.047
-0.065
-0.1
-0.12
-0.11
-0.088
-0.082
-0.074
-0.069
-0.058
-0.044
-0.043
-0.05
-0.047
-0.021
0.0087
0.03
0.029
0.003
-0.03
-0.037
-0.022
-0.014
-0.016
-0.018
-0.029
-0.043
-0.048
-0.041
-0.018
-0.0024
-0.007
-0.025
-0.044
-0.049
-0.041
-0.015
0.0055
0.012
0.0094
0.024
0.049
0.062
0.058
0.046
0.028
0.0064
-0.012
-0.002
0.031
0.061
0.061
0.035
0.00078
-0.019
-0.016
0.00056
0.017
0.027
0.045
0.068
0.076
0.062
0.042
0.026
0.016
0.029
0.056
0.068
0.063
0.057
0.045
0.032
0.037
0.051
0.053
0.045
0.034
0.034
0.052
0.078
0.084
0.072
0.064
0.066
0.068
0.068
0.074
0.088
0.092
0.088
0.085
0.086
0.082
0.077
0.073
0.065
0.062
0.062
0.065
0.071
0.073
0.06
0.047
0.043
0.047
0.06
0.082
0.094
0.096
0.091
0.08
0.056
0.029
0.014
0.02
0.031
0.037
0.051
0.067
0.068
0.071
0.086
0.08
0.067
0.064
0.05
0.013
-0.023
-0.039
-0.029
-0.0068
0.017
0.047
0.064
0.072
0.077
0.08
0.084
0.087
0.083
0.076
0.068
0.048
0.025
0.0043
-0.0016
0.003
0.009
0.016
0.024
0.034
0.041
0.053
0.071
0.065
0.043
0.016
0.0091
0.03
0.064
0.081
0.071
0.051
0.036
0.036
0.056
0.071
0.066
0.046
0.03
0.029
0.036
0.024
0.00053
-0.019
-0.039
-0.04
-0.039
-0.046
-0.041
-0.02
-0.0047
0.0073
0.026
0.043
0.057
0.057
0.043
0.038
0.047
0.061
0.057
0.03
-0.0029
-0.018
-0.011
0.012
0.035
0.04
0.035
0.04
0.055
0.063
0.058
0.048
0.048
0.055
0.06
0.054
0.038
0.025
0.044
0.079
0.054
-0.031
-0.13
-0.2
-0.18
-0.082
0.016
0.068
0.083
0.077
0.081
0.098
0.091
0.075
0.064
0.066
0.05
0.011
0.0021
0.026
0.059
0.058
0.016
-0.0034
0.032
0.059
0.048
0.023
-0.028
-0.07
-0.06
0.00038
0.07
0.12
0.089
-0.022
-0.1
-0.095
-0.057
-0.0036
0.036
0.034
0.012
0.0013
0.0048
0.0085
-0.015
-0.017
0.002
0.0013
-0.0032
-0.0084
-0.0044
0.02
0.048
0.038
-0.031
-0.11
-0.15
-0.11
-0.023
0.045
0.073
0.061
0.03
0.012
-0.0041
-0.023
-0.038
-0.065
-0.092
-0.095
-0.076
-0.04
-0.017
-0.031
-0.05
-0.042
-0.016
0.035
0.1
0.15
0.15
0.15
0.14
0.12
0.1
0.079
0.049
0.0098
-0.015
-0.022
-0.038
-0.051
-0.048
-0.038
0.00029
0.041
0.067
0.064
0.035
0.027
0.058
0.096
0.098
0.067
0.038
0.0083
-0.0043
0.019
0.056
0.08
0.056
0.012
-0.022
-0.042
-0.05
-0.054
-0.049
-0.025
0.0068
0.028
0.0087
-0.045
-0.083
-0.071
-0.015
0.04
0.053
0.036
0.015
-0.012
-0.051
-0.062
-0.04
-0.024
-0.025
-0.027
-0.036
-0.052
-0.067
-0.09
-0.09
-0.062
-0.036
-0.02
-0.022
-0.039
-0.078
-0.11
-0.11
-0.056
-0.0013
0.024
0.02
0.0064
0.0079
0.026
0.041
0.025
-0.0094
-0.015
0.025
0.076
0.1
0.085
0.022
-0.04
-0.049
-0.019
0.019
0.043
0.046
0.035
0.023
0.0049
-0.02
-0.031
-0.021
0.01
0.045
0.067
0.061
0.032
0.0036
-0.00047
0.0048
-0.0097
-0.037
-0.054
-0.056
-0.04
-0.014
0.012
0.018
-0.0084
-0.047
-0.062
-0.042
-0.0038
0.021
0.009
-0.023
-0.053
-0.067
-0.063
-0.049
-0.042
-0.039
-0.02
0.013
0.028
0.022
-0.00072
-0.031
-0.051
-0.043
-0.026
-0.015
-0.012
-0.02
-0.026
-0.022
0.00032
0.017
0.0048
-0.013
-0.013
-0.0018
0.0067
0.016
-0.0059
-0.039
-0.052
-0.064
-0.066
-0.04
-0.0049
0.02
0.019
-0.027
-0.07
-0.073
-0.068
-0.057
-0.043
-0.018
0.0093
0.028
0.018
-0.013
-0.035
-0.042
-0.035
-0.038
-0.038
-0.038
-0.033
-0.021
-0.027
-0.054
-0.082
-0.088
-0.054
-0.0092
0.018
0.034
0.032
0.013
0.011
0.017
0.017
0.025
0.033
0.028
0.021
0.026
0.026
0.032
0.046
0.043
0.026
-0.0024
-0.0058
0.011
0.037
0.05
0.045
0.034
0.027
0.023
0.0067
-0.008
-0.018
-0.011
0.0085
0.022
0.02
-0.01
-0.023
-0.0095
0.019
0.041
0.041
0.028
0.031
0.038
0.031
0.033
0.03
0.0066
-0.0053
0.0034
0.012
0.024
0.039
0.04
0.037
0.059
0.088
0.1
0.097
0.095
0.088
0.077
0.079
0.086
0.095
0.088
0.085
0.086
0.072
0.062
0.064
0.066
0.072
0.092
0.093
0.088
0.094
0.086
0.054
0.026
0.012
0.0057
0.015
0.027
0.026
0.018
0.019
0.032
0.041
0.041
0.035
0.028
0.022
0.025
0.035
0.048
0.056
0.059
0.056
0.042
0.029
0.02
0.018
0.027
0.037
0.039
0.036
0.037
0.039
0.037
0.033
0.014
-0.014
-0.023
-0.0052
0.01
0.015
0.0096
-0.0039
0.00072
0.018
0.024
0.02
0.022
0.037
0.057
0.073
0.08
0.065
0.033
0.01
0.015
0.03
0.029
0.0045
-0.014
-0.019
-0.015
-0.01
-0.0077
-0.0026
0.0074
0.019
0.022
0.025
0.024
0.02
0.018
0.015
0.017
0.015
-0.0012
-0.013
-0.015
-0.0031
0.021
0.026
0.0097
-0.00032
-0.011
-0.022
-0.011
0.0023
0.0011
-0.013
-0.021
-0.022
-0.0079
0.021
0.036
0.038
0.037
0.034
0.015
-0.0013
-0.014
-0.027
-0.05
-0.069
-0.049
-0.0011
0.036
0.05
0.049
0.031
0.0042
-0.007
-0.0091
-0.0042
-0.00056
0.0051
0.0089
0.0054
-0.00087
-0.018
-0.029
-0.025
0.0009
0.026
0.03
0.019
0.0049
-0.0029
0.0088
0.037
0.063
0.073
0.074
0.076
0.081
0.067
0.037
0.0021
-0.045
-0.076
-0.087
-0.082
-0.059
-0.024
0.0085
0.021
0.019
0.021
0.033
0.034
0.026
0.017
0.0074
-0.0022
-0.018
-0.031
-0.025
-0.015
-0.013
-0.021
-0.035
-0.039
-0.021
0.012
0.037
0.029
0.009
-0.006
-0.015
-0.021
-0.018
0.004
0.03
0.041
0.025
-0.0014
-0.013
-0.0053
0.0057
0.001
-0.0067
0.00035
0.027
0.039
0.021
0.00069
-0.0059
0.01
0.036
0.048
0.044
0.034
0.023
0.014
0.0091
0.00099
0.0072
0.026
0.038
0.035
0.023
0.0098
0.0039
0.014
0.02
0.013
0.00014
-0.011
-0.017
-0.014
-0.013
-0.019
-0.017
-0.014
-0.01
0.0065
0.034
0.055
0.049
0.03
-0.0002
-0.024
-0.036
-0.03
-0.013
-0.0085
-0.023
-0.042
-0.055
-0.056
-0.043
-0.02
0.0024
0.01
0.0051
-0.00072
-0.004
0.0055
0.015
0.0066
-0.0065
-0.015
-0.024
-0.033
-0.033
-0.021
-0.00072
0.013
0.0052
-0.011
-0.017
-0.0093
0.0048
0.021
0.026
0.01
-0.014
-0.03
-0.028
-0.015
-0.017
-0.022
-0.02
-0.0044
0.022
0.049
0.063
0.054
0.042
0.036
0.041
0.054
0.067
0.058
0.041
0.031
0.02
0.0048
-0.0005
0.0051
0.02
0.041
0.057
0.046
0.022
0.0085
-0.0014
-0.0058
0.0019
0.014
0.015
0.0021
-0.0083
-0.006
-0.0059
-0.01
-0.00099
0.02
0.035
0.034
0.024
0.011
0.0039
-0.002
-0.0045
-0.0032
-0.0018
-0.013
-0.026
-0.018
-0.00017
-0.0041
-0.026
-0.046
-0.066
-0.081
-0.08
-0.074
-0.061
-0.047
-0.04
-0.029
-0.024
-0.024
-0.035
-0.044
-0.051
-0.049
-0.041
-0.034
-0.027
-0.022
-0.018
-0.026
-0.037
-0.036
-0.03
-0.025
-0.024
-0.027
-0.031
-0.028
-0.024
-0.022
-0.018
-0.026
-0.034
-0.03
-0.022
-0.018
-0.018
-0.023
-0.025
-0.025
-0.032
-0.042
-0.047
-0.038
-0.019
-0.0082
-0.0045
-0.0043
-0.0036
-0.0021
-0.0023
-0.0051
-0.013
-0.026
-0.044
-0.042
-0.032
-0.02
-0.011
-0.0056
0.0043
0.021
0.039
0.042
0.034
0.018
-0.0018
-0.011
-0.012
-0.015
-0.032
-0.044
-0.042
-0.041
-0.042
-0.057
-0.079
-0.078
-0.055
-0.046
-0.055
-0.063
-0.067
-0.06
-0.029
0.0074
0.013
0.0069
0.0072
0.0052
-0.0039
-0.019
-0.039
-0.055
-0.047
-0.029
-0.022
-0.031
-0.036
-0.029
-0.023
-0.03
-0.052
-0.066
-0.073
-0.083
-0.076
-0.048
-0.022
-0.015
-0.015
-0.014
-0.0058
-0.0066
-0.012
-0.01
-0.0027
0.009
0.005
-0.012
-0.029
-0.042
-0.05
-0.055
-0.043
-0.019
-0.003
0.002
0.011
0.02
0.014
0.017
0.03
0.043
0.05
0.049
0.04
0.034
0.036
0.027
0.021
0.029
0.043
0.044
0.04
0.038
0.036
0.04
0.049
0.054
0.058
0.058
0.057
0.054
0.046
0.039
0.036
0.038
0.029
0.014
0.0063
0.0082
0.017
0.027
0.03
0.029
0.029
0.036
0.042
0.043
0.046
0.056
0.065
0.071
0.064
0.048
0.034
0.023
0.017
0.022
0.039
0.058
0.065
0.048
0.022
0.0043
0.0062
0.025
0.041
0.035
0.021
0.033
0.057
0.08
0.081
0.057
0.03
0.015
0.015
0.018
0.027
0.041
0.045
0.031
0.029
0.044
0.052
0.042
0.0087
-0.012
0.0072
0.029
0.033
0.025
0.011
-0.0039
-0.0032
0.0072
0.02
0.031
0.036
0.037
0.025
0.011
-0.0011
-0.0099
-0.0051
0.0057
0.0083
0.0072
0.0087
0.011
0.022
0.028
0.026
0.034
0.034
0.027
0.031
0.04
0.036
0.026
0.0089
-0.012
-0.02
-0.025
-0.02
-0.0067
0.0061
0.016
0.023
0.022
0.018
0.012
-0.00026
-0.0019
-0.00047
-0.0096
-0.012
-0.012
-0.02
-0.038
-0.053
-0.055
-0.043
-0.034
-0.033
-0.032
-0.019
0.0065
0.032
0.047
0.049
0.049
0.05
0.047
0.035
0.032
0.028
0.017
0.0031
-0.028
-0.061
-0.061
-0.042
-0.023
-0.012
-0.021
-0.036
-0.041
-0.04
-0.042
-0.036
-0.02
-0.013
-0.0035
0.0067
0.009
0.0091
0.025
0.032
0.012
-0.0069
0.0031
0.018
0.017
0.01
-0.00026
0.0018
0.011
0.012
0.0092
0.011
0.019
0.03
0.043
0.042
0.03
0.013
0.0065
0.0038
-0.0086
-0.0083
-0.00069
0.0025
0.0023
0.0037
0.0054
0.0075
0.016
0.037
0.044
0.03
0.03
0.022
-0.011
-0.029
-0.028
-0.021
-0.013
-4.6e-005
0.0092
0.0092
0.016
0.018
0.012
0.013
0.024
0.017
-0.0043
-0.012
-0.004
0.0073
0.021
0.034
0.033
0.026
0.022
0.022
0.012
-0.0035
-0.012
-0.015
-0.026
-0.037
-0.034
-0.016
0.004
0.016
0.019
0.017
0.01
0.013
0.013
0.0063
-0.0017
-0.0047
-0.0085
-0.014
-0.027
-0.04
-0.034
-0.019
-0.014
-0.021
-0.019
-0.016
-0.017
-0.024
-0.028
-0.023
-0.017
-0.0034
0.012
0.027
0.037
0.045
0.042
0.029
0.023
0.013
-0.0012
-0.01
0.00035
0.011
0.015
0.023
0.038
0.049
0.051
0.04
0.018
0.0038
-0.01
-0.023
-0.026
-0.02
-0.00069
0.0076
-0.0022
-0.015
-0.017
-0.018
-0.015
-0.0074
0.0031
0.011
0.0076
-0.0065
-0.02
-0.027
-0.025
-0.016
-0.002
0.018
0.038
0.051
0.052
0.037
0.011
-0.0095
-0.038
-0.061
-0.054
-0.032
-0.021
-0.013
-0.016
-0.035
-0.041
-0.041
-0.04
-0.038
-0.033
-0.031
-0.03
-0.024
-0.013
-0.0079
-0.014
-0.021
-0.031
-0.053
-0.068
-0.063
-0.033
-0.0012
-0.0032
-0.028
-0.043
-0.046
-0.03
-0.003
0.0069
-0.0039
-0.016
-0.023
-0.024
-0.028
-0.044
-0.063
-0.074
-0.066
-0.062
-0.061
-0.052
-0.048
-0.048
-0.036
-0.022
-0.017
-0.00029
0.026
0.044
0.048
0.034
0.0048
-0.018
-0.021
-0.023
-0.031
-0.044
-0.054
-0.056
-0.038
-0.011
0.0081
0.013
0.012
0.012
0.015
0.023
0.03
0.037
0.03
0.0052
-0.0049
0.006
0.025
0.034
0.03
0.014
-0.0025
-0.0095
-0.0025
0.019
0.044
0.068
0.08
0.071
0.052
0.043
0.046
0.043
0.031
0.02
0.0028
-0.0051
0.0096
0.024
0.019
0.021
0.035
0.043
0.045
0.035
0.025
0.028
0.034
0.024
0.0098
0.015
0.036
0.042
0.035
0.037
0.036
0.026
0.017
0.011
0.0065
0.0055
0.0041
0.0055
-0.00087
-0.015
-0.02
-0.0096
0.0042
0.023
0.029
0.028
0.035
0.045
0.047
0.042
0.038
0.036
0.036
0.036
0.037
0.043
0.048
0.05
0.039
0.0085
-0.024
-0.048
-0.039
-0.0058
0.021
0.041
0.063
0.083
0.082
0.065
0.05
0.04
0.032
0.017
0.0043
0.01
0.019
0.023
0.024
0.019
0.013
0.0053
0.0033
0.009
0.029
0.065
0.091
0.076
0.033
0.003
-0.0035
0.019
0.046
0.054
0.049
0.031
0.026
0.042
0.046
0.016
-0.015
-0.025
-0.012
0.011
0.033
0.061
0.085
0.093
0.085
0.062
0.039
0.013
-0.0076
-0.0039
0.011
0.015
0.0013
-0.02
-0.039
-0.037
-0.026
-0.02
-0.0011
0.026
0.045
0.049
0.036
0.024
0.031
0.041
0.037
0.03
0.026
0.018
0.0082
-0.0029
-0.0025
0.00041
-0.0055
-0.0087
-0.012
-0.015
-0.0077
0.012
0.036
0.046
0.039
0.034
0.042
0.045
0.038
0.025
0.014
0.021
0.035
0.036
0.026
0.0097
-0.0095
-0.0082
0.0088
0.022
0.021
0.026
0.045
0.055
0.037
0.026
0.025
0.012
-0.0037
-0.015
-0.023
-0.019
-0.0057
0.0013
0.0084
0.023
0.038
0.057
0.084
0.1
0.097
0.092
0.099
0.1
0.084
0.069
0.053
0.035
0.031
0.039
0.051
0.06
0.043
0.028
0.033
0.043
0.031
0.0067
-0.011
-0.02
-0.02
-0.024
-0.015
0.014
0.055
0.084
0.077
0.051
0.027
0.026
0.028
0.032
0.045
0.049
0.043
0.044
0.041
0.022
0.0093
0.008
0.015
0.034
0.054
0.054
0.048
0.044
0.032
0.016
0.015
0.045
0.076
0.074
0.057
0.037
0.026
0.036
0.056
0.064
0.062
0.046
0.024
0.017
0.032
0.039
0.028
0.0079
0.0028
4.6e-005
-0.0022
0.0082
0.015
0.016
0.01
-0.0014
-0.0064
-0.0063
-0.0013
4.6e-005
0.0068
0.02
0.028
0.025
0.016
0.015
0.0089
-0.0011
0.0046
0.019
0.03
0.045
0.061
0.078
0.085
0.067
0.046
0.036
0.035
0.036
0.038
0.026
0.0013
-0.015
-0.022
-0.025
-0.025
-0.021
-0.026
-0.027
-0.019
-0.0057
0.0096
0.023
0.029
0.024
0.016
0.013
0.011
0.022
0.035
0.04
0.037
0.022
-0.0018
-0.015
-0.012
0.00056
0.0081
0.0077
0.0083
0.013
0.0087
-0.0082
-0.028
-0.055
-0.079
-0.086
-0.065
-0.033
-0.025
-0.025
-0.02
-0.025
-0.03
-0.03
-0.033
-0.021
0.014
0.047
0.051
0.022
-0.01
-0.019
-0.018
-0.032
-0.051
-0.047
-0.018
0.015
0.033
0.033
0.017
-0.017
-0.046
-0.061
-0.057
-0.033
-0.0022
0.02
0.028
0.02
0.0076
0.0089
0.017
0.026
0.035
0.042
0.045
0.034
0.021
0.016
0.023
0.031
0.033
0.026
0.026
0.022
0.0021
-0.016
-0.034
-0.045
-0.024
-0.0025
-0.0094
-0.019
-0.014
-0.0079
-0.0084
-0.0095
-0.0083
0.012
0.046
0.065
0.068
0.063
0.047
0.018
0.0016
-0.0043
-0.021
-0.044
-0.045
-0.022
0.0021
0.011
0.0077
0.0096
0.011
-0.0052
-0.02
-0.015
0.01
0.04
0.058
0.053
0.033
0.017
0.017
0.031
0.041
0.051
0.053
0.041
0.029
0.037
0.055
0.057
0.05
0.054
0.059
0.059
0.066
0.069
0.053
0.032
0.025
0.03
0.04
0.036
0.014
0.00096
0.012
0.022
0.019
0.013
0.013
0.018
0.014
0.011
0.016
0.021
0.022
0.024
0.026
0.026
0.016
0.0097
0.0088
0.0021
-0.0075
-0.014
-0.022
-0.027
-0.031
-0.024
-0.0051
0.0057
0.0069
0.0071
0.00069
-0.0081
-0.0081
0.00056
0.0014
-0.015
-0.032
-0.037
-0.048
-0.071
-0.076
-0.066
-0.057
-0.052
-0.041
-0.023
-0.0016
-7.6e-005
-0.012
-0.026
-0.036
-0.03
-0.021
-0.017
-0.018
-0.0091
0.0036
0.0042
-0.00017
-0.014
-0.034
-0.048
-0.047
-0.045
-0.041
-0.03
-0.019
-0.023
-0.043
-0.078
-0.11
-0.12
-0.12
-0.11
-0.096
-0.076
-0.059
-0.054
-0.064
-0.088
-0.097
-0.088
-0.067
-0.046
-0.027
-0.013
-0.0096
-0.014
-0.032
-0.057
-0.08
-0.089
-0.079
-0.055
-0.032
-0.03
-0.044
-0.061
-0.081
-0.082
-0.066
-0.059
-0.058
-0.045
-0.028
-0.019
-0.024
-0.047
-0.068
-0.074
-0.069
-0.06
-0.053
-0.047
-0.049
-0.06
-0.073
-0.078
-0.083
-0.087
-0.088
-0.091
-0.086
-0.074
-0.056
-0.04
-0.041
-0.053
-0.066
-0.071
-0.062
-0.039
-0.023
-0.012
-0.00093
0.0025
-0.0032
-0.015
-0.028
-0.033
-0.027
-0.015
-0.011
-0.025
-0.045
-0.068
-0.087
-0.077
-0.051
-0.039
-0.037
-0.037
-0.039
-0.038
-0.036
-0.035
-0.027
-0.025
-0.031
-0.039
-0.048
-0.045
-0.039
-0.022
-1.5e-005
0.004
-0.014
-0.024
-0.0039
0.017
0.006
-0.021
-0.0033
0.039
0.03
-0.021
-0.067
-0.078
-0.067
-0.042
-0.01
0.0096
0.012
0.013
0.049
0.088
0.11
0.11
0.096
0.067
0.056
0.057
0.049
0.035
0.025
0.0054
-0.028
-0.052
-0.046
-0.032
-0.017
0.0064
0.023
0.024
0.019
0.018
0.029
0.057
0.079
0.086
0.076
0.063
0.061
0.057
0.053
0.054
0.05
0.029
0.00075
-0.014
-0.0082
0.0051
0.025
0.05
0.07
0.072
0.061
0.061
0.074
0.078
0.067
0.059
0.055
0.045
0.034
0.017
-0.013
-0.031
0.0085
0.095
0.15
0.13
0.066
-0.0034
-0.059
-0.072
-0.042
0.0098
0.036
0.038
0.035
0.037
0.033
0.033
0.034
0.014
-0.00066
-0.0093
-0.016
-0.015
-0.0045
0.0032
0.018
0.055
0.068
0.039
0.0039
0.0075
0.034
0.064
0.083
0.08
0.064
0.054
0.061
0.085
0.12
0.12
0.085
0.041
0.0092
-0.014
-0.025
-0.018
-0.018
-0.028
-0.037
-0.04
-0.033
-0.011
0.034
0.079
0.093
0.073
0.04
0.019
0.0094
0.016
0.035
0.051
0.05
0.036
0.012
-0.017
-0.02
0.0086
0.059
0.093
0.09
0.063
0.032
0.024
0.027
0.05
0.077
0.087
0.081
0.074
0.065
0.055
0.047
0.037
0.026
0.021
0.013
-0.0021
0.006
0.04
0.057
0.073
0.099
0.094
0.07
0.055
0.035
0.019
0.015
0.0092
0.0056
0.00084
-0.011
-0.019
-0.015
-0.0077
0.014
0.04
0.055
0.059
0.054
0.056
0.075
0.077
0.076
0.079
0.063
0.061
0.071
0.068
0.059
0.045
0.032
0.026
0.02
0.027
0.052
0.07
0.08
0.075
0.065
0.053
0.035
0.01
-0.015
-0.016
0.0028
0.011
0.0014
0.0033
0.01
0.0064
0.0065
0.00011
-0.013
-0.02
-0.014
0.0043
0.011
-0.0021
-0.021
-0.032
-0.034
-0.023
-0.013
-0.0049
0.01
0.028
0.046
0.056
0.052
0.05
0.049
0.051
0.067
0.079
0.064
0.035
0.0073
-0.02
-0.025
-0.021
-0.034
-0.044
-0.034
-0.024
-0.011
-0.00029
0.015
0.041
0.054
0.057
0.055
0.04
0.018
-0.0044
-0.023
-0.026
-0.02
-0.019
-0.03
-0.046
-0.058
-0.058
-0.038
-0.0031
0.02
0.017
0.013
0.014
0.012
0.017
0.017
-0.00023
-0.025
-0.037
-0.05
-0.046
-0.022
0.014
0.047
0.073
0.094
0.093
0.067
0.025
-0.0075
-0.021
-0.013
-0.0045
-0.015
-0.033
-0.054
-0.057
-0.029
-0.0014
0.0022
0.0034
0.0073
0.0086
0.017
0.024
0.02
0.0088
0.011
0.019
0.0099
-0.0026
0.0051
0.018
0.019
0.0058
-0.015
-0.023
-0.021
-0.011
0.0011
0.012
0.02
0.025
0.025
0.006
-0.026
-0.06
-0.075
-0.058
-0.026
0.0099
0.041
0.042
0.011
-0.028
-0.055
-0.077
-0.089
-0.083
-0.074
-0.059
-0.034
-0.013
-0.013
-0.028
-0.041
-0.052
-0.063
-0.075
-0.075
-0.057
-0.031
-0.028
-0.037
-0.038
-0.036
-0.033
-0.023
-0.00069
0.027
0.051
0.06
0.057
0.047
0.033
0.02
0.014
0.012
0.0091
0.014
0.032
0.052
0.061
0.049
0.025
0.0028
-0.011
-0.013
0.0013
0.024
0.055
0.063
0.042
0.022
0.011
0.01
0.027
0.035
0.033
0.041
0.048
0.05
0.056
0.059
0.059
0.065
0.074
0.077
0.063
0.045
0.042
0.047
0.031
-0.00087
-0.015
-0.01
0.0051
0.0083
-0.0075
-0.008
0.018
0.046
0.044
0.035
0.043
0.05
0.046
0.055
0.059
0.048
0.038
0.023
0.001
-0.03
-0.051
-0.046
-0.026
0.0023
0.013
0.0071
0.0026
0.0069
0.031
0.057
0.065
0.046
0.018
-0.0042
-0.02
-0.0021
0.026
0.018
-0.0048
-0.029
-0.045
-0.035
-0.0092
0.013
0.032
0.038
0.033
0.026
0.021
0.025
0.024
0.014
0.011
0.03
0.044
0.039
0.028
0.02
0.0052
-0.0084
-0.015
-0.0054
0.015
0.037
0.062
0.086
0.087
0.059
0.026
0.019
0.026
0.026
0.014
0.01
0.012
0.0095
0.0062
-0.0037
-0.0085
0.0074
0.02
0.016
0.012
0.025
0.054
0.077
0.091
0.089
0.072
0.068
0.066
0.047
0.035
0.044
0.054
0.058
0.052
0.026
-0.0028
-0.0036
0.023
0.055
0.08
0.08
0.066
0.057
0.032
0.011
0.023
0.051
0.058
0.033
0.013
0.019
0.037
0.049
0.035
0.03
0.042
0.042
0.037
0.035
0.048
0.072
0.076
0.051
0.028
0.015
0.0045
-0.011
-0.026
-0.03
-0.021
-0.015
-0.017
-0.013
-0.0047
-0.02
-0.046
-0.034
0.0029
0.028
0.04
0.042
0.023
-0.014
-0.053
-0.081
-0.083
-0.075
-0.072
-0.069
-0.059
-0.061
-0.073
-0.076
-0.086
-0.11
-0.13
-0.14
-0.13
-0.12
-0.11
-0.12
-0.14
-0.15
-0.15
-0.14
-0.13
-0.12
-0.095
-0.058
-0.038
-0.052
-0.084
-0.12
-0.13
-0.14
-0.14
-0.15
-0.17
-0.2
-0.2
-0.18
-0.16
-0.15
-0.15
-0.15
-0.12
-0.081
-0.047
-0.045
-0.063
-0.074
-0.081
-0.1
-0.13
-0.16
-0.18
-0.16
-0.14
-0.13
-0.14
-0.15
-0.15
-0.13
-0.1
-0.11
-0.13
-0.15
-0.13
-0.073
-0.03
-0.039
-0.079
-0.11
-0.12
-0.12
-0.11
-0.1
-0.11
-0.089
-0.086
-0.099
-0.1
-0.085
-0.059
-0.042
-0.025
-0.019
-0.026
-0.042
-0.054
-0.033
-0.0017
0.0029
-0.034
-0.075
-0.073
-0.04
-0.0056
0.014
0.012
0.0055
0.0029
-0.0041
-0.0027
0.0055
0.0017
-0.0036
-0.00038
-0.0017
-0.002
0.0036
0.0055
-0.003
-0.017
-0.034
-0.032
-0.003
0.021
0.033
0.036
0.039
0.042
0.045
0.065
0.089
0.099
0.095
0.086
0.062
0.023
-0.007
-0.011
0.0048
0.023
0.031
0.03
0.022
0.028
0.045
0.047
0.026
0.018
0.031
0.05
0.077
0.1
0.11
0.097
0.065
0.039
0.028
0.03
0.025
0.0039
-0.0049
0.0016
0.007
0.015
0.023
0.019
0.0066
-0.0048
-0.016
-0.011
0.0096
0.015
0.0044
-0.013
-0.03
-0.057
-0.072
-0.074
-0.075
-0.08
-0.081
-0.068
-0.049
-0.045
-0.063
-0.075
-0.073
-0.057
-0.029
-0.0038
0.00078
-0.019
-0.05
-0.077
-0.094
-0.085
-0.064
-0.044
-0.027
-0.02
-0.01
-0.0074
-0.024
-0.053
-0.074
-0.085
-0.089
-0.07
-0.049
-0.042
-0.036
-0.026
-0.025
-0.027
-0.027
-0.03
-0.03
-0.037
-0.06
-0.072
-0.062
-0.051
-0.049
-0.051
-0.052
-0.054
-0.054
-0.047
-0.038
-0.037
-0.027
-0.0018
0.022
0.032
0.022
-0.0097
-0.038
-0.03
0.0082
0.042
0.033
-0.014
-0.06
-0.08
-0.068
-0.056
-0.058
-0.063
-0.067
-0.053
-0.022
0.0074
0.012
0.0053
0.0065
0.019
0.021
0.00032
-0.018
-0.021
-0.0086
-0.0055
-0.018
-0.035
-0.031
-0.007
0.012
0.0075
-0.025
-0.057
-0.058
-0.026
-0.0065
-0.016
-0.033
-0.035
-0.014
0.024
0.052
0.047
0.031
0.024
0.025
0.013
-0.0017
-0.018
-0.018
0.0058
0.038
0.083
0.11
0.12
0.13
0.14
0.14
0.089
0.017
-0.046
-0.053
-0.0094
0.036
0.059
0.07
0.089
0.1
0.11
0.14
0.15
0.15
0.13
0.11
0.087
0.061
0.051
0.068
0.12
0.17
0.19
0.17
0.11
0.065
0.073
0.097
0.1
0.084
0.044
0.029
0.046
0.074
0.11
0.14
0.15
0.13
0.096
0.076
0.07
0.083
0.096
0.1
0.09
0.068
0.035
0.029
0.054
0.085
0.098
0.089
0.066
0.05
0.051
0.052
0.041
0.035
0.053
0.087
0.12
0.13
0.096
0.047
0.025
0.042
0.072
0.097
0.099
0.078
0.069
0.086
0.1
0.1
0.09
0.071
0.045
0.022
0.011
0.033
0.095
0.15
0.18
0.15
0.089
0.049
0.067
0.13
0.18
0.18
0.14
0.058
-0.016
-0.061
-0.086
-0.075
-0.041
-0.03
-0.031
-0.023
0.007
0.058
0.1
0.13
0.13
0.12
0.11
0.1
0.11
0.12
0.14
0.13
0.092
0.05
0.019
0.017
0.037
0.054
0.065
0.094
0.15
0.2
0.19
0.15
0.11
0.079
0.066
0.062
0.054
0.036
0.017
-0.0052
-0.029
-0.019
0.031
0.076
0.087
0.08
0.091
0.11
0.097
0.059
0.035
0.051
0.089
0.12
0.11
0.065
-0.0074
-0.049
-0.053
-0.06
-0.062
-0.058
-0.034
0.01
0.045
0.061
0.067
0.056
0.03
0.019
0.015
0.0062
0.0018
0.011
0.024
0.038
0.062
0.064
0.029
-0.011
-0.029
-0.03
-0.02
-0.024
-0.026
-0.004
0.023
0.04
0.029
0.0097
0.014
0.053
0.1
0.13
0.12
0.075
0.022
-0.0086
0.0026
0.033
0.056
0.06
0.045
0.039
0.059
0.073
0.064
0.061
0.067
0.069
0.053
0.027
0.0041
0.0023
0.03
0.052
0.051
0.044
0.047
0.059
0.071
0.08
0.079
0.056
0.04
0.056
0.077
0.075
0.062
0.058
0.074
0.1
0.11
0.084
0.039
0.023
0.039
0.05
0.054
0.068
0.087
0.089
0.074
0.048
0.031
0.027
0.035
0.053
0.067
0.055
0.021
-0.014
-0.032
-0.013
0.038
0.078
0.076
0.036
-0.017
-0.056
-0.057
-0.024
0.011
0.019
-0.0059
-0.039
-0.057
-0.042
0.0079
0.049
0.054
0.026
-0.015
-0.03
-0.017
0.0011
0.0027
-0.0011
-0.018
-0.043
-0.054
-0.049
-0.05
-0.059
-0.064
-0.075
-0.087
-0.091
-0.087
-0.093
-0.097
-0.097
-0.1
-0.11
-0.12
-0.14
-0.15
-0.16
-0.17
-0.16
-0.13
-0.085
-0.045
-0.029
-0.026
-0.026
-0.031
-0.04
-0.044
-0.047
-0.059
-0.068
-0.084
-0.1
-0.12
-0.13
-0.13
-0.096
-0.06
-0.039
-0.04
-0.061
-0.073
-0.063
-0.038
-0.02
-0.021
-0.028
-0.027
-0.022
-0.016
-0.0098
0.0019
0.017
0.027
0.019
0.0075
0.0077
0.003
-0.0041
-0.023
-0.044
-0.039
-0.013
-0.00026
-0.0069
-0.0056
0.014
0.039
0.051
0.056
0.063
0.067
0.061
0.079
0.079
-0.003
-0.045
-0.0029
0.0067
-0.031
-0.039
-0.033
-0.055
-0.055
0.0042
0.093
0.16
0.17
0.11
0.073
0.048
0.034
0.024
0.0066
-0.029
-0.071
-0.075
-0.049
-0.035
-0.044
-0.05
-0.066
-0.063
-0.028
4.6e-005
-0.004
-0.0025
0.016
0.028
0.039
0.05
0.064
0.071
0.07
0.061
0.05
0.06
0.085
0.086
0.044
-0.0036
-0.015
0.028
0.076
0.091
0.07
0.049
0.068
0.11
0.14
0.13
0.087
0.022
-0.044
-0.073
-0.057
-0.029
-0.027
-0.038
-0.034
0.0014
0.056
0.11
0.16
0.2
0.26
0.31
0.31
0.26
0.18
0.12
0.07
0.035
0.027
0.037
0.058
0.067
0.045
0.0016
-0.027
-0.02
0.02
0.085
0.14
0.13
0.087
0.049
0.032
0.027
0.0053
-0.032
-0.065
-0.066
-0.044
-0.04
-0.066
-0.095
-0.088
-0.053
-0.03
-0.049
-0.1
-0.16
-0.21
-0.22
-0.22
-0.23
-0.26
-0.3
-0.33
-0.35
-0.36
-0.37
-0.36
-0.36
-0.37
-0.38
-0.38
-0.39
-0.4
-0.41
-0.42
-0.43
-0.45
-0.45
-0.44
-0.42
-0.41
-0.4
-0.38
-0.36
-0.33
-0.3
-0.29
-0.3
-0.29
-0.26
-0.22
-0.2
-0.21
-0.21
-0.19
-0.16
-0.13
-0.097
-0.072
-0.059
-0.053
-0.045
-0.041
-0.041
-0.034
-0.0046
0.033
0.063
0.088
0.1
0.11
0.11
0.11
0.12
0.13
0.13
0.14
0.15
0.15
0.14
0.12
0.11
0.11
0.1
0.091
0.078
0.066
0.061
0.068
0.074
0.074
0.066
0.05
0.035
0.018
0.00072
0.0031
0.0012
-0.016
-0.03
-0.04
-0.046
-0.055
-0.066
-0.068
-0.064
-0.066
-0.068
-0.07
-0.08
-0.089
-0.086
-0.073
-0.064
-0.065
-0.074
-0.085
-0.09
-0.087
-0.071
-0.055
-0.035
-0.014
-0.0058
-0.0047
0.00026
0.002
0.007
0.015
0.021
0.022
0.024
0.034
0.042
0.047
0.061
0.074
0.075
0.079
0.078
0.073
0.067
0.057
0.054
0.066
0.077
0.076
0.073
0.063
0.046
0.031
0.022
0.018
0.022
0.031
0.037
0.043
0.036
0.024
0.012
0.015
0.019
0.0096
-0.0018
0.0091
0.034
0.048
0.037
0.0054
-0.0025
0.016
0.027
0.033
0.034
0.03
0.013
-0.01
-0.027
-0.035
-0.034
-0.02
-0.011
0.0014
0.025
0.042
0.042
0.056
0.1
0.097
-0.0037
-0.12
-0.14
-0.073
4.6e-005
0.037
0.034
0.014
0.0054
0.012
0.016
0.0021
-0.0074
-0.0075
-0.0068
-0.0054
-0.018
-0.026
-0.009
0.011
0.01
-0.0056
-0.017
-0.017
-0.014
-0.0093
-0.0082
0.0002
0.013
0.017
0.0065
-0.0074
-0.016
-0.0072
0.01
0.014
0.0057
-0.0093
-0.019
-0.023
-0.021
-0.024
-0.021
-0.0084
0.0082
0.024
0.037
0.041
0.028
0.016
0.017
0.02
0.029
0.047
0.064
0.076
0.079
0.069
0.058
0.059
0.076
0.091
0.084
0.062
0.048
0.055
0.067
0.06
0.039
0.021
0.012
0.0005
-0.0026
0.0021
0.011
0.017
0.017
0.022
0.031
0.027
-0.0052
-0.032
-0.034
-0.018
0.006
0.016
0.02
0.03
0.033
0.022
0.015
0.017
0.018
0.019
0.018
0.016
0.0047
0.0045
0.029
0.044
0.036
0.016
0.0043
0.0091
0.018
0.026
0.042
0.055
0.052
0.045
0.031
0.014
0.015
0.025
0.013
0.0055
0.025
0.043
0.042
0.026
0.019
0.025
0.024
0.022
0.026
0.028
0.029
0.039
0.051
0.062
0.07
0.077
0.093
0.11
0.092
0.061
0.035
0.04
0.059
0.068
0.065
0.059
0.054
0.068
0.099
0.11
0.097
0.077
0.077
0.098
0.12
0.13
0.13
0.13
0.13
0.14
0.14
0.13
0.13
0.13
0.13
0.14
0.13
0.12
0.1
0.085
0.085
0.1
0.11
0.11
0.095
0.088
0.093
0.092
0.08
0.061
0.055
0.065
0.077
0.082
0.084
0.083
0.086
0.082
0.063
0.055
0.065
0.068
0.069
0.07
0.061
0.055
0.061
0.07
0.079
0.088
0.097
0.1
0.1
0.098
0.088
0.081
0.073
0.074
0.081
0.081
0.073
0.067
0.063
0.056
0.059
0.05
0.023
-0.0026
-0.015
-0.0088
0.0058
0.014
0.012
0.0077
0.011
0.0024
-0.01
-0.015
-0.0073
0.0085
0.019
0.021
0.016
0.01
0.017
0.037
0.052
0.051
0.04
0.017
-0.0098
-0.032
-0.035
-0.013
0.0036
0.015
0.03
0.042
0.043
0.026
0.0022
0.0043
0.019
