-0.012
-0.019
-0.01
0.00072
-0.0066
-0.0095
0.0014
-0.0054
-0.02
-0.018
-0.0027
0.013
0.012
0.0066
0.0034
-0.0098
-0.0085
0.00047
-0.0065
-0.00084
0.016
0.017
0.003
-0.0032
-0.017
-0.027
-0.0083
0.019
0.033
0.025
0.016
0.025
0.028
0.028
0.033
0.04
0.028
0.0017
-0.0054
0.013
0.023
0.016
0.012
-0.0011
-0.0033
0.016
0.026
0.009
0.008
0.033
0.027
-0.011
-0.013
0.014
0.0055
-0.0071
0.019
0.034
0.0046
-0.026
-0.011
0.009
0.0038
0.0017
0.011
0.018
0.014
0.017
0.032
0.032
0.011
-0.0036
-0.00087
-0.0059
0.0053
0.029
0.034
0.014
-0.0022
-0.0012
0.00011
0.015
0.026
0.0023
-0.014
0.0022
0.027
0.015
-0.00081
-0.00072
0.00084
-0.011
-0.025
-0.019
0.0093
0.038
0.023
-0.015
-0.016
0.0078
0.0045
-0.018
-0.015
-0.0019
-0.012
-0.024
-0.0081
0.0014
-0.021
-0.029
-0.017
-0.0086
-0.014
-0.018
-0.0081
0.0026
-0.0028
-0.018
-0.018
-0.0041
0.0095
0.005
-0.0036
-0.0031
-0.00087
0.00093
-0.0049
-0.0086
-0.005
0.0042
0.014
0.017
0.011
0.012
0.021
0.029
0.017
0.011
0.019
0.035
0.029
0.011
0.0052
0.0096
0.0035
-0.0055
0.00038
0.014
0.008
-0.012
-0.0089
0.0047
-0.0045
-0.023
-0.023
-0.0029
0.0054
-0.0066
-0.0011
0.014
0.012
-0.00066
-0.0081
-0.008
-0.0069
-0.013
-0.0091
0.011
0.023
0.019
0.0086
0.0047
0.0046
0.0028
-0.0073
-0.017
-0.011
0.0023
0.0066
-0.01
-0.019
-0.0057
-0.0071
-0.028
-0.036
-0.015
-0.001
-0.0034
0.00087
0.004
0.0023
-0.02
-0.03
-0.021
0.00099
0.0086
0.0078
0.0085
0.017
0.023
0.0054
-0.0083
-0.0025
0.012
0.016
0.0058
0.0078
0.024
0.021
-0.00066
0.00078
0.013
0.0058
-0.004
-0.0059
-0.0079
-0.0017
0.012
0.015
0.007
-0.0025
-0.0056
0.0055
0.01
0.014
0.022
0.019
0.0052
0.00017
-0.0013
-0.0087
-0.016
-0.011
0.0016
-0.00053
-0.017
-0.017
-0.0055
-0.00066
-0.012
-0.023
-0.0065
0.0081
0.0026
-0.012
-0.0078
0.003
0.0034
-0.0072
-0.0037
0.012
0.024
0.022
0.015
0.017
0.018
0.0048
0.00096
0.021
0.028
0.022
0.025
0.029
0.027
0.021
0.022
0.019
0.0027
-0.0079
-0.0091
0.0059
0.024
0.02
0.0083
0.01
0.011
-0.0048
-0.0024
0.0079
0.0096
0.012
0.026
0.027
0.006
-0.0063
-0.01
-0.0052
0.012
0.019
0.019
0.017
0.017
0.0094
0.0047
0.0059
0.011
0.025
0.024
0.014
0.0049
0.034
0.067
0.062
0.039
0.024
0.015
0.0061
0.018
0.047
0.056
0.037
0.017
0.0095
0.0066
0.016
0.036
0.049
0.045
0.016
-0.0053
0.0072
0.026
0.027
0.016
0.017
0.021
0.012
-0.0017
0.00011
0.01
0.021
0.015
-0.0068
-0.024
-0.021
0.009
0.039
0.024
-0.013
-0.034
-0.023
-0.0085
0.0028
0.0049
0.018
0.027
0.015
0.0048
0.0028
0.00035
-0.011
-0.017
-0.0012
0.016
0.01
0.014
0.031
0.029
0.0028
-0.024
-0.035
-0.016
0.0097
0.031
0.041
0.027
0.0093
-0.00032
-0.011
-0.01
-0.0098
-0.01
-0.0039
0.0052
0.024
0.029
0.013
0.0023
0.013
0.01
-0.012
-0.014
0.0023
0.018
0.01
-0.0032
-0.0044
-0.0072
-0.025
-0.04
-0.026
0.0014
0.0094
0.0079
0.00041
0.0023
-0.0051
-0.014
-0.011
-0.0014
0.0055
0.02
0.038
0.04
0.032
0.015
0.002
-0.0017
-0.0012
0.0079
0.011
0.01
0.025
0.037
0.026
0.008
-0.0029
-0.0062
0.0043
0.019
0.011
-0.0069
-0.00078
0.018
0.02
0.0025
-0.019
-0.013
0.00069
0.0015
0.008
0.014
0.0097
0.0053
0.0028
-0.0051
-0.011
-0.0095
0.0031
0.011
-0.0014
-0.0076
0.0036
0.0076
7.6e-005
-0.019
-0.023
-0.0088
0.0096
0.0033
0.0027
-0.00035
-0.0097
-0.012
-0.0095
0.00069
0.0032
0.00047
-0.004
-0.00014
0.009
0.0051
0.0035
0.01
0.0094
-0.0021
0.0098
0.037
0.041
0.015
0.00026
0.016
0.0047
-0.016
-0.014
-4.6e-005
0.0096
0.013
0.0034
-0.012
-0.016
-0.022
-0.022
-0.026
-0.038
-0.033
-0.01
0.0046
0.0043
-0.0034
-0.011
-0.016
-0.0028
0.012
0.0093
0.0043
0.0076
0.015
0.0082
0.003
-0.003
-0.00056
0.0016
0.013
0.012
0.011
0.021
0.019
0.024
0.036
0.032
0.01
-0.012
-0.017
-0.017
-0.032
-0.043
-0.053
-0.066
-0.053
-0.015
0.004
0.0013
-0.0034
-0.0043
0.01
0.027
0.024
0.0029
-0.014
-0.017
-0.0044
-0.0018
-0.0076
-0.0056
0.0052
0.0049
0.00026
0.0085
0.0038
-0.028
-0.046
-0.041
-0.033
-0.03
-0.0043
0.023
0.028
0.018
0.02
0.03
0.011
-0.0066
-0.011
0.003
0.027
0.056
0.07
0.037
-0.023
-0.055
-0.056
-0.058
-0.064
-0.066
-0.068
-0.066
-0.067
-0.071
-0.068
-0.055
-0.044
-0.048
-0.058
-0.041
-0.00087
0.036
0.053
0.033
0.0041
-0.012
-0.023
-0.0089
0.029
0.05
0.031
0.00017
-0.039
-0.069
-0.067
-0.024
0.014
0.022
0.0095
-0.011
-0.016
0.012
0.023
0.012
0.0077
0.018
0.014
-0.00096
0.0093
0.039
0.058
0.039
0.0077
-0.0092
0.0031
0.015
0.02
0.03
0.034
0.033
0.027
0.021
0.024
0.031
0.027
0.028
0.042
0.059
0.079
0.088
0.077
0.063
0.06
0.077
0.098
0.1
0.086
0.077
0.079
0.081
0.083
0.075
0.067
0.075
0.092
0.099
0.079
0.056
0.057
0.066
0.064
0.059
0.067
0.085
0.12
0.13
0.12
0.11
0.13
0.14
0.14
0.15
0.17
0.19
0.2
0.19
0.19
0.19
0.19
0.18
0.17
0.14
0.12
0.12
0.12
0.085
0.061
0.06
0.061
0.048
0.026
-0.0056
-0.06
-0.12
-0.17
-0.19
-0.21
-0.22
-0.23
-0.25
-0.27
-0.3
-0.3
-0.29
-0.29
-0.28
-0.25
-0.21
-0.21
-0.23
-0.23
-0.22
-0.2
-0.18
-0.17
-0.15
-0.12
-0.073
-0.045
-0.037
-0.039
-0.031
-0.021
0.024
0.077
0.11
0.15
0.15
0.12
0.084
0.054
0.03
0.019
0.03
0.041
0.022
-0.0051
-0.028
-0.058
-0.082
-0.09
-0.11
-0.13
-0.15
-0.16
-0.15
-0.13
-0.12
-0.13
-0.13
-0.12
-0.1
-0.09
-0.087
-0.092
-0.1
-0.12
-0.16
-0.21
-0.26
-0.29
-0.28
-0.25
-0.25
-0.28
-0.33
-0.36
-0.42
-0.51
-0.62
-0.72
-0.81
-0.87
-0.87
-0.88
-0.86
-0.86
-0.85
-0.88
-0.77
-0.25
0.22
0.49
0.74
0.9
0.98
0.93
0.68
0.34
-0.021
-0.32
-0.48
-0.46
-0.3
-0.13
-0.03
0.0014
0.014
0.045
0.13
0.28
0.48
0.65
0.74
0.75
0.72
0.68
0.63
0.61
0.59
0.69
0.87
0.88
0.83
0.83
0.93
0.99
0.99
0.98
0.9
0.82
0.75
0.55
0.084
-0.52
-0.78
-0.76
-0.88
-0.94
-0.91
-0.94
-0.8
-0.5
-0.56
-0.78
-0.83
-0.63
-0.37
-0.25
-0.17
-0.00011
0.2
0.28
0.19
0.045
-0.059
-0.15
-0.26
-0.31
-0.28
-0.17
-0.11
-0.17
-0.28
-0.28
-0.13
-0.00035
-0.029
-0.16
-0.23
-0.13
0.037
0.13
0.15
0.16
0.21
0.28
0.33
0.39
0.42
0.42
0.41
0.4
0.37
0.31
0.24
0.16
0.074
0.008
-0.022
0.0033
0.019
-0.028
-0.13
-0.21
-0.23
-0.22
-0.22
-0.2
-0.13
-0.067
-0.031
-0.02
-0.033
-0.022
0.017
0.039
0.019
-0.019
0.0024
0.075
0.12
0.11
0.083
0.052
0.026
-0.0016
-0.031
-0.053
-0.061
-0.042
-0.0093
0.0022
-0.044
-0.13
-0.17
-0.14
-0.063
0.00084
0.019
0.011
0.013
0.048
0.072
0.067
0.055
0.065
0.075
0.068
0.057
0.054
0.068
0.078
0.051
-0.0018
-0.039
-0.049
-0.044
-0.031
-0.01
-0.0041
-0.0018
0.017
0.023
0.017
0.024
0.038
0.047
0.042
0.016
-0.00078
0.022
0.056
0.057
0.032
0.014
0.018
0.031
0.038
0.03
0.017
0.021
0.041
0.042
0.02
0.0019
0.004
0.033
0.056
0.043
-0.00063
-0.031
-0.034
-0.022
-0.019
-0.022
-0.029
-0.016
0.011
0.032
0.037
0.054
0.09
0.11
0.11
0.11
0.12
0.14
0.15
0.15
0.15
0.15
0.15
0.14
0.12
0.098
0.095
0.094
0.082
0.064
0.056
0.052
0.055
0.052
0.037
0.033
0.045
0.042
0.0012
-0.018
0.0043
0.023
0.016
-0.021
-0.051
-0.045
-0.011
0.017
0.016
-0.023
-0.075
-0.092
-0.072
-0.046
-0.039
-0.044
-0.035
-0.02
-0.0072
0.00072
-0.012
-0.037
-0.04
-0.017
0.013
0.021
0.0069
0.0012
0.0079
0.027
0.033
0.018
0.024
0.046
0.04
0.017
0.0095
0.021
0.041
0.048
0.033
0.035
0.056
0.066
0.051
0.028
0.011
0.00087
-0.0043
-0.014
-0.025
-0.022
-0.016
-0.026
-0.039
-0.047
-0.055
-0.053
-0.048
-0.053
-0.068
-0.078
-0.072
-0.061
-0.048
-0.042
-0.047
-0.049
-0.031
-0.014
-0.018
-0.021
-0.02
-0.019
-0.02
-0.018
0.00087
0.028
0.042
0.032
0.016
0.0013
-0.015
-0.014
7.6e-005
-0.0017
-0.0082
0.0032
0.019
0.039
0.054
0.039
0.011
-0.019
-0.028
-0.002
0.0059
-0.019
-0.051
-0.043
0.002
0.024
0.014
-0.022
-0.043
-0.034
-0.022
0.00099
0.016
0.0028
-0.0061
-0.0088
-0.0038
0.013
0.018
0.023
0.023
0.0069
-0.0037
0.0005
0.0044
-0.0081
-0.02
-0.0002
0.025
0.009
-0.025
-0.042
-0.018
0.0066
0.0099
-0.025
-0.067
-0.085
-0.028
0.041
0.056
0.022
-0.0079
-0.012
0.0068
0.016
-0.0042
-0.029
-0.051
-0.067
-0.055
-0.015
0.0056
-0.014
-0.053
-0.072
-0.068
-0.053
-0.024
-0.00047
0.0039
-0.011
-0.017
-0.0057
0.014
0.033
0.029
-0.0012
-0.032
-0.048
-0.03
0.038
0.08
0.049
0.0014
-0.017
0.032
0.072
0.071
0.041
0.00063
-0.012
0.0069
0.029
0.02
0.003
-0.013
-0.025
-0.015
0.0029
0.0079
0.0034
0.0036
0.015
0.038
0.064
0.082
0.081
0.065
0.05
0.036
0.034
0.021
0.02
0.043
0.055
0.049
0.027
0.007
-0.004
-0.0036
0.0096
0.016
0.022
0.043
0.069
0.067
0.079
0.098
0.089
0.088
0.095
0.1
0.099
0.084
0.086
0.1
0.11
0.091
0.062
0.041
0.046
0.048
0.04
0.039
0.039
0.045
0.044
0.032
0.031
0.043
0.064
0.079
0.072
0.051
0.039
0.036
0.031
0.03
0.036
0.041
0.045
0.059
0.076
0.085
0.075
0.047
0.016
-0.002
-0.0083
-0.01
-0.014
-0.019
-0.015
-0.0068
-0.0039
-0.0058
-0.0096
-0.0097
-0.0094
-0.018
-0.021
-0.02
-0.0091
0.0082
0.0073
-0.0099
-0.018
-0.0049
0.0065
0.0071
-0.0047
-0.017
-0.031
-0.03
-0.007
0.016
0.018
0.0033
-0.0073
-0.0067
-0.009
-0.014
-0.0089
-0.0058
-0.014
-0.0062
0.012
0.032
0.047
0.052
0.042
0.026
0.028
0.048
0.067
0.079
0.084
0.083
0.08
0.071
0.058
0.048
0.037
0.027
0.03
0.047
0.057
0.05
0.039
0.028
0.019
0.018
0.023
0.033
0.043
0.057
0.065
0.06
0.051
0.04
0.028
0.024
0.033
0.046
0.064
0.076
0.075
0.065
0.056
0.052
0.06
0.069
0.069
0.059
0.049
0.049
0.042
0.0085
-0.014
-0.015
-0.013
-0.0032
-0.0013
-0.012
-0.0077
0.018
0.03
0.0083
-0.021
-0.038
-0.041
-0.042
-0.031
-0.0038
0.036
0.065
0.067
0.037
-0.0056
-0.04
-0.043
-0.026
-0.024
-0.044
-0.053
-0.036
0.0041
0.023
0.003
-0.028
-0.045
-0.061
-0.085
-0.1
-0.1
-0.071
-0.033
-0.012
-0.018
-0.035
-0.046
-0.046
-0.039
-0.033
-0.043
-0.058
-0.066
-0.069
-0.047
0.0023
0.04
0.039
0.011
-0.011
-0.027
-0.034
-0.024
-0.011
-0.011
-0.026
-0.03
-0.015
-0.00069
-0.0099
-0.041
-0.064
-0.081
-0.097
-0.091
-0.067
-0.061
-0.068
-0.074
-0.071
-0.047
-0.017
-0.02
-0.055
-0.083
-0.076
-0.057
-0.045
-0.045
-0.046
-0.053
-0.068
-0.086
-0.075
-0.024
-0.016
-0.069
-0.11
-0.1
-0.078
-0.072
-0.086
-0.088
-0.076
-0.055
-0.052
-0.087
-0.11
-0.098
-0.047
0.0044
0.018
-0.0034
-0.025
-0.016
0.025
0.052
0.051
0.04
0.05
0.094
0.15
0.18
0.14
0.057
0.012
0.055
0.094
0.021
-0.091
-0.11
0.0036
0.15
0.2
0.18
0.13
0.13
0.1
0.072
0.093
0.16
0.19
0.16
0.14
0.19
0.24
0.24
0.19
0.14
0.14
0.17
0.2
0.2
0.18
0.13
0.1
0.16
0.21
0.18
0.12
0.065
0.085
0.14
0.16
0.12
0.04
-0.0074
0.025
0.11
0.15
0.12
0.068
0.064
0.073
0.071
0.029
-0.05
-0.084
-0.05
0.013
0.046
0.0075
-0.056
-0.085
-0.066
-0.054
-0.056
-0.057
-0.067
-0.067
-0.023
0.049
0.086
0.055
-0.04
-0.12
-0.14
-0.094
-0.011
0.036
0.031
-0.0051
-0.029
-0.03
-0.024
-0.026
-0.03
-0.052
-0.095
-0.11
-0.099
-0.075
-0.071
-0.089
-0.1
-0.085
-0.058
-0.048
-0.041
-0.039
-0.024
0.013
0.024
0.0014
-0.024
-0.014
0.033
0.083
0.09
0.039
-0.037
-0.067
-0.047
-0.0077
0.014
-0.00072
-0.045
-0.052
-0.01
0.014
0.00087
-0.042
-0.081
-0.089
-0.051
-0.0077
0.019
0.0094
-0.0058
-0.01
-0.00084
0.015
0.00047
-0.023
-0.025
-0.00029
0.038
0.052
0.025
-0.0091
-0.023
-0.033
-0.037
-0.02
-0.016
-0.04
-0.054
-0.04
-0.017
0.0088
0.033
0.027
0.00096
-0.012
-0.0051
0.0054
0.018
0.0046
-0.033
-0.066
-0.042
0.033
0.092
0.096
0.035
-0.034
-0.057
-0.047
-0.031
-0.03
-0.041
-0.047
-0.019
0.024
0.067
0.072
0.013
-0.048
-0.054
-0.0052
0.0081
-0.019
-0.014
0.01
0.016
0.011
0.021
0.043
0.047
0.023
0.0061
0.0066
0.0031
0.0071
0.024
0.039
0.045
0.044
0.052
0.066
0.08
0.08
0.056
0.029
0.02
0.036
0.055
0.064
0.068
0.058
0.03
0.0083
0.01
0.028
0.044
0.042
0.025
0.0077
-0.006
0.0006
0.0066
0.0084
-0.00023
-0.02
-0.054
-0.065
-0.065
-0.074
-0.086
-0.1
-0.1
-0.099
-0.12
-0.14
-0.14
-0.15
-0.15
-0.15
-0.13
-0.1
-0.087
-0.088
-0.08
-0.072
-0.061
-0.053
-0.055
-0.075
-0.096
-0.081
-0.041
-0.0052
0.0027
-0.012
-0.027
-0.016
0.0066
0.0036
-0.016
-0.029
-0.025
-0.025
-0.038
-0.06
-0.069
-0.048
-0.021
-0.0045
-0.0077
-0.013
-0.011
-0.0024
0.021
0.025
0.029
0.042
0.06
0.07
0.076
0.068
0.041
0.023
0.028
0.045
0.056
0.056
0.052
0.043
0.044
0.052
0.054
0.045
0.032
0.021
0.012
0.0082
0.0063
0.017
0.032
0.04
0.061
0.084
0.079
0.056
0.039
0.03
0.031
0.029
0.033
0.046
0.052
0.053
0.045
0.023
0.0026
-0.0034
-0.0073
-0.025
-0.04
-0.043
-0.02
0.014
0.034
0.024
-0.011
-0.021
-0.012
0.0052
0.0057
-0.0087
-0.021
-0.021
-0.0063
0.0043
0.0028
-0.00084
0.01
0.028
0.049
0.059
0.044
0.031
0.024
0.013
0.013
0.043
0.07
0.06
0.032
0.015
0.023
0.037
0.045
0.034
0.018
0.012
0.021
0.052
0.076
0.068
0.037
0.022
0.02
0.014
0.014
0.032
0.047
0.05
0.053
0.046
0.04
0.042
0.04
0.035
0.032
0.04
0.044
0.038
0.025
0.0025
-0.0037
-0.006
-0.0049
-0.01
-0.01
-0.0055
-0.0066
0.0027
0.0048
-0.018
-0.053
-0.065
-0.053
-0.03
-0.0063
0.012
0.019
0.013
0.013
0.02
0.028
0.03
0.02
0.0039
-0.0025
-0.0066
-0.025
-0.051
-0.055
-0.041
-0.033
-0.022
-0.0076
-0.0043
-0.0046
0.0025
0.012
0.016
-0.0005
-0.027
-0.052
-0.074
-0.049
-0.011
0.016
0.026
0.012
-0.016
-0.021
-0.0014
0.031
0.064
0.059
0.024
-0.02
-0.046
-0.041
-0.031
-0.035
-0.03
-0.0043
0.02
0.005
-0.032
-0.047
-0.045
-0.046
-0.055
-0.082
-0.1
-0.09
-0.038
0.006
0.018
0.016
0.00078
-0.02
-0.04
-0.041
-0.019
0.0044
0.017
0.0011
-0.022
-0.037
-0.03
-0.0085
0.0055
0.0096
-0.0094
-0.035
-0.048
-0.046
-0.031
-0.027
-0.034
-0.052
-0.05
-0.034
-0.0049
0.02
0.021
-0.0018
-0.028
-0.041
-0.048
-0.043
-0.023
-0.0012
0.012
0.016
0.0035
-0.018
-0.029
-0.025
-0.02
-0.021
-0.011
0.0091
0.022
0.03
0.031
0.03
0.019
0.0037
0.0034
0.023
0.048
0.046
0.021
-0.004
-0.0033
0.015
0.011
-0.011
-0.03
-0.027
0.00035
0.027
0.038
0.039
0.035
0.032
0.027
0.018
0.0054
0.0016
0.02
0.042
0.034
0.015
-0.0071
-0.022
-0.026
-0.019
-0.0057
0.0047
0.021
0.039
0.045
0.032
0.015
-0.00032
-0.0056
0.004
0.0015
-0.01
-0.012
-0.014
-0.016
0.0033
0.034
0.032
0.0098
0.0018
0.013
0.032
0.047
0.051
0.04
0.036
0.045
0.063
0.071
0.059
0.037
0.031
0.04
0.041
0.035
0.032
0.026
0.013
0.0061
0.0075
0.014
0.042
0.071
0.07
0.049
0.026
0.017
0.02
0.038
0.043
0.035
0.022
0.027
0.053
0.082
0.099
0.089
0.072
0.069
0.075
0.076
0.078
0.086
0.079
0.063
0.054
0.046
0.03
0.03
0.047
0.059
0.07
0.061
0.037
0.02
0.023
0.034
0.033
0.04
0.053
0.067
0.082
0.085
0.07
0.048
0.025
0.016
0.029
0.05
0.061
0.071
0.07
0.059
0.047
0.049
0.065
0.071
0.069
0.072
0.063
0.044
0.046
0.049
0.049
0.046
0.049
0.06
0.065
0.059
0.057
0.062
0.06
0.056
0.065
0.067
0.062
0.051
0.044
0.046
0.051
0.061
0.06
0.043
0.021
0.013
0.031
0.049
0.053
0.051
0.058
0.064
0.054
0.029
0.016
0.022
0.043
0.062
0.051
0.031
0.023
0.0097
0.0026
0.0056
0.025
0.039
0.052
0.057
0.076
0.1
0.12
0.14
0.14
0.1
0.046
0.0019
-0.023
-0.027
-0.0056
0.02
0.025
0.017
-0.0017
-0.019
-0.016
-0.002
0.008
0.015
0.019
0.017
0.013
0.018
0.031
0.04
0.053
0.06
0.049
0.025
-0.009
-0.035
-0.045
-0.042
-0.033
-0.025
-0.03
-0.04
-0.044
-0.036
-0.022
-0.013
-0.015
-0.02
-0.027
-0.04
-0.037
-0.014
-0.00035
-0.0022
-0.0087
-0.003
-0.018
-0.028
-0.012
-0.01
-0.028
-0.043
-0.042
-0.03
-0.017
-0.016
-0.021
-0.03
-0.04
-0.05
-0.059
-0.063
-0.076
-0.091
-0.081
-0.062
-0.075
-0.093
-0.091
-0.091
-0.089
-0.07
-0.048
-0.046
-0.056
-0.057
-0.05
-0.042
-0.039
-0.049
-0.058
-0.059
-0.065
-0.064
-0.051
-0.056
-0.073
-0.07
-0.051
-0.053
-0.067
-0.081
-0.097
-0.096
-0.086
-0.093
-0.099
-0.089
-0.06
-0.044
-0.045
-0.049
-0.047
-0.04
-0.033
-0.034
-0.04
-0.032
-0.021
-0.015
-0.0058
-0.011
-0.04
-0.074
-0.088
-0.087
-0.09
-0.089
-0.083
-0.085
-0.078
-0.061
-0.057
-0.061
-0.064
-0.059
-0.043
-0.03
-0.034
-0.055
-0.066
-0.053
-0.037
-0.027
-0.018
-0.028
-0.056
-0.074
-0.081
-0.073
-0.054
-0.038
-0.024
-0.026
-0.047
-0.061
-0.053
-0.034
-0.033
-0.04
-0.039
-0.028
-0.033
-0.033
-0.032
-0.037
-0.043
-0.047
-0.041
-0.022
-0.017
-0.028
-0.034
-0.036
-0.042
-0.029
-0.0037
0.011
0.012
0.00084
-0.018
-0.025
-0.016
-0.0043
0.0049
-0.0011
-0.013
-0.012
-0.0035
-0.0023
-0.013
-0.012
0.0056
0.016
0.011
0.0031
-0.0095
-0.01
0.0046
0.019
0.037
0.053
0.049
0.023
-0.0042
-0.017
-0.014
0.002
0.01
0.0095
0.005
0.0002
0.007
0.021
0.043
0.046
0.036
0.032
0.034
0.036
0.047
0.057
0.055
0.056
0.056
0.048
0.032
0.012
0.0066
0.02
0.035
0.033
0.023
0.014
0.014
0.022
0.016
0.0037
0.015
0.044
0.062
0.054
0.031
0.016
0.02
0.026
0.034
0.035
0.023
0.014
0.013
0.0061
-0.0038
-0.0022
0.012
0.02
0.022
0.023
0.015
0.0089
0.034
0.055
0.057
0.054
0.046
0.019
-0.008
-0.011
-0.004
0.003
0.0018
0.0057
0.027
0.058
0.073
0.059
0.058
0.062
0.043
0.025
0.019
0.006
-0.0028
0.018
0.04
0.048
0.055
0.053
0.038
0.035
0.044
0.059
0.076
0.092
0.092
0.076
0.062
0.049
0.038
0.05
0.053
0.027
-0.0012
0.0025
0.027
0.054
0.065
0.051
0.039
0.039
0.033
0.03
0.055
0.1
0.12
0.085
0.043
0.026
0.027
0.042
0.052
0.05
0.057
0.061
0.053
0.049
0.052
0.051
0.056
0.071
0.073
0.053
0.038
0.057
0.074
0.061
0.051
0.036
0.018
0.016
0.0049
-0.008
0.0043
0.032
0.052
0.053
0.04
0.026
0.018
0.032
0.061
0.075
0.078
0.067
0.046
0.033
0.032
0.043
0.053
0.053
0.045
0.035
0.033
0.023
0.0089
0.0057
0.023
0.027
0.016
0.0061
0.0062
0.015
0.022
0.021
0.026
0.033
0.029
0.021
0.0085
0.00038
0.024
0.062
0.081
0.072
0.051
0.042
0.043
0.044
0.037
0.028
0.023
0.022
0.018
0.0024
-0.021
-0.031
-0.014
0.0067
0.019
0.017
0.012
0.012
0.006
0.00087
-0.0082
-0.013
-0.014
-0.022
-0.026
-0.02
-0.023
-0.023
-0.0088
0.0039
0.012
0.015
0.01
0.00072
-0.0013
0.024
0.051
0.061
0.047
0.022
0.00063
0.0087
0.034
0.038
0.015
-0.004
-0.0047
-0.0036
-0.0091
-0.0038
0.011
0.021
0.015
0.0083
0.012
0.024
0.028
0.0069
-0.023
-0.031
-0.011
0.014
0.018
0.00078
-0.02
-0.029
-0.028
-0.019
-0.013
-0.025
-0.044
-0.05
-0.044
-0.04
-0.038
-0.03
-0.02
-0.019
-0.026
-0.033
-0.037
-0.022
-0.012
-0.029
-0.049
-0.052
-0.048
-0.042
-0.031
-0.033
-0.039
-0.043
-0.047
-0.05
-0.045
-0.033
-0.028
-0.016
0.0068
0.0067
-0.0056
-0.0077
-0.014
-0.025
-0.015
-0.0033
-0.013
-0.036
-0.042
-0.039
-0.032
-0.024
-0.026
-0.027
-0.021
-0.02
-0.021
-0.011
-0.004
-0.0071
0.0032
0.014
0.0099
0.0042
0.021
0.037
0.031
0.017
-0.00063
-0.0066
-0.006
-0.016
-0.02
-0.017
-0.011
-0.0042
-0.0022
-0.011
-0.024
-0.041
-0.054
-0.062
-0.065
-0.036
-0.0099
-0.014
-0.03
-0.047
-0.065
-0.077
-0.071
-0.051
-0.043
-0.04
-0.023
-0.031
-0.06
-0.066
-0.056
-0.049
-0.05
-0.048
-0.035
-0.011
0.0061
-0.0013
-0.018
-0.028
-0.031
-0.043
-0.067
-0.079
-0.072
-0.049
-0.024
-0.013
-0.016
-0.027
-0.03
-0.016
0.0065
0.023
0.012
-0.014
-0.037
-0.034
-0.019
-0.0094
-0.012
-0.0082
0.014
0.043
0.054
0.037
0.0088
-0.017
-0.026
-0.032
-0.031
-0.014
-0.0044
0.0078
0.041
0.068
0.062
0.027
-0.0098
-0.033
-0.021
0.0092
0.032
0.032
0.017
0.0041
0.0022
0.0034
0.00011
0.0059
0.0098
0.0068
0.0045
0.0039
0.0045
-0.0052
-0.004
0.0082
0.014
0.018
0.032
0.03
0.016
0.0025
0.00023
0.014
0.017
-0.0012
-0.019
-0.026
-0.014
-0.00099
0.00044
-0.013
-0.027
-0.04
-0.047
-0.049
-0.045
-0.029
-0.018
-0.023
-0.03
-0.025
-0.018
-0.02
-0.021
-0.02
-0.017
-0.014
0.0016
0.022
0.025
0.016
-0.0071
-0.037
-0.049
-0.038
-0.032
-0.04
-0.048
-0.048
-0.024
0.0097
0.041
0.072
0.076
0.055
0.033
0.016
0.009
0.014
0.019
0.017
0.011
0.00053
-0.002
-0.0098
-0.011
0.009
0.022
0.017
0.0024
-0.0043
0.0035
0.019
0.018
0.0076
-0.0068
-0.017
-0.014
-0.0028
0.0075
0.0053
-0.0021
0.0094
0.022
0.026
0.04
0.049
0.04
0.046
0.068
0.071
0.051
0.028
0.015
0.0072
0.0055
0.0028
0.0083
0.024
0.031
0.02
0.009
0.0049
-0.0071
-0.0067
0.01
0.018
0.018
0.025
0.037
0.035
0.019
-0.00011
-0.0066
0.0031
0.0069
0.0072
0.0089
0.016
0.028
0.031
0.02
0.0044
-0.0085
-0.017
-0.0062
0.0029
0.014
0.031
0.036
0.028
0.025
0.027
0.022
0.01
0.0041
-0.0071
-0.02
-0.0091
0.016
0.014
0.0021
0.0049
-0.0013
-0.0038
0.0051
0.014
0.031
0.045
0.038
0.022
0.012
0.003
-0.0051
-0.008
0.0029
0.018
0.032
0.041
0.04
0.033
0.031
0.033
0.036
0.036
0.033
0.031
0.045
0.052
0.05
0.043
0.037
0.039
0.048
0.057
0.054
0.051
0.048
0.046
0.048
0.05
0.041
0.029
0.028
0.025
0.016
0.021
0.031
0.03
0.02
0.013
-0.00081
-0.0011
0.0058
0.0064
0.015
0.018
0.01
0.0014
0.0037
0.0043
0.006
0.0064
0.011
0.012
-0.0069
-0.0089
-0.00032
0.016
0.037
0.052
0.07
0.094
0.1
0.094
0.09
0.08
0.064
0.045
0.0054
-0.032
-0.052
-0.048
-0.032
-0.015
0.00087
0.011
0.0079
0.0044
0.015
0.03
0.053
0.059
0.029
-0.0074
-0.025
-0.024
-0.017
-0.013
-0.0014
0.015
0.023
0.024
0.032
0.026
0.022
0.022
0.011
0.011
0.031
0.052
0.059
0.048
0.016
-0.015
-0.034
-0.04
-0.018
0.011
0.019
0.012
0.00069
-0.011
-0.015
-0.013
-0.0087
0.00096
-0.0012
-0.013
-0.031
-0.042
-0.016
0.012
0.015
0.011
0.016
0.014
0.015
0.022
0.033
0.035
0.018
-0.0076
-0.021
-0.015
-0.0085
-0.014
-0.0062
0.0037
0.0012
0.0035
0.012
0.0058
0.01
0.037
0.046
0.038
0.024
0.018
0.018
0.018
0.019
0.012
0.01
0.016
0.027
0.034
0.036
0.022
0.0078
0.0053
-0.0027
-0.014
-0.0088
0.013
0.02
0.019
0.017
0.011
0.017
0.019
0.016
0.023
0.027
0.024
0.022
0.015
-0.0039
-0.013
-0.023
-0.019
-0.0099
-0.002
0.016
0.031
0.027
0.024
0.029
0.037
0.03
0.015
0.0073
0.00038
0.013
0.036
0.03
0.0054
0.0058
0.018
0.027
0.033
0.022
0.019
0.045
0.066
0.061
0.05
0.041
0.039
0.049
0.071
0.079
0.063
0.043
0.037
0.039
0.042
0.048
0.062
0.072
0.078
0.07
0.059
0.055
0.055
0.06
0.058
0.047
0.029
0.015
0.0013
-0.0095
-0.014
-0.0094
0.0058
0.023
0.038
0.046
0.042
0.029
0.01
0.013
0.035
0.051
0.05
0.042
0.036
0.037
0.047
0.04
0.022
0.0026
-0.0085
-0.011
-0.0057
0.0029
0.011
0.021
0.029
0.04
0.04
0.033
0.025
0.023
0.033
0.034
0.022
0.011
0.0077
0.01
0.016
0.012
-0.0021
-0.0093
-0.011
0.0025
0.019
0.027
0.039
0.043
0.037
0.025
0.018
0.019
0.03
0.04
0.055
0.064
0.062
0.057
0.06
0.06
0.06
0.064
0.074
0.085
0.084
0.08
0.077
0.069
0.057
0.049
0.029
0.011
0.013
0.028
0.034
0.027
0.015
0.013
0.022
0.028
0.035
0.041
0.041
0.042
0.04
0.04
0.042
0.043
0.04
0.045
0.031
-0.0066
-0.032
-0.035
-0.0096
0.015
0.037
0.063
0.09
0.1
0.11
0.11
0.087
0.054
0.015
-0.017
-0.035
-0.032
-0.0094
-0.017
-0.041
-0.035
-0.02
-0.01
0.0087
0.03
0.063
0.097
0.094
0.055
0.012
-0.0012
0.0091
0.0015
-0.02
-0.027
-0.025
-0.024
-0.027
-0.034
-0.042
-0.042
-0.043
-0.049
-0.055
-0.057
-0.047
-0.017
0.013
0.028
0.025
0.0067
-0.0069
-0.022
-0.04
-0.043
-0.042
-0.042
-0.053
-0.067
-0.076
-0.064
-0.049
-0.03
-0.013
-0.013
-0.011
-0.0022
-0.0059
-0.021
-0.038
-0.057
-0.064
-0.052
-0.028
-0.013
0.0018
0.02
0.02
-0.01
-0.046
-0.067
-0.07
-0.054
-0.039
-0.022
0.0094
0.034
0.02
-0.00017
0.0024
0.012
0.022
0.03
0.024
0.0078
0.002
0.0084
0.011
-0.00093
-0.017
-0.025
-0.024
-0.019
-0.019
-0.016
-0.0044
-0.0009
-0.0081
-0.027
-0.042
-0.035
-0.0044
0.026
0.03
0.0077
-0.022
-0.048
-0.06
-0.047
-0.016
0.0076
0.011
-0.0011
-0.013
-0.0079
0.0089
0.017
0.014
0.014
0.019
0.031
0.036
0.036
0.04
0.05
0.056
0.041
0.0064
-0.021
-0.0076
0.019
0.034
0.039
0.032
0.027
0.028
0.029
0.026
0.026
0.03
0.037
0.04
0.034
0.022
0.0027
-0.0043
0.0024
0.017
0.034
0.04
0.041
0.041
0.022
-0.013
-0.031
-0.028
-0.0057
0.021
0.036
0.031
0.012
-0.0037
-0.016
-0.019
-0.019
-0.017
-0.012
0.0025
0.016
0.028
0.041
0.046
0.043
0.032
0.016
-0.00032
-0.0017
0.011
0.018
0.012
0.0066
0.0036
0.0044
-0.0081
-0.026
-0.027
-0.024
-0.014
0.0046
0.014
0.013
0.0072
-0.004
-0.0084
-0.009
-0.011
-0.011
-0.015
-0.015
-0.012
-0.012
-0.019
-0.024
-0.037
-0.054
-0.061
-0.059
-0.051
-0.045
-0.047
-0.046
-0.033
-0.02
-0.024
-0.032
-0.028
-0.019
-0.0045
0.014
0.015
0.0048
0.0038
0.0049
-0.00075
-0.01
-0.021
-0.032
-0.032
-0.024
-0.0068
0.014
0.023
0.016
-0.00096
-0.012
-0.013
-0.011
-0.0094
-0.011
-0.014
-0.016
-0.0024
0.0087
0.0016
-0.01
-0.013
-0.0066
-0.011
-0.033
-0.044
-0.035
-0.0064
0.012
0.014
0.0023
-0.017
-0.045
-0.061
-0.052
-0.03
0.0058
0.044
0.048
0.0074
-0.051
-0.094
-0.11
-0.1
-0.064
-0.018
0.017
0.043
0.055
0.035
-0.011
-0.039
-0.04
-0.04
-0.05
-0.05
-0.024
-0.013
-0.041
-0.058
-0.038
-0.011
-0.0054
-0.02
-0.027
-0.016
0.0013
0.014
0.027
0.023
-0.0051
-0.025
-0.023
-0.0026
0.012
-0.00053
-0.017
-0.023
-0.024
-0.036
-0.047
-0.05
-0.033
-0.0069
0.0093
0.019
0.02
0.00093
-0.033
-0.061
-0.069
-0.058
-0.032
-0.0027
0.015
0.014
0.0041
-0.012
-0.034
-0.045
-0.039
-0.022
-0.0092
7.6e-005
0.0064
0.0046
0.0024
-0.0036
-0.021
-0.046
-0.055
-0.042
-0.024
-0.015
-0.011
0.0011
0.016
0.019
0.0028
-0.024
-0.043
-0.045
-0.033
-0.012
0.0029
0.0033
-0.0028
-0.01
-0.0012
0.022
0.037
0.037
0.028
0.022
0.015
0.012
-0.006
-0.023
-0.02
-0.0024
0.014
0.019
0.014
-0.0017
-0.0079
-0.0077
-0.0086
-0.011
-0.0094
0.0025
0.009
0.0086
0.0013
-0.005
-0.0063
-0.0085
-0.015
-0.018
-0.022
-0.03
-0.039
-0.039
-0.021
0.017
0.038
0.018
-0.0057
-0.017
-0.016
-0.0043
0.0084
0.015
0.02
0.021
0.018
0.019
-4.6e-005
-0.031
-0.053
-0.05
-0.039
-0.024
-0.0051
0.011
0.017
0.015
0.0082
0.0017
0.0073
0.02
0.025
0.018
0.0049
-0.015
-0.03
-0.025
-0.0028
0.0067
-0.0025
-0.019
-0.039
-0.052
-0.041
-0.02
-0.0094
-0.015
-0.028
-0.041
-0.036
-0.025
-0.023
-0.015
-0.0036
0.0046
-0.00099
-0.016
-0.037
-0.049
-0.032
-0.011
-0.0096
-0.019
-0.015
0.0033
0.015
0.012
-0.005
-0.02
-0.024
-0.027
-0.015
0.00099
0.011
0.0078
-0.0047
-0.016
-0.024
-0.026
-0.022
-0.0095
-0.0033
0.0022
0.013
0.019
0.016
0.011
-0.0011
-0.017
-0.019
-0.0099
0.0012
0.0068
0.017
0.014
-0.014
-0.042
-0.045
-0.031
-0.017
-0.019
-0.038
-0.032
-0.0093
0.0021
-0.005
-0.014
-0.018
-0.0091
0.0031
0.004
-0.0084
-0.02
-0.014
0.0048
0.017
0.017
0.016
0.019
0.018
0.012
0.00072
-0.0005
0.0075
0.018
0.012
-1.5e-005
-0.0083
-0.008
0.0016
0.014
0.026
0.037
0.039
0.028
0.027
0.013
0.0013
0.0053
0.0017
0.028
0.042
0.031
0.049
0.067
0.057
0.05
0.059
0.087
0.098
0.062
0.042
0.045
0.016
-0.022
-0.022
-0.0011
0.015
0.038
0.069
0.088
0.097
0.1
0.088
0.053
0.032
0.036
0.041
0.039
0.034
0.022
0.0028
-0.0082
-0.013
-0.014
-0.00087
0.018
0.054
0.092
0.11
0.1
0.078
0.037
0.018
0.027
0.049
0.081
0.083
0.054
0.024
-0.01
-0.026
-0.0043
0.037
0.068
0.085
0.077
0.069
0.079
0.085
0.083
0.08
0.065
0.047
0.056
0.08
0.1
0.11
0.089
0.061
0.035
-0.0022
-0.031
-0.047
-0.049
-0.036
-0.019
0.0022
0.012
0.0014
-0.018
-0.033
-0.036
-0.026
-0.013
0.02
0.055
0.068
0.065
0.056
0.038
0.023
0.017
0.0025
-0.0079
-0.0089
0.0025
0.023
0.038
0.033
0.012
-0.0061
-0.01
-0.018
-0.026
-0.017
0.00017
0.0088
0.0095
-0.00047
-0.024
-0.046
-0.048
-0.033
-0.017
-0.0043
-0.0043
-0.0098
-0.0089
-0.011
-0.021
-0.027
-0.028
-0.027
-0.0079
0.0083
0.007
-0.0044
0.00026
0.019
0.021
0.011
0.0056
0.008
0.0046
-0.012
-0.011
-0.0043
-0.0033
-0.015
-0.044
-0.064
-0.068
-0.062
-0.051
-0.019
0.0062
0.0091
0.0062
-0.0028
-0.021
-0.038
-0.041
-0.034
-0.032
-0.03
-0.035
-0.057
-0.066
-0.055
-0.046
-0.043
-0.046
-0.044
-0.032
-0.016
-0.012
-0.0034
0.0074
-0.0025
-0.027
-0.036
-0.026
-0.012
-0.0088
-0.017
-0.028
-0.032
-0.028
-0.025
-0.024
-0.021
-0.011
0.0056
0.017
0.022
0.013
0.011
0.02
0.034
0.034
0.017
0.0088
0.015
0.026
0.028
0.012
-0.0075
-0.019
-0.032
-0.038
-0.037
-0.039
-0.034
-0.02
-0.0052
0.0094
0.023
0.029
0.027
0.028
0.03
0.044
0.066
0.075
0.067
0.047
0.032
0.029
0.023
0.018
0.037
0.07
0.083
0.073
0.052
0.036
0.028
0.036
0.042
0.043
0.042
0.031
0.014
0.0071
0.0072
0.013
0.029
0.043
0.038
0.037
0.046
0.049
0.048
0.049
0.045
0.041
0.039
0.034
0.02
0.0079
0.015
0.029
0.038
0.04
0.03
0.02
0.019
0.033
0.062
0.098
0.12
0.13
0.13
0.12
0.1
0.084
0.064
0.061
0.074
0.074
0.052
0.019
-0.013
-0.013
0.018
0.041
0.053
0.056
0.044
0.018
0.0077
0.022
0.04
0.061
0.083
0.092
0.071
0.026
-0.01
-0.006
0.022
0.046
0.072
0.09
0.088
0.075
0.066
0.046
0.023
0.011
0.0068
-0.011
-0.022
-0.017
-0.019
-0.021
-0.0068
0.007
0.0073
0.013
0.031
0.049
0.077
0.096
0.084
0.056
0.024
-0.0025
-0.023
-0.03
-0.036
-0.042
-0.038
-0.039
-0.044
-0.045
-0.035
-0.022
-0.0069
0.017
0.042
0.056
0.054
0.048
0.03
-0.0074
-0.053
-0.086
-0.092
-0.086
-0.082
-0.079
-0.076
-0.065
-0.054
-0.06
-0.067
-0.048
-0.019
0.016
0.051
0.074
0.086
0.078
0.043
0.0048
-0.021
-0.037
-0.044
-0.036
-0.034
-0.051
-0.059
-0.053
-0.055
-0.063
-0.065
-0.066
-0.065
-0.059
-0.055
-0.046
-0.03
-0.028
-0.048
-0.07
-0.074
-0.069
-0.065
-0.046
-0.015
0.0085
0.0086
-0.003
-0.0047
0.018
0.066
0.1
0.088
0.055
0.02
0.0062
0.017
0.021
-0.0014
-0.05
-0.11
-0.16
-0.18
-0.16
-0.098
-0.04
0.0036
0.031
0.049
0.061
0.064
0.057
0.037
0.018
-0.0022
-0.024
-0.015
0.014
0.041
0.055
0.061
0.071
0.089
0.12
0.13
0.095
0.059
0.042
0.052
0.097
0.14
0.15
0.12
0.07
0.021
-0.0073
-0.0014
0.015
0.027
0.049
0.073
0.086
0.069
0.027
-0.0019
0.027
0.092
0.12
0.11
0.071
0.0062
-0.023
-0.0048
0.016
0.026
0.034
0.048
0.051
0.05
0.038
0.033
0.05
0.071
0.097
0.11
0.094
0.07
0.079
0.12
0.14
0.12
0.065
-0.051
-0.12
-0.072
0.0076
0.053
0.097
0.15
0.16
0.16
0.14
0.091
0.054
0.043
0.065
0.1
0.11
0.078
0.021
-0.013
-0.009
-0.00041
-0.012
-0.044
-0.069
-0.069
-0.033
0.027
0.087
0.11
0.081
0.046
0.031
0.0099
-0.022
-0.037
-0.034
-0.02
0.0087
0.034
0.027
-0.017
-0.067
-0.1
-0.099
-0.076
-0.047
-0.015
0.015
0.026
0.035
0.044
0.023
-0.025
-0.056
-0.06
-0.052
-0.041
-0.015
0.0054
-0.0012
-0.017
-0.031
-0.041
-0.047
-0.044
-0.017
0.031
0.062
0.06
0.037
0.014
-0.0098
-0.024
-0.014
0.013
0.043
0.047
0.011
-0.033
-0.057
-0.057
-0.05
-0.053
-0.061
-0.063
-0.064
-0.066
-0.07
-0.08
-0.088
-0.065
-0.018
0.024
0.033
0.027
0.018
0.019
0.041
0.056
0.063
0.065
0.049
0.011
-0.027
-0.045
-0.053
-0.049
-0.042
-0.026
0.0047
0.038
0.051
0.046
0.041
0.041
0.052
0.054
0.039
0.016
-0.02
-0.048
-0.039
-0.0064
0.015
0.0063
-0.007
-0.011
-0.0074
0.012
0.048
0.085
0.1
0.088
0.062
0.051
0.046
0.028
0.0067
0.0038
0.023
0.042
0.033
0.0081
-0.011
-0.015
0.0024
0.02
0.031
0.03
0.024
0.014
0.0087
-0.0052
-0.037
-0.062
-0.08
-0.069
-0.031
-0.01
-0.021
-0.035
-0.028
0.012
0.07
0.1
0.094
0.073
0.054
0.057
0.065
0.057
0.023
-0.029
-0.068
-0.082
-0.085
-0.057
-0.006
0.032
0.057
0.065
0.062
0.07
0.078
0.067
0.053
0.044
0.028
0.012
-0.011
-0.043
-0.085
-0.11
-0.1
-0.085
-0.077
-0.075
-0.06
-0.034
-0.0051
0.024
0.041
0.04
0.038
0.046
0.046
0.036
0.026
0.00099
-0.041
-0.073
-0.076
-0.068
-0.069
-0.082
-0.11
-0.11
-0.085
-0.058
-0.032
-0.00087
0.012
-0.0089
-0.03
-0.026
-0.0041
0.017
0.03
0.027
-0.0063
-0.056
-0.1
-0.11
-0.091
-0.069
-0.051
-0.032
-0.022
-0.02
-0.021
-0.032
-0.03
-0.022
-0.016
-0.011
-0.012
-0.016
-0.02
-0.022
-0.022
-0.033
-0.049
-0.047
-0.033
-0.015
0.019
0.031
0.015
0.01
0.021
0.027
0.016
-0.0074
-0.023
-0.015
0.007
0.031
0.042
0.041
0.022
-0.019
-0.049
-0.046
-0.027
-0.008
0.019
0.041
0.042
0.025
-0.0034
-0.017
-0.011
-0.0061
-0.0062
-0.0056
0.014
0.04
0.061
0.062
0.048
0.023
-0.0079
-0.024
-0.03
-0.023
-0.0053
-0.00093
-0.019
-0.041
-0.06
-0.071
-0.066
-0.049
-0.039
-0.044
-0.04
-0.038
-0.054
-0.076
-0.087
-0.085
-0.072
-0.053
-0.037
-0.017
-0.0069
-0.018
-0.031
-0.034
-0.028
-0.027
-0.04
-0.05
-0.047
-0.038
-0.031
-0.025
-0.016
-0.0009
0.0099
0.01
0.00081
-0.02
-0.034
-0.018
0.016
0.043
0.036
0.008
-0.022
-0.038
-0.041
-0.042
-0.043
-0.037
-0.021
-0.014
-0.015
-0.021
-0.044
-0.068
-0.072
-0.049
-0.0072
0.033
0.039
0.0056
-0.034
-0.061
-0.067
-0.072
-0.072
-0.051
-0.01
0.037
0.07
0.069
0.036
0.009
0.0039
0.017
0.03
0.034
0.033
0.03
0.029
0.03
0.027
0.022
0.018
0.00026
-0.017
-0.01
-0.0022
-0.0062
-0.0097
-0.0086
0.0071
0.034
0.05
0.056
0.058
0.046
0.029
0.0075
-4.6e-005
-0.0058
-0.011
-0.0059
-0.00087
0.0084
0.016
0.017
0.0083
0.0044
0.014
0.022
0.023
0.017
0.019
0.013
-0.0028
0.0017
0.014
0.014
-0.00084
-0.013
-0.014
-0.0091
-0.017
-0.02
0.01
0.034
0.028
0.019
0.017
0.014
0.0013
-0.011
-0.0068
0.00014
-0.0054
-0.015
-0.0085
-0.0015
0.0047
0.0027
-0.00087
-0.00038
0.00096
0.0017
-0.00041
-0.016
-0.036
-0.037
-0.031
-0.031
-0.038
-0.04
-0.023
0.0045
0.025
0.023
0.01
0.0092
0.015
0.027
0.052
0.063
0.046
0.046
0.058
0.049
0.027
0.0044
-0.024
-0.049
-0.064
-0.076
-0.066
-0.046
-0.028
-0.015
-0.01
-0.015
-0.029
-0.023
0.0096
0.041
0.048
0.057
0.064
0.043
0.0092
-0.011
-0.0067
0.0069
-0.0044
-0.024
-0.03
-0.009
0.015
0.03
0.033
0.019
0.0065
-0.0066
-0.004
0.016
0.041
0.054
0.05
0.041
0.038
0.037
0.034
0.048
0.072
0.081
0.068
0.053
0.049
0.045
0.046
0.046
0.035
0.026
0.027
0.032
0.057
0.083
0.073
0.037
-0.0044
-0.028
-0.029
-0.022
-0.012
0.012
0.034
0.04
0.037
0.037
0.04
0.033
0.022
0.022
0.029
0.021
0.016
0.022
0.037
0.042
0.032
0.017
0.0072
-0.00035
0.0024
0.011
0.0098
0.0025
-0.012
-0.022
-0.01
0.0077
0.021
0.022
0.016
0.018
0.015
0.0017
-0.018
-0.03
-0.031
-0.014
0.0051
0.019
0.038
0.052
0.05
0.041
0.032
0.016
0.0085
0.0025
-0.0072
-0.012
-0.011
-0.0097
-0.003
0.011
0.014
0.0087
0.0086
0.024
0.032
0.024
0.017
0.02
0.024
0.024
0.015
0.011
0.015
0.01
-0.011
-0.026
-0.023
0.00069
0.02
0.027
0.028
0.021
0.024
0.027
0.02
0.0085
0.0028
0.00072
-0.0031
-1.5e-005
0.0021
-0.0062
-0.017
-0.019
-0.02
-0.028
-0.028
-0.023
-0.021
-0.017
-0.005
-0.0014
-0.0048
-0.0068
-0.012
-0.0029
0.0074
0.0075
4.6e-005
-0.0086
-0.015
-0.023
-0.032
-0.029
-0.017
0.004
0.031
0.053
0.06
0.063
0.065
0.066
0.063
0.046
0.018
-0.0099
-0.021
-0.018
-0.0048
0.0025
0.0023
0.001
-0.0011
-0.0023
-0.00047
0.0045
0.012
0.021
0.032
0.032
0.024
0.029
0.035
0.025
0.024
0.028
0.012
-0.0022
-0.0014
-0.0041
-0.015
-0.014
0.0085
0.035
0.053
0.055
0.057
0.052
0.038
0.0099
-0.012
-0.017
-0.02
-0.029
-0.04
-0.038
-0.031
-0.029
-0.038
-0.051
-0.05
-0.048
-0.045
-0.034
-0.017
-0.0022
0.00063
-0.0027
-0.019
-0.04
-0.056
-0.053
-0.038
-0.022
-0.015
-0.021
-0.027
-0.027
-0.023
-0.019
-0.0085
0.011
0.028
0.032
0.034
0.043
0.039
0.027
0.016
0.0036
0.0061
0.016
0.021
0.033
0.05
0.054
0.038
0.021
0.023
0.042
0.054
0.049
0.043
0.04
0.031
0.024
0.025
0.029
0.025
0.01
-0.00093
0.0041
0.00072
-0.0022
0.0093
0.028
0.037
0.031
0.025
0.025
0.029
0.03
0.032
0.041
0.044
0.041
0.029
0.021
0.019
0.021
0.017
0.012
0.019
0.02
0.0047
-0.024
-0.046
-0.055
-0.049
-0.039
-0.042
-0.049
-0.048
-0.045
-0.039
-0.024
-0.022
-0.026
-0.022
-0.017
-0.015
-0.02
-0.023
-0.024
-0.018
-0.027
-0.054
-0.082
-0.078
-0.056
-0.043
-0.04
-0.041
-0.034
-0.024
-0.028
-0.031
-0.034
-0.037
-0.042
-0.051
-0.065
-0.08
-0.091
-0.097
-0.091
-0.077
-0.059
-0.044
-0.032
-0.027
-0.021
-0.009
-0.0045
-0.0068
-0.01
-0.02
-0.028
-0.029
-0.028
-0.039
-0.047
-0.048
-0.059
-0.072
-0.073
-0.061
-0.049
-0.044
-0.055
-0.061
-0.053
-0.041
-0.028
-0.014
0.0052
0.026
0.031
0.027
0.026
0.022
0.014
0.0063
-0.012
-0.04
-0.059
-0.061
-0.045
-0.03
-0.019
-0.018
-0.014
-0.0014
0.0069
0.0061
0.0049
0.01
0.015
0.016
0.016
0.0089
0.0047
0.011
0.021
0.02
0.015
0.019
0.025
0.015
0.018
0.038
0.039
0.023
0.016
0.018
0.014
0.013
0.019
0.02
0.022
0.013
0.014
0.028
0.042
0.05
0.049
0.051
0.059
0.075
0.095
0.11
0.11
0.094
0.049
0.011
-0.0042
-0.008
-0.0043
0.012
0.049
0.099
0.13
0.15
0.15
0.13
0.079
0.045
0.03
0.031
0.053
0.08
0.095
0.092
0.083
0.067
0.048
0.047
0.064
0.083
0.096
0.1
0.088
0.06
0.05
0.047
0.047
0.046
0.042
0.044
0.055
0.053
0.043
0.042
0.048
0.059
0.054
0.029
0.016
0.029
0.05
0.059
0.058
0.053
0.048
0.048
0.053
0.068
0.073
0.063
0.046
0.025
0.0037
-0.014
-0.018
-0.012
-0.0022
0.0064
0.012
0.021
0.028
0.028
0.023
0.018
0.014
0.0064
-0.0075
-0.021
-0.021
-0.0074
0.014
0.016
-0.0016
-0.019
-0.026
-0.027
-0.027
-0.022
-0.013
-0.011
-0.017
-0.027
-0.045
-0.053
-0.036
-0.017
-0.0067
-0.011
-0.031
-0.059
-0.064
-0.058
-0.068
-0.077
-0.069
-0.053
-0.048
-0.056
-0.07
-0.076
-0.072
-0.072
-0.075
-0.073
-0.068
-0.06
-0.046
-0.03
-0.021
-0.016
-0.025
-0.031
-0.027
-0.02
-0.015
-0.022
-0.037
-0.047
-0.046
-0.041
-0.037
-0.034
-0.037
-0.044
-0.047
-0.037
-0.023
-0.0064
0.0018
-0.0029
-0.011
-0.015
-0.0061
0.0043
0.009
-0.0037
-0.019
-0.02
-0.013
-0.011
-0.023
-0.036
-0.04
-0.025
0.0027
0.028
0.038
0.031
0.024
0.023
0.022
0.022
0.015
0.012
0.012
0.012
0.012
0.014
0.021
0.033
0.039
0.039
0.039
0.033
0.023
0.019
0.017
0.018
0.021
0.031
0.045
0.046
0.048
0.059
0.067
0.069
0.067
0.062
0.056
0.055
0.062
0.049
0.021
0.0046
0.0049
0.028
0.053
0.058
0.049
0.041
0.038
0.04
0.053
0.067
0.074
0.071
0.06
0.06
0.059
0.053
0.056
0.06
0.054
0.045
0.043
0.051
0.058
0.046
0.03
0.028
0.026
0.02
0.02
0.013
-0.00072
-0.0053
0.0028
0.02
0.028
0.045
0.058
0.051
0.035
0.014
0.0009
-0.015
-0.015
0.016
0.034
0.033
0.028
0.0054
-0.0014
-0.02
-0.046
-0.042
-0.031
-0.017
0.0033
0.011
0.026
0.035
0.02
0.021
0.034
0.034
0.023
-0.0043
-0.022
-0.01
-0.0022
-0.019
-0.041
-0.062
-0.078
-0.067
-0.038
-0.0039
0.014
0.013
0.012
0.023
0.02
-0.0091
-0.034
-0.025
0.0047
0.02
0.0067
-0.035
-0.08
-0.091
-0.061
-0.0047
0.032
0.034
0.013
-0.014
-0.037
-0.036
-0.026
-0.038
-0.026
0.016
0.045
0.037
-0.011
-0.049
-0.059
-0.045
-0.01
0.0043
-0.025
-0.059
-0.074
-0.049
0.022
0.08
0.092
0.058
0.016
0.0019
-0.0078
-0.024
-0.034
-0.03
-0.023
-0.015
0.0057
0.02
0.026
0.041
0.07
0.088
0.073
0.031
-0.017
-0.038
0.0019
0.071
0.1
0.085
0.062
0.05
0.032
0.036
0.063
0.076
0.079
0.068
0.033
-0.015
-0.014
0.045
0.094
0.11
0.097
0.068
0.039
0.037
0.047
0.03
-0.0026
-0.028
-0.043
-0.055
-0.059
-0.058
-0.053
-0.032
0.0018
0.013
-0.016
-0.047
-0.03
0.012
0.039
0.036
0.02
0.0075
0.016
0.03
0.027
0.0057
-0.014
-0.01
0.0043
0.022
0.038
0.048
0.045
0.028
0.0068
-0.0096
-0.015
-0.0027
0.0083
0.0043
-0.0051
-0.0033
0.0029
0.0005
-0.012
-0.031
-0.052
-0.07
-0.077
-0.067
-0.041
-0.0017
0.022
0.015
0.0065
0.0084
0.012
0.017
0.014
0.0051
-0.0057
-0.0061
0.00044
0.0024
0.0034
-0.0069
-0.032
-0.044
-0.023
0.0047
0.011
0.0025
-0.011
-0.011
-0.016
-0.026
-0.024
-0.015
-0.0067
-0.0029
0.00014
-0.0048
-0.014
-0.017
-0.012
-0.00011
0.0097
0.011
0.0098
0.015
0.015
-0.0021
-0.028
-0.029
-0.006
0.012
0.018
0.007
-0.014
-0.035
-0.046
-0.035
-0.011
0.0065
0.017
0.021
0.0048
-0.0011
0.0088
0.014
0.026
0.035
0.03
0.013
-0.012
-0.025
-0.019
-0.015
1.5e-005
0.029
0.039
0.025
0.0053
-0.009
-0.016
-0.031
-0.041
-0.04
-0.028
-0.0091
-0.0083
-0.03
-0.055
-0.066
-0.051
-0.02
0.0067
0.015
0.015
0.0064
-0.0024
-0.012
-0.022
-0.02
-0.0014
0.012
0.014
0.016
0.0059
-0.0059
-0.0047
-0.0094
-0.022
-0.034
-0.045
-0.047
-0.036
-0.031
-0.027
-0.025
-0.019
-0.014
-0.011
-0.007
-0.0093
-0.01
-0.0032
0.013
0.026
0.027
0.019
0.019
0.029
0.03
0.026
0.024
0.031
0.043
0.042
0.037
0.031
0.021
-0.002
-0.0098
0.0057
0.027
0.047
0.047
0.037
0.045
0.072
0.086
0.068
0.038
0.014
-0.0058
-0.017
-0.019
-0.02
-0.012
0.014
0.047
0.072
0.069
0.043
0.027
0.037
0.051
0.056
0.059
0.047
0.032
0.032
0.044
0.051
0.048
0.04
0.027
0.018
0.017
0.011
0.017
0.012
-0.0082
-0.028
-0.016
0.018
0.047
0.061
0.064
0.06
0.049
0.039
0.026
0.0043
-0.017
-0.014
0.014
0.028
0.032
0.043
0.055
0.059
0.046
0.026
0.0027
-0.014
-0.013
0.0021
0.018
0.033
0.043
0.033
0.016
0.0076
0.019
0.045
0.068
0.07
0.06
0.05
0.032
0.019
0.016
0.019
0.015
0.0014
-0.016
-0.027
-0.015
0.018
0.036
0.037
0.028
0.013
-0.0024
-0.014
-0.027
-0.031
-0.028
-0.034
-0.047
-0.067
-0.079
-0.071
-0.053
-0.043
-0.022
0.00056
0.016
0.018
0.0045
-0.0018
-0.01
-0.02
-0.018
-0.022
-0.033
-0.044
-0.051
-0.058
-0.067
-0.079
-0.088
-0.084
-0.086
-0.086
-0.066
-0.042
-0.027
-0.019
-0.021
-0.025
-0.026
-0.039
-0.06
-0.083
-0.1
-0.11
-0.09
-0.07
-0.057
-0.063
-0.079
-0.074
-0.056
-0.039
-0.022
-0.0098
-0.011
-0.024
-0.032
-0.036
-0.043
-0.052
-0.046
-0.036
-0.039
-0.047
-0.053
-0.05
-0.04
-0.03
-0.025
-0.032
-0.029
-0.018
-0.013
-0.012
-0.0025
0.013
0.024
0.037
0.034
0.014
0.0019
-0.00075
0.0072
0.026
0.041
0.04
0.041
0.046
0.044
0.042
0.051
0.059
0.066
0.075
0.066
0.045
0.026
0.017
0.014
0.017
0.026
0.04
0.059
0.069
0.061
0.051
0.048
0.044
0.03
0.017
0.0095
0.0095
0.0055
-0.00026
0.00096
0.007
0.026
0.049
0.057
0.058
0.064
0.076
0.082
0.09
0.1
0.11
0.11
0.1
0.092
0.077
0.08
0.093
0.098
0.1
0.095
0.086
0.084
0.079
0.059
0.045
0.056
0.084
0.11
0.12
0.13
0.12
0.1
0.089
0.062
0.037
0.018
0.012
0.024
0.035
0.038
0.041
0.043
0.036
0.027
0.018
0.015
0.016
0.018
0.024
0.029
0.029
0.032
0.033
0.025
0.0076
-0.0053
-0.0047
0.0072
0.01
0.0075
0.01
0.0094
-0.0069
-0.012
0.0009
0.012
0.031
0.054
0.064
0.044
0.015
-0.0086
-0.035
-0.051
-0.069
-0.073
-0.068
-0.053
-0.031
-0.0054
0.014
0.0061
-0.013
-0.029
-0.037
-0.025
-0.012
-0.022
-0.045
-0.072
-0.1
-0.11
-0.11
-0.09
-0.072
-0.057
-0.041
-0.038
-0.038
-0.039
-0.051
-0.068
-0.066
-0.04
-0.011
0.0049
0.0025
-0.004
-0.017
-0.037
-0.051
-0.063
-0.082
-0.09
-0.079
-0.081
-0.082
-0.073
-0.061
-0.037
-0.02
-0.01
0.0069
0.025
0.019
-0.0026
-0.026
-0.045
-0.053
-0.067
-0.083
-0.093
-0.1
-0.1
-0.088
-0.077
-0.059
-0.038
-0.035
-0.04
-0.035
-0.025
-0.0093
0.0038
0.0072
-0.00075
-0.0073
4.6e-005
0.021
0.033
0.026
0.0098
-0.015
-0.042
-0.067
-0.079
-0.059
-0.02
0.016
0.04
0.055
0.065
0.064
0.055
0.04
0.02
0.019
0.044
0.073
0.077
0.053
0.0091
-0.028
-0.037
-0.03
-0.021
0.0013
0.03
0.046
0.049
0.039
0.0096
-0.023
-0.019
0.0024
0.019
0.034
0.05
0.054
0.044
0.022
0.0028
0.003
0.012
0.015
0.023
0.043
0.069
0.077
0.064
0.033
0.012
0.011
0.029
0.066
0.092
0.1
0.098
0.075
0.054
0.033
0.016
0.0083
0.0068
0.014
0.021
0.023
0.03
0.045
0.05
0.054
0.062
0.064
0.066
0.064
0.063
0.067
0.066
0.045
0.016
0.00081
0.0056
0.012
0.021
0.038
0.044
0.039
0.036
0.033
0.026
0.024
0.031
0.048
0.059
0.06
0.059
0.056
0.036
0.0064
-0.022
-0.035
-0.029
-0.0048
0.023
0.035
0.044
0.054
0.064
0.074
0.078
0.08
0.074
0.061
0.033
0.0065
0.0035
0.0091
0.0033
-0.0016
0.0076
0.011
0.016
0.026
0.026
0.013
-0.0077
-0.017
-0.008
0.011
0.019
0.02
0.015
0.01
0.0045
-0.0036
-0.01
-0.021
-0.028
-0.033
-0.027
-0.014
-0.011
-0.024
-0.04
-0.046
-0.038
-0.024
-0.011
-0.012
-0.032
-0.06
-0.061
-0.045
-0.025
-0.017
-0.038
-0.066
-0.07
-0.045
0.0025
0.051
0.07
0.065
0.046
0.009
-0.015
-0.014
-0.0085
-0.0025
-0.0057
-0.035
-0.062
-0.064
-0.068
-0.063
-0.041
-0.024
-0.019
-0.021
-0.027
-0.029
-0.031
-0.033
-0.019
0.0032
0.0047
-0.018
-0.044
-0.053
-0.044
-0.034
-0.03
-0.027
-0.034
-0.043
-0.04
-0.041
-0.049
-0.051
-0.045
-0.035
-0.021
0.0059
0.034
0.051
0.056
0.044
0.015
-0.016
-0.037
-0.051
-0.052
-0.038
-0.019
-0.028
-0.045
-0.029
-0.016
-0.014
-0.017
-0.0084
0.0029
0.022
0.061
0.08
0.057
0.027
0.012
0.019
0.047
0.057
0.042
0.023
-0.0022
-0.02
-0.019
-0.011
-0.022
-0.036
-0.032
-0.014
0.0061
0.033
0.057
0.059
0.056
0.047
0.039
0.044
0.044
0.038
0.039
0.043
0.046
0.054
0.05
0.026
0.0042
-0.0088
-0.022
-0.028
-0.011
0.012
0.039
0.066
0.075
0.062
0.036
0.019
0.028
0.049
0.057
0.058
0.063
0.053
0.044
0.049
0.042
0.028
0.025
0.034
0.045
0.054
0.042
0.021
0.021
0.031
0.034
0.026
0.015
0.0046
-0.0025
0.0067
0.024
0.032
0.029
0.019
0.013
0.013
0.0074
0.0022
0.01
0.026
0.036
0.036
0.025
0.0045
-0.011
-0.0091
-0.0014
-0.0012
0.0077
0.025
0.04
0.044
0.042
0.029
0.014
0.004
-0.001
0.011
0.027
0.023
0.016
0.026
0.028
0.023
0.021
0.013
-0.0037
-0.014
-0.0033
0.013
0.022
0.016
0.0014
-0.0052
0.00056
0.0064
-0.0025
-0.0093
-0.0086
0.0022
0.01
0.011
-0.0017
-0.019
-0.037
-0.049
-0.043
-0.028
-0.013
-0.0051
-0.0066
-0.0033
0.0012
-0.0023
-0.019
-0.036
-0.042
-0.032
-0.014
0.0021
0.009
0.0086
0.012
0.017
0.013
0.00075
-0.01
-0.0083
0.0036
-0.0011
-0.012
-0.013
-0.012
-0.017
-0.015
-0.017
-0.018
-0.0096
-0.0029
0.0078
0.013
0.0067
-0.011
-0.028
-0.037
-0.026
-0.011
-0.0072
-0.0059
-0.0076
-0.018
-0.024
-0.027
-0.032
-0.027
-0.031
-0.043
-0.049
-0.048
-0.043
-0.035
-0.025
-0.021
-0.03
-0.031
-0.012
0.012
0.024
0.023
0.021
0.025
0.034
0.031
0.017
0.0087
0.0062
0.011
0.017
0.028
0.031
0.019
0.0013
-0.011
-0.012
0.0012
0.022
0.034
0.036
0.029
0.013
0.00099
0.0029
-4.6e-005
-0.017
-0.027
-0.023
-0.0089
0.0018
0.0022
-0.0022
7.6e-005
0.01
0.011
0.0087
0.0097
0.015
0.021
0.031
0.03
0.026
0.033
0.037
0.026
0.031
0.061
0.081
0.075
0.054
0.028
-0.011
-0.046
-0.053
-0.036
-0.0014
0.03
0.054
0.07
0.072
0.061
0.039
0.017
0.016
0.043
0.065
0.059
0.05
0.042
0.028
0.017
0.018
0.028
0.035
0.037
0.039
0.042
0.046
0.051
0.059
0.058
0.052
0.05
0.065
0.085
0.08
0.063
0.051
0.039
0.036
0.038
0.034
0.024
0.016
0.0091
0.011
0.027
0.048
0.06
0.058
0.038
0.00041
-0.032
-0.044
-0.043
-0.028
-0.01
-0.0052
-0.018
-0.029
-0.026
-0.021
-0.02
-0.022
-0.015
0.0024
0.013
0.0089
0.0057
-0.005
-0.017
-0.016
-0.019
-0.04
-0.068
-0.083
-0.081
-0.067
-0.053
-0.041
-0.023
-0.0079
-0.0057
-0.016
-0.011
0.0072
0.017
0.0075
-0.00087
0.0002
0.0022
0.0031
-0.0042
-0.015
-0.025
-0.034
-0.034
-0.019
0.0098
0.018
-0.00063
-0.036
-0.062
-0.06
-0.043
-0.019
0.01
0.035
0.04
0.037
0.032
0.019
0.0029
-0.0033
0.0033
0.012
0.013
0.0091
0.016
0.033
0.035
0.031
0.015
-0.016
-0.036
-0.039
-0.018
0.019
0.053
0.065
0.053
0.039
0.043
0.054
0.06
0.06
0.052
0.038
0.023
0.014
0.0066
0.008
0.0037
-0.0087
-0.0095
-0.0061
-0.018
-0.028
-0.015
0.0061
0.013
0.0064
-0.0047
-0.019
-0.03
-0.017
0.0035
0.012
0.011
-0.00066
-0.02
-0.028
-0.023
-0.0079
0.0065
0.022
0.042
0.055
0.06
0.05
0.033
0.02
0.016
0.016
0.015
0.0099
0.0059
0.012
0.03
0.044
0.043
0.036
0.033
0.037
0.04
0.035
0.024
0.025
0.046
0.067
0.069
0.05
0.037
0.034
0.033
0.021
0.011
0.015
0.017
0.015
0.018
0.028
0.034
0.021
-0.0043
-0.03
-0.036
-0.024
-0.0064
0.004
0.0083
0.013
0.015
0.015
0.02
0.022
0.018
0.014
0.022
0.033
0.028
0.019
0.024
0.025
0.014
0.012
0.013
0.0033
-0.0089
-0.018
-0.025
-0.02
-0.011
-0.013
-0.018
-0.019
-0.013
-0.0054
0.013
0.037
0.044
0.039
0.038
0.034
0.022
0.016
0.014
0.0084
-0.002
-0.013
-0.018
-0.021
-0.016
-0.0086
0.0014
0.0094
0.0053
-0.012
-0.025
-0.02
-0.006
0.0099
0.024
0.03
0.0067
-0.022
-0.034
-0.028
-0.018
-0.012
0.0032
0.02
0.022
0.026
0.035
0.031
0.016
0.0043
-0.0051
-0.028
-0.049
-0.051
-0.043
-0.027
0.0014
0.032
0.041
0.038
0.034
0.032
0.03
0.041
0.054
0.053
0.05
0.051
0.046
0.02
-0.0089
-0.025
-0.032
-0.029
-0.01
0.014
0.02
0.021
0.022
0.0099
-0.0025
0.0015
0.018
0.028
0.031
0.029
0.024
0.022
0.016
0.0075
0.00069
-0.0086
-0.009
-0.0054
0.0019
0.016
0.022
0.0048
-0.0059
0.00096
0.003
0.0062
0.0062
0.0024
0.018
0.04
0.038
0.013
-0.014
-0.024
-0.018
-0.017
-0.02
-0.0055
0.023
0.054
0.076
0.07
0.048
0.022
0.0016
-0.004
-0.0034
-0.01
-0.02
-0.015
0.0048
0.019
0.024
0.022
0.023
0.02
0.015
0.017
0.026
0.051
0.086
0.11
0.11
0.078
0.019
-0.048
-0.096
-0.083
-0.058
-0.086
-0.17
-0.22
-0.18
-0.069
0.039
0.12
0.18
0.2
0.16
0.073
-0.0088
-0.059
-0.079
-0.086
-0.073
-0.019
0.039
0.057
-0.0011
-0.071
-0.069
-0.049
-0.033
0.024
0.076
0.09
0.059
0.031
0.031
0.037
0.043
0.02
-0.021
-0.043
-0.041
0.0077
0.043
0.036
0.019
0.0037
0.0049
0.019
0.033
0.023
-0.0068
-0.031
-0.052
-0.084
-0.11
-0.12
-0.077
-0.041
-0.036
-0.027
-0.00078
0.015
0.01
0.0011
-0.018
-0.046
-0.061
-0.043
0.0037
0.05
0.073
0.063
0.022
-0.014
-0.02
0.013
0.062
0.092
0.1
0.1
0.076
0.034
0.015
0.024
0.039
0.04
0.02
-0.00011
-0.011
-0.024
-0.038
-0.042
-0.044
-0.051
-0.043
-0.009
0.028
0.044
0.036
0.012
-0.016
-0.03
-0.015
0.015
0.044
0.053
0.03
-0.019
-0.07
-0.095
-0.043
0.067
0.15
0.14
0.043
-0.063
-0.12
-0.11
-0.066
-0.011
0.013
-0.0041
-0.017
-0.014
-0.014
-0.012
0.00093
0.00075
-0.0074
-0.0018
0.0073
0.027
0.049
0.044
0.014
-0.028
-0.067
-0.08
-0.055
-0.025
-0.0075
-0.011
-0.012
0.032
0.067
0.029
-0.052
-0.07
-0.025
0.015
0.018
0.00081
-0.011
-0.0024
0.019
0.023
-0.0035
-0.033
-0.042
-0.031
-0.00056
0.012
-0.017
-0.049
-0.047
-0.006
0.067
0.12
0.11
0.074
0.049
0.026
0.01
-0.0038
-0.021
-0.035
-0.041
-0.026
0.0018
0.04
0.074
0.081
0.066
0.046
0.035
0.039
0.058
0.077
0.071
0.045
0.028
0.042
0.066
0.074
0.068
0.049
0.016
-0.0016
-0.0023
0.0034
0.02
0.028
0.02
0.015
0.024
0.035
0.038
0.041
0.061
0.078
0.062
0.021
-0.018
-0.019
0.029
0.072
0.074
0.046
-0.0036
-0.047
-0.057
-0.028
0.02
0.053
0.056
0.025
-0.0082
-0.019
-0.016
-0.011
0.029
0.081
0.11
0.1
0.075
0.044
0.018
0.0072
0.0068
0.014
0.0066
-0.023
-0.04
-0.026
0.0077
0.029
0.03
0.012
-0.0088
-0.022
-0.018
0.0077
0.036
0.056
0.057
0.049
0.047
0.052
0.057
0.049
0.039
0.037
0.036
0.038
0.049
0.05
0.026
0.0075
0.0045
0.015
0.029
0.037
0.048
0.065
0.083
0.086
0.075
0.054
0.032
0.028
0.04
0.059
0.067
0.053
0.038
0.036
0.042
0.046
0.042
0.04
0.051
0.067
0.08
0.095
0.1
0.096
0.077
0.061
0.056
0.051
0.045
0.05
0.059
0.071
0.087
0.1
0.12
0.13
0.12
0.094
0.058
0.043
0.06
0.086
0.11
0.12
0.1
0.093
0.097
0.095
0.084
0.068
0.045
0.039
0.052
0.064
0.067
0.071
0.077
0.083
0.088
0.088
0.077
0.053
0.034
0.012
-0.008
-0.01
0.0059
0.023
0.044
0.055
0.05
0.037
0.012
-0.011
-0.022
-0.027
-0.021
-0.006
0.0046
-0.0046
-0.03
-0.06
-0.073
-0.066
-0.045
-0.018
-0.014
-0.03
-0.041
-0.043
-0.047
-0.055
-0.062
-0.062
-0.063
-0.07
-0.076
-0.087
-0.1
-0.097
-0.089
-0.087
-0.086
-0.077
-0.072
-0.076
-0.082
-0.089
-0.087
-0.086
-0.082
-0.072
-0.062
-0.065
-0.082
-0.094
-0.093
-0.084
-0.083
-0.097
-0.12
-0.13
-0.12
-0.12
-0.095
-0.083
-0.092
-0.11
-0.11
-0.12
-0.12
-0.11
-0.1
-0.1
-0.095
-0.093
-0.1
-0.12
-0.13
-0.14
-0.15
-0.15
-0.15
-0.15
-0.13
-0.11
-0.12
-0.092
-0.046
-0.024
-0.0054
0.014
0.018
0.0035
-0.012
-0.03
-0.049
-0.056
-0.05
-0.033
-0.016
-0.0041
-0.0011
0.015
0.032
0.035
0.031
0.032
0.051
0.061
0.044
-0.0034
-0.024
-0.0071
-0.0044
-0.0045
-0.00093
0.0017
0.013
0.036
0.046
0.023
-0.01
-0.037
-0.052
-0.047
-0.019
0.012
0.014
0.0031
0.0058
0.018
0.015
-0.00096
-0.0043
-0.00035
-0.0006
-0.0045
-0.012
-0.016
-0.02
-0.03
-0.034
-0.022
-0.018
-0.024
-0.012
0.014
0.028
0.032
0.038
0.026
0.0069
-0.0067
-0.0066
0.0062
0.029
0.056
0.09
0.11
0.14
0.14
0.12
0.094
0.066
0.044
0.048
0.075
0.11
0.12
0.1
0.073
0.049
0.056
0.084
0.091
0.088
0.086
0.084
0.091
0.11
0.13
0.13
0.12
0.12
0.13
0.12
0.13
0.13
0.13
0.15
0.15
0.15
0.13
0.11
0.084
0.067
0.067
0.085
0.11
0.14
0.14
0.12
0.088
0.068
0.076
0.1
0.14
0.15
0.13
0.11
0.12
0.13
0.11
0.093
0.088
0.1
0.12
0.1
0.065
0.052
0.078
0.1
0.1
0.085
0.068
0.052
0.05
0.072
0.1
0.12
0.13
0.1
0.05
0.021
0.029
0.042
0.046
0.055
0.062
0.056
0.045
0.034
0.018
0.016
0.028
0.039
0.034
0.025
0.016
0.0048
-0.004
-0.0038
0.0035
-0.0035
-0.029
-0.036
-0.012
0.022
0.038
0.037
0.035
0.033
0.021
0.013
0.0098
0.012
0.017
0.00096
-0.0043
-0.006
-0.013
-0.015
-0.026
-0.038
-0.045
-0.03
-0.0081
0.0083
0.022
0.022
0.0085
-0.0019
-0.0092
0.004
0.014
0.0043
-0.0095
-0.021
-0.019
-0.025
-0.041
-0.047
-0.038
-0.036
-0.041
-0.034
-0.032
-0.045
-0.037
-0.018
-0.0061
-0.0076
-0.042
-0.061
-0.037
0.0069
0.023
0.0071
0.00053
0.0088
0.013
0.0013
-0.015
-0.025
-0.028
-0.04
-0.044
-0.029
-0.035
-0.06
-0.07
-0.053
-0.019
-0.0074
-0.028
-0.065
-0.084
-0.078
-0.047
-0.02
-0.036
-0.068
-0.072
-0.051
-0.028
-0.023
-0.04
-0.057
-0.044
-0.0088
0.0088
-0.012
-0.035
-0.039
-0.04
-0.032
-0.033
-0.049
-0.062
-0.061
-0.044
-0.027
-0.033
-0.051
-0.063
-0.072
-0.069
-0.047
-0.024
-0.018
-0.025
-0.026
-0.027
-0.025
-0.022
-0.028
-0.057
-0.099
-0.12
-0.11
-0.079
-0.044
-0.025
-0.017
-0.017
-0.021
-0.043
-0.082
-0.097
-0.09
-0.07
-0.043
-0.023
-0.028
-0.038
-0.026
-0.0042
0.0035
-0.00063
0.008
0.023
0.016
-0.0052
-0.016
-0.02
-0.015
-0.01
-0.012
-0.0062
-0.012
-0.045
-0.075
-0.069
-0.039
-0.014
-0.012
-0.029
-0.042
-0.049
-0.06
-0.079
-0.08
-0.062
-0.039
-0.011
0.0049
0.0014
-0.012
-0.041
-0.069
-0.066
-0.046
-0.044
-0.056
-0.071
-0.067
-0.056
-0.057
-0.069
-0.072
-0.057
-0.021
0.0058
-0.006
-0.027
-0.053
-0.074
-0.073
-0.068
-0.074
-0.089
-0.089
-0.061
-0.034
-0.031
-0.048
-0.061
-0.076
-0.079
-0.06
-0.057
-0.065
-0.066
-0.065
-0.078
-0.096
-0.1
-0.079
-0.04
-0.019
-0.032
-0.056
-0.069
-0.083
-0.1
-0.11
-0.09
-0.069
-0.058
-0.064
-0.079
-0.1
-0.12
-0.11
-0.09
-0.081
-0.073
-0.066
-0.069
-0.075
-0.057
-0.028
-0.014
-0.035
-0.053
-0.047
-0.041
-0.034
-0.033
-0.047
-0.055
-0.073
-0.087
-0.072
-0.064
-0.07
-0.075
-0.069
-0.051
-0.043
-0.041
-0.036
-0.038
-0.056
-0.074
-0.088
-0.095
-0.094
-0.084
-0.079
-0.07
-0.062
-0.064
-0.055
-0.049
-0.044
-0.039
-0.034
-0.028
-0.028
-0.035
-0.027
-0.0077
-0.014
-0.044
-0.072
-0.072
-0.04
-0.024
-0.049
-0.11
-0.15
-0.15
-0.12
-0.094
-0.075
-0.066
-0.054
-0.032
-0.021
-0.016
-0.016
-0.024
-0.027
-0.027
-0.025
-0.015
-0.0045
-0.005
-0.012
-0.0098
-0.0054
0.0026
0.016
0.011
-0.00081
0.013
0.039
0.057
0.063
0.052
0.038
0.035
0.04
0.058
0.066
0.053
0.045
0.047
0.048
0.052
0.052
0.036
0.033
0.04
0.042
0.049
0.058
0.057
0.042
0.023
0.022
0.035
0.061
0.083
0.073
0.049
0.045
0.046
0.048
0.052
0.051
0.053
0.049
0.048
0.053
0.063
0.078
0.082
0.067
0.057
0.057
0.048
0.047
0.038
0.02
0.029
0.062
0.093
0.11
0.1
0.074
0.05
0.042
0.045
0.047
0.046
0.044
0.033
0.024
0.028
0.038
0.04
0.035
0.034
0.045
0.058
0.064
0.065
0.07
0.086
0.098
0.089
0.067
0.049
0.032
0.019
0.02
0.028
0.037
0.045
0.037
0.036
0.053
0.076
0.098
0.11
0.12
0.11
0.08
0.04
0.018
0.027
0.043
0.056
0.059
0.053
0.039
0.029
0.023
0.025
0.023
0.02
0.025
0.029
0.024
0.022
0.032
0.045
0.054
0.058
0.073
0.097
0.11
0.09
0.058
0.03
0.012
-0.012
-0.028
-0.04
-0.048
-0.041
-0.028
-0.017
-0.0026
0.018
0.041
0.042
0.036
0.038
0.041
0.036
0.036
0.034
0.03
0.03
0.037
0.048
0.064
0.065
0.05
0.049
0.044
0.03
0.02
0.0086
0.0025
0.01
0.023
0.024
0.025
0.033
0.055
0.081
0.087
0.074
0.053
0.043
0.045
0.057
0.074
0.084
0.083
0.07
0.053
0.035
0.041
0.054
0.055
0.05
0.046
0.056
0.077
0.083
0.052
0.0029
-0.017
-0.0056
0.0052
-0.0002
-0.0066
-0.00066
0.01
0.013
0.0041
-0.0033
-4.6e-005
0.015
0.031
0.036
0.041
0.049
0.049
0.037
0.027
0.018
0.014
0.025
0.042
0.048
0.054
0.057
0.049
0.04
0.028
0.016
0.00099
-0.01
-0.0072
0.0016
-0.0062
-0.018
-0.025
-0.024
-0.016
-0.0044
-0.0031
-0.011
-0.016
-0.0055
0.016
0.032
0.029
0.0097
-0.007
-0.014
-0.014
-0.012
-0.012
-0.017
-0.019
-0.012
-0.0077
-0.0099
-0.0034
0.0033
0.00075
-0.0038
0.0081
0.023
0.029
0.024
0.0089
-0.014
-0.029
-0.024
-0.01
0.012
0.036
0.04
0.029
0.03
0.043
0.045
0.025
-0.003
-0.01
0.0037
0.017
0.008
0.0059
0.021
0.038
0.058
0.07
0.062
0.041
0.029
0.021
0.025
0.038
0.039
0.034
0.036
0.051
0.067
0.069
0.052
0.03
0.017
0.0078
0.0026
0.01
0.02
0.032
0.044
0.054
0.061
0.054
0.029
0.0064
4.6e-005
0.0018
0.0052
-0.0039
-0.024
-0.039
-0.037
-0.019
-0.014
-0.025
-0.039
-0.046
-0.059
-0.069
-0.076
-0.079
-0.061
-0.029
-0.013
-0.019
-0.028
-0.036
-0.037
-0.034
-0.038
-0.045
-0.045
-0.038
-0.025
-0.0083
-0.014
-0.045
-0.08
-0.11
-0.1
-0.082
-0.062
-0.058
-0.066
-0.07
-0.06
-0.063
-0.082
-0.094
-0.083
-0.072
-0.078
-0.091
-0.1
-0.11
-0.11
-0.12
-0.12
-0.12
-0.13
-0.12
-0.091
-0.07
-0.054
-0.044
-0.041
-0.034
-0.025
-0.03
-0.033
-0.028
-0.023
-0.021
-0.026
-0.032
-0.047
-0.06
-0.077
-0.089
-0.077
-0.043
-0.00026
0.03
0.032
0.015
0.007
-0.0065
-0.02
-0.015
-0.0029
-0.011
-0.04
-0.067
-0.071
-0.051
-0.0095
0.022
0.045
0.071
0.072
0.052
0.045
0.08
0.14
0.16
0.13
0.078
0.067
0.08
0.076
0.042
0.0045
-0.013
-0.0009
0.031
0.053
0.044
0.044
0.025
-0.0023
0.076
0.18
0.18
0.096
0.029
0.051
0.03
-0.016
0.057
0.2
0.28
0.25
0.16
0.083
0.06
0.11
0.14
0.1
0.058
0.041
0.057
0.091
0.13
0.15
0.14
0.1
0.045
0.04
0.093
0.15
0.18
0.16
0.1
0.066
0.076
0.12
0.15
0.16
0.12
0.042
-0.012
-0.006
0.041
0.08
0.091
0.06
-0.015
-0.094
-0.13
-0.1
-0.027
0.022
0.0094
-0.022
-0.0069
0.058
0.11
0.11
0.04
-0.026
-0.032
0.0012
0.028
-0.0012
-0.088
-0.18
-0.23
-0.23
-0.2
-0.18
-0.19
-0.2
-0.24
-0.24
-0.16
-0.029
0.067
0.097
0.09
0.063
0.032
0.0065
0.033
0.12
0.15
0.045
-0.1
-0.14
-0.052
0.056
0.07
-0.016
-0.13
-0.14
-0.039
0.049
0.053
-0.0044
-0.051
-0.043
0.01
0.047
0.015
-0.08
-0.17
-0.18
-0.14
-0.095
-0.11
-0.16
-0.17
-0.14
-0.1
-0.12
-0.19
-0.26
-0.28
-0.26
-0.27
-0.31
-0.34
-0.35
-0.34
-0.31
-0.3
-0.3
-0.3
-0.29
-0.27
-0.23
-0.21
-0.21
-0.25
-0.28
-0.3
-0.28
-0.26
-0.25
-0.24
-0.2
-0.17
-0.16
-0.15
-0.15
-0.18
-0.22
-0.25
-0.29
-0.32
-0.3
-0.27
-0.25
-0.24
-0.21
-0.16
-0.082
-0.036
-0.032
-0.048
-0.05
-0.036
-0.006
0.0058
-0.018
-0.039
-0.032
-0.0024
0.029
0.037
0.029
0.033
0.06
0.094
0.11
0.11
0.12
0.13
0.15
0.16
0.14
0.12
0.12
0.12
0.12
0.12
0.12
0.13
0.14
0.14
0.15
0.16
0.16
0.17
0.17
0.15
0.13
0.096
0.07
0.054
0.056
0.059
0.064
0.058
0.044
0.041
0.044
0.036
0.025
0.026
0.039
0.051
0.04
0.011
-0.014
-0.024
-0.015
0.0053
0.011
0.0058
0.00053
0.0012
0.015
0.021
0.013
0.0046
0.0064
0.016
0.015
0.0084
-0.0017
-0.016
-0.026
-0.024
-0.011
-0.0023
-0.015
-0.041
-0.051
-0.029
-0.00011
0.016
0.012
0.003
0.014
0.038
0.056
0.049
0.021
0.0051
0.0099
0.015
0.015
0.025
0.038
0.052
0.07
0.067
0.034
-0.0054
-0.021
0.0031
0.078
0.17
0.18
0.093
0.0002
-0.029
-0.0063
0.03
0.067
0.092
0.1
0.081
0.04
0.026
0.024
0.019
0.028
0.053
0.073
0.054
0.02
0.01
0.034
0.06
0.067
0.064
0.067
0.085
0.095
0.075
0.047
0.049
0.069
0.085
0.084
0.068
0.051
0.038
0.048
0.07
0.078
0.079
0.068
0.044
0.02
0.0036
-0.0063
-0.014
-0.013
-0.018
-0.023
-0.017
-0.0052
0.0044
0.0029
0.0016
0.004
0.0085
0.02
0.024
0.01
-0.0014
0.012
0.037
0.051
0.03
-0.0096
-0.046
-0.062
-0.058
-0.059
-0.072
-0.095
-0.11
-0.11
-0.094
-0.072
-0.052
-0.041
-0.037
-0.035
-0.034
-0.035
-0.034
-0.031
-0.024
-0.0015
0.012
0.0071
0.012
0.03
0.043
0.047
0.047
0.05
0.045
0.035
0.029
0.032
0.041
0.042
0.039
0.033
0.032
0.032
0.04
0.054
0.07
0.084
0.085
0.063
0.038
0.037
0.051
0.073
0.083
0.068
0.05
0.035
0.024
0.02
0.015
0.0066
-0.0061
-0.015
-0.023
-0.019
-0.0078
0.00053
0.0053
0.013
0.021
0.022
0.013
-0.0051
-0.02
-0.014
0.013
0.039
0.058
0.059
0.031
0.0014
-0.018
-0.033
-0.024
-0.0063
0.0014
0.014
0.039
0.056
0.051
0.039
0.034
0.044
0.053
0.059
0.059
0.047
0.027
0.02
0.026
0.027
0.018
0.0082
0.013
0.028
0.044
0.061
0.075
0.086
0.088
0.085
0.077
0.057
0.026
0.0047
0.011
0.035
0.052
0.049
0.032
0.016
0.007
0.011
0.035
0.07
0.096
0.1
0.096
0.084
0.067
0.051
0.053
0.061
0.064
0.065
0.059
0.049
0.041
0.04
0.046
0.057
0.066
0.066
0.063
0.059
0.056
0.051
0.055
0.062
0.072
0.083
0.086
0.074
0.059
0.047
0.039
0.046
0.054
0.057
0.067
0.092
0.12
0.12
0.12
0.11
0.1
0.096
0.077
0.044
0.021
0.038
0.074
0.094
0.089
0.08
0.078
0.079
0.074
0.056
0.041
0.037
0.041
0.044
0.038
0.037
0.04
0.04
0.038
0.032
0.022
0.016
0.016
0.012
0.0061
-0.003
-0.0096
-0.014
-0.014
0.0052
0.036
0.06
0.065
0.057
0.048
0.043
0.044
0.042
0.029
0.0073
-0.00099
0.012
0.026
0.033
0.031
0.028
0.027
0.03
0.022
0.0088
-0.0064
-0.013
-0.0031
0.016
0.027
0.017
0.0005
0.0059
0.021
0.028
0.032
0.029
0.021
0.024
0.032
0.027
0.017
0.018
0.03
0.043
0.047
0.041
0.033
0.031
0.037
0.056
0.066
0.047
0.0097
-0.021
-0.022
-0.0039
0.014
0.028
0.042
0.048
0.04
0.019
0.0021
-0.0033
-0.0034
0.01
0.037
0.056
0.061
0.054
0.037
0.021
0.0053
-0.0086
-0.0082
0.0017
0.02
0.037
0.039
0.029
0.015
0.0098
0.022
0.036
0.045
0.054
0.06
0.075
0.099
0.1
0.075
0.042
0.022
0.03
0.046
0.044
0.039
0.044
0.052
0.049
0.025
-0.0018
-0.01
-0.0067
-0.0009
-0.0029
-0.024
-0.048
-0.053
-0.047
-0.033
-0.021
-0.019
-0.017
-0.004
0.012
0.032
0.052
0.067
0.076
0.073
0.065
0.065
0.069
0.07
0.061
0.041
0.019
-0.0037
-0.029
-0.039
-0.03
-0.015
0.0057
0.023
0.026
0.014
-0.008
-0.028
-0.036
-0.029
-0.013
0.0011
0.0037
-0.0064
-0.026
-0.04
-0.035
-0.019
-0.01
-0.015
-0.032
-0.049
-0.065
-0.07
-0.061
-0.051
-0.037
-0.018
-0.007
-0.013
