0.0033
-0.0044
0.0041
0.013
-0.0017
-0.0058
0.0015
0.0035
0.0022
0.0051
0.013
0.013
0.0034
0.0048
0.024
0.021
0.014
0.02
0.022
0.018
0.011
0.013
0.014
0.0022
-0.014
-0.0029
0.0095
0.0091
0.016
0.019
0.0044
-0.004
0.016
0.012
-0.0088
-0.011
0.0062
0.02
0.014
-0.0015
-0.0015
0.002
0.0082
0.003
-0.011
-0.0097
0.0021
-0.0043
-0.012
-0.0068
-0.0024
-0.004
-0.013
-0.0085
0.015
0.018
-0.0043
-0.00084
0.018
0.0041
-0.028
-0.022
0.011
0.008
-0.013
0.008
0.03
0.007
-0.018
-0.011
-0.014
-0.026
-0.024
-0.0054
0.0098
0.0094
0.01
0.015
0.0093
-0.0073
-0.0035
0.0012
-0.006
0.0024
0.02
0.026
0.015
0.012
0.015
0.01
-0.004
-0.0083
0.0012
0.00084
-0.0043
0.0052
0.01
0.012
0.0056
-0.002
-0.0035
0.0052
0.0027
0.0019
0.0092
0.018
0.021
0.014
0.0058
0.0048
0.0046
0.0015
-0.0038
-0.0091
-0.0036
0.0099
0.0023
-0.0035
0.008
0.0046
-0.0083
-0.0092
-0.0034
0.0048
0.02
0.023
0.018
0.0073
0.0022
0.0068
0.011
0.015
0.023
0.018
0.0072
0.016
0.014
0.0011
0.00056
0.015
0.025
0.0051
-0.018
-0.0038
0.022
0.016
-0.002
-0.0019
0.0053
0.003
-0.0038
-0.011
-0.012
-0.011
-0.012
-0.027
-0.029
-0.0079
0.0034
-0.0074
-0.011
-0.0041
-0.0087
-0.017
-0.011
0.0021
0.0061
0.0092
0.021
0.024
0.012
-0.014
-0.022
-0.013
-0.0067
-0.0094
-0.012
0.005
0.011
-0.0014
-0.0098
-0.0012
0.0014
-0.011
-0.01
-0.0022
0.0073
0.017
0.034
0.031
0.0033
-0.011
-0.0065
0.009
0.018
0.01
0.0071
0.019
0.033
0.021
0.00075
0.0061
0.031
0.039
0.023
0.0062
0.016
0.048
0.047
0.031
0.032
0.029
0.014
0.007
0.029
0.056
0.04
0.0073
0.0041
0.0034
0.0015
0.023
0.041
0.037
0.02
0.013
0.013
0.011
0.0089
0.02
0.034
0.042
0.052
0.05
0.048
0.048
0.034
0.0064
-0.0085
-0.0069
-0.002
0.0092
0.028
0.04
0.013
-0.016
-0.0064
-0.015
-0.05
-0.043
-0.0069
0.02
0.016
-0.00093
-0.018
-0.01
0.00093
-0.0017
-0.016
-0.034
-0.023
0.016
0.025
-0.0031
-0.008
0.0035
-0.015
-0.042
-0.027
0.01
0.023
0.035
0.045
0.024
-0.015
-0.025
0.0051
0.036
0.039
0.025
0.021
0.032
0.058
0.071
0.043
0.0058
-0.015
-0.023
0.0011
0.041
0.051
0.04
0.044
0.06
0.045
-0.0096
-0.028
0.0059
0.023
0.017
0.027
0.037
0.006
-0.035
-0.017
0.019
-0.0027
-0.027
0.023
0.066
0.06
0.023
-0.0098
-0.016
-0.0039
0.011
0.011
0.013
0.033
0.029
-0.0087
-0.023
0.0051
0.02
0.012
0.0032
0.00063
-0.0022
-0.01
-0.015
-0.011
-0.0037
-0.021
-0.055
-0.063
-0.04
-0.0076
0.024
0.027
0.0043
-0.0094
-0.0064
0.0087
0.0088
0.0085
0.038
0.047
0.0078
-0.019
-0.014
0.015
0.024
0.012
0.0056
0.014
0.034
0.048
0.04
0.03
0.034
0.021
0.0019
0.021
0.051
0.041
0.025
0.029
0.012
-0.034
-0.05
-0.0061
0.03
0.013
0.0016
0.012
0.0094
0.00066
0.00096
-0.0017
-0.00084
0.018
0.04
0.04
0.019
0.0028
0.007
0.013
0.009
0.012
0.0056
-0.02
-0.026
-0.0076
0.011
0.012
0.00029
0.0011
0.0054
-0.0054
-0.016
-0.012
-0.0053
-0.0016
0.0043
-0.012
-0.021
-0.01
0.0011
-0.0037
-0.0096
-0.0098
0.0033
0.024
0.04
0.038
0.021
0.016
0.023
0.02
0.01
0.0025
-0.013
-0.014
-0.0011
-0.0094
-0.021
-0.012
-0.011
-0.019
-0.0066
0.011
0.023
0.031
0.02
-0.0015
-0.0092
0.00044
0.0092
-0.0016
-0.017
-0.0092
0.009
0.016
0.019
0.0039
-0.013
-0.02
-0.014
0.015
0.028
0.0079
0.0006
0.018
0.027
0.02
0.014
0.0079
0.00087
-0.0061
-0.011
-0.0047
0.00099
0.0036
-0.0046
-0.0073
0.0064
0.02
0.015
0.0073
0.012
0.0088
-0.012
-0.02
-0.0056
0.0088
0.0091
0.0069
0.0068
0.0016
-0.011
-0.008
-0.0055
-0.013
-0.011
-0.0049
-0.0012
-0.0012
0.0021
0.0054
0.0091
0.0039
0.0022
0.0019
-0.017
-0.021
-0.0047
0.018
0.025
0.018
0.014
0.013
0.015
0.018
0.0025
-0.0046
0.0052
0.025
0.025
0.019
0.015
0.018
0.019
0.0069
-0.0059
-0.0065
0.02
0.043
0.038
0.023
0.0096
-0.00011
-0.0049
-0.0054
0.0017
-0.0019
-0.011
-0.0038
0.0074
0.0058
0.0064
0.009
0.0075
0.0048
-0.0098
-0.0076
0.023
0.031
0.0056
-0.02
-0.0096
0.021
0.027
0.0072
-0.011
-0.014
-0.014
-0.0073
-0.0033
-0.00035
0.0062
0.013
0.013
-0.0026
-0.016
-0.0021
0.026
0.029
0.022
0.017
0.022
0.013
-0.0011
-0.0065
-0.0047
-0.0022
0.0036
0.012
0.014
0.0078
0.0042
0.00047
-0.0059
-0.0048
0.0015
0.0016
0.0051
0.015
0.015
0.004
0.0017
0.017
0.02
0.0033
-0.0052
0.0084
0.015
0.003
-0.007
0.0096
0.033
0.031
0.0088
-0.0038
-0.0045
-0.0092
-0.0075
-0.0027
-0.0089
-0.016
-0.0021
0.004
-0.0044
-0.0061
-0.0067
-0.011
-0.008
-1.5e-005
-0.0011
-0.0079
-0.0056
0.0025
0.0027
-0.0037
-0.011
-0.01
-0.0024
0.013
0.0079
0.0074
0.01
0.012
0.017
0.013
0.0016
-0.0071
0.0002
0.012
0.022
0.013
-0.0036
-0.013
-0.021
-0.01
0.0014
-0.0041
-0.011
-0.014
-0.0097
0.0035
0.012
-0.00096
-0.013
-0.013
-0.00066
0.021
0.032
0.018
-0.0019
-0.0058
-0.00093
-0.0022
-0.0045
0.00053
0.0053
-0.0022
-0.021
-0.024
-0.019
-0.0078
-0.0029
-0.0079
-0.011
-0.0009
0.0058
0.0063
0.00072
-0.0022
0.0079
0.0057
-0.0026
0.0057
0.014
-0.0047
-0.016
0.00032
0.017
0.0038
-0.012
-0.0059
0.0022
0.012
0.033
0.047
0.03
0.011
0.03
0.039
0.011
-0.027
-0.038
-0.027
-0.0065
0.0089
0.0041
-0.0065
-0.018
-0.012
-0.016
-0.031
-0.027
0.00072
0.029
0.04
0.032
0.012
-0.0039
-0.021
-0.029
-0.014
0.0077
0.024
0.017
-0.029
-0.051
-0.023
0.0069
0.0014
-0.02
-0.046
-0.054
-0.038
-0.0006
0.021
0.002
-0.018
-0.019
-0.028
-0.052
-0.061
-0.045
-0.0079
0.0095
-0.014
-0.045
-0.05
-0.038
-0.021
-0.013
-0.016
-0.0056
0.019
0.024
0.01
0.0038
0.011
0.017
0.0071
0.0043
0.025
0.035
0.028
0.022
0.0044
-0.014
-0.024
-0.019
-0.0018
0.0006
-0.032
-0.058
-0.055
-0.054
-0.061
-0.063
-0.059
-0.062
-0.086
-0.11
-0.11
-0.1
-0.087
-0.094
-0.11
-0.13
-0.13
-0.14
-0.14
-0.13
-0.12
-0.14
-0.17
-0.19
-0.17
-0.09
-0.055
-0.082
-0.12
-0.12
-0.11
-0.15
-0.21
-0.22
-0.17
-0.13
-0.12
-0.095
-0.048
-0.0035
0.024
0.057
0.1
0.12
0.13
0.16
0.19
0.18
0.14
0.081
0.033
-0.0026
-0.038
-0.09
-0.16
-0.23
-0.27
-0.27
-0.24
-0.19
-0.13
-0.063
0.027
0.12
0.17
0.25
0.35
0.41
0.4
0.32
0.2
0.046
-0.12
-0.27
-0.42
-0.54
-0.62
-0.69
-0.73
-0.71
-0.65
-0.57
-0.47
-0.37
-0.28
-0.23
-0.25
-0.3
-0.34
-0.33
-0.28
-0.19
-0.089
0.023
0.12
0.19
0.24
0.26
0.29
0.3
0.31
0.31
0.31
0.3
0.33
0.4
0.47
0.51
0.52
0.53
0.53
0.54
0.53
0.53
0.53
0.55
0.58
0.59
0.56
0.53
0.5
0.47
0.44
0.41
0.36
0.31
0.27
0.24
0.2
0.16
0.11
0.062
0.0018
-0.055
-0.094
-0.12
-0.15
-0.18
-0.22
-0.24
-0.24
-0.25
-0.28
-0.31
-0.35
-0.37
-0.39
-0.42
-0.43
-0.42
-0.43
-0.45
-0.46
-0.45
-0.44
-0.4
-0.37
-0.35
-0.32
-0.28
-0.24
-0.22
-0.2
-0.16
-0.11
-0.06
-0.011
0.024
0.075
0.13
0.19
0.23
0.27
0.3
0.33
0.36
0.38
0.4
0.41
0.42
0.42
0.42
0.42
0.42
0.41
0.4
0.38
0.36
0.35
0.33
0.3
0.27
0.23
0.2
0.18
0.16
0.14
0.099
0.052
0.00084
-0.04
-0.066
-0.077
-0.077
-0.082
-0.11
-0.14
-0.15
-0.13
-0.12
-0.12
-0.12
-0.11
-0.12
-0.14
-0.17
-0.18
-0.17
-0.14
-0.093
-0.061
-0.066
-0.11
-0.15
-0.15
-0.13
-0.12
-0.1
-0.081
-0.093
-0.11
-0.084
-0.05
-0.035
-0.038
-0.051
-0.067
-0.069
-0.047
-0.0069
0.025
0.047
0.057
0.057
0.05
0.033
0.033
0.048
0.059
0.064
0.067
0.058
0.05
0.051
0.06
0.079
0.087
0.073
0.066
0.084
0.11
0.13
0.11
0.089
0.066
0.057
0.079
0.13
0.15
0.13
0.095
0.081
0.084
0.1
0.13
0.15
0.14
0.13
0.14
0.15
0.16
0.15
0.13
0.1
0.088
0.098
0.12
0.12
0.11
0.11
0.11
0.079
0.043
0.027
0.039
0.057
0.058
0.048
0.041
0.022
0.003
-0.0028
-0.017
-0.032
-0.037
-0.027
-0.016
-0.017
-0.025
-0.017
-0.006
-0.0012
-0.0052
-0.012
-0.003
0.024
0.039
0.023
-0.0056
-0.02
-0.016
-0.012
-0.0047
0.015
0.03
0.02
0.0015
-0.00072
0.0029
-0.0058
-0.0083
-0.0012
0.00053
0.0051
0.019
0.032
0.03
0.011
-0.0089
-0.028
-0.038
-0.036
-0.027
-0.011
0.0068
0.018
0.016
0.0035
-0.0058
0.0065
0.022
4.6e-005
-0.032
-0.026
0.012
0.029
0.023
0.0067
-0.013
-0.022
-0.017
-0.011
-0.00038
0.01
0.015
0.0096
0.0093
0.0055
0.0069
0.0042
0.011
0.017
0.02
0.033
0.035
0.024
0.012
-4.6e-005
-0.005
0.00099
0.0029
-0.0019
-0.012
-0.014
-0.0033
-0.0068
-0.022
-0.018
-0.0067
-0.01
-0.025
-0.036
-0.019
0.015
0.028
0.023
0.013
0.0023
-0.0079
-0.019
-0.028
-0.031
-0.029
-0.018
0.0053
0.0041
-0.02
-0.048
-0.057
-0.043
-0.04
-0.049
-0.053
-0.044
-0.025
-0.014
-0.015
-0.01
-0.0025
-0.0063
-0.022
-0.037
-0.04
-0.02
0.0018
0.0054
-0.0053
-0.014
-0.038
-0.057
-0.053
-0.034
-0.016
-0.0037
-0.0029
-0.019
-0.034
-0.031
-0.016
0.0041
0.012
0.015
0.019
0.029
0.032
0.019
0.0099
0.014
0.026
0.036
0.037
0.029
0.019
0.015
0.0048
-0.0043
0.0074
0.038
0.044
0.024
0.0015
-0.017
-0.016
0.0022
0.012
0.0013
-0.0084
-0.0095
-0.011
-0.014
-0.015
-0.0021
0.0095
0.013
0.018
0.03
0.059
0.083
0.086
0.071
0.044
0.017
0.0074
0.0036
0.013
0.037
0.048
0.046
0.019
-0.029
-0.043
-0.016
0.013
0.029
0.049
0.064
0.058
0.054
0.068
0.085
0.087
0.082
0.077
0.074
0.067
0.075
0.09
0.086
0.065
0.036
0.014
0.0033
0.0028
0.0054
0.014
0.019
0.01
-0.019
-0.047
-0.053
-0.031
-0.013
-0.0057
-0.016
-0.034
-0.038
-0.03
-0.016
-0.0057
-0.016
-0.041
-0.051
-0.04
-0.026
-0.022
-0.023
-0.038
-0.068
-0.082
-0.064
-0.038
-0.03
-0.03
-0.034
-0.049
-0.053
-0.039
-0.029
-0.039
-0.044
-0.037
-0.02
-0.006
-0.0047
0.0063
0.016
0.011
4.6e-005
0.0025
0.0073
0.018
0.036
0.044
0.051
0.034
0.0042
-0.014
-0.032
-0.037
-0.034
-0.039
-0.044
-0.049
-0.055
-0.064
-0.055
-0.042
-0.032
-0.021
0.0052
0.028
0.037
0.048
0.064
0.067
0.065
0.068
0.065
0.064
0.071
0.066
0.048
0.034
0.024
0.013
0.00099
-0.013
0.0036
0.037
0.059
0.075
0.079
0.079
0.072
0.065
0.075
0.094
0.095
0.08
0.074
0.067
0.062
0.059
0.058
0.057
0.045
0.02
0.0079
0.0095
0.014
0.017
0.022
0.038
0.059
0.055
0.039
0.03
0.04
0.056
0.059
0.056
0.059
0.066
0.065
0.066
0.069
0.066
0.056
0.05
0.048
0.038
0.037
0.056
0.072
0.064
0.049
0.047
0.042
0.045
0.062
0.087
0.093
0.081
0.073
0.068
0.072
0.063
0.051
0.053
0.051
0.056
0.076
0.093
0.084
0.069
0.059
0.047
0.033
0.025
0.024
0.038
0.06
0.076
0.064
0.036
0.01
0.0098
0.012
0.021
0.028
0.028
0.031
0.033
0.029
0.02
0.012
0.0053
0.0037
0.0069
0.013
0.015
0.022
0.027
0.0073
-0.01
-0.012
-0.0069
0.0022
0.014
0.014
0.017
0.023
0.0072
-0.018
-0.036
-0.032
-0.017
-0.013
-0.018
-0.031
-0.049
-0.063
-0.068
-0.08
-0.092
-0.09
-0.073
-0.05
-0.053
-0.077
-0.087
-0.075
-0.06
-0.074
-0.094
-0.086
-0.067
-0.058
-0.068
-0.084
-0.11
-0.12
-0.13
-0.12
-0.1
-0.11
-0.12
-0.12
-0.096
-0.099
-0.12
-0.16
-0.2
-0.2
-0.18
-0.15
-0.13
-0.12
-0.15
-0.16
-0.15
-0.11
-0.094
-0.1
-0.098
-0.091
-0.069
-0.041
-0.031
-0.032
-0.018
0.019
0.025
-0.0072
-0.047
-0.06
-0.074
-0.093
-0.087
-0.09
-0.097
-0.089
-0.08
-0.063
-0.038
-0.023
-0.031
-0.052
-0.07
-0.075
-0.075
-0.07
-0.062
-0.045
-0.011
0.014
0.026
0.037
0.048
0.059
0.08
0.093
0.084
0.076
0.068
0.063
0.06
0.052
0.046
0.039
0.031
0.015
-0.008
-0.016
0.0076
0.037
0.047
0.044
0.044
0.06
0.08
0.094
0.097
0.091
0.088
0.1
0.12
0.13
0.13
0.12
0.12
0.11
0.11
0.11
0.12
0.12
0.093
0.066
0.046
0.04
0.047
0.049
0.038
0.018
0.015
0.03
0.052
0.06
0.051
0.04
0.034
0.037
0.05
0.057
0.062
0.055
0.051
0.053
0.06
0.064
0.055
0.054
0.063
0.069
0.063
0.052
0.04
0.052
0.073
0.068
0.048
0.027
0.0093
-0.012
-0.023
-0.02
-0.015
-0.021
-0.022
-0.019
-0.019
-0.0076
0.0042
0.012
0.02
0.019
0.025
0.036
0.052
0.065
0.066
0.061
0.049
0.037
0.025
0.018
0.016
0.03
0.028
0.001
-0.018
-0.018
-0.013
-0.021
-0.035
-0.035
-0.02
-0.013
-0.022
-0.024
-0.032
-0.044
-0.061
-0.079
-0.084
-0.065
-0.041
-0.033
-0.032
-0.043
-0.051
-0.059
-0.069
-0.073
-0.071
-0.061
-0.05
-0.044
-0.041
-0.023
-0.013
-0.017
-0.018
-0.022
-0.035
-0.046
-0.044
-0.022
-0.0038
-0.0038
-0.016
-0.02
-0.03
-0.039
-0.042
-0.038
-0.027
-0.015
-0.0063
-0.0087
-0.018
-0.032
-0.037
-0.023
-0.015
-0.019
-0.019
-0.013
-0.025
-0.024
-0.002
0.0047
-0.0094
-0.032
-0.046
-0.053
-0.035
-0.011
-0.00087
-0.0006
-0.004
-0.0012
-0.0076
-0.0072
-0.0042
0.017
0.043
0.041
0.027
0.026
0.036
0.032
0.033
0.036
0.045
0.069
0.078
0.061
0.04
0.042
0.066
0.07
0.059
0.047
0.049
0.049
0.048
0.041
0.053
0.079
0.084
0.068
0.047
0.037
0.03
0.029
0.045
0.058
0.059
0.063
0.063
0.045
0.029
0.027
0.027
0.021
0.026
0.028
0.03
0.049
0.064
0.055
0.033
0.028
0.033
0.027
0.02
0.025
0.032
0.029
0.025
0.003
-0.019
-0.023
-0.011
0.0066
0.015
0.004
-0.015
-0.024
-0.015
-0.0047
-0.0012
0.0018
0.0069
0.028
0.039
0.019
-0.0052
-0.015
-0.017
-0.015
-0.019
-0.025
-0.025
-0.024
-0.017
-0.0057
-0.0044
-0.017
-0.039
-0.057
-0.061
-0.042
-0.0099
0.01
0.0043
-0.0076
-0.012
-0.013
-0.023
-0.041
-0.047
-0.043
-0.021
0.0084
0.016
0.00014
-0.012
-0.013
-0.022
-0.036
-0.04
-0.016
0.0059
0.006
-0.013
-0.042
-0.045
-0.028
-0.03
-0.048
-0.059
-0.053
-0.045
-0.041
-0.049
-0.056
-0.06
-0.057
-0.058
-0.057
-0.042
-0.031
-0.028
-0.03
-0.032
-0.038
-0.045
-0.042
-0.043
-0.052
-0.05
-0.038
-0.043
-0.056
-0.062
-0.069
-0.061
-0.043
-0.034
-0.041
-0.053
-0.048
-0.043
-0.04
-0.029
-0.016
-0.02
-0.025
-0.029
-0.035
-0.049
-0.064
-0.057
-0.047
-0.048
-0.047
-0.046
-0.053
-0.069
-0.074
-0.058
-0.046
-0.044
-0.044
-0.041
-0.041
-0.034
-0.032
-0.03
-0.03
-0.026
-0.013
0.0043
0.013
0.021
0.02
0.01
0.00075
0.0061
0.015
0.018
0.017
0.018
0.022
0.023
0.018
0.0079
-0.0055
-0.026
-0.037
-0.032
-0.021
-0.02
-0.022
-0.023
-0.027
-0.024
-0.013
-0.0042
-0.0074
-0.0062
-0.0015
-0.0036
-1.5e-005
0.018
0.019
0.00026
-0.016
-0.024
-0.022
-0.0085
0.0028
0.0006
-0.005
-0.0013
-0.0075
-0.021
-0.028
-0.03
-0.03
-0.031
-0.034
-0.02
0.016
0.035
0.036
0.037
0.036
0.032
0.029
0.032
0.032
0.023
0.021
0.026
0.034
0.043
0.063
0.074
0.061
0.051
0.069
0.1
0.11
0.1
0.075
0.062
0.063
0.06
0.071
0.088
0.095
0.1
0.1
0.08
0.071
0.071
0.07
0.068
0.066
0.066
0.07
0.08
0.096
0.1
0.095
0.077
0.053
0.026
0.028
0.054
0.086
0.11
0.11
0.094
0.082
0.065
0.035
0.013
0.021
0.043
0.058
0.078
0.085
0.066
0.049
0.056
0.065
0.066
0.072
0.074
0.06
0.048
0.041
0.034
0.038
0.044
0.043
0.044
0.056
0.074
0.098
0.11
0.087
0.037
0.00032
-0.005
0.0043
0.028
0.053
0.066
0.069
0.061
0.043
0.019
0.0063
0.017
0.032
0.053
0.066
0.056
0.023
-0.0052
-0.021
-0.0084
0.023
0.051
0.069
0.073
0.058
0.043
0.028
0.013
-0.0039
-0.016
-0.006
0.012
0.015
0.018
0.022
0.02
0.017
0.013
-0.0056
-0.018
0.0018
0.027
0.029
0.022
0.027
0.05
0.069
0.077
0.074
0.056
0.033
0.024
0.023
0.028
0.036
0.041
0.041
0.038
0.027
0.02
0.028
0.038
0.029
0.011
0.0057
0.017
0.045
0.069
0.065
0.045
0.024
0.018
0.025
0.029
0.026
0.016
-0.0014
-0.017
-0.033
-0.05
-0.05
-0.03
-0.014
-0.002
0.0092
0.0091
0.0011
-0.016
-0.039
-0.045
-0.026
-0.0039
0.0022
0.0046
0.0065
0.0036
0.00069
-0.012
-0.042
-0.072
-0.076
-0.063
-0.045
-0.025
-0.0036
-0.0021
-0.012
-0.033
-0.062
-0.077
-0.075
-0.062
-0.039
-0.0075
0.012
0.00053
-0.024
-0.055
-0.078
-0.085
-0.069
-0.052
-0.039
-0.026
-0.025
-0.032
-0.036
-0.046
-0.067
-0.086
-0.085
-0.07
-0.059
-0.044
-0.038
-0.049
-0.062
-0.069
-0.078
-0.081
-0.062
-0.034
-0.017
-0.017
-0.038
-0.074
-0.11
-0.11
-0.083
-0.063
-0.056
-0.058
-0.065
-0.068
-0.064
-0.055
-0.051
-0.058
-0.06
-0.046
-0.025
-0.013
-0.0019
0.0038
-0.0099
-0.023
-0.024
-0.021
-0.02
-0.01
-0.0021
-0.0025
0.00081
0.01
0.011
0.0086
-0.0046
-0.014
-0.011
-0.0056
-0.0049
-0.0046
-0.0084
-0.011
-0.0068
-0.0048
-0.0023
0.0061
0.012
0.013
0.014
0.016
0.021
0.025
0.017
-0.001
-0.0078
0.0069
0.026
0.038
0.04
0.03
0.0085
0.00087
0.0096
0.006
-0.011
-0.012
-1.5e-005
0.019
0.035
0.031
0.0097
-0.01
-0.02
-0.0058
0.025
0.049
0.053
0.045
0.036
0.026
0.019
0.026
0.037
0.045
0.056
0.05
0.032
0.028
0.032
0.031
0.033
0.037
0.037
0.032
0.027
0.031
0.034
0.026
0.021
0.021
0.00066
-0.02
-0.004
0.034
0.061
0.063
0.048
0.035
0.041
0.054
0.068
0.076
0.066
0.061
0.052
0.031
0.012
0.014
0.024
0.022
0.028
0.046
0.061
0.065
0.072
0.068
0.052
0.042
0.031
0.014
0.016
0.035
0.05
0.05
0.064
0.076
0.076
0.076
0.067
0.07
0.084
0.076
0.063
0.067
0.058
0.034
0.037
0.048
0.05
0.046
0.038
0.021
-0.0055
-0.024
-0.03
-0.027
-0.018
-0.0032
0.0053
0.0066
0.014
0.025
0.047
0.06
0.051
0.033
0.035
0.051
0.073
0.091
0.078
0.054
0.044
0.041
0.048
0.051
0.045
0.037
0.028
0.022
0.011
-0.0072
-0.025
-0.031
-0.028
-0.011
0.014
0.042
0.057
0.06
0.052
0.036
0.031
0.046
0.053
0.046
0.047
0.054
0.062
0.065
0.062
0.06
0.053
0.043
0.031
0.028
0.034
0.035
0.018
0.0047
0.006
0.0012
-0.014
-0.02
-0.016
-0.012
-0.003
0.012
0.024
0.02
0.0051
-0.00011
0.00053
0.0014
0.0061
0.024
0.047
0.054
0.044
0.03
0.024
0.027
0.027
0.024
0.016
0.009
0.012
0.03
0.048
0.047
0.036
0.024
0.0098
0.0036
0.0034
-0.0042
-0.011
-0.012
-0.019
-0.021
-0.0096
-0.0079
-0.025
-0.055
-0.082
-0.099
-0.092
-0.078
-0.07
-0.066
-0.065
-0.069
-0.065
-0.059
-0.059
-0.047
-0.023
-0.011
-0.022
-0.028
-0.011
-0.00041
0.0089
0.015
0.013
0.014
0.012
0.0042
-0.00041
0.0025
0.0089
0.0036
-0.012
-0.035
-0.043
-0.029
0.0028
0.017
0.016
0.012
-0.0031
-0.016
-0.008
0.0068
0.013
0.024
0.045
0.063
0.067
0.068
0.073
0.064
0.055
0.052
0.05
0.042
0.048
0.065
0.077
0.077
0.07
0.062
0.046
0.045
0.06
0.068
0.06
0.045
0.04
0.045
0.046
0.048
0.052
0.051
0.056
0.064
0.062
0.047
0.036
0.037
0.035
0.029
0.025
0.02
0.013
0.013
0.012
-0.0013
-0.023
-0.035
-0.037
-0.03
-0.028
-0.031
-0.026
-0.017
-0.021
-0.026
-0.025
-0.025
-0.027
-0.028
-0.029
-0.018
-0.0091
-0.011
-0.02
-0.025
-0.016
0.0029
0.0066
-0.0032
0.0014
0.014
0.02
0.017
0.011
0.012
0.0012
-0.012
-0.0064
0.0021
0.0062
0.0092
-0.0069
-0.023
-0.017
-0.0085
-0.0014
0.0016
-0.0086
-0.022
-0.032
-0.029
-0.021
-0.019
-0.034
-0.06
-0.07
-0.039
0.0081
0.046
0.076
0.087
0.069
0.047
0.026
0.0012
-0.015
-0.0059
0.028
0.052
0.053
0.047
0.021
-0.012
-0.0095
0.015
0.026
0.015
-0.0014
-0.013
-0.013
-0.001
0.024
0.058
0.081
0.088
0.085
0.067
0.035
0.02
0.023
0.024
0.019
0.018
0.022
0.0066
-0.019
-0.026
-0.019
-0.0057
0.004
-0.012
-0.035
-0.041
-0.026
-0.0062
0.012
0.023
0.033
0.029
0.014
0.0042
0.0053
0.004
-0.008
-0.021
-0.022
-0.029
-0.05
-0.048
-0.049
-0.077
-0.078
-0.051
-0.032
-0.037
-0.053
-0.056
-0.038
-0.016
-0.0085
-0.0077
-0.011
-0.014
-0.017
-0.018
-0.026
-0.051
-0.06
-0.054
-0.054
-0.06
-0.057
-0.064
-0.078
-0.073
-0.072
-0.075
-0.077
-0.085
-0.085
-0.078
-0.06
-0.04
-0.032
-0.038
-0.049
-0.053
-0.049
-0.04
-0.04
-0.027
-0.0081
0.007
0.012
0.0048
-0.006
-0.011
-0.015
-0.014
-0.016
-0.027
-0.019
-0.0084
-0.014
-0.0074
0.0059
0.011
0.013
0.012
0.0057
0.019
0.036
0.032
0.0032
-0.031
-0.034
-0.016
-0.0018
0.0044
-0.00011
-0.025
-0.039
-0.022
0.0089
0.035
0.037
0.029
0.027
0.031
0.043
0.063
0.076
0.076
0.059
0.046
0.049
0.056
0.051
0.038
0.024
0.026
0.035
0.039
0.046
0.049
0.05
0.049
0.039
0.042
0.054
0.056
0.061
0.065
0.049
0.035
0.044
0.055
0.059
0.055
0.041
0.026
0.021
0.016
0.011
0.018
0.029
0.039
0.038
0.032
0.024
0.015
0.019
0.025
0.015
0.016
0.032
0.023
0.018
0.017
0.012
0.019
0.026
0.03
0.031
0.031
0.028
0.025
0.021
0.0062
-0.0051
-0.0026
0.02
0.029
0.029
0.029
0.026
0.021
0.019
0.022
0.023
0.027
0.036
0.042
0.044
0.057
0.067
0.046
0.027
0.027
0.03
0.028
0.026
0.032
0.048
0.062
0.058
0.051
0.048
0.049
0.061
0.072
0.073
0.066
0.065
0.07
0.072
0.067
0.061
0.058
0.053
0.046
0.047
0.051
0.056
0.05
0.035
0.018
0.013
0.021
0.026
0.032
0.042
0.048
0.048
0.046
0.044
0.053
0.062
0.062
0.05
0.025
-0.0032
-0.011
-0.0056
-0.011
-0.02
-0.015
0.0092
0.046
0.061
0.053
0.033
0.0066
-0.013
-0.019
-0.02
-0.017
-0.0046
0.0051
0.0087
0.0058
-0.0048
-0.0089
-0.019
-0.025
-0.024
-0.029
-0.045
-0.054
-0.07
-0.073
-0.045
-0.023
-0.014
-0.012
-0.014
-0.0074
0.00035
-0.0049
-0.031
-0.059
-0.078
-0.087
-0.09
-0.069
-0.035
-0.0027
0.02
0.012
-0.015
-0.038
-0.053
-0.068
-0.07
-0.052
-0.032
-0.03
-0.044
-0.052
-0.062
-0.087
-0.098
-0.095
-0.1
-0.1
-0.078
-0.06
-0.054
-0.067
-0.084
-0.066
-0.033
-0.013
-0.0082
-0.028
-0.055
-0.06
-0.051
-0.048
-0.063
-0.076
-0.07
-0.072
-0.072
-0.059
-0.077
-0.099
-0.098
-0.11
-0.12
-0.13
-0.14
-0.12
-0.062
-7.6e-005
0.039
0.043
0.022
-0.017
-0.054
-0.07
-0.083
-0.093
-0.066
-0.029
-0.009
-0.011
-0.032
-0.052
-0.045
-0.024
0.017
0.048
-0.0084
-0.079
-0.13
-0.16
-0.11
-0.0067
0.024
-0.035
-0.066
-0.056
-0.1
-0.16
-0.11
-0.054
-0.034
-0.048
-0.093
-0.12
-0.07
0.0098
-0.0067
-0.088
-0.12
-0.1
-0.092
-0.11
-0.073
-0.03
-0.034
-0.0022
0.035
0.066
0.08
0.025
-0.065
-0.11
-0.085
-0.038
-0.029
-0.053
-0.056
-0.024
-0.031
-0.08
-0.076
-0.026
0.0038
-0.013
-0.038
-0.029
-0.027
-0.015
0.028
0.042
-0.0059
-0.057
-0.065
-0.059
-0.055
-0.0077
0.044
0.035
-0.0015
-0.035
-0.052
-0.038
0.0066
0.042
0.015
-0.028
-0.057
-0.034
0.0089
-0.01
-0.029
0.0071
0.037
0.035
0.013
-0.0018
0.011
0.024
0.011
0.0025
0.012
0.038
0.049
0.044
0.039
0.02
0.017
0.029
0.037
0.06
0.065
0.041
0.039
0.063
0.083
0.098
0.11
0.087
0.031
-0.034
-0.059
-0.029
0.035
0.076
0.087
0.087
0.08
0.061
0.03
0.018
0.014
0.019
0.037
0.041
0.045
0.065
0.079
0.067
0.061
0.055
0.038
0.024
0.012
0.00023
-0.008
0.0025
0.017
0.026
0.024
0.0029
-0.026
-0.041
-0.023
-0.0057
0.011
0.024
0.035
0.035
0.02
-0.0046
-0.034
-0.05
-0.039
-0.013
0.0065
0.013
-0.0077
-0.049
-0.059
-0.031
0.0088
0.032
0.028
0.016
0.0053
-0.0071
-0.026
-0.023
0.0076
0.038
0.047
0.044
0.04
0.037
0.034
0.029
0.024
0.013
0.0025
-0.0027
-0.0087
-0.023
-0.032
-0.026
0.0026
0.021
0.021
0.0059
-0.013
-0.014
0.004
0.019
0.024
0.026
0.017
0.0089
0.0061
0.0048
0.0028
-0.0097
-0.018
-0.02
-0.023
-0.02
-0.022
-0.028
-0.037
-0.041
-0.039
-0.028
-0.019
-0.015
-0.011
-0.013
-0.006
0.019
0.042
0.04
0.028
0.023
0.027
0.025
0.019
0.028
0.041
0.058
0.067
0.059
0.041
0.033
0.025
0.022
0.034
0.052
0.062
0.042
0.0076
-0.011
-0.004
0.018
0.04
0.053
0.043
0.018
-0.02
-0.036
-0.021
-0.0011
0.017
0.031
0.04
0.04
0.033
0.017
0.0083
0.0095
0.015
0.011
-0.0013
-0.00047
0.0043
0.005
0.0059
-0.005
-0.016
-0.0093
0.015
0.029
0.036
0.033
0.029
0.038
0.036
0.032
0.042
0.044
0.04
0.032
0.011
0.0056
0.012
0.018
0.04
0.057
0.048
0.034
0.025
0.017
0.025
0.036
0.029
0.023
0.018
0.016
0.018
0.019
0.031
0.036
0.032
0.039
0.047
0.05
0.044
0.03
0.03
0.033
0.045
0.062
0.063
0.034
0.012
0.011
0.014
0.0085
-0.0048
-0.012
-0.011
-0.0031
0.0071
0.017
0.031
0.048
0.049
0.035
0.022
0.01
0.015
0.033
0.033
0.018
0.0068
-0.004
-0.013
-0.014
-0.015
-0.0087
-0.0097
-0.018
-0.014
0.0044
0.024
0.025
0.023
0.017
0.014
-0.0013
-0.016
-0.03
-0.037
-0.014
0.017
0.034
0.032
0.022
0.0039
-0.0043
-0.0018
-0.0011
-0.003
-0.0046
0.011
0.029
0.02
-0.0075
-0.032
-0.047
-0.045
-0.048
-0.056
-0.037
-0.021
-0.028
-0.038
-0.043
-0.034
-0.03
-0.037
-0.044
-0.058
-0.065
-0.065
-0.062
-0.055
-0.048
-0.044
-0.047
-0.055
-0.053
-0.045
-0.028
-0.025
-0.042
-0.065
-0.078
-0.073
-0.066
-0.065
-0.064
-0.055
-0.04
-0.028
-0.022
-0.027
-0.036
-0.042
-0.038
-0.027
-0.012
0.0013
-0.0038
-0.013
-0.023
-0.046
-0.054
-0.035
-0.012
-0.0054
-0.0098
-0.0084
0.0027
0.018
0.026
0.021
0.012
-0.009
-0.038
-0.066
-0.071
-0.063
-0.044
0.00081
0.039
0.055
0.059
0.06
0.044
0.016
-0.00075
-0.011
-0.026
-0.047
-0.043
-0.019
0.01
0.028
0.026
0.01
-0.0058
-0.02
-0.043
-0.05
-0.054
-0.052
-0.043
-0.025
4.6e-005
0.0072
-0.00044
0.00032
0.0011
-0.013
-0.041
-0.068
-0.058
-0.018
0.019
0.034
0.025
0.0022
-0.0067
0.0072
0.025
0.039
0.044
0.021
-0.013
-0.026
-0.0054
0.019
0.034
0.043
0.041
0.035
0.028
0.014
0.00087
-0.0058
-0.0071
-0.0034
0.0029
0.0054
-0.0034
-0.012
-0.014
-0.0013
0.0075
0.015
0.022
0.035
0.049
0.042
0.025
0.02
0.014
-0.0014
-0.015
-0.0074
0.0038
0.0033
-0.013
-0.039
-0.043
-0.028
-0.0054
0.01
0.012
0.0028
-0.0018
0.0013
0.0037
0.0055
0.001
-0.006
-0.014
-0.019
-0.013
-0.0044
0.00023
0.0026
0.0034
-0.0099
-0.03
-0.04
-0.027
-0.0072
0.00029
0.0037
0.0093
0.0019
0.0014
0.011
0.013
0.02
0.025
0.02
0.015
0.0052
-0.003
-0.0091
-0.0048
0.0052
0.0088
-0.0059
-0.016
-0.013
0.0027
0.034
0.051
0.037
0.0067
-0.015
-0.027
-0.025
-0.011
0.006
0.0058
-0.013
-0.021
-0.026
-0.028
-0.022
-0.022
-0.022
-0.005
0.017
0.022
0.018
0.0031
-0.0052
0.012
0.023
0.021
0.022
0.018
0.0043
-0.007
-0.012
-0.011
-0.0086
-0.011
-7.6e-005
0.013
0.013
0.02
0.023
0.027
0.036
0.029
0.0088
-0.0013
-0.0066
-0.011
-0.014
-0.017
-0.0058
0.017
0.03
0.03
0.026
0.03
0.034
0.028
0.029
0.028
0.027
0.035
0.026
0.0079
0.015
0.037
0.051
0.057
0.061
0.059
0.049
0.039
0.03
0.021
0.019
0.032
0.044
0.041
0.024
0.0085
0.018
0.032
0.028
0.016
0.023
0.029
0.016
0.0016
-0.0051
0.0018
0.015
0.017
0.012
0.0047
0.014
0.014
0.0077
0.0018
-0.00093
-0.003
-0.001
0.0013
-0.0067
-0.0067
0.00047
0.0036
0.0048
0.0044
-0.005
-0.019
-0.038
-0.039
-0.026
-0.0064
0.016
0.019
0.0036
-0.0046
-0.0054
-0.0088
-0.011
-0.02
-0.019
0.0039
0.015
0.00078
-0.02
-0.027
-0.015
0.0015
0.0051
-0.00032
-0.015
-0.031
-0.025
-0.00035
0.021
0.025
0.014
0.0084
0.002
-0.019
-0.033
-0.025
-0.0097
0.005
0.017
0.029
0.045
0.061
0.063
0.048
0.022
0.0025
-0.013
-0.026
-0.035
-0.031
-0.017
0.00053
0.013
0.027
0.038
0.041
0.042
0.038
0.027
0.022
0.021
0.011
-0.007
-0.013
-0.0048
0.0086
0.013
0.013
0.011
0.01
0.021
0.029
0.019
0.0044
-0.0026
4.6e-005
0.011
0.023
0.033
0.047
0.048
0.026
-0.0044
-0.031
-0.034
-0.022
-0.011
0.0018
0.014
0.027
0.043
0.054
0.048
0.027
0.00023
-0.019
-0.011
0.0021
0.013
0.022
0.021
0.009
-0.0044
-0.015
-0.025
-0.022
-0.0048
0.011
0.014
0.025
0.044
0.05
0.043
0.034
0.031
0.029
0.027
0.027
0.042
0.056
0.046
0.024
0.011
0.0026
-0.015
-0.024
-0.0056
0.015
0.016
0.0076
0.0067
0.009
0.0038
0.00099
0.0072
0.011
0.0066
-0.0012
-0.0094
-0.013
-0.0091
-0.011
-0.0074
-0.0015
0.0067
0.011
0.0064
-0.00087
0.0037
0.014
0.023
0.034
0.041
0.03
0.0081
-0.01
-0.015
-0.0006
0.008
0.0084
-4.6e-005
-0.013
-0.028
-0.036
-0.03
-0.016
-0.01
-0.013
-0.013
-0.016
-0.024
-0.024
-0.0096
0.0044
0.01
0.0063
0.0033
0.015
0.025
0.019
0.0061
0.0026
0.021
0.037
0.025
0.0096
0.00072
0.0023
0.0082
0.0046
-0.0034
-0.0073
-0.0072
-0.0029
-0.0062
-0.02
-0.04
-0.046
-0.04
-0.024
-0.012
-0.0067
-0.0081
-0.0044
0.0019
-0.0039
-0.013
-0.02
-0.019
-0.0089
0.0073
0.017
0.014
0.013
0.0051
0.0022
0.012
0.012
-0.0044
-0.016
-0.0098
0.0075
0.023
0.013
-0.0084
-0.011
-0.0052
-0.0012
0.0035
0.0012
0.0054
0.024
0.035
0.033
0.023
0.017
0.026
0.036
0.027
0.0082
-0.0076
-0.0067
0.00081
0.0074
0.0063
-0.00093
-0.016
-0.027
-0.03
-0.029
-0.021
-0.011
-0.0039
-0.00069
0.003
0.0048
0.0014
-0.00078
0.0054
0.0047
0.0014
0.0085
0.011
0.0025
-0.008
-0.014
-0.021
-0.027
-0.022
-0.013
-0.0076
-0.0011
0.0071
0.0063
-0.0031
-0.0038
0.0068
0.022
0.026
0.014
0.0047
0.0022
-0.0013
-0.014
-0.019
-0.016
-0.012
-0.017
-0.026
-0.025
-0.026
-0.023
-0.00084
0.021
0.032
0.018
-0.0096
-0.027
-0.016
0.0052
0.025
0.033
0.031
0.026
0.0044
-0.017
-0.019
-0.0039
0.008
0.017
0.03
0.048
0.057
0.058
0.067
0.064
0.044
0.017
-0.0051
-0.01
-0.0052
0.00072
0.014
0.033
0.042
0.031
-0.00063
-0.016
-0.0024
0.016
0.029
0.04
0.035
0.021
0.016
0.012
0.0022
-0.014
-0.025
-0.02
-0.014
-0.013
-0.0031
0.008
0.014
0.019
0.0063
-0.01
-0.013
-0.0021
0.017
0.019
-0.001
-0.019
-0.031
-0.024
0.0011
0.019
0.017
-0.00072
-0.022
-0.018
0.011
0.036
0.037
0.011
-0.016
-0.0088
0.0096
0.022
0.024
0.0096
-0.0081
-0.018
-0.034
-0.053
-0.053
-0.034
-0.014
-0.0048
-0.0035
-0.012
-0.027
-0.019
-0.0032
-0.0087
-0.027
-0.029
-0.022
-0.017
-0.0047
0.0049
0.016
0.018
-0.0019
-0.019
-0.022
-0.01
0.0024
0.012
0.02
0.03
0.026
0.0096
0.0058
0.012
0.031
0.042
0.033
0.012
-0.00093
0.0029
0.012
0.019
0.024
0.019
0.009
0.017
0.031
0.034
0.039
0.041
0.032
0.017
-7.6e-005
-0.0071
0.012
0.025
0.012
-0.0077
-0.012
-0.0079
-0.018
-0.025
-0.018
-0.0047
0.0091
0.017
0.018
0.014
0.0011
-0.013
-0.02
-0.022
-0.021
-0.022
-0.019
-0.019
-0.016
-0.0095
0.00047
0.011
0.023
0.016
-0.0077
-0.024
-0.016
0.006
0.023
0.026
0.011
-0.0079
-0.014
-0.014
-0.014
-0.014
-0.015
-0.016
-0.016
-0.019
-0.016
-0.011
-0.018
-0.03
-0.039
-0.038
-0.022
-0.012
-0.02
-0.023
-0.018
-0.021
-0.019
-0.008
0.0018
0.0022
-0.00078
-0.0023
-0.006
-0.0013
0.013
0.021
0.021
0.026
0.022
0.017
0.012
0.0027
0.0061
0.027
0.046
0.046
0.023
-0.00017
-0.0088
-0.0017
0.0076
0.018
0.023
0.035
0.052
0.055
0.041
0.025
0.02
0.029
0.041
0.043
0.035
0.025
0.022
0.034
0.028
0.012
0.0032
-0.0049
-0.0063
0.0083
0.025
0.027
0.022
0.0029
-0.0048
0.006
0.014
0.011
0.01
0.0094
0.0069
0.014
0.023
0.027
0.021
0.0054
-0.0039
-0.0036
-0.0022
0.0052
0.02
0.034
0.027
0.0087
-0.0055
-0.014
-0.017
-0.00081
0.012
0.0036
-0.012
-0.018
-0.013
-0.013
-0.015
-0.015
-0.012
0.0057
0.025
0.022
0.011
-0.0044
-0.031
-0.021
0.021
0.044
0.034
0.0086
-0.0088
-0.022
-0.023
-0.027
-0.032
-0.019
-0.0023
0.015
0.033
0.047
0.042
0.041
0.05
0.038
0.017
0.0046
0.0044
0.0055
0.018
0.028
0.028
0.042
0.051
0.043
0.036
0.033
0.049
0.073
0.075
0.043
0.0039
-0.02
-0.015
0.0051
0.026
0.041
0.048
0.047
0.038
0.03
0.027
0.023
0.026
0.032
0.022
0.011
0.022
0.034
0.027
0.0092
-0.011
-0.024
-0.028
-0.028
-0.015
0.015
0.03
0.015
-0.012
-0.017
-0.0049
0.0093
0.02
0.024
0.012
-0.0074
-0.014
-0.022
-0.031
-0.034
-0.036
-0.033
-0.023
-0.02
-0.024
-0.023
-0.0079
0.021
0.05
0.06
0.053
0.04
0.036
0.03
0.02
0.019
0.018
0.017
0.027
0.049
0.073
0.082
0.071
0.063
0.07
0.078
0.07
0.044
0.028
0.036
0.044
0.05
0.056
0.044
0.019
0.0063
0.0062
0.0072
0.016
0.025
0.025
0.012
0.0012
-0.0011
0.0052
0.019
0.024
0.014
-0.0071
-0.022
-0.036
-0.053
-0.066
-0.08
-0.075
-0.049
-0.029
-0.023
-0.023
-0.02
-0.013
-0.013
-0.031
-0.049
-0.061
-0.062
-0.047
-0.036
-0.021
-0.0088
-0.013
-0.024
-0.041
-0.061
-0.068
-0.053
-0.03
-0.024
-0.029
-0.021
-0.0085
-0.011
-0.022
-0.031
-0.038
-0.032
-0.027
-0.032
-0.038
-0.04
-0.042
-0.044
-0.037
-0.014
0.0064
0.022
0.028
0.015
-0.015
-0.035
-0.036
-0.022
-0.0013
0.016
0.028
0.031
0.022
0.012
0.013
0.02
0.036
0.04
0.027
0.011
0.012
0.022
0.028
0.028
0.027
0.021
0.013
0.011
0.018
0.031
0.045
0.044
0.033
0.022
0.024
0.039
0.056
0.064
0.063
0.057
0.044
0.032
0.022
0.017
0.028
0.04
0.038
0.04
0.057
0.068
0.066
0.056
0.05
0.058
0.074
0.085
0.077
0.062
0.072
0.096
0.11
0.12
0.11
0.09
0.073
0.055
0.05
0.06
0.07
0.071
0.065
0.057
0.046
0.037
0.033
0.047
0.06
0.061
0.054
0.04
0.033
0.042
0.044
0.035
0.03
0.027
0.034
0.038
0.031
0.031
0.018
0.0031
0.012
0.018
0.0035
-0.0096
-0.016
-0.0083
0.0075
0.0063
0.0067
0.013
0.009
0.0017
0.0034
0.0005
-0.011
-0.022
-0.021
-0.011
-0.0097
-0.017
-0.025
-0.033
-0.031
-0.022
-0.019
-0.0093
-0.0012
0.0055
0.016
0.024
0.02
0.025
0.031
0.022
0.013
0.011
0.013
0.024
0.037
0.042
0.039
0.043
0.051
0.052
0.049
0.048
0.03
0.012
0.012
0.012
0.013
0.027
0.035
0.026
0.015
0.0002
0.0013
0.023
0.047
0.07
0.071
0.048
0.021
0.014
0.028
0.044
0.049
0.066
0.09
0.093
0.068
0.028
0.0044
0.027
0.056
0.059
0.053
0.045
0.044
0.053
0.055
0.034
0.015
0.0039
0.01
0.024
0.029
0.031
0.033
0.031
0.03
0.029
0.019
0.016
0.029
0.049
0.053
0.041
0.03
0.019
0.0088
0.0086
0.01
0.0042
0.0018
0.0077
0.023
0.047
0.055
0.051
0.05
0.055
0.054
0.042
0.038
0.046
0.041
0.023
0.015
0.016
0.027
0.039
0.046
0.05
0.048
0.043
0.047
0.062
0.065
0.043
0.035
0.046
0.052
0.041
0.033
0.028
0.021
0.014
0.016
0.03
0.042
0.046
0.049
0.048
0.045
0.047
0.046
0.039
0.03
0.022
0.023
0.038
0.044
0.04
0.038
0.033
0.025
0.021
0.026
0.027
0.032
0.036
0.037
0.039
0.045
0.044
0.046
0.055
0.066
0.066
0.066
0.081
0.084
0.073
0.064
0.058
0.064
0.072
0.073
0.077
0.085
0.093
0.095
0.09
0.07
0.05
0.033
0.037
0.052
0.055
0.061
0.066
0.06
0.043
0.033
0.023
0.0058
-0.0042
-0.0032
-0.003
-0.02
-0.043
-0.065
-0.077
-0.077
-0.084
-0.11
-0.14
-0.17
-0.19
-0.2
-0.23
-0.28
-0.32
-0.34
-0.34
-0.35
-0.35
-0.34
-0.32
-0.31
-0.29
-0.28
-0.24
-0.16
-0.027
0.13
0.27
0.37
0.4
0.39
0.35
0.34
0.34
0.33
0.29
0.22
0.12
-0.0076
-0.14
-0.24
-0.29
-0.32
-0.32
-0.31
-0.29
-0.28
-0.29
-0.31
-0.3
-0.28
-0.25
-0.19
-0.11
-0.047
0.0062
0.035
0.052
0.067
0.073
0.069
0.068
0.083
0.12
0.18
0.24
0.29
0.32
0.31
0.29
0.25
0.22
0.21
0.2
0.18
0.16
0.11
0.078
0.069
0.056
0.038
0.013
-0.022
-0.059
-0.082
-0.088
-0.075
-0.055
-0.041
-0.034
-0.03
-0.018
-0.01
-0.0036
0.012
0.03
0.038
0.043
0.049
0.052
0.064
0.084
0.11
0.14
0.14
0.12
0.088
0.067
0.063
0.081
0.094
0.084
0.053
0.03
0.049
0.078
0.092
0.086
0.063
0.031
0.011
-0.0012
-0.018
-0.034
-0.041
-0.042
-0.043
-0.045
-0.049
-0.065
-0.085
-0.092
-0.084
-0.062
-0.043
-0.03
-0.018
-0.00072
0.0072
0.0059
-0.0059
-0.023
-0.035
-0.038
-0.027
-0.0049
0.015
0.034
0.036
0.018
-0.0034
-0.021
-0.032
-0.028
-0.014
0.0033
0.027
0.046
0.048
0.032
0.017
0.021
0.039
0.055
0.061
0.045
0.0091
-0.016
-0.012
0.009
0.02
0.028
0.042
0.044
0.012
-0.032
-0.054
-0.037
-0.013
-0.015
-0.026
-0.033
-0.046
-0.053
-0.052
-0.056
-0.066
-0.078
-0.083
-0.086
-0.085
-0.085
-0.078
-0.065
-0.047
-0.029
-0.01
-0.0028
-0.011
-0.013
-0.0031
0.011
0.026
0.036
0.035
0.035
0.037
0.025
0.0058
-0.0084
-0.013
-0.0093
-0.011
-0.027
-0.028
-0.00056
0.025
0.025
0.0098
0.0052
0.01
0.0091
0.0058
0.013
0.014
-0.0016
-0.018
-0.024
-0.019
-0.017
-0.017
-0.013
-0.014
-0.025
-0.029
-0.031
-0.027
-0.013
0.0044
0.022
0.025
0.014
0.0035
-0.0005
-0.004
0.0011
0.018
0.035
0.033
0.0076
-0.015
-0.017
-0.011
-0.0014
0.011
0.023
0.025
0.013
-0.0036
-0.0049
-0.0054
-0.012
-0.004
0.016
0.037
0.047
0.041
0.03
0.029
0.042
0.07
0.089
0.087
0.074
0.073
0.087
0.089
0.071
0.057
0.067
0.08
0.08
0.071
0.062
0.068
0.08
0.079
0.071
0.062
0.052
0.042
0.032
0.019
0.016
0.014
0.01
0.0072
0.0028
-0.0021
-0.0086
-0.019
-0.026
-0.019
-0.013
-0.021
-0.027
-0.011
0.0043
0.0018
0.00075
0.0047
0.0065
0.0045
0.0022
0.01
0.028
0.042
0.046
0.049
0.045
0.03
0.017
0.02
0.034
0.037
0.024
0.012
0.011
0.008
1.5e-005
-0.011
-0.016
-0.016
-0.012
-0.012
-0.018
-0.032
-0.041
-0.034
-0.025
-0.024
-0.025
-0.021
-0.013
-0.0018
0.00029
-0.0063
-0.0061
0.0043
0.013
0.02
0.027
0.024
0.0083
-0.0063
-0.018
-0.016
-0.0083
-0.014
-0.032
-0.035
-0.019
0.0091
0.035
0.035
0.0094
-0.027
-0.061
-0.076
-0.073
-0.056
-0.034
-0.017
-0.001
0.0066
0.00023
-0.015
-0.033
-0.039
-0.032
-0.024
-0.021
-0.011
0.0017
0.012
0.02
0.016
0.0067
-0.0057
-0.018
-0.016
-0.0054
-0.0039
-0.017
-0.023
-0.031
-0.051
-0.079
-0.095
-0.08
-0.048
-0.024
-0.017
-0.026
-0.047
-0.064
-0.067
-0.057
-0.039
-0.027
-0.027
-0.038
-0.048
-0.033
-0.017
-0.02
-0.032
-0.04
-0.037
-0.0073
0.023
0.011
-0.0049
-0.011
-0.03
-0.039
-0.02
-0.0069
-0.0029
0.0096
0.028
0.045
0.054
0.05
0.03
-0.0053
-0.03
-0.023
-0.0024
0.01
0.022
0.03
0.027
0.028
0.035
0.015
-0.022
-0.021
0.007
0.026
0.034
0.037
0.037
0.033
0.014
-0.0091
-0.022
-0.023
-0.0097
-0.0017
-0.009
-0.018
-0.023
-0.016
-0.0044
-0.0078
-0.02
-0.016
0.0016
0.021
0.038
0.036
0.03
0.027
0.022
0.017
0.005
-0.0033
-0.0043
0.0051
0.012
0.011
0.0099
0.016
0.028
0.035
0.035
0.021
0.009
0.018
0.029
0.037
0.043
0.048
0.051
0.043
0.02
0.003
0.018
0.052
0.081
0.083
0.063
0.044
0.042
0.049
0.056
0.059
0.056
0.048
0.047
0.054
0.058
0.054
0.046
0.029
0.019
0.026
0.03
0.021
0.0097
0.0033
0.017
0.041
0.043
0.025
0.0059
0.0014
0.0041
0.00014
-0.011
-0.012
0.0032
0.021
0.028
0.015
-0.0005
-0.0042
0.004
0.011
0.01
-0.0006
-0.0023
0.018
0.035
0.026
0.0044
-0.0014
0.0081
0.015
0.024
0.032
0.039
0.042
0.037
0.028
0.021
0.015
0.019
0.025
0.028
0.02
-0.0023
-0.023
-0.027
-0.016
0.0019
0.016
0.011
-0.0043
-0.014
-0.011
-0.0018
0.0088
0.013
0.011
0.011
0.017
0.03
0.04
0.043
0.039
0.036
0.035
0.029
0.022
0.017
0.016
0.019
0.024
0.022
0.018
0.025
0.031
0.028
0.027
0.033
0.032
0.028
0.029
0.025
0.014
-0.0041
-0.018
-0.019
-0.0074
0.011
0.023
0.024
0.012
-0.00072
-0.0061
-0.0035
0.00047
0.0025
-0.00029
0.00066
0.017
0.03
0.029
0.026
0.027
0.02
0.0041
-0.014
-0.021
-0.01
0.00069
0.011
0.033
0.058
0.073
0.073
0.063
0.045
0.03
0.018
0.0089
0.0077
0.015
0.02
0.0094
-0.015
-0.035
-0.044
-0.036
-0.013
0.012
0.033
0.049
0.048
0.037
0.027
0.025
0.033
0.036
0.026
0.0015
-0.024
-0.033
-0.024
-0.0094
-0.0023
-0.013
-0.035
-0.05
-0.043
-0.023
0.013
0.045
0.062
0.062
0.041
0.018
-7.6e-005
0.0051
0.038
0.063
0.056
0.035
0.0084
-0.031
-0.065
-0.077
-0.064
-0.033
0.0088
0.036
0.02
-0.024
-0.048
-0.027
0.0094
0.034
0.049
0.051
0.018
-0.028
-0.043
-0.031
-0.011
0.00035
-0.0086
-0.041
-0.072
-0.079
-0.073
-0.059
-0.037
-0.007
0.01
0.002
-0.024
-0.056
-0.074
-0.059
-0.03
-0.0042
0.014
0.023
0.015
-0.012
-0.047
-0.067
-0.067
-0.048
-0.034
-0.022
-0.0063
0.0049
-0.0069
-0.043
-0.053
-0.067
-0.089
-0.059
-0.012
-0.011
-0.041
-0.074
-0.088
-0.079
-0.059
-0.02
0.002
-0.038
-0.06
-0.03
-0.015
-0.014
-0.0099
-0.023
-0.044
-0.062
-0.066
-0.051
-0.036
-0.029
-0.024
-0.029
-0.054
-0.087
-0.12
-0.14
-0.15
-0.14
-0.12
-0.089
-0.055
-0.031
-0.027
-0.038
-0.056
-0.076
-0.081
-0.059
-0.021
7.6e-005
0.0047
0.0032
-0.0062
-0.026
-0.05
-0.065
-0.064
-0.062
-0.073
-0.066
-0.04
-0.016
0.00099
-0.0013
-0.029
-0.065
-0.084
-0.079
-0.055
-0.035
-0.043
-0.062
-0.076
-0.069
-0.046
-0.023
-0.02
-0.036
-0.053
-0.064
-0.056
-0.035
-0.0094
0.012
0.02
0.0053
-0.02
-0.032
-0.033
-0.035
-0.023
-0.0061
-0.0015
0.00017
0.0054
0.0065
0.0079
0.013
0.02
0.028
0.026
0.0069
-0.0025
0.0064
0.009
0.017
0.037
0.064
0.084
0.082
0.064
0.048
0.031
0.019
0.015
0.012
0.019
0.032
0.031
0.014
-0.0014
1.5e-005
0.014
0.027
0.037
0.051
0.076
0.097
0.1
0.092
0.086
0.082
0.071
0.054
0.053
0.069
0.076
0.064
0.051
0.052
0.074
0.096
0.099
0.093
0.081
0.08
0.086
0.092
0.094
0.095
0.09
0.078
0.069
0.06
0.05
0.053
0.069
0.078
0.076
0.082
0.092
0.096
0.092
0.078
0.057
0.046
0.055
0.073
0.085
0.093
0.088
0.073
0.083
0.099
0.11
0.12
0.15
0.17
0.18
0.18
0.16
0.13
0.096
0.083
0.082
0.085
0.09
0.099
0.11
0.12
0.12
0.098
0.076
0.067
0.079
0.1
0.13
0.15
0.14
0.1
0.062
0.04
0.052
0.078
0.087
0.072
0.044
0.0047
-0.035
-0.055
-0.061
-0.064
-0.059
-0.035
-0.0044
0.014
0.026
0.033
0.029
0.012
-0.015
-0.04
-0.056
-0.046
-0.027
-0.016
-0.021
-0.039
-0.067
-0.1
-0.12
-0.1
-0.065
-0.031
-0.0055
0.0016
-0.014
-0.034
-0.038
-0.033
-0.015
-0.003
-0.0055
-0.022
-0.034
-0.042
-0.056
-0.076
-0.086
-0.087
-0.089
-0.096
-0.085
-0.055
-0.029
-0.00087
0.012
-0.0035
-0.03
-0.038
-0.034
-0.026
-0.016
-0.015
-0.025
-0.036
-0.022
-0.0065
-0.019
-0.046
-0.087
-0.12
-0.096
-0.044
0.0085
0.055
0.084
0.088
0.077
0.066
0.061
0.05
0.039
0.016
-0.0022
0.00023
0.012
0.0046
-0.023
-0.051
-0.071
-0.053
-0.0096
0.023
0.055
0.074
0.064
0.047
0.035
0.028
0.014
0.00044
-0.0061
-0.025
-0.061
-0.081
-0.11
-0.16
-0.2
-0.19
-0.12
-0.063
0.0006
0.03
0.027
0.0026
-0.033
-0.042
-0.023
-0.013
-0.0019
0.037
0.073
0.073
0.06
0.034
-0.012
-0.043
-0.037
-0.025
-0.012
0.021
0.051
0.054
0.049
0.047
0.014
-0.035
-0.066
-0.053
0.0079
0.08
0.12
0.11
0.067
0.022
-0.018
-0.042
-0.057
-0.074
-0.083
-0.05
-0.0063
0.01
0.0079
-0.0074
-0.025
-0.051
-0.082
-0.096
-0.072
-0.033
-0.0031
0.015
0.018
0.0064
0.0013
0.023
0.051
0.055
0.034
0.014
0.00099
0.0002
0.009
0.019
0.034
0.045
0.032
0.026
0.033
0.04
0.035
0.02
7.6e-005
-0.013
-0.011
-0.0065
-0.0076
-0.0096
0.0039
0.025
0.041
0.053
0.056
0.047
0.015
-0.032
-0.062
-0.054
-0.019
0.025
0.05
0.037
0.00087
-0.033
-0.047
-0.047
-0.044
-0.027
0.014
0.053
0.056
0.022
-0.021
-0.045
-0.047
-0.034
-0.011
-0.0024
-0.018
-0.035
-0.044
-0.041
-0.028
-0.023
-0.029
-0.041
-0.044
-0.031
-0.0036
0.021
0.024
0.0076
-0.017
-0.036
-0.049
-0.066
-0.077
-0.073
-0.047
-0.021
-0.0088
-0.00063
0.014
0.028
0.045
0.063
0.076
0.08
0.08
0.07
0.046
0.026
0.024
0.036
0.043
0.045
0.029
-0.0077
-0.029
-0.025
-0.02
-0.015
0.0033
0.016
0.016
0.015
0.021
0.024
0.04
0.063
0.067
0.037
-1.5e-005
-0.02
-0.031
-0.028
-0.022
-0.029
-0.051
-0.075
-0.07
-0.033
0.0091
0.021
0.0084
-0.0079
-0.013
-0.0012
0.011
0.022
0.026
0.033
0.045
0.041
0.023
-0.0027
-0.021
-0.019
0.0013
0.027
0.052
0.071
0.083
0.085
0.061
0.02
-0.016
-0.041
-0.041
-0.03
-0.023
-0.013
0.0061
0.012
0.0041
-0.0013
0.001
0.011
0.03
0.052
0.055
0.035
0.0024
-0.016
-0.016
-0.0082
-0.0043
0.0032
0.011
0.0099
-0.0069
-0.025
-0.039
-0.035
-0.02
-0.0058
0.0048
0.017
0.026
0.019
-0.0028
-0.016
-0.0079
0.0064
0.015
0.015
0.0099
0.014
0.023
0.018
0.013
0.015
0.019
0.014
0.0016
-0.0077
-0.0057
-0.0096
-0.011
-0.0055
-0.0065
-0.0018
0.0054
-0.009
-0.032
-0.03
0.0014
0.044
0.066
0.056
0.026
-0.00078
-0.004
-0.0083
-0.028
-0.041
-0.033
-0.029
-0.018
-0.011
-0.018
-0.014
0.0012
0.019
0.041
0.053
0.052
0.042
0.029
0.014
0.0033
-0.0031
-0.004
-0.0048
-0.0051
-0.014
-0.038
-0.056
-0.065
-0.08
-0.096
-0.1
-0.1
-0.08
-0.056
-0.044
-0.037
-0.04
-0.047
-0.049
-0.06
-0.08
-0.092
-0.082
-0.068
-0.057
-0.059
-0.074
-0.083
-0.093
-0.11
-0.11
-0.094
-0.075
-0.068
-0.076
-0.086
-0.09
-0.089
-0.087
-0.084
-0.093
-0.11
-0.11
-0.089
-0.062
-0.047
-0.046
-0.067
-0.1
-0.12
-0.1
-0.071
-0.049
-0.046
-0.048
-0.039
-0.027
-0.022
-0.027
-0.032
-0.029
-0.026
-0.033
-0.032
-0.03
-0.028
-0.021
-0.015
-0.0077
0.0057
0.012
-0.0012
-0.024
-0.039
-0.029
0.011
0.036
0.025
0.0051
0.00047
0.0039
0.0035
0.011
0.012
0.012
0.022
0.048
0.071
0.07
0.05
0.035
0.048
0.07
0.073
0.061
0.044
0.043
0.051
0.052
0.041
0.033
0.028
0.032
0.049
0.059
0.071
0.087
0.11
0.12
0.13
0.12
0.11
0.083
0.069
0.053
0.034
0.03
0.029
0.015
0.0014
-0.0065
-0.0018
0.0075
0.012
0.028
0.059
0.063
0.035
0.003
-0.016
-0.0093
0.003
0.0054
0.0016
0.0084
0.028
0.058
0.069
0.056
0.038
0.018
0.012
0.01
-0.0035
-0.023
-0.018
0.015
0.045
0.056
0.054
0.048
0.039
0.029
0.014
-0.0076
-0.016
-0.013
-0.013
-0.016
-0.0097
0.0036
0.0076
-0.02
-0.052
-0.06
-0.049
-0.033
-0.025
-0.018
-0.0018
0.014
0.017
0.017
0.0082
-0.017
-0.036
-0.031
-0.031
-0.035
-0.027
-0.017
-0.0033
0.015
0.028
0.024
0.025
0.034
0.029
0.002
-0.018
-0.021
-0.022
-0.012
0.0015
0.018
0.031
0.021
0.0095
0.016
0.029
0.03
0.032
0.034
0.034
0.035
0.033
0.039
0.045
0.051
0.055
0.046
0.037
0.037
0.037
0.031
0.024
0.012
-0.0011
-0.011
-0.012
-0.0061
-0.014
-0.026
-0.037
-0.051
-0.06
-0.058
-0.041
-0.01
0.025
0.036
0.024
0.014
0.026
0.041
0.035
0.019
0.0021
-0.015
-0.025
-0.018
-0.009
-0.0077
-0.014
-0.019
-0.026
-0.03
-0.029
-0.028
-0.035
-0.041
-0.038
-0.023
0.0039
0.027
0.024
-0.003
-0.038
-0.051
-0.045
-0.034
-0.022
-0.00044
0.025
0.042
0.04
0.022
0.0076
0.005
0.011
0.018
0.02
0.024
0.041
0.05
0.046
0.043
0.038
0.038
0.049
0.045
0.023
0.014
0.017
0.03
0.038
0.036
0.037
0.04
0.047
0.042
0.023
0.011
0.015
0.017
0.021
0.023
0.014
0.0068
0.0024
0.00038
0.012
0.026
0.024
0.01
0.00044
-0.0057
-0.0054
-0.008
-0.0023
0.012
0.029
0.043
0.044
0.046
0.052
0.047
0.022
0.0025
0.0032
0.016
0.031
0.04
0.044
0.04
0.03
0.034
0.033
0.013
-0.0018
0.00072
-0.0012
-0.0016
0.0006
-0.0024
0.0047
0.0077
0.003
0.0023
0.0063
0.01
0.009
-0.0054
-0.016
-0.018
-0.02
-0.011
0.0076
0.014
0.0017
-0.02
-0.027
-0.021
-0.012
0.0018
0.011
0.0012
-0.0028
0.012
0.028
0.036
0.044
0.048
0.045
0.028
0.01
0.00069
-0.0061
-0.011
-0.015
-0.01
0.0026
0.0066
0.012
0.033
0.03
0.011
0.011
0.019
0.015
0.0052
-0.01
-0.027
-0.025
-0.017
-0.019
-0.036
-0.055
-0.061
-0.054
-0.015
0.016
0.02
0.011
0.00084
-0.0076
-0.021
-0.044
-0.067
-0.059
-0.045
-0.045
-0.041
-0.036
-0.025
-0.01
0.006
0.009
0.0025
-0.015
-0.045
-0.073
-0.083
-0.058
-0.03
-0.031
-0.043
-0.036
-0.016
-0.0024
-0.014
-0.033
-0.054
-0.072
-0.077
-0.075
-0.064
-0.029
0.005
0.0075
-0.015
-0.048
-0.073
-0.078
-0.079
-0.085
-0.084
-0.08
-0.064
-0.057
-0.057
-0.038
-0.0053
0.01
0.011
0.0061
-0.0032
0.0019
0.01
0.009
-0.0013
-0.0083
-0.0028
0.00072
-0.0065
-0.008
0.0013
0.0083
0.019
0.018
-0.0018
-0.017
-0.013
0.0078
0.026
0.028
0.027
0.028
0.025
0.02
0.0091
0.0046
0.014
0.029
0.04
0.05
0.055
0.054
0.057
0.056
0.052
0.034
0.015
0.024
0.052
0.063
0.053
0.044
0.035
0.04
0.056
0.059
0.048
0.05
0.077
0.097
0.088
0.066
0.047
0.043
0.056
0.054
0.042
0.04
0.046
0.056
0.065
0.069
0.053
0.026
0.0046
0.0064
0.024
0.033
0.039
0.042
0.06
0.082
0.076
0.046
0.015
-0.0038
-0.01
-0.0058
0.0011
0.0066
0.005
0.0035
0.0058
-0.0009
-0.0089
-0.0018
0.01
0.023
0.034
0.041
0.04
0.023
-0.0079
-0.025
-0.017
-0.002
0.011
0.022
0.032
0.034
0.022
0.011
0.0067
0.0032
0.0046
0.01
0.0077
0.0042
0.01
0.022
0.023
-4.6e-005
-0.02
-0.02
-0.017
-0.021
-0.019
-0.0085
0.0065
0.021
0.031
0.032
0.023
0.017
0.027
0.042
0.058
0.061
0.037
0.015
0.0033
-0.014
-0.0098
0.023
0.044
0.044
0.038
0.027
0.02
0.013
0.0048
0.0027
0.0053
0.011
0.023
0.029
0.037
0.036
0.014
-0.00044
-0.0012
-0.0005
0.0045
0.01
0.007
0.009
0.013
0.0099
-0.00038
-0.015
-0.018
-0.012
-0.0038
0.007
0.012
0.013
0.012
0.01
0.0071
0.0028
-0.011
-0.019
-0.016
-0.013
-0.011
0.0015
0.015
0.0072
-0.012
-0.019
-0.0024
0.015
0.028
0.039
0.04
0.036
0.036
0.036
0.044
0.048
0.028
0.008
0.013
0.031
0.051
0.063
0.07
0.076
0.066
0.049
0.046
0.055
0.068
0.08
0.078
0.055
0.028
0.018
0.021
0.025
0.023
0.026
0.042
0.058
0.067
0.072
0.075
0.076
0.069
0.064
0.049
0.014
-0.009
-1.5e-005
0.024
0.056
0.098
0.12
0.11
0.067
0.033
0.0078
-0.007
-0.0078
-0.0079
-0.0036
0.018
0.04
0.052
0.059
0.06
0.054
0.041
0.022
-0.00069
-0.011
-0.0038
0.012
0.028
0.031
0.013
-0.0043
0.009
0.038
0.048
0.03
0.018
0.018
0.016
0.0079
0.00035
0.012
0.029
0.046
0.066
0.071
0.061
0.055
0.046
0.016
-0.0086
-0.0027
0.017
0.025
0.034
0.058
0.08
0.083
0.079
0.071
0.052
0.028
0.017
0.029
0.048
0.059
0.064
0.05
0.018
-0.007
-0.013
-0.012
-0.0094
-0.011
-0.0053
0.023
0.046
0.039
0.011
-0.011
-0.0098
-0.00093
0.0029
-0.0027
-0.021
-0.038
-0.038
-0.028
-0.02
-0.015
-0.016
-0.027
-0.043
-0.059
-0.057
-0.039
-0.029
-0.036
-0.055
-0.067
-0.058
-0.037
-0.016
-0.013
-0.023
-0.03
-0.032
-0.029
-0.021
-0.012
-0.0026
0.013
0.016
0.004
-0.009
-0.017
-0.021
-0.023
-0.028
-0.03
-0.023
-0.011
0.0005
-0.004
-0.019
-0.018
0.0022
0.014
0.018
0.016
0.019
0.042
0.07
0.08
0.067
0.057
0.066
0.077
0.078
0.078
0.078
0.072
0.073
0.068
0.056
0.042
0.028
0.024
0.032
0.04
0.039
0.032
0.016
-0.00096
-0.024
-0.043
-0.032
-0.008
0.017
0.027
0.017
-0.0037
-0.015
-0.017
-0.0086
0.01
0.023
0.023
0.017
0.018
0.022
0.013
0.0014
-0.0034
-0.0051
-0.0019
0.0063
0.01
0.011
0.011
0.0037
0.0013
0.0046
0.0096
0.013
0.0087
-0.0022
-0.0079
-0.0074
0.0023
0.012
0.0079
-0.0067
-0.02
-0.029
-0.027
-0.03
-0.035
-0.04
-0.057
-0.076
-0.088
-0.091
-0.085
-0.074
-0.067
-0.062
-0.057
-0.04
-0.018
-0.0073
-0.01
-0.022
-0.03
-0.019
-0.0018
0.0069
0.018
0.017
-0.0067
-0.015
0.0058
0.016
0.0093
0.0058
0.006
-0.0072
-0.03
-0.034
-0.0076
0.022
0.033
0.029
0.02
0.015
0.0034
-0.0016
0.013
0.036
0.051
0.053
0.04
0.025
0.027
0.03
0.027
0.015
-0.0036
-0.0015
0.014
0.023
0.02
0.0082
-0.0011
-0.012
-0.028
-0.041
-0.044
-0.05
-0.042
-0.017
0.011
0.03
0.041
0.043
0.041
0.041
0.03
0.0065
-0.016
-0.0068
0.028
0.047
0.056
0.061
0.054
0.045
0.032
0.0085
0.0054
0.026
0.03
0.013
-0.0025
0.0084
0.042
0.069
0.08
0.08
0.061
0.025
-0.0018
-0.0037
0.0066
0.014
0.017
0.023
0.03
0.025
0.023
0.027
0.025
0.0085
-0.018
-0.036
-0.043
-0.052
-0.051
-0.042
-0.029
-0.01
0.0024
-0.0041
-0.03
-0.058
-0.069
-0.061
-0.049
-0.038
-0.031
-0.032
-0.035
-0.047
-0.053
-0.032
-0.014
-0.02
-0.034
-0.046
-0.06
-0.066
-0.051
-0.017
0.0087
-0.0035
-0.037
-0.074
-0.094
-0.098
-0.094
-0.083
-0.082
-0.092
-0.098
-0.085
-0.073
-0.069
-0.072
-0.072
-0.063
-0.052
-0.048
-0.05
-0.049
-0.035
-0.02
-0.019
-0.036
-0.057
-0.07
-0.067
-0.064
-0.066
-0.054
-0.034
-0.021
-0.013
-0.0025
0.0022
-0.003
-0.0094
-0.0069
-0.00063
0.0081
0.019
0.018
0.0043
-0.0005
-0.0024
-0.0092
-0.019
-0.042
-0.063
-0.06
-0.058
-0.067
-0.081
-0.09
-0.092
-0.095
-0.1
-0.09
-0.058
-0.028
-0.039
-0.093
-0.11
-0.075
-0.031
-0.012
-0.0005
0.0014
-0.0081
-0.0091
-0.0094
-0.021
-0.032
-0.026
-0.0061
0.0056
-0.0014
-0.026
-0.054
-0.07
-0.074
-0.068
-0.058
-0.052
-0.05
-0.048
-0.049
-0.043
-0.034
-0.037
-0.046
-0.053
-0.057
-0.047
-0.035
-0.029
-0.033
-0.042
-0.057
-0.073
-0.07
-0.045
-0.013
-0.0045
-0.021
-0.042
-0.059
-0.074
-0.087
-0.08
-0.056
-0.044
-0.044
-0.034
-0.029
-0.027
-0.017
-0.0044
0.0071
0.0055
-0.0023
-0.01
-0.0098
-0.0044
-0.0061
-0.012
-0.018
-0.02
-0.025
-0.026
-0.02
-0.0097
0.0055
0.015
-0.0025
-0.035
-0.037
-0.007
0.024
0.043
0.058
0.069
0.075
0.078
0.067
0.045
0.033
0.038
0.043
0.041
0.035
0.032
0.049
0.076
0.089
0.091
0.085
0.075
0.07
0.07
0.072
0.075
0.078
0.086
0.085
0.075
0.068
0.055
0.031
-0.00063
0.0037
0.078
0.16
0.17
0.082
-0.012
-0.051
-0.035
0.016
0.061
0.069
0.064
0.083
0.096
0.076
0.048
0.033
0.025
0.037
0.041
0.034
0.037
0.043
0.041
0.047
0.063
0.061
0.039
0.017
0.014
0.017
0.0044
-0.022
-0.038
-0.03
-0.018
-0.011
-0.0085
-0.0053
-0.013
-0.0094
0.014
0.025
0.012
0.0032
-0.0079
-0.019
-0.014
-0.021
-0.025
-0.019
0.00041
0.035
0.058
0.046
0.021
0.012
-0.0083
-0.042
-0.073
-0.063
-0.016
0.013
0.014
0.006
0.0062
-0.0027
-0.039
-0.076
-0.084
-0.067
-0.039
-0.028
-0.037
-0.04
-0.019
0.0078
0.021
0.024
0.016
0.01
0.0091
0.0057
0.021
0.044
0.045
0.038
0.025
0.013
0.014
0.025
0.039
0.043
0.023
-0.00029
-0.01
-0.0083
0.011
0.035
0.04
0.03
0.017
0.0028
0.0047
0.019
0.025
0.014
0.0031
0.014
0.029
0.023
0.011
0.018
0.045
0.07
0.086
0.095
0.094
0.078
0.066
0.045
0.029
0.049
0.081
0.095
0.081
0.041
0.0081
0.018
0.045
0.054
0.044
0.041
0.046
0.077
0.11
0.13
0.11
0.097
0.1
0.1
0.087
0.069
0.069
0.087
0.08
0.055
0.043
0.063
0.091
0.1
0.089
0.072
0.068
0.056
0.047
0.061
0.078
0.088
0.088
0.087
0.081
0.071
0.069
0.08
0.078
0.07
0.077
0.092
0.095
0.091
0.084
0.078
0.07
0.066
0.063
0.049
0.047
0.068
0.073
0.068
0.071
0.059
0.046
0.034
0.026
0.036
0.054
0.068
0.072
0.067
0.065
0.077
0.088
0.087
0.078
0.058
0.037
0.042
0.056
0.07
0.067
0.047
0.039
0.033
0.023
0.03
0.048
0.046
0.019
-0.0047
-0.017
-0.022
-0.018
0.0024
0.026
0.041
0.038
0.02
0.0011
-0.0028
0.0025
0.0092
0.01
-0.0029
0.0052
0.043
0.07
0.071
0.057
0.032
0.01
-0.01
-0.024
-0.03
-0.035
-0.031
-0.018
-0.0098
-0.01
-0.0036
0.017
0.049
0.071
0.07
0.052
0.04
0.051
0.058
0.044
0.015
-0.0037
-0.0067
-0.0082
-0.011
-0.015
-0.0018
0.014
0.019
0.032
0.055
0.068
0.067
0.061
0.035
0.0058
-0.011
-0.01
-0.01
-0.02
-0.014
0.0038
0.016
0.019
0.02
0.025
0.052
0.086
0.11
0.11
0.11
0.099
0.064
0.02
0.0058
0.012
0.012
0.023
0.062
0.1
0.12
0.12
0.12
0.11
0.12
0.13
0.13
0.11
0.075
0.043
0.023
0.031
0.056
0.075
0.078
0.071
0.065
0.071
0.09
0.11
0.1
0.087
0.073
0.059
0.037
0.012
0.0012
0.024
0.054
0.054
0.033
-0.0012
-0.025
-0.023
-0.0022
0.023
0.04
0.043
0.048
0.059
0.075
0.088
0.08
0.054
0.03
0.03
0.038
0.037
0.027
0.016
0.026
0.025
-0.0022
-0.02
-0.0049
0.017
0.045
0.075
0.093
0.089
0.062
0.035
0.0062
0.0013
0.027
0.058
0.065
0.065
0.06
0.051
0.027
-0.011
-0.022
-0.0011
0.02
0.036
0.043
0.037
0.024
0.0023
-0.0028
0.0095
0.029
0.054
0.063
0.065
0.062
0.044
0.019
-0.0075
-0.019
-0.012
0.0087
0.025
0.028
0.033
0.036
0.025
0.0083
-0.02
-0.052
-0.06
-0.029
0.0061
0.024
0.018
4.6e-005
-0.0097
-0.0084
0.016
0.025
0.014
0.019
0.036
0.039
0.022
0.0014
-0.01
-0.017
-0.021
-0.014
-0.0095
-0.0098
-0.011
-0.0039
0.012
0.019
0.013
0.0022
0.0072
0.015
0.022
0.024
0.029
0.032
0.026
0.011
-0.022
-0.048
-0.043
-0.015
0.011
0.019
0.0033
-0.039
-0.058
-0.03
-0.012
-0.019
-0.027
-0.034
-0.032
-0.02
-0.013
-0.015
-0.021
-0.019
0.0028
0.012
0.013
0.0032
-0.014
-0.016
-0.018
-0.024
-0.023
-0.011
0.015
0.037
0.037
0.026
0.0084
-0.022
-0.041
-0.035
-0.019
-0.022
-0.037
-0.053
-0.058
-0.047
-0.038
-0.028
-0.024
-0.028
-0.038
-0.059
-0.085
-0.1
-0.099
-0.096
-0.1
-0.094
-0.062
-0.035
-0.013
0.0024
0.0083
-0.0036
-0.03
-0.063
-0.089
-0.093
-0.088
-0.073
-0.045
-0.026
-0.025
-0.036
-0.046
-0.035
-0.029
-0.03
-0.014
-0.0054
-0.013
-0.027
-0.046
-0.055
-0.059
-0.054
-0.048
-0.056
-0.067
-0.072
-0.067
-0.069
-0.086
-0.11
-0.11
-0.079
-0.039
0.0012
0.025
0.03
0.03
0.026
0.0053
-0.026
-0.054
-0.078
-0.1
-0.11
-0.097
-0.077
-0.069
-0.051
-0.028
-0.0085
0.012
0.014
-0.0012
-0.01
-0.009
0.0025
0.0057
-0.00044
-0.0036
-0.01
-0.027
-0.043
-0.043
-0.042
-0.051
-0.04
-0.0042
0.027
0.044
0.041
0.03
0.018
0.02
0.017
-0.0061
-0.025
-0.033
-0.03
-0.016
0.0051
0.013
-0.0047
-0.022
-1.5e-005
0.051
0.091
0.1
0.081
0.048
0.025
0.0023
-0.023
-0.033
-0.0011
0.047
0.067
0.051
0.016
-0.012
-0.012
0.002
0.0014
-0.026
-0.05
-0.04
-0.012
0.0079
0.0019
-0.01
-0.006
-0.016
-0.052
-0.085
-0.081
-0.048
-0.022
-0.014
-0.0086
-0.011
-0.014
-0.0073
-0.0031
-0.0027
-0.014
-0.042
-0.074
-0.096
-0.12
-0.13
-0.12
-0.11
-0.1
-0.11
-0.11
-0.095
-0.076
-0.068
-0.077
-0.1
-0.12
-0.11
-0.099
-0.1
-0.12
-0.14
-0.16
-0.17
-0.17
-0.17
-0.16
-0.17
-0.19
-0.2
-0.19
-0.17
-0.17
-0.17
-0.19
-0.21
-0.23
-0.25
-0.27
-0.28
-0.26
-0.24
-0.23
-0.24
-0.26
-0.28
-0.28
-0.26
-0.23
-0.22
-0.2
-0.21
-0.22
-0.23
-0.24
-0.24
-0.23
-0.22
-0.21
-0.21
-0.19
-0.16
-0.14
-0.14
-0.16
-0.18
-0.19
-0.19
-0.16
-0.14
-0.12
-0.12
-0.14
-0.15
-0.16
-0.14
-0.11
-0.1
-0.097
-0.089
-0.067
-0.033
-0.019
-0.04
-0.07
-0.11
-0.15
-0.13
-0.07
-0.015
0.0046
-0.032
-0.077
-0.095
-0.087
-0.068
-0.063
-0.065
-0.049
-0.045
-0.054
-0.064
-0.079
-0.08
-0.068
-0.065
-0.074
-0.098
-0.12
-0.1
-0.066
-0.04
-0.045
-0.09
-0.13
-0.16
-0.18
-0.19
-0.16
-0.11
-0.046
0.017
0.032
0.089
0.34
0.58
0.67
0.65
0.56
0.48
0.42
0.39
0.35
0.28
0.19
0.086
0.019
0.013
0.04
0.061
0.046
0.011
-0.0027
0.021
0.054
0.079
0.065
0.031
0.0098
0.0071
0.016
0.024
0.022
0.0086
-0.012
-0.036
-0.046
-0.037
-0.026
-0.025
-0.029
-0.021
-0.0029
0.016
0.035
0.049
0.06
0.072
0.078
0.081
0.099
0.13
0.15
0.16
0.17
0.18
0.19
0.19
0.19
0.19
0.19
0.2
0.2
0.18
0.16
0.14
0.13
0.13
0.14
0.12
0.11
0.1
0.08
0.052
0.037
0.053
0.08
0.1
0.12
0.12
0.11
0.088
0.072
0.063
0.073
0.098
0.13
0.16
0.17
0.15
0.14
0.14
0.15
0.13
0.11
0.1
0.12
0.16
0.18
0.18
0.14
0.1
0.092
0.099
0.12
0.14
0.16
0.16
0.15
0.13
0.11
0.1
0.089
0.077
0.088
0.11
0.12
0.087
0.063
0.059
0.061
0.062
0.057
0.043
0.03
0.033
0.054
0.079
0.091
0.082
0.069
0.073
0.091
0.12
0.14
0.16
0.16
0.15
0.14
0.11
0.094
0.081
0.072
0.078
0.11
0.14
0.14
0.11
0.045
-0.0038
-0.018
-0.0092
0.0016
0.0045
0.0058
0.0062
-0.0029
-0.014
-0.015
-0.016
-0.019
-0.021
-0.028
-0.036
-0.024
-0.0028
0.0041
-0.0072
-0.03
-0.049
-0.057
-0.053
-0.044
-0.033
-0.016
-0.012
-0.028
-0.05
-0.065
-0.062
-0.044
-0.026
-0.019
-0.024
-0.041
-0.053
-0.058
-0.046
-0.028
-0.027
-0.033
-0.033
-0.025
-0.013
-0.0035
0.003
0.0059
0.0035
0.0064
0.012
0.007
-0.002
-0.013
-0.021
-0.019
-0.004
0.011
0.018
0.013
0.0024
-0.0086
-0.02
-0.021
-0.012
-0.0012
-0.0042
-0.027
-0.056
-0.063
-0.048
-0.025
-0.012
-0.026
-0.056
-0.076
-0.076
-0.062
-0.05
-0.044
-0.039
-0.031
-0.028
-0.032
-0.041
-0.038
-0.03
-0.024
-0.025
-0.028
-0.036
-0.044
-0.051
-0.056
-0.048
-0.034
-0.027
-0.029
-0.03
-0.024
-0.021
-0.022
-0.032
-0.044
-0.043
-0.029
-0.0048
0.021
0.038
0.035
0.0095
-0.019
-0.031
-0.027
-0.016
-0.0027
0.0047
0.0014
-0.012
-0.031
-0.043
-0.05
-0.05
-0.04
-0.039
-0.044
-0.044
-0.038
-0.025
-0.014
-0.013
-0.0094
-0.013
-0.021
-0.023
-0.012
-0.0005
0.006
0.0033
-0.0086
-0.022
-0.029
-0.026
-0.014
0.0032
0.014
0.017
0.021
0.024
0.029
0.035
0.039
0.039
0.041
0.054
0.064
0.057
0.038
0.027
0.031
0.043
0.052
0.051
0.047
0.045
0.03
0.013
0.012
0.01
0.0014
0.005
0.015
0.014
-0.0034
-0.024
-0.042
-0.055
-0.06
-0.069
-0.074
-0.067
-0.054
-0.044
-0.043
-0.049
-0.069
-0.082
-0.085
-0.086
-0.089
-0.087
-0.084
-0.084
-0.083
-0.098
-0.1
-0.075
-0.021
0.0076
-0.012
-0.035
-0.035
-0.0011
0.039
0.062
0.074
0.091
0.12
0.15
0.16
0.15
0.13
0.12
0.11
0.08
0.052
0.033
0.015
-0.02
-0.061
-0.089
-0.098
-0.098
-0.094
-0.088
-0.086
-0.094
-0.11
-0.13
-0.12
-0.085
-0.054
-0.047
-0.054
-0.053
-0.044
-0.026
0.0049
0.031
0.044
0.056
0.076
0.11
0.15
0.19
0.21
0.22
0.23
0.22
0.2
0.17
0.14
0.12
0.12
0.12
0.1
0.076
0.04
-0.0051
-0.04
-0.05
-0.031
-0.0077
0.011
0.015
-0.011
-0.064
-0.12
-0.16
-0.19
-0.19
-0.19
-0.2
-0.2
-0.18
-0.15
-0.14
-0.15
-0.17
-0.21
-0.22
-0.22
-0.22
-0.23
-0.24
-0.26
-0.29
-0.33
-0.36
-0.37
-0.36
-0.34
-0.32
-0.3
-0.29
-0.29
-0.29
-0.32
-0.34
-0.33
-0.3
-0.26
-0.22
-0.19
-0.19
-0.21
-0.24
-0.27
-0.28
-0.26
-0.23
-0.2
-0.17
-0.16
-0.16
-0.18
-0.21
-0.23
-0.22
-0.21
-0.18
-0.17
-0.15
-0.11
-0.061
-0.02
-0.016
-0.027
-0.02
0.0023
0.036
0.09
0.14
0.16
0.12
0.066
0.013
-0.012
0.0029
0.04
0.094
0.12
0.09
0.052
0.026
0.022
0.031
0.035
0.025
0.0087
0.025
0.038
0.0012
-0.048
-0.074
-0.079
-0.062
-0.035
-0.00084
0.011
-0.004
-0.042
-0.094
-0.11
-0.085
-0.031
0.0081
0.0088
0.0048
0.025
0.058
0.089
0.087
0.058
0.024
0.0051
0.021
0.05
0.063
0.063
0.034
-0.026
-0.064
-0.042
0.011
0.038
0.035
0.029
0.025
0.022
0.035
0.066
0.1
0.13
0.13
0.11
0.087
0.075
0.093
0.13
0.15
0.14
0.11
0.088
0.074
0.099
0.15
0.18
0.18
0.11
0.028
-0.016
-0.001
0.046
0.07
0.056
0.019
-0.025
-0.048
-0.053
-0.055
-0.057
-0.061
-0.065
-0.056
-0.038
-0.019
-0.0081
-0.018
-0.046
-0.079
-0.1
-0.1
-0.083
-0.04
-0.00066
0.026
0.034
0.015
-0.013
-0.034
-0.039
-0.018
0.017
0.036
0.034
0.014
-0.013
-0.041
-0.063
-0.076
-0.085
-0.098
-0.1
-0.099
-0.097
-0.091
-0.095
-0.11
-0.11
-0.11
-0.094
-0.057
-0.013
0.0051
-0.018
-0.064
-0.12
-0.14
-0.12
-0.057
-0.0051
0.016
0.011
-0.015
-0.035
-0.04
-0.04
-0.025
-0.01
-0.009
-0.004
0.021
0.047
0.045
0.034
0.012
-0.0054
0.0048
0.026
0.073
0.12
0.15
0.15
0.15
0.15
0.15
0.16
0.16
0.15
0.13
0.12
0.13
0.14
0.16
0.18
0.18
0.15
0.12
0.1
0.1
0.13
0.16
0.17
0.17
0.16
0.16
0.17
0.21
0.24
0.25
0.23
0.22
0.2
0.2
0.2
0.2
0.19
0.19
0.18
0.16
0.16
0.17
0.19
0.19
0.17
0.13
0.12
0.13
0.15
0.18
0.21
0.24
0.24
0.23
0.22
0.2
0.2
0.21
0.23
0.26
0.27
0.27
0.26
0.24
0.22
0.21
0.21
0.22
0.25
0.26
0.27
0.27
0.24
0.21
0.17
0.14
0.14
0.17
0.21
0.24
0.25
0.24
0.21
0.2
0.2
0.22
0.26
0.28
0.28
0.27
0.28
0.3
0.32
0.34
0.35
0.34
0.34
0.35
0.36
0.35
0.33
0.29
0.25
0.21
0.2
0.19
0.2
0.21
0.21
0.2
0.18
0.17
0.18
0.21
0.25
0.28
0.3
0.28
0.27
0.26
0.26
0.27
0.26
0.25
0.24
0.24
0.24
0.24
0.24
0.23
0.24
0.24
0.22
0.19
0.16
0.13
0.11
0.11
0.11
0.1
0.1
0.096
0.085
0.07
0.046
0.025
0.023
0.035
0.048
0.059
0.057
0.037
0.008
-0.02
-0.034
-0.044
-0.052
-0.068
-0.092
-0.13
-0.16
-0.17
-0.14
-0.073
0.0094
0.1
0.21
0.27
0.25
0.19
0.098
0.014
-0.048
-0.081
-0.079
-0.063
-0.025
0.022
0.063
0.092
0.1
0.11
0.12
0.13
0.14
0.15
0.14
0.12
0.089
0.06
0.037
0.018
-0.01
-0.049
-0.077
-0.077
-0.044
-0.0069
-0.0018
-0.029
-0.065
-0.088
-0.099
-0.088
-0.071
-0.059
-0.054
-0.058
-0.07
-0.08
-0.069
-0.051
-0.028
-0.013
-0.011
-0.011
0.0031
0.027
0.05
0.065
0.066
0.057
0.051
0.049
0.06
0.083
0.11
0.11
0.099
0.082
0.075
0.081
0.096
0.11
0.12
0.11
0.099
0.084
0.072
0.075
0.096
0.13
0.15
0.13
0.11
0.1
0.11
0.14
0.15
0.15
0.16
0.19
0.21
0.22
0.21
0.18
0.14
0.099
0.052
0.019
0.0064
0.0063
-0.0017
-0.019
-0.039
-0.063
-0.087
-0.12
-0.14
-0.13
-0.094
-0.042
0.025
0.071
0.077
0.078
0.084
0.073
0.052
0.022
-0.031
-0.11
-0.18
-0.21
-0.23
-0.25
-0.28
-0.32
-0.35
-0.34
-0.34
-0.34
-0.34
-0.33
-0.32
-0.29
-0.27
-0.29
-0.31
-0.3
-0.25
-0.21
-0.18
-0.18
-0.18
-0.16
