0.015
0.02
0.0059
0.0016
0.016
0.024
0.01
-0.0026
-0.0017
0.0028
1.5e-005
-0.00041
0.0019
0.0066
0.014
0.0077
-0.0034
0.0002
0.006
-0.0049
-0.0093
0.0066
0.011
0.0015
0.0041
0.013
0.0087
0.011
0.017
0.0082
-4.6e-005
-0.0011
-0.0031
0.0037
0.014
0.018
-0.0037
-0.016
-0.0029
0.0079
0.005
0.011
0.0089
0.012
0.022
0.0065
-0.0087
0.007
0.034
0.028
0.0037
0.008
0.025
0.01
-0.011
0.0078
0.016
-0.0036
-0.0033
0.02
0.019
-0.0016
0.0055
0.02
0.0087
-0.0099
-0.0056
0.0069
0.0016
0.0052
0.013
-0.0065
-0.026
-0.014
-0.0012
-0.005
-0.0015
0.016
0.018
-0.0064
-0.022
-0.0018
0.016
0.015
0.0095
0.0056
0.016
0.022
0.015
0.0046
0.0051
0.0038
-0.0005
-0.012
-0.017
-0.0054
0.012
0.0034
-0.008
0.008
0.011
-0.016
-0.021
0.0089
0.0088
-0.0039
0.02
0.03
0.0093
-0.015
-0.012
0.00023
-0.0082
-0.0085
0.0039
0.01
0.0035
-0.0036
0.0024
0.013
0.0067
-0.0091
-0.0022
0.007
-0.0012
-0.0034
0.017
0.026
-0.0024
-0.03
-0.025
-0.0025
0.0059
0.0013
0.012
0.02
0.0066
-0.013
-0.005
0.0086
0.0053
0.0054
0.01
0.0092
0.0028
0.022
0.037
0.031
0.023
0.023
0.013
-0.0035
0.012
0.046
0.04
0.011
0.023
0.041
0.022
0.013
0.025
0.029
0.013
-0.00096
0.0023
0.011
0.017
0.017
0.012
0.01
0.017
0.021
0.027
0.037
0.027
0.0099
0.0062
0.013
0.0098
0.0057
0.017
0.037
0.028
-0.0031
-0.009
0.011
0.0064
-0.0099
-0.0028
0.021
0.017
0.0021
0.0041
0.0098
0.0022
-0.0058
-0.0022
0.0018
-0.002
-0.01
0.00047
0.013
0.0043
-0.0081
-0.01
-0.0084
-0.011
-0.016
-0.009
0.0079
0.02
0.0077
-0.013
-0.023
-0.027
-0.025
-0.015
-0.0019
0.0051
0.01
0.019
0.016
-0.0014
-0.0052
-0.0038
-0.013
0.00029
0.018
0.022
0.017
0.023
0.025
0.0036
-0.029
-0.042
-0.014
0.023
0.024
0.014
0.016
0.016
-0.0084
-0.015
0.0024
0.01
-0.0054
7.6e-005
0.03
0.051
0.043
0.014
0.0084
0.016
0.0059
-0.0091
-0.0056
0.02
0.041
0.032
0.0028
-0.0011
0.0027
-0.0049
-0.00063
0.017
0.025
0.015
0.0064
0.0063
0.01
0.0011
-0.018
-0.017
-0.003
0.011
0.012
-0.0038
-0.017
-0.0033
0.005
-0.017
-0.027
-0.014
-0.0024
0.0034
-0.0011
-0.0072
-0.0062
0.0044
0.016
0.0085
-0.0071
-0.0069
0.0036
-0.0018
0.0002
0.012
0.02
0.0089
-0.0047
0.0042
0.014
-0.0039
-0.017
-0.0026
0.0012
-0.017
-0.027
-0.015
-0.014
-0.024
-0.0099
0.0088
0.0044
-0.01
-0.0095
-0.0094
-0.025
-0.023
-0.0017
0.015
0.014
0.0054
0.0092
0.012
0.005
-0.0024
0.0043
0.00087
-0.0077
0.0025
0.017
0.016
-0.00096
-0.0081
-0.0009
-0.0044
-0.013
-0.018
-0.012
-0.0032
0.0048
-0.0067
-0.018
-0.0091
-0.0054
-0.0032
0.00084
0.0058
0.0065
0.018
0.026
0.027
0.025
0.024
0.025
0.021
0.016
0.015
0.0066
0.0038
0.013
0.015
-0.0018
-0.018
-0.024
-0.019
-0.0071
-0.0076
-0.013
-0.0029
0.004
-0.0049
-0.014
-0.0074
0.014
0.023
0.02
0.012
-0.0029
-0.0097
-0.019
-0.014
0.0023
0.0088
0.0088
0.0076
0.0049
-0.011
-0.021
0.0056
0.018
0.011
-0.0058
-0.006
0.011
0.016
0.0071
0.0011
-0.0039
-0.014
-0.015
-0.0045
0.012
0.022
0.024
0.011
-0.003
-0.0038
-0.00032
0.0033
0.013
0.022
0.022
0.024
0.034
0.043
0.028
0.0046
0.0052
0.0096
0.01
0.01
0.017
0.038
0.048
0.036
0.014
-0.0099
-0.028
-0.017
0.0081
0.0085
-0.0038
-0.0073
-0.0051
-0.012
-0.021
-0.017
-0.0054
0.0062
0.0096
-0.0073
-0.014
0.012
0.038
0.016
-0.011
-0.02
-0.015
-0.016
-0.012
-1.5e-005
0.015
0.038
0.033
0.0047
-0.0047
0.013
0.023
0.017
0.016
0.03
0.04
0.023
0.0022
-0.0069
-0.014
-0.013
-0.0026
-0.0022
-0.0098
-0.0091
0.01
0.027
0.0081
-0.019
-0.013
0.011
0.032
0.037
0.03
0.014
0.0057
0.014
0.0081
0.00017
0.0065
0.014
0.022
0.018
0.014
0.018
0.025
0.039
0.034
0.018
0.017
0.031
0.03
0.025
0.024
0.024
0.015
0.0027
0.0032
0.02
0.011
-0.014
-0.0097
0.0058
0.0084
0.0015
-0.00053
0.0041
0.0048
0.014
0.037
0.049
0.048
0.038
0.028
0.019
0.021
0.03
0.043
0.051
0.054
0.052
0.05
0.042
0.029
0.029
0.029
0.027
0.032
0.034
0.027
0.023
0.027
0.032
0.027
0.014
0.009
0.024
0.032
0.034
0.032
0.023
0.018
0.013
0.016
0.02
0.019
0.0029
0.0034
0.023
0.044
0.047
0.031
0.018
0.015
0.018
0.023
0.023
0.028
0.044
0.046
0.027
0.018
0.021
0.026
0.03
0.027
0.025
0.033
0.035
0.026
0.013
0.0089
0.018
0.027
0.02
0.015
0.017
0.0059
-0.0093
-0.013
-0.015
-0.019
-0.021
-0.016
-0.0079
-0.018
-0.043
-0.038
-0.021
-0.017
-0.033
-0.044
-0.03
-0.011
-0.022
-0.045
-0.052
-0.048
-0.041
-0.044
-0.044
-0.036
-0.03
-0.042
-0.053
-0.045
-0.039
-0.049
-0.056
-0.048
-0.047
-0.04
-0.017
-0.0013
-0.01
-0.034
-0.04
-0.03
-0.014
-0.0019
0.0049
0.01
0.0086
0.011
0.0052
-0.008
-0.02
-0.017
-0.011
-0.021
-0.026
-0.02
-0.0072
-0.0062
-0.017
-0.026
-0.025
0.0028
0.033
0.028
0.016
0.022
0.035
0.02
1.5e-005
-0.0071
0.0043
0.016
0.02
0.014
-0.0019
0.0047
0.023
0.025
0.01
0.0012
-0.01
-0.027
-0.02
0.0085
0.031
0.036
0.029
0.0014
-0.033
-0.035
-0.011
0.015
0.027
0.021
0.0073
-0.0022
-0.0098
-0.022
-0.012
0.017
0.038
0.032
0.0035
-0.021
-0.024
-0.0084
0.0024
-0.01
-0.035
-0.052
-0.037
-0.0092
0.0012
-0.011
-0.023
-0.02
-0.034
-0.054
-0.051
-0.015
0.0059
-0.0024
-0.029
-0.049
-0.048
-0.023
0.0053
0.017
0.0024
-0.015
-0.0039
0.019
0.025
0.015
0.0038
-0.00093
-0.0047
-0.0041
0.017
0.046
0.062
0.053
0.023
-0.01
-0.015
0.012
0.04
0.048
0.048
0.058
0.073
0.072
0.047
0.023
0.013
0.018
0.038
0.058
0.061
0.058
0.056
0.059
0.058
0.042
0.029
0.042
0.053
0.058
0.058
0.046
0.039
0.031
0.022
0.0074
0.00078
-0.0043
0.004
0.015
0.032
0.041
0.027
0.018
0.019
0.022
0.026
0.022
0.018
0.026
0.036
0.034
0.033
0.023
0.004
0.00035
0.0091
0.017
0.03
0.039
0.032
0.019
0.0043
0.0015
0.016
0.024
0.029
0.031
0.024
0.023
0.03
0.025
0.007
-0.0056
0.0029
0.021
0.02
-0.0028
-0.0075
0.0037
0.016
0.011
-0.0042
-0.00063
0.016
0.016
0.002
0.002
0.0052
0.0022
-0.00069
0.0042
0.0083
0.005
-0.011
-0.022
-0.018
-0.014
-0.021
-0.026
-0.024
-0.03
-0.035
-0.023
-0.01
-0.018
-0.03
-0.023
-0.018
-0.017
-0.017
-0.024
-0.024
-0.0074
0.013
0.0088
-0.012
-0.026
-0.018
-0.0013
-0.00047
-0.0094
-0.013
-0.0054
-0.0051
-0.012
-0.017
-0.03
-0.037
-0.021
-0.0083
-0.0064
-0.013
-0.0079
-0.0097
-0.015
-0.023
-0.027
-0.027
-0.029
-0.032
-0.035
-0.02
-0.0049
-0.012
-0.03
-0.032
-0.03
-0.037
-0.042
-0.039
-0.038
-0.031
-0.019
-0.018
-0.032
-0.038
-0.034
-0.029
-0.021
-0.022
-0.021
-0.01
-0.003
-0.01
-0.018
-0.01
0.0054
0.013
0.016
0.014
0.008
0.00056
-0.0045
-0.0042
0.0082
0.027
0.041
0.044
0.026
-0.0026
-0.0042
0.027
0.037
0.029
0.01
0.016
0.027
0.032
0.03
0.021
0.022
0.042
0.062
0.071
0.078
0.086
0.099
0.1
0.095
0.086
0.072
0.065
0.068
0.07
0.074
0.078
0.087
0.078
0.046
0.032
0.049
0.074
0.084
0.068
0.045
0.039
0.059
0.083
0.091
0.077
0.043
0.017
0.011
0.024
0.036
0.045
0.046
0.027
0.0089
0.00032
0.0025
0.025
0.046
0.045
0.026
0.0018
0.0018
0.0045
0.0027
0.0023
0.0037
-0.0076
-0.023
-0.042
-0.021
0.021
0.031
0.016
-0.011
-0.03
-0.049
-0.06
-0.047
-0.025
-0.0082
-0.011
-0.027
-0.045
-0.042
-0.022
-0.015
-0.021
-0.029
-0.026
-0.0026
0.028
0.029
-0.0012
-0.033
-0.046
-0.032
-0.016
-0.0074
-0.00032
0.014
0.016
-0.0075
-0.037
-0.037
-0.0094
0.014
0.015
0.016
0.017
0.025
0.024
0.0036
-0.0048
0.0018
-0.0079
-0.025
-0.021
-0.0073
0.0063
0.0073
0.0045
0.0071
0.012
0.0012
-0.0097
0.0012
0.018
0.014
0.015
0.033
0.027
0.013
0.024
0.043
0.044
0.031
0.027
0.026
0.027
0.039
0.052
0.051
0.045
0.045
0.05
0.057
0.05
0.041
0.037
0.021
0.0019
0.0034
0.015
0.019
0.017
0.006
-0.0077
-0.022
-0.026
-0.023
-0.019
-0.022
-0.019
-0.026
-0.033
-0.033
-0.032
-0.035
-0.043
-0.047
-0.051
-0.04
-0.02
-0.011
-0.021
-0.027
-0.018
-0.0075
0.0028
0.018
0.018
0.017
0.034
0.042
0.034
0.028
0.037
0.05
0.057
0.054
0.056
0.064
0.06
0.033
0.005
0.00041
0.014
0.024
0.023
0.007
-0.024
-0.058
-0.082
-0.1
-0.12
-0.14
-0.15
-0.16
-0.18
-0.19
-0.19
-0.17
-0.16
-0.16
-0.17
-0.16
-0.14
-0.12
-0.12
-0.13
-0.14
-0.12
-0.099
-0.08
-0.072
-0.066
-0.048
-0.032
-0.03
-0.04
-0.048
-0.038
-0.017
-0.0036
0.0058
0.02
0.038
0.053
0.053
0.045
0.048
0.062
0.081
0.093
0.097
0.11
0.12
0.12
0.12
0.11
0.097
0.094
0.094
0.09
0.082
0.086
0.088
0.075
0.057
0.038
0.019
0.017
0.019
0.00044
-0.021
-0.029
-0.016
-0.014
-0.029
-0.058
-0.083
-0.094
-0.091
-0.083
-0.065
-0.047
-0.05
-0.067
-0.081
-0.079
-0.058
-0.031
-0.0089
-0.00044
-0.0038
-0.0031
0.0037
0.016
0.031
0.049
0.061
0.06
0.052
0.032
0.027
0.047
0.068
0.076
0.077
0.076
0.072
0.067
0.08
0.099
0.11
0.1
0.071
0.034
0.0095
0.02
0.058
0.076
0.073
0.056
0.04
0.021
0.0042
0.0015
0.018
0.033
0.03
0.014
-0.015
-0.04
-0.048
-0.022
0.018
0.032
-0.00017
-0.054
-0.08
-0.077
-0.066
-0.04
-0.019
-0.035
-0.065
-0.06
-0.032
-0.014
-0.015
-0.028
-0.05
-0.068
-0.069
-0.053
-0.033
-0.019
-0.018
-0.031
-0.04
-0.034
-0.021
-0.017
-0.037
-0.053
-0.031
0.014
0.039
0.036
0.012
-0.0051
-0.014
-0.016
-0.011
0.0031
0.022
0.049
0.046
0.02
0.0034
0.0012
0.0034
0.0063
0.0044
-0.00078
0.0096
0.021
0.024
0.0069
-0.017
-0.025
-0.018
-0.02
-0.027
-0.03
-0.025
-0.012
-0.014
-0.019
-0.023
-0.036
-0.037
-0.021
-0.012
-0.0065
0.0034
0.0094
-0.00035
-0.013
-0.011
-0.0015
0.0099
0.018
0.033
0.041
0.04
0.047
0.052
0.05
0.046
0.038
0.043
0.055
0.054
0.048
0.045
0.038
0.027
0.0062
-0.0067
-0.012
-0.012
-0.017
-0.024
-0.025
-0.021
-0.018
-0.0096
-0.0041
-0.012
-0.016
-0.015
-0.01
-0.0035
-0.013
-0.024
-0.015
-0.0023
-0.0052
0.013
0.04
0.047
0.033
0.017
0.0095
0.011
0.025
0.035
0.035
0.033
0.041
0.057
0.059
0.052
0.035
0.019
0.011
0.00029
-0.01
-0.0023
0.015
0.027
0.04
0.04
0.024
0.012
0.0051
-0.0015
0.0006
0.016
0.035
0.033
0.026
0.024
0.016
0.011
0.016
0.0089
0.0083
0.025
0.031
0.027
0.019
0.0066
-0.0023
-0.0059
-0.0049
0.00099
-0.0009
0.00029
0.0005
-0.011
-0.0061
0.0064
0.0072
0.00041
-0.0072
-0.019
-0.01
0.0055
0.0086
0.0043
0.0086
0.02
0.021
-0.00081
-0.024
-0.03
-0.015
0.0031
0.0042
-0.0026
-0.001
0.00056
0.0014
0.00072
-0.0042
-0.0094
-0.0032
0.0011
0.0027
-0.00014
-0.011
-0.019
-0.026
-0.029
-0.041
-0.057
-0.061
-0.048
-0.028
-0.016
-0.026
-0.043
-0.039
-0.022
-0.02
-0.024
-0.025
-0.037
-0.051
-0.049
-0.046
-0.04
-0.046
-0.055
-0.053
-0.035
-0.011
0.0099
0.025
0.026
0.022
0.019
0.014
0.009
0.013
0.03
0.037
0.039
0.033
0.011
0.0016
0.02
0.024
0.0072
-0.009
-0.03
-0.044
-0.031
-0.014
0.0093
0.031
0.036
0.025
0.0076
-0.008
-0.011
-0.014
-0.014
-0.003
0.0097
0.027
0.026
0.0043
-0.016
-0.013
0.0015
0.0072
0.02
0.036
0.034
0.0097
-0.0023
0.021
0.048
0.062
0.067
0.06
0.052
0.062
0.072
0.074
0.057
0.031
0.024
0.02
0.011
0.011
0.017
0.026
0.025
0.01
-0.0051
-0.01
-0.0083
0.0033
0.021
0.029
0.029
0.033
0.037
0.033
0.0094
0.00063
0.016
0.037
0.043
0.046
0.058
0.063
0.052
0.043
0.046
0.058
0.078
0.09
0.08
0.071
0.061
0.045
0.039
0.026
-0.0078
-0.01
0.019
0.037
0.022
-0.00011
-0.016
-0.02
-0.0093
-0.0019
0.0086
0.024
0.037
0.046
0.048
0.044
0.038
0.035
0.031
0.013
0.0016
0.016
0.045
0.052
0.038
0.015
-0.0067
-0.0079
-0.0039
-0.0065
-0.0081
0.0022
0.014
0.005
-0.0099
-0.016
-0.017
-0.02
-0.013
-0.0053
0.011
0.039
0.049
0.036
0.023
0.034
0.044
0.035
0.021
0.01
0.0025
0.0073
0.021
0.0083
-0.0043
-0.0029
-0.0017
0.0019
0.0066
0.0012
0.0021
0.02
0.029
0.0055
-0.019
-0.013
0.0066
0.023
0.029
0.018
0.0076
-0.0033
-0.02
-0.027
-0.023
-0.015
-0.0023
0.0093
0.015
0.0055
0.00093
0.0042
0.013
0.016
0.0075
-0.0041
-0.019
-0.017
-0.0048
0.0051
0.0075
0.0074
0.007
0.0048
-0.0022
-0.0071
0.0005
0.0072
0.0051
0.006
0.005
0.0035
-0.0042
-0.0073
-0.0023
0.017
0.033
0.023
-0.0041
-0.025
-0.025
-0.014
-0.004
-0.0069
-0.012
-0.015
-0.012
-0.0074
-0.016
-0.035
-0.05
-0.044
-0.027
-0.026
-0.04
-0.041
-0.03
-0.016
-0.0093
-0.018
-0.031
-0.037
-0.037
-0.026
-0.014
-0.00093
0.0019
0.0075
0.014
0.013
0.0076
-0.0076
-0.014
0.0073
0.035
0.037
0.024
0.011
0.00035
-0.0026
-0.0013
0.0052
0.017
0.034
0.039
0.03
0.014
-0.0023
-0.0027
0.0083
0.026
0.045
0.064
0.061
0.045
0.036
0.029
0.033
0.04
0.04
0.041
0.046
0.048
0.043
0.028
0.0018
-0.019
-0.02
-0.0085
0.0012
-0.0029
-0.0094
-0.0078
-0.0076
-0.0058
-0.0042
-0.0021
-0.0032
0.004
0.0092
0.016
0.016
0.01
0.0097
0.014
0.016
0.015
0.014
0.013
0.022
0.041
0.041
0.024
0.012
0.0064
-0.01
-0.012
0.018
0.05
0.061
0.058
0.054
0.035
0.021
0.019
0.028
0.045
0.053
0.065
0.075
0.072
0.057
0.054
0.061
0.054
0.036
0.032
0.044
0.058
0.071
0.075
0.055
0.035
0.024
0.018
0.015
0.028
0.059
0.073
0.065
0.043
0.032
0.023
0.016
0.018
0.036
0.061
0.065
0.051
0.034
0.018
0.0028
-0.0053
0.0015
0.011
0.02
0.032
0.045
0.044
0.029
0.013
0.004
0.0052
0.016
0.02
0.024
0.038
0.042
0.024
0.0018
-0.0061
0.0025
0.018
0.023
0.015
0.007
0.011
0.018
0.012
0.011
0.018
0.026
0.034
0.042
0.04
0.047
0.062
0.069
0.067
0.06
0.063
0.068
0.082
0.093
0.088
0.076
0.066
0.055
0.044
0.04
0.041
0.041
0.042
0.036
0.019
0.0054
0.0095
0.018
0.021
0.015
0.015
0.019
0.014
0.00038
-0.0059
0.0032
0.027
0.052
0.047
0.025
0.0078
0.0022
0.021
0.047
0.046
0.034
0.032
0.017
-0.0077
-0.016
-0.0016
0.011
0.0097
0.0087
0.0047
-0.0091
-0.01
-0.0016
0.014
0.021
0.021
0.01
-0.0096
-0.015
0.006
0.017
0.011
0.0073
-0.00093
-0.0012
-0.0071
-0.031
-0.038
-0.025
-0.016
-0.0075
0.0035
-0.0018
-0.021
-0.027
-0.017
-0.0081
-0.01
-0.014
-0.017
-0.013
0.0042
0.026
0.039
0.041
0.034
0.014
0.00066
0.01
0.025
0.037
0.044
0.045
0.037
0.031
0.015
-0.0093
-0.006
0.013
0.032
0.042
0.036
0.031
0.025
0.025
0.02
0.015
0.0078
0.0058
0.0039
0.011
0.023
0.02
0.0065
-0.0058
-0.016
-0.018
-0.011
0.00075
0.015
0.025
0.019
0.00023
-0.013
-0.017
-0.034
-0.046
-0.026
-0.0079
-0.0062
-0.009
-0.012
-0.029
-0.041
-0.038
-0.028
-0.0091
0.0018
0.0062
0.0071
0.0031
-0.0073
-0.015
-0.015
-0.018
-0.02
-0.015
-0.00099
0.0065
0.013
0.017
0.0041
-0.0042
-0.0079
-0.013
-0.018
-0.013
0.018
0.048
0.073
0.08
0.077
0.06
0.04
0.027
0.021
0.036
0.053
0.05
0.032
0.0099
-0.0029
-0.006
0.0051
0.0022
-0.015
-0.031
-0.037
-0.039
-0.04
-0.035
-0.04
-0.047
-0.042
-0.036
-0.028
-0.011
0.0028
-0.019
-0.062
-0.093
-0.095
-0.079
-0.065
-0.045
-0.033
-0.034
-0.039
-0.045
-0.041
-0.031
-0.019
-0.02
-0.032
-0.045
-0.042
-0.014
0.0093
0.014
0.0069
-0.0037
-0.0095
0.003
0.016
0.012
-0.012
-0.037
-0.041
-0.033
-0.03
-0.035
-0.035
-0.035
-0.034
-0.025
-0.024
-0.018
-0.0035
0.0094
0.019
0.039
0.057
0.053
0.031
0.02
0.025
0.026
0.029
0.029
0.021
0.012
0.0052
0.015
0.02
0.013
-0.0057
-0.018
-0.013
-0.0061
-0.0025
0.015
0.032
0.035
0.037
0.021
-0.0087
-0.023
-0.021
0.0037
0.031
0.075
0.099
0.066
0.012
-0.023
-0.018
-0.0052
-0.022
-0.058
-0.064
-0.027
0.0028
-0.0005
-0.047
-0.11
-0.15
-0.14
-0.089
-0.018
0.041
0.066
0.044
0.009
-0.013
-0.027
-0.012
0.035
0.069
0.051
0.0039
-0.011
-0.0099
-0.0033
-0.00072
-0.036
-0.083
-0.11
-0.077
0.0011
0.047
0.041
-0.0055
-0.055
-0.065
-0.028
0.015
0.026
0.033
0.034
0.028
0.018
-0.004
-0.054
-0.067
-0.044
-0.03
-0.0096
0.016
0.017
-0.018
-0.034
-0.009
-0.0031
-0.017
-0.022
-0.0069
0.033
0.099
0.14
0.13
0.085
0.019
0.0039
0.044
0.096
0.12
0.12
0.12
0.083
0.045
0.027
0.0063
0.0037
0.028
0.053
0.058
0.073
0.1
0.093
0.049
0.016
-0.018
-0.027
0.0097
0.057
0.071
0.049
0.015
-0.005
0.0058
0.022
0.033
0.059
0.065
0.045
0.028
0.025
0.0038
-0.014
-0.00053
-0.00035
-0.011
0.0082
0.042
0.047
0.025
-0.0039
-0.029
-0.024
0.002
0.025
0.033
0.037
0.057
0.081
0.09
0.073
0.043
0.018
0.0052
0.013
0.03
0.047
0.053
0.046
0.035
0.038
0.043
0.035
0.014
-0.02
-0.042
-0.032
-0.013
-0.0016
-0.015
-0.044
-0.063
-0.054
-0.03
-0.0082
0.009
0.02
0.018
-0.0013
-0.016
-0.013
-0.0055
-0.015
-0.026
-0.031
-0.022
0.0094
0.028
0.022
0.011
0.016
0.031
0.048
0.055
0.027
-0.0022
0.0048
0.029
0.055
0.071
0.064
0.042
0.017
0.019
0.03
0.028
0.026
0.03
0.04
0.052
0.05
0.039
0.026
0.014
0.0048
0.026
0.048
0.03
-0.018
-0.044
-0.036
-0.024
-0.03
-0.062
-0.095
-0.098
-0.078
-0.047
-0.03
-0.024
-0.025
-0.043
-0.059
-0.057
-0.029
-0.0023
-0.0021
-0.014
-0.0078
0.0076
0.0022
-0.019
-0.039
-0.058
-0.068
-0.056
-0.025
-0.014
-0.02
-0.011
-0.012
-0.027
-0.031
-0.028
-0.021
-0.016
-0.015
-0.0071
0.0093
0.034
0.043
0.016
-0.0048
0.007
0.038
0.063
0.051
0.019
0.012
0.029
0.044
0.048
0.031
0.0065
0.00084
0.012
0.026
0.026
0.02
0.0098
-0.0024
-0.0089
-0.0038
-0.0094
-0.013
-0.0085
-0.017
-0.034
-0.051
-0.049
-0.028
-0.017
-0.017
-0.0006
0.023
0.038
0.027
0.0066
-0.011
-0.012
0.0051
0.017
0.031
0.036
0.026
0.0079
-0.017
-0.035
-0.038
-0.026
-0.01
-0.0041
-0.00035
0.0018
-0.0076
-0.023
-0.037
-0.047
-0.051
-0.048
-0.055
-0.079
-0.094
-0.082
-0.063
-0.057
-0.064
-0.073
-0.077
-0.07
-0.059
-0.049
-0.048
-0.043
-0.043
-0.047
-0.064
-0.088
-0.091
-0.066
-0.039
-0.012
-0.0048
-0.025
-0.044
-0.05
-0.058
-0.068
-0.073
-0.06
-0.04
-0.028
-0.027
-0.038
-0.063
-0.078
-0.079
-0.082
-0.085
-0.07
-0.037
-0.011
-0.0027
-0.0041
-0.0088
-0.0081
-0.011
-0.022
-0.028
-0.028
-0.023
-0.008
0.0026
-0.011
-0.041
-0.058
-0.063
-0.062
-0.058
-0.047
-0.033
-0.011
0.0081
0.0026
-0.0077
-0.0057
0.004
0.011
0.011
0.0036
-0.0043
-0.0022
0.011
0.015
0.0089
-0.0019
-0.018
-0.017
0.00014
-0.0061
-0.02
-0.016
-0.016
-0.022
-0.0064
0.016
0.02
0.0033
-0.0089
-0.011
-0.0039
0.012
0.023
0.026
0.023
0.017
0.013
0.012
0.0083
-0.00084
0.0027
0.012
0.0026
-0.01
-0.0052
-0.0011
-0.0063
-0.0095
-0.014
-0.016
-0.013
-0.015
-0.013
-0.0084
0.0085
0.03
0.033
0.016
-0.0011
0.0063
0.031
0.056
0.066
0.062
0.05
0.037
0.031
0.026
0.0038
-0.028
-0.054
-0.048
-0.028
-0.016
-0.0061
-0.015
-0.039
-0.042
-0.02
0.0084
0.032
0.038
0.029
0.02
0.013
-0.0034
-0.04
-0.065
-0.055
-0.027
-0.01
-0.017
-0.052
-0.08
-0.082
-0.062
-0.027
-0.0005
0.0034
-0.00011
-0.0053
0.0019
0.012
0.014
0.0079
0.0011
-0.011
-0.018
-0.02
-0.021
-0.013
-0.0028
0.0056
0.012
0.02
0.03
0.037
0.036
0.035
0.041
0.035
0.026
0.018
0.0056
-0.0041
-0.015
-0.034
-0.043
-0.025
-0.0051
-0.0069
-0.031
-0.051
-0.045
-0.026
-0.0074
0.00087
-4.6e-005
0.00078
0.0089
0.018
0.016
-4.6e-005
-0.014
-0.0011
0.019
0.021
0.01
0.0018
-0.0061
0.0015
0.012
0.014
0.018
0.032
0.055
0.076
0.093
0.11
0.12
0.13
0.12
0.095
0.075
0.072
0.071
0.075
0.072
0.037
-0.019
-0.076
-0.13
-0.2
-0.25
-0.27
-0.28
-0.3
-0.33
-0.33
-0.33
-0.32
-0.29
-0.25
-0.23
-0.22
-0.18
-0.13
-0.094
-0.07
-0.05
-0.027
0.0016
0.023
0.038
0.049
0.052
0.063
0.08
0.09
0.1
0.11
0.11
0.096
0.086
0.082
0.071
0.072
0.072
0.058
0.047
0.05
0.057
0.047
0.042
0.046
0.05
0.047
0.037
0.024
0.026
0.036
0.025
0.0061
0.0065
0.0088
0.012
0.03
0.032
0.016
0.022
0.04
0.042
0.026
0.012
0.0078
0.01
0.025
0.036
0.046
0.055
0.053
0.038
0.03
0.03
0.021
0.017
0.016
0.0088
0.0038
0.019
0.039
0.037
0.024
0.011
0.013
0.027
0.031
0.03
0.028
0.032
0.041
0.048
0.044
0.036
0.037
0.042
0.052
0.055
0.068
0.085
0.089
0.086
0.079
0.063
0.047
0.036
0.04
0.04
0.031
0.043
0.068
0.069
0.058
0.044
0.036
0.039
0.045
0.052
0.063
0.067
0.06
0.047
0.041
0.047
0.062
0.062
0.049
0.035
0.03
0.031
0.028
0.02
0.021
0.03
0.039
0.038
0.033
0.026
0.027
0.034
0.04
0.028
0.0071
-0.0025
0.0078
0.018
0.01
-0.002
-0.0099
-0.0027
0.014
0.022
0.013
0.0041
0.0038
-0.00078
-0.0048
-0.0039
-0.0054
-0.0074
-0.0079
-0.013
-0.021
-0.014
0.00099
0.011
0.016
0.016
0.013
0.01
-0.0038
-0.018
-0.01
0.0013
0.0047
0.014
0.026
0.033
0.031
0.026
0.013
-0.015
-0.033
-0.027
-0.021
-0.024
-0.034
-0.031
-0.0054
0.02
0.035
0.032
0.02
0.025
0.043
0.057
0.053
0.03
0.001
0.00069
0.02
0.048
0.086
0.1
0.082
0.062
0.046
0.022
-0.0083
-0.031
-0.04
-0.044
-0.045
-0.038
-0.046
-0.061
-0.049
-0.023
-0.018
-0.03
-0.035
-0.035
-0.029
-0.012
0.0034
0.014
0.011
0.0041
0.015
0.035
0.038
0.034
0.028
0.013
0.00084
0.0058
0.025
0.037
0.039
0.034
0.017
0.0097
0.026
0.045
0.052
0.044
0.033
0.031
0.044
0.047
0.037
0.018
-0.0002
-0.011
-0.013
-0.011
-0.02
-0.023
0.0065
0.032
0.041
0.05
0.046
0.023
0.017
0.03
0.041
0.037
0.027
0.021
0.0099
0.0049
0.0081
0.017
0.026
0.028
0.022
0.014
0.011
-0.00014
-0.0077
0.0073
0.03
0.045
0.059
0.066
0.061
0.059
0.064
0.068
0.065
0.047
0.033
0.028
0.042
0.066
0.087
0.091
0.081
0.067
0.055
0.054
0.05
0.066
0.088
0.097
0.093
0.075
0.053
0.039
0.028
0.02
0.0097
-0.0047
-0.005
0.012
0.018
0.019
0.026
0.024
0.011
-0.011
-0.029
-0.018
0.011
0.027
0.028
0.02
0.0073
0.0014
0.00081
0.011
0.025
0.032
0.035
0.026
0.0049
-0.015
-0.021
-0.012
-0.0051
-0.0052
-0.0085
-0.0032
0.0095
0.018
0.0049
-0.021
-0.029
-0.011
0.012
0.021
0.024
0.026
0.021
0.009
-0.0024
-0.014
-0.024
-0.024
-0.027
-0.036
-0.035
-0.025
-0.0063
0.016
0.022
0.013
0.015
0.023
0.019
0.0058
-0.0026
-0.0043
0.0036
0.013
0.0066
-0.0086
-0.02
-0.024
-0.023
-0.015
-0.0082
-0.016
-0.021
-0.015
-0.0086
-0.0077
0.00053
-0.0031
-0.014
-0.011
-0.0078
-0.00087
0.0015
-0.014
-0.027
-0.025
-0.017
-0.018
-0.032
-0.055
-0.065
-0.066
-0.051
-0.039
-0.04
-0.036
-0.022
-0.016
-0.012
-0.00041
0.01
0.015
0.024
0.036
0.027
0.0056
-0.00093
-0.0045
-0.014
-0.012
-0.0072
-0.0079
-0.0066
-7.6e-005
-0.0026
-0.011
-0.024
-0.039
-0.041
-0.037
-0.027
-0.018
-0.0066
-0.003
-0.011
-0.026
-0.044
-0.061
-0.068
-0.056
-0.025
0.0047
0.022
0.026
0.024
0.027
0.033
0.041
0.045
0.052
0.05
0.045
0.037
0.019
0.0037
-0.0052
-0.01
-0.0064
0.0024
0.0077
0.014
0.029
0.028
0.018
0.01
0.0027
-0.011
-0.015
-0.012
-0.013
-0.0076
-0.00096
0.0078
0.015
0.01
-0.0031
-0.0048
0.0087
0.025
0.042
0.049
0.046
0.03
0.015
0.0094
-0.0035
-0.014
-0.012
-0.00038
0.015
0.02
0.0046
-0.017
-0.04
-0.054
-0.043
-0.031
-0.016
-0.00096
0.013
0.027
0.028
0.024
0.021
0.028
0.038
0.052
0.064
0.073
0.063
0.037
0.011
-0.0098
-0.021
-0.023
-0.017
-0.0042
0.0054
0.0048
-0.0038
-0.011
-0.014
-0.011
-0.00099
-0.0032
-0.0095
0.0061
0.032
0.035
0.024
0.0089
-0.0078
-0.014
-0.023
-0.034
-0.047
-0.063
-0.065
-0.053
-0.043
-0.036
-0.027
-0.021
-0.019
-0.024
-0.029
-0.021
-0.0046
0.016
0.021
0.0051
-0.019
-0.031
-0.031
-0.026
-0.014
-0.012
-0.014
-0.011
-0.004
0.0052
0.011
0.011
-0.00014
-0.015
-0.013
-0.0076
-0.011
-0.014
-0.019
-0.02
0.0026
0.03
0.033
0.017
0.0026
-0.0023
0.0024
0.014
0.019
0.022
0.029
0.032
0.026
0.021
0.022
0.018
0.018
0.021
0.019
0.0056
-0.0058
-0.015
-0.024
-0.023
-0.021
-0.016
-0.011
-0.014
-0.01
0.00066
0.012
0.012
0.006
-0.0069
-0.014
-0.013
-0.0009
0.014
0.018
0.025
0.027
0.012
-0.0049
-0.0075
-0.0005
0.0025
0.0052
0.013
0.0058
-0.01
-0.0097
-0.0045
-0.02
-0.034
-0.035
-0.029
-0.017
-0.012
-0.012
-0.0083
-0.006
-0.009
-0.0049
0.011
0.036
0.053
0.057
0.047
0.034
0.019
0.0038
-0.0055
-0.016
-0.017
-0.012
-0.021
-0.034
-0.032
-0.02
-0.0055
0.00053
0.0062
0.0075
0.0079
0.011
0.022
0.034
0.038
0.031
0.015
0.0076
0.013
0.017
0.014
0.018
0.037
0.047
0.047
0.044
0.036
0.022
0.015
0.019
0.024
0.033
0.033
0.022
0.02
0.034
0.043
0.035
0.022
0.014
0.021
0.035
0.049
0.051
0.046
0.041
0.037
0.041
0.041
0.035
0.032
0.045
0.062
0.074
0.074
0.062
0.05
0.044
0.059
0.083
0.093
0.084
0.06
0.026
-0.0077
-0.02
-0.024
-0.01
0.00072
0.017
0.046
0.063
0.066
0.067
0.07
0.068
0.066
0.065
0.063
0.059
0.062
0.069
0.063
0.048
0.043
0.031
0.012
0.0073
0.015
0.022
0.016
-0.014
-0.048
-0.053
-0.036
-0.0005
0.033
0.044
0.044
0.045
0.047
0.044
0.03
0.009
-0.0024
-0.015
-0.03
-0.026
-0.02
-0.018
-0.01
0.004
0.016
0.014
0.0011
-0.0095
-0.0073
0.0044
0.016
0.017
0.0055
-0.0017
-0.0093
-0.011
0.0019
0.01
0.0071
-0.0073
-0.012
-0.0063
-0.014
-0.024
-0.014
-0.00017
-0.0036
-0.0061
-0.0019
0.0035
0.0013
-0.01
-0.019
-0.0093
0.0061
0.0022
-0.02
-0.038
-0.036
-0.024
-0.016
-0.022
-0.04
-0.045
-0.025
-0.013
-0.028
-0.048
-0.058
-0.044
-0.026
-0.019
-0.013
-0.018
-0.014
-0.0074
-0.011
-0.03
-0.053
-0.068
-0.069
-0.06
-0.059
-0.06
-0.058
-0.055
-0.047
-0.035
-0.028
-0.034
-0.034
-0.018
-0.013
-0.016
-0.015
-0.013
-0.014
-0.0087
0.0063
0.0077
0.0096
0.0049
-0.013
-0.022
-0.017
-0.017
-0.022
-0.017
-0.0088
-0.015
-0.025
-0.026
-0.025
-0.021
-0.01
-0.0041
-0.013
-0.021
-0.02
-0.017
-0.013
-0.0094
-0.0047
0.002
0.0012
-0.0033
-0.0099
-0.013
-0.0093
-0.0045
-0.0015
0.0031
0.0076
0.0024
-0.0039
0.0038
0.021
0.04
0.051
0.06
0.056
0.043
0.036
0.033
0.032
0.029
0.029
0.042
0.069
0.077
0.053
0.018
-0.0067
-0.0076
0.0043
0.017
0.026
0.033
0.034
0.034
0.034
0.029
0.018
0.0017
-0.0046
0.0024
0.012
0.018
0.019
0.016
0.0074
0.0032
0.0097
0.022
0.023
0.017
0.016
0.023
0.036
0.044
0.051
0.05
0.041
0.029
0.033
0.055
0.079
0.084
0.066
0.043
0.031
0.035
0.034
0.032
0.035
0.044
0.046
0.044
0.046
0.04
0.026
0.02
0.019
0.024
0.04
0.059
0.068
0.065
0.055
0.043
0.044
0.042
0.033
0.033
0.032
0.03
0.033
0.038
0.044
0.041
0.034
0.034
0.033
0.016
-0.0002
0.0026
0.015
0.024
0.025
0.017
0.0086
0.0014
0.012
0.03
0.032
0.025
0.015
0.0054
0.0056
0.011
0.013
0.013
0.018
0.026
0.0067
-0.013
-0.0082
-0.0022
-0.0037
-0.006
0.002
0.0094
0.012
0.023
0.043
0.066
0.073
0.069
0.06
0.052
0.048
0.04
0.024
0.0092
0.0073
0.0098
0.0051
0.0061
0.0049
0.0029
0.0062
0.0048
-0.0073
-0.026
-0.032
-0.018
-0.00063
0.021
0.045
0.067
0.065
0.044
0.015
-0.0061
-0.014
-0.0069
0.0061
0.00044
-0.0081
-0.016
-0.028
-0.033
-0.034
-0.043
-0.061
-0.069
-0.056
-0.037
-0.0086
0.02
0.021
0.007
0.0042
0.016
0.021
0.023
0.023
0.014
0.018
0.023
0.0082
-0.014
-0.018
-0.00069
0.022
0.033
0.032
0.022
0.0058
-0.012
-0.027
-0.033
-0.023
-0.0029
0.0081
-0.0021
-0.026
-0.043
-0.038
-0.031
-0.032
-0.038
-0.037
-0.024
-0.0099
-0.0086
-0.016
-0.022
-0.023
-0.024
-0.025
-0.027
-0.028
-0.026
-0.016
-0.0077
-0.012
-0.02
-0.026
-0.035
-0.045
-0.05
-0.048
-0.031
-0.012
-0.013
-0.025
-0.031
-0.027
-0.02
-0.011
0.0098
0.044
0.063
0.061
0.048
0.031
0.026
0.03
0.033
0.027
0.0069
-0.016
-0.029
-0.025
-0.013
-0.0085
-0.004
0.0059
0.011
0.014
0.018
0.027
0.032
0.02
-0.004
-0.028
-0.037
-0.045
-0.05
-0.045
-0.029
-0.014
-0.013
-0.026
-0.037
-0.037
-0.032
-0.021
-0.0052
0.011
0.021
0.018
0.013
0.0096
0.012
0.019
0.017
0.014
0.019
0.024
0.029
0.036
0.033
0.023
0.023
0.032
0.041
0.044
0.031
0.0044
-0.014
-0.013
0.0074
0.028
0.032
0.026
0.017
0.0045
0.0053
0.014
0.023
0.015
0.0025
-0.0011
-0.0045
-0.014
-0.026
-0.042
-0.047
-0.04
-0.034
-0.025
-0.0044
0.022
0.039
0.05
0.055
0.054
0.043
0.029
0.018
-0.0076
-0.028
-0.016
0.016
0.041
0.045
0.028
-0.011
-0.057
-0.091
-0.1
-0.072
-0.021
0.03
0.06
0.068
0.061
0.038
0.017
-0.0059
-0.026
-0.032
-0.018
0.0015
0.011
0.014
0.012
0.0011
-0.024
-0.055
-0.071
-0.073
-0.046
-0.0056
0.033
0.055
0.056
0.042
0.019
-0.0039
-0.017
-0.017
-0.0077
-0.0033
-0.012
-0.032
-0.05
-0.069
-0.082
-0.074
-0.048
-0.015
0.033
0.073
0.086
0.071
0.029
-0.015
-0.036
-0.03
0.0025
0.061
0.1
0.093
0.057
0.028
0.017
0.022
0.03
0.029
0.02
0.033
0.069
0.081
0.053
0.0098
-0.025
-0.037
-0.033
-0.026
-0.019
-0.0015
0.018
0.022
0.0074
-0.017
-0.039
-0.046
-0.035
-0.0075
0.017
0.021
0.008
-0.00053
-0.0026
-0.0069
-0.019
-0.034
-0.048
-0.056
-0.052
-0.044
-0.036
-0.023
-0.016
-0.015
-0.0058
0.012
0.023
0.02
0.012
0.0098
0.011
0.00041
-0.015
-0.016
-0.0093
-0.0013
-0.0086
-0.04
-0.081
-0.1
-0.088
-0.057
-0.03
-0.016
-0.0072
0.0031
0.01
-4.6e-005
-0.0061
0.016
0.034
0.032
0.024
0.012
-0.013
-0.044
-0.064
-0.073
-0.067
-0.05
-0.021
-0.003
0.00053
0.00084
-0.0046
-0.015
-0.028
-0.03
-0.013
0.022
0.058
0.078
0.072
0.045
0.0077
-0.032
-0.048
-0.041
-0.026
-0.0045
0.023
0.035
0.028
0.016
-0.00053
-0.026
-0.043
-0.038
-0.017
0.0084
0.029
0.037
0.031
0.019
0.0019
-0.012
-0.011
0.005
0.031
0.041
0.032
0.024
0.021
0.0066
-0.0014
0.0082
0.021
0.02
0.02
0.022
0.014
0.0077
0.0028
-0.0036
-0.0081
0.0035
0.021
0.032
0.033
0.038
0.03
0.0089
1.5e-005
0.0011
0.0072
0.01
0.026
0.055
0.064
0.052
0.051
0.064
0.079
0.085
0.062
0.041
0.043
0.049
0.059
0.068
0.06
0.052
0.043
0.027
0.0069
-0.011
-0.014
0.0058
0.036
0.052
0.041
0.006
-0.032
-0.053
-0.056
-0.029
0.006
0.029
0.043
0.052
0.044
0.029
0.023
0.011
-0.004
-0.0053
0.0058
0.012
0.012
0.004
-0.012
-0.024
-0.027
-0.029
-0.034
-0.029
-0.02
-0.017
-0.0075
0.0015
0.0059
0.01
0.0055
-0.0062
-0.0058
-0.0062
-0.0075
0.0021
0.0079
0.01
0.011
0.0089
0.022
0.038
0.033
0.019
0.0057
0.0073
0.018
0.014
0.0024
-0.0052
-0.018
-0.029
-0.02
0.0051
0.025
0.02
0.0068
-0.0098
-0.033
-0.048
-0.041
-0.026
-0.016
-0.013
-0.0038
0.01
0.012
0.0009
-0.012
-0.017
-0.012
-0.0095
-0.02
-0.021
-0.0062
-0.0077
-0.016
-0.017
-0.02
-0.03
-0.045
-0.056
-0.054
-0.036
-0.018
0.011
0.047
0.059
0.059
0.06
0.057
0.046
0.035
0.021
-0.015
-0.051
-0.065
-0.058
-0.049
-0.036
-0.027
-0.019
-0.00099
0.0037
0.0018
0.011
0.024
0.044
0.058
0.052
0.031
0.016
0.014
0.031
0.046
0.045
0.031
0.01
-0.0068
-0.016
-0.011
-0.0033
-0.0076
-0.012
-0.0074
0.0012
0.015
0.025
0.015
0.0083
0.0097
-0.003
-0.015
-0.014
-0.0073
0.0044
0.017
0.0085
-0.013
-0.009
0.018
0.033
0.03
0.021
0.012
0.0055
0.014
0.032
0.037
0.02
-0.013
-0.036
-0.045
-0.036
-0.023
-0.013
-0.013
-0.02
-0.02
-0.017
-0.02
-0.017
0.00011
0.011
0.0076
-0.0029
-0.0086
-0.0015
0.017
0.025
0.018
0.0068
-0.0042
-0.011
-0.0094
-0.0063
-0.0094
-0.0068
0.0071
0.012
0.018
0.033
0.046
0.049
0.043
0.04
0.047
0.056
0.064
0.072
0.075
0.067
0.06
0.053
0.049
0.05
0.05
0.045
0.034
0.026
0.024
0.023
0.022
0.017
0.0014
0.00029
0.017
0.022
0.027
0.037
0.048
0.057
0.06
0.055
0.043
0.032
0.024
0.025
0.03
0.046
0.056
0.045
0.03
0.023
0.025
0.028
0.03
0.046
0.067
0.068
0.046
0.02
-0.0052
-0.0068
0.013
0.021
0.016
0.018
0.022
0.023
0.02
0.0073
0.0054
0.0046
-0.014
-0.028
-0.027
-0.022
-0.012
-0.0047
-0.0047
-0.011
-0.02
-0.017
0.0012
0.0098
-0.0036
-0.021
-0.015
0.01
0.011
-0.0049
-0.013
-0.016
-0.019
-0.0084
-7.6e-005
-0.00053
-0.0072
-0.015
-0.015
-0.013
-0.014
-0.012
-0.0088
-0.0019
0.0038
0.00017
-0.0081
-0.015
-0.03
-0.034
-0.017
-0.0034
-0.0026
-0.014
-0.028
-0.026
-0.02
-0.025
-0.021
-0.0044
0.0068
0.0086
0.00069
-0.0033
-0.0029
0.00023
0.0098
0.0093
-0.0036
-0.014
-0.0089
-0.0014
0.0046
0.002
-0.013
-0.022
-0.029
-0.028
-0.025
-0.026
-0.022
-0.015
-0.022
-0.041
-0.06
-0.075
-0.07
-0.058
-0.038
-0.013
-0.0034
-0.012
-0.028
-0.039
-0.044
-0.052
-0.052
-0.037
-0.023
-0.008
0.0067
0.0031
-0.0076
-0.0093
-0.014
-0.013
-0.00017
0.00056
-0.0034
0.0026
0.0028
-0.0086
-0.013
-0.0053
0.0059
0.012
0.013
0.0014
-0.023
-0.04
-0.035
-0.025
-0.011
0.0061
0.025
0.039
0.042
0.041
0.05
0.056
0.045
0.021
0.00026
-0.0051
-0.0016
0.0058
0.022
0.04
0.059
0.076
0.084
0.085
0.07
0.043
0.023
0.0092
0.0013
0.014
0.041
0.066
0.078
0.081
0.069
0.06
0.074
0.092
0.097
0.09
0.082
0.078
0.065
0.06
0.071
0.082
0.078
0.069
0.059
0.047
0.031
0.02
0.018
0.0075
-0.0065
-0.02
-0.034
-0.035
-0.012
0.013
0.029
0.031
0.015
0.0095
0.021
0.035
0.048
0.063
0.071
0.065
0.054
0.05
0.053
0.055
0.063
0.07
0.06
0.042
0.025
-0.00087
-0.027
-0.037
-0.029
-0.014
-0.012
-0.015
-0.0069
-0.0097
-0.0093
0.0025
-0.0048
-0.023
-0.032
-0.033
-0.036
-0.041
-0.043
-0.032
-0.022
-0.019
-0.019
-0.021
-0.031
-0.048
-0.053
-0.036
-0.0064
0.016
0.019
0.011
-0.0038
-0.024
-0.036
-0.034
-0.018
-0.015
-0.023
-0.021
-0.023
-0.04
-0.05
-0.053
-0.054
-0.045
-0.028
-0.014
-0.0017
0.0072
0.017
0.024
0.029
0.029
0.019
0.015
0.025
0.026
0.03
0.048
0.057
0.054
0.047
0.04
0.041
0.053
0.063
0.073
0.085
0.085
0.067
0.034
0.0072
-0.0022
-0.0026
0.011
0.027
0.033
0.036
0.042
0.044
0.033
0.018
0.0098
0.019
0.029
0.037
0.044
0.055
0.069
0.075
0.063
0.036
0.021
0.019
0.023
0.017
0.01
0.023
0.042
0.04
0.02
-0.0035
-0.021
-0.026
-0.014
0.002
0.0061
0.0096
0.017
0.018
0.012
0.014
0.018
0.028
0.043
0.036
0.018
0.019
0.033
0.034
0.012
-0.018
-0.031
-0.026
-0.015
-0.012
-0.024
-0.043
-0.044
-0.032
-0.015
0.0041
0.019
0.034
0.037
0.025
0.021
0.034
0.051
0.064
0.069
0.071
0.066
0.057
0.055
0.056
0.055
0.055
0.052
0.051
0.045
0.028
0.016
0.012
0.0016
-0.0074
-0.0048
0.0048
0.0055
0.0087
0.0043
-0.0023
0.0092
0.029
0.038
0.029
0.015
0.018
0.041
0.066
0.078
0.075
0.058
0.038
0.019
0.0025
-0.0058
-0.0018
0.024
0.054
0.061
0.049
0.035
0.025
0.024
0.019
0.012
0.013
0.019
0.026
0.032
0.042
0.049
0.046
0.03
0.019
0.021
0.025
0.035
0.055
0.085
0.095
0.072
0.031
-0.0062
-0.026
-0.04
-0.042
-0.021
0.014
0.045
0.058
0.059
0.045
0.034
0.033
0.03
0.026
0.03
0.036
0.028
0.016
-0.00035
-0.012
0.0013
0.018
0.019
0.014
0.0061
0.00096
0.0062
0.011
0.0026
-0.0057
-0.0027
0.016
0.036
0.027
-0.0039
-0.028
-0.03
-0.026
-0.028
-0.036
-0.042
-0.049
-0.039
-0.017
-0.0052
-0.011
-0.018
-0.015
-0.0071
-0.0078
-0.018
-0.021
-0.006
0.0039
-0.01
-0.039
-0.067
-0.091
-0.098
-0.087
-0.079
-0.074
-0.064
-0.047
-0.036
-0.022
-0.0015
0.016
0.03
0.036
0.037
0.029
0.016
0.011
0.0097
0.011
0.02
0.024
0.015
-0.003
-0.026
-0.051
-0.071
-0.086
-0.089
-0.1
-0.11
-0.089
-0.064
-0.039
-0.033
-0.043
-0.055
-0.049
-0.028
0.00096
0.016
0.015
0.018
0.029
0.037
0.032
0.015
-0.0089
-0.027
-0.032
-0.0074
0.026
0.024
-0.013
-0.067
-0.11
-0.11
-0.093
-0.054
-0.0092
0.016
0.017
0.025
0.036
0.03
0.011
-0.013
-0.0076
0.041
0.099
0.12
0.079
0.047
0.06
0.073
0.079
0.079
0.063
0.062
0.062
0.018
-0.042
-0.052
-0.014
0.015
0.019
0.011
0.015
0.038
0.056
0.059
0.058
0.057
0.048
0.046
0.063
0.061
0.044
0.052
0.07
0.072
0.059
0.044
0.03
0.021
0.019
0.031
0.041
0.039
0.022
0.0085
0.018
0.038
0.051
0.045
0.047
0.08
0.1
0.097
0.064
0.0073
-0.036
-0.041
-0.014
0.022
0.048
0.058
0.045
0.038
0.06
0.065
0.032
0.0047
-0.0082
-0.00069
0.02
0.025
0.011
0.0032
0.0083
0.019
0.03
0.033
0.027
0.019
0.024
0.025
0.00038
-0.032
-0.03
0.004
0.022
0.017
0.022
0.036
0.02
-0.017
-0.032
-0.026
7.6e-005
0.04
0.064
0.052
0.022
0.00014
0.004
0.022
0.025
0.01
-0.0031
-0.00056
-0.0011
-0.015
-0.037
-0.06
-0.071
-0.058
-0.04
-0.034
-0.024
-0.00035
0.027
0.021
-0.015
-0.047
-0.04
-0.0033
0.045
0.075
0.071
0.041
0.014
-0.0043
-0.023
-0.032
-0.026
-0.016
-0.011
-0.0091
-0.0091
-0.017
-0.021
-0.031
-0.055
-0.074
-0.074
-0.049
-0.0026
0.039
0.048
0.043
0.031
0.0014
-0.036
-0.061
-0.062
-0.044
-0.04
-0.045
-0.036
-0.029
-0.032
-0.032
-0.027
-0.026
-0.034
-0.054
-0.078
-0.084
-0.063
-0.031
-0.012
0.0022
0.011
0.0063
0.021
0.056
0.067
0.06
0.037
0.0039
-0.03
-0.047
-0.062
-0.065
-0.046
-0.0097
0.024
0.026
-0.0067
-0.049
-0.07
-0.078
-0.093
-0.1
-0.084
-0.048
-0.016
-0.0071
-0.019
-0.016
-0.0002
-0.01
-0.033
-0.044
-0.042
-0.025
0.011
0.032
0.029
0.021
0.021
0.024
0.0098
-0.019
-0.038
-0.043
-0.029
-0.0069
-0.011
-0.027
-0.03
-0.026
-0.026
-0.027
-0.016
0.018
0.053
0.065
0.055
0.034
0.029
0.047
0.063
0.059
0.053
0.052
0.054
0.059
0.055
0.045
0.031
0.021
0.03
0.044
0.053
0.042
0.021
0.0098
0.0041
-0.013
-0.028
-0.026
-0.021
-0.027
-0.035
-0.032
-0.0072
0.021
0.024
0.015
0.012
0.026
0.053
0.07
0.065
0.044
0.04
0.061
0.091
0.11
0.096
0.078
0.064
0.058
0.043
0.022
0.022
0.03
0.034
0.028
0.02
0.012
0.013
0.012
0.00038
-0.011
-0.014
-0.0038
0.0013
0.0055
0.016
0.024
0.029
0.048
0.075
0.082
0.065
0.051
0.043
0.042
0.059
0.077
0.074
0.064
0.05
0.033
0.017
0.01
0.008
0.0054
0.0044
-0.013
-0.035
-0.049
-0.056
-0.056
-0.047
-0.032
-0.026
-0.038
-0.05
-0.048
-0.035
-0.018
-0.0033
-0.0026
-0.018
-0.04
-0.062
-0.059
-0.045
-0.032
-0.03
-0.026
-0.017
-0.019
-0.019
-0.013
-0.0048
0.0046
0.0065
0.002
-0.0061
-0.016
-0.024
-0.033
-0.055
-0.078
-0.082
-0.074
-0.075
-0.086
-0.094
-0.1
-0.1
-0.091
-0.09
-0.097
-0.096
-0.075
-0.048
-0.038
-0.04
-0.027
-0.0082
-0.00029
-0.01
-0.032
-0.053
-0.068
-0.077
-0.084
-0.088
-0.094
-0.094
-0.091
-0.078
-0.065
-0.072
-0.087
-0.098
-0.096
-0.076
-0.05
-0.031
-0.042
-0.08
-0.13
-0.16
-0.16
-0.13
-0.088
-0.037
0.0098
0.015
-0.04
-0.11
-0.12
-0.059
0.0074
0.055
0.077
0.053
-0.0054
-0.052
-0.062
-0.05
-0.036
-0.025
-0.025
-0.037
-0.051
-0.081
-0.1
-0.085
-0.048
-0.017
-0.016
-0.039
-0.052
-0.047
-0.04
-0.035
-0.05
-0.057
-0.031
0.0097
0.034
0.037
0.016
-0.015
-0.035
-0.023
0.013
0.033
0.043
0.054
0.034
0.00053
-0.0066
-0.00029
-0.0034
-0.0056
-0.0061
-0.0084
-0.011
-0.011
-0.0046
0.0086
0.02
0.0016
-0.025
-0.022
-0.0073
0.0074
0.042
0.069
0.069
0.051
0.03
0.028
0.03
0.029
0.015
-0.00069
-0.0048
-0.0067
-0.0039
-0.0065
-0.019
-0.031
-0.015
0.0034
-0.0093
-0.038
-0.061
-0.069
-0.063
-0.048
-0.041
-0.047
-0.047
-0.039
-0.013
0.025
0.06
0.071
0.06
0.048
0.046
0.039
0.027
0.032
0.047
0.053
0.047
0.027
-0.0082
-0.047
-0.073
-0.078
-0.065
-0.033
0.0072
0.034
0.037
0.017
-0.007
-0.005
0.027
0.062
0.08
0.08
0.078
0.084
0.082
0.05
0.016
0.0025
0.02
0.056
0.068
0.04
-0.0048
-0.02
0.012
0.056
0.076
0.057
0.0066
-0.042
-0.071
-0.073
-0.054
-0.022
0.0027
0.016
0.015
0.014
0.027
0.049
0.066
0.065
0.036
0.0017
-0.00069
0.028
0.054
0.061
0.05
0.025
-0.00017
-0.012
-0.0058
0.0042
0.00069
-0.012
-0.016
-0.022
-0.016
-0.0015
-0.00032
-0.0075
-0.0099
0.0059
0.028
0.046
0.06
0.085
0.1
0.1
0.085
0.069
0.062
0.054
0.04
0.017
0.0019
-0.0052
-0.0071
-0.0062
-0.011
-0.022
-0.042
-0.058
-0.065
-0.051
-0.0043
0.051
0.096
0.1
0.077
0.041
0.026
0.039
0.074
0.11
0.13
0.12
0.088
0.05
0.038
0.057
0.076
0.069
0.052
0.043
0.046
0.05
0.05
0.043
0.027
0.0065
-0.012
-0.024
-0.025
-0.015
0.0044
0.026
0.035
0.031
0.036
0.039
0.04
0.046
0.063
0.078
0.082
0.075
0.063
0.049
0.03
0.012
0.0053
-0.00072
-0.0012
0.0032
0.0043
-0.0035
-0.019
-0.027
-0.017
-0.0027
0.0042
0.0084
0.0097
0.018
0.036
0.054
0.059
0.054
0.041
0.028
0.011
0.0046
0.011
0.025
0.044
0.052
0.037
0.015
0.0026
0.0021
0.0051
0.014
0.026
0.022
0.013
0.0067
-0.00038
-0.0093
-0.023
-0.037
-0.049
-0.049
-0.04
-0.027
-0.022
-0.03
-0.043
-0.055
-0.054
-0.035
-0.02
-0.016
-0.0088
0.0098
0.0034
-0.026
-0.047
-0.049
-0.035
-0.026
-0.02
-0.0056
0.013
0.029
0.043
0.05
0.045
0.038
0.031
0.0005
-0.048
-0.069
-0.06
-0.049
-0.035
-0.021
-0.02
-0.017
-0.012
-0.0057
0.0075
0.017
0.024
0.024
0.0073
-0.0015
-0.00084
0.0047
0.0051
-0.002
-0.0044
0.0041
0.0053
-0.013
-0.034
-0.052
-0.058
-0.051
-0.039
-0.037
-0.028
-0.0044
0.033
0.064
0.049
0.0025
-0.028
-0.032
-0.012
0.0091
0.023
0.036
0.029
0.0067
-0.014
-0.027
-0.032
-0.033
-0.035
-0.037
-0.027
-0.015
-0.018
-0.042
-0.063
-0.054
-0.029
-0.0032
0.0065
0.0029
-0.005
-0.0062
-0.0013
-0.0012
-0.011
-0.031
-0.039
-0.029
-0.019
-0.013
-0.0041
-0.0036
-0.011
-0.0032
0.01
0.015
0.022
0.04
0.05
0.043
0.033
0.032
0.032
0.033
0.034
0.03
0.024
0.0065
-0.0076
0.003
0.024
0.033
0.022
0.0082
-0.0031
-0.01
-0.011
-0.00014
0.012
0.023
0.039
0.05
0.051
0.043
0.033
0.013
-0.016
-0.024
-0.0048
0.027
0.051
0.058
0.045
0.026
0.025
0.027
0.026
0.029
0.034
0.041
0.046
0.04
0.018
0.011
0.023
0.039
0.046
0.049
0.057
0.066
0.071
0.062
0.053
0.055
0.059
0.068
0.067
0.052
0.039
0.044
0.059
0.069
0.062
0.038
0.016
0.01
0.021
0.026
0.02
0.018
0.03
0.035
0.021
-0.0019
-0.021
-0.03
-0.017
0.003
0.014
0.019
0.015
0.0073
0.013
0.027
0.033
0.036
0.041
0.048
0.048
0.038
0.025
0.014
0.015
0.0091
-0.0033
-0.0014
0.014
0.022
0.021
0.02
0.023
0.026
0.028
0.036
0.04
0.03
0.011
-0.016
-0.029
-0.022
0.0013
0.012
0.00072
-0.018
-0.028
-0.023
-0.014
-0.0085
-0.012
-0.0077
0.0083
0.028
0.045
0.054
0.052
0.053
0.064
0.071
0.062
0.045
0.035
0.029
0.033
0.04
0.034
0.014
-0.0063
-0.02
-0.015
-0.01
-0.012
-0.0065
0.0072
0.014
0.008
-0.0044
-0.013
-0.011
-0.012
-0.0057
0.0061
0.012
0.0088
-0.0024
-0.012
-0.014
-0.015
-0.024
-0.027
-0.028
-0.03
-0.026
-0.019
-0.012
-0.016
-0.025
-0.026
-0.02
-0.023
-0.028
-0.021
-0.0087
0.0058
0.012
-0.0051
-0.037
-0.054
-0.043
-0.023
-0.016
-0.018
-0.0046
0.017
0.033
0.044
0.061
0.08
0.075
0.058
0.034
-0.0032
-0.022
-0.003
0.016
0.022
0.039
0.047
0.036
0.036
0.054
0.069
0.073
0.075
0.058
0.026
0.009
0.017
0.032
0.035
0.026
0.016
0.017
0.013
-0.0045
-0.012
-0.007
0.0028
-1.5e-005
-0.02
-0.038
-0.021
0.0061
0.022
0.025
0.023
0.029
0.03
0.015
-0.0067
-0.023
-0.03
-0.027
-0.022
-0.021
-0.023
-0.024
-0.012
-0.0035
-0.0051
-0.012
-0.023
-0.03
-0.021
-0.0072
0.0095
0.03
0.034
-0.0031
-0.046
-0.056
-0.043
-0.027
-0.012
-0.0033
-0.0014
0.0014
0.0079
0.015
0.018
0.022
0.035
0.044
0.043
0.032
0.018
0.00078
-0.027
-0.052
-0.06
-0.054
-0.047
-0.034
-0.021
-0.022
-0.039
-0.05
-0.052
-0.05
-0.044
-0.031
-0.024
-0.021
-0.027
-0.038
-0.051
-0.071
-0.092
-0.094
-0.076
-0.054
-0.035
-0.029
-0.029
-0.031
-0.03
-0.017
-0.0064
0.0033
0.02
0.038
0.038
0.032
0.023
0.0057
-0.014
-0.03
-0.034
-0.021
0.0031
0.025
0.027
0.02
0.021
0.02
0.017
0.025
0.026
0.023
0.032
0.043
0.051
0.054
0.042
0.012
-0.02
-0.037
-0.029
-0.012
0.00093
0.0027
-4.6e-005
-0.00053
0.0036
0.0068
-0.0034
-0.022
-0.026
-0.0074
0.0099
0.0017
-0.023
-0.037
-0.039
-0.04
-0.05
-0.062
-0.049
-0.011
0.0092
-0.0046
-0.04
-0.064
-0.051
-0.031
-0.026
-0.036
-0.064
-0.082
-0.069
-0.037
-0.0062
-0.012
-0.044
-0.065
-0.066
-0.052
-0.034
-0.02
-0.0087
-0.014
-0.026
-0.022
-0.013
-0.013
-0.021
-0.032
-0.034
-0.022
-0.0014
0.013
0.009
-0.0015
0.00066
0.011
0.024
0.038
0.044
0.048
0.05
0.043
0.041
0.056
0.068
0.069
0.067
0.062
0.057
0.057
0.046
0.033
0.043
0.065
0.073
0.06
0.036
0.018
0.023
0.053
0.072
0.061
0.034
0.032
0.051
0.068
0.072
0.068
0.075
0.082
0.074
0.066
0.064
0.073
0.084
0.084
0.066
0.04
0.024
0.025
0.035
0.041
0.042
0.029
0.0067
-0.014
-0.02
-0.019
-0.03
-0.037
-0.036
-0.044
-0.043
-0.025
-0.017
-0.037
-0.057
-0.073
-0.082
-0.069
-0.043
-0.021
-0.0045
0.0098
0.0076
0.0057
0.028
0.07
0.11
0.11
0.078
0.035
-0.0017
-0.019
-0.017
0.0011
0.027
0.046
0.043
0.016
-0.0094
-0.0087
0.014
0.028
0.03
0.028
0.022
0.012
0.0071
0.0027
-0.0052
-0.01
-0.005
0.0038
0.0032
-0.0079
-0.01
-0.00084
0.0016
-0.016
-0.035
-0.041
-0.034
-0.034
-0.056
-0.074
-0.078
-0.078
-0.085
-0.093
-0.1
-0.11
-0.099
-0.092
-0.1
-0.11
-0.095
-0.071
-0.049
-0.035
-0.035
-0.038
-0.032
-0.017
-0.013
-0.018
-0.014
-0.017
-0.041
-0.069
-0.089
-0.093
-0.081
-0.074
-0.075
-0.073
-0.073
-0.078
-0.089
-0.1
-0.12
-0.12
-0.11
-0.094
-0.073
-0.058
-0.054
-0.061
-0.072
-0.08
-0.083
-0.086
-0.09
-0.08
-0.054
-0.034
-0.04
-0.057
-0.068
-0.072
-0.065
-0.061
-0.051
-0.025
-0.0012
0.0074
0.013
0.0047
-0.012
-0.022
-0.027
-0.028
-0.02
0.0024
0.03
0.053
0.056
0.052
0.046
0.03
0.02
0.021
0.016
0.0071
-0.0044
0.0053
0.027
0.035
0.018
-0.005
-0.015
-0.0005
0.015
0.018
0.031
0.047
0.045
0.026
0.0031
-0.0053
-0.00075
0.0041
0.0047
-0.00069
0.0027
0.022
0.03
0.021
0.016
0.015
0.02
0.038
0.053
0.056
0.05
0.034
0.012
0.0075
0.016
0.024
0.024
0.013
-0.0046
-0.021
-0.013
0.0043
0.017
0.021
0.022
0.019
0.025
0.032
0.035
0.043
0.041
0.025
0.017
0.021
0.041
0.054
0.045
0.019
0.00078
-0.0009
0.008
0.014
0.011
0.018
0.033
0.039
0.032
0.012
-0.0084
-0.021
-0.022
-0.014
-0.023
-0.032
-0.017
-0.0077
-0.017
-0.015
-0.0018
0.008
0.014
0.007
0.0018
0.021
0.053
0.059
0.038
0.02
0.028
0.045
0.054
0.047
0.031
0.024
0.033
0.044
0.046
0.043
0.036
0.03
0.026
0.019
0.011
0.016
0.017
0.022
0.023
0.016
0.014
0.022
0.043
0.065
0.068
0.059
0.058
0.059
0.062
0.072
0.077
0.075
0.062
0.055
0.069
0.07
0.044
0.023
0.022
0.019
0.017
0.014
-0.00026
-0.025
-0.041
-0.032
-0.013
0.0095
0.023
0.028
0.029
0.034
0.04
0.049
0.048
0.042
0.036
0.028
0.013
-0.016
-0.036
-0.041
-0.037
-0.036
-0.034
-0.0091
0.029
0.059
0.069
0.056
0.031
-0.0075
-0.048
-0.075
-0.069
-0.052
-0.039
-0.023
-0.0086
-0.0045
-0.014
-0.024
-0.016
0.0026
0.013
0.0019
-0.029
-0.049
-0.047
-0.035
-0.019
-0.0028
0.0009
0.0027
0.0041
0.0054
0.0076
0.0066
-0.011
-0.038
-0.059
-0.061
-0.038
-0.0049
0.024
0.04
0.044
0.044
0.047
0.041
0.034
0.026
0.01
0.0023
0.016
0.044
0.068
0.07
0.056
0.037
0.019
0.0091
0.011
0.02
0.03
0.037
0.048
0.056
0.055
0.05
0.047
0.033
0.017
0.0087
0.008
0.015
0.025
0.03
0.015
-0.0056
-0.0057
0.011
0.018
0.017
0.02
0.022
0.017
0.012
0.0077
0.003
0.022
0.052
0.063
0.061
0.059
0.043
0.018
0.028
0.045
0.042
0.033
0.029
0.029
0.017
-0.011
-0.028
-0.022
-0.013
-0.012
-0.0061
0.0058
0.013
0.01
0.013
0.024
0.035
0.037
0.019
-0.0069
-0.017
0.0042
0.041
0.057
0.051
0.038
0.028
0.032
0.047
0.05
0.036
0.018
0.0077
0.0019
-0.016
-0.035
-0.046
-0.05
-0.051
-0.047
-0.041
-0.029
-0.015
-0.0087
-0.0075
-0.0076
0.0014
0.014
0.022
0.025
0.024
0.018
0.013
0.0085
0.01
0.023
0.021
0.0035
-0.0095
-0.015
-0.013
0.00081
0.013
0.018
0.013
-0.0029
-0.012
-0.0082
0.0033
0.0028
-0.0088
-0.0033
0.0073
-0.0034
-0.023
-0.026
-0.019
-0.0057
-0.0032
-0.0064
-0.0094
-0.017
-0.025
-0.022
-0.014
-0.012
-0.012
-0.023
-0.028
-0.036
-0.045
-0.038
-0.026
-0.023
-0.022
-0.01
0.0056
0.019
0.019
0.0076
0.00035
0.0091
0.031
0.047
0.056
0.056
0.048
0.037
0.045
0.06
0.056
0.038
0.021
0.021
0.039
0.058
0.072
0.08
0.069
0.052
0.049
0.051
0.062
0.075
0.087
0.095
0.084
0.059
0.038
0.032
0.041
0.049
0.052
0.055
0.056
0.048
0.04
0.027
0.0079
0.013
0.024
0.021
0.02
0.02
0.0021
-0.022
-0.033
-0.031
-0.023
-0.024
-0.025
-0.024
-0.021
-0.015
-0.0094
-0.0091
-0.0085
-0.0095
-0.0041
0.01
0.024
0.034
0.032
0.026
0.032
0.044
0.04
0.02
-0.0013
-0.024
-0.031
-0.014
0.0049
0.018
0.035
0.055
0.064
0.061
0.047
0.019
-0.015
-0.034
-0.038
-0.037
-0.032
-0.04
-0.059
-0.05
-0.028
-0.015
0.0033
0.016
0.0067
-0.017
-0.037
-0.033
-0.0056
0.012
0.014
0.021
0.022
0.0079
-0.02
-0.034
-0.036
-0.041
-0.044
-0.035
-0.023
-0.027
-0.042
-0.042
-0.016
0.0058
0.0055
0.0014
0.0032
0.016
0.03
0.029
0.0038
-0.019
-0.016
0.0073
0.026
0.036
0.046
0.048
0.033
0.004
-0.021
-0.042
-0.057
-0.055
-0.04
-0.048
-0.069
-0.065
-0.048
-0.045
-0.05
-0.054
-0.048
-0.042
-0.042
-0.037
-0.018
0.0067
0.018
0.014
0.0044
0.0076
0.015
0.0069
-0.0038
0.0033
0.014
0.012
-0.0018
-0.017
-0.018
-0.0054
0.0098
0.012
0.0051
0.00014
0.0032
0.0065
-0.0018
-0.021
-0.032
-0.028
-0.02
-0.0098
-0.0047
-0.011
-0.013
-0.012
-0.019
-0.024
-0.011
0.0061
0.015
0.0079
0.0078
0.023
0.033
0.027
0.012
-0.0013
-0.0083
-0.0044
0.0023
0.0041
-0.011
-0.04
-0.05
-0.03
-0.01
-0.0076
-0.019
-0.035
-0.038
-0.043
-0.053
-0.056
-0.04
-0.02
-0.022
-0.029
-0.025
-0.013
-0.0077
-0.0041
-0.0047
-0.013
-0.021
-0.023
-0.016
-0.0013
0.018
0.035
0.045
0.047
0.043
0.043
0.053
0.072
0.088
0.1
0.11
0.11
0.087
0.062
0.053
0.052
0.049
0.057
0.073
0.078
0.077
0.077
0.072
0.065
0.065
0.065
0.061
0.06
0.06
0.059
0.066
0.07
0.058
0.043
0.036
0.043
0.052
0.054
0.046
0.038
0.04
0.05
0.056
0.058
0.058
0.051
0.047
0.047
0.049
0.056
0.059
0.057
0.047
0.042
0.051
0.074
0.088
0.079
0.051
0.034
0.041
0.053
0.053
0.047
0.038
0.03
0.028
0.019
0.01
0.009
-0.00035
-0.0055
0.01
0.013
-0.012
-0.031
-0.03
-0.025
-0.03
-0.042
-0.043
-0.029
-0.015
-0.01
-0.012
-0.02
-0.028
-0.035
-0.03
-0.016
-0.01
-0.011
-0.0026
0.0054
0.0026
-0.012
-0.028
-0.031
-0.028
-0.023
-0.0059
0.0099
0.017
0.011
-0.0027
-0.012
-0.0075
-0.004
-0.011
-0.025
-0.029
-0.0091
0.027
0.053
0.056
0.043
0.022
-0.00053
-0.02
-0.022
-0.02
-0.018
-0.0095
-0.0017
7.6e-005
0.0068
0.014
0.026
0.045
0.04
0.0063
-0.02
-0.03
-0.039
-0.041
-0.031
-0.007
0.017
0.02
0.0074
-0.0085
-0.018
-0.0035
0.027
0.04
0.033
0.002
-0.037
-0.054
-0.044
-0.026
-0.011
0.0048
0.011
0.0012
-0.011
-0.0086
-0.01
-0.029
-0.051
-0.077
-0.094
-0.089
-0.078
-0.072
-0.061
-0.018
0.04
0.048
-0.0062
-0.063
-0.071
-0.043
-0.026
-0.037
-0.04
-0.031
-0.029
-0.034
-0.039
-0.044
-0.048
-0.052
-0.055
-0.054
-0.047
-0.038
-0.03
-0.029
-0.042
-0.057
-0.041
-0.0042
0.015
0.0049
-0.0052
0.0082
0.023
0.022
-7.6e-005
-0.02
-0.019
-0.0053
0.0064
0.015
0.023
0.023
0.012
-0.013
-0.014
0.034
0.069
0.049
0.0013
-0.021
-0.014
0.0036
0.021
0.038
0.039
0.019
-0.0025
-0.007
-0.002
-0.0031
-0.0014
0.014
0.019
-0.0066
-0.047
-0.072
-0.065
-0.024
0.027
0.054
0.044
0.0006
-0.045
-0.061
-0.043
-0.015
0.0099
0.029
0.035
0.019
0.0011
0.0042
0.019
0.036
0.043
0.034
0.021
0.018
0.027
0.038
0.042
0.036
0.028
0.029
0.03
0.032
0.037
0.035
0.0097
-0.016
-0.014
0.0065
0.026
0.03
0.021
0.015
0.011
0.0031
0.0048
0.018
0.032
0.03
0.012
-0.0087
-0.0091
0.0026
0.013
0.014
-0.0015
-0.018
-0.023
-0.017
-0.013
-0.0068
0.002
0.0058
0.0025
-0.0085
-0.011
-0.0022
0.013
0.024
0.023
0.0093
-0.003
-0.0079
-0.0077
-0.0024
0.0012
-0.0022
-0.014
-0.03
-0.037
-0.025
-0.0011
0.0043
-0.017
-0.053
-0.07
-0.062
-0.045
-0.039
-0.057
-0.078
-0.092
-0.089
-0.066
-0.035
-0.0095
-0.0039
-0.018
-0.04
-0.064
-0.085
-0.089
-0.075
-0.073
-0.081
-0.087
-0.096
-0.1
-0.09
-0.07
-0.055
-0.056
-0.066
-0.064
-0.056
-0.049
-0.03
0.00099
0.027
0.034
0.021
0.0054
0.0029
0.0076
0.0033
-0.016
-0.038
-0.04
-0.039
-0.033
-0.0085
0.021
0.033
0.031
0.021
0.0054
0.0013
0.0088
0.018
0.03
0.046
0.054
0.053
0.054
0.049
0.036
0.037
0.051
0.068
0.085
0.089
0.077
0.073
0.076
0.062
0.039
0.025
0.018
0.018
0.036
0.064
0.1
0.13
0.15
0.14
0.11
0.063
0.029
0.029
0.058
0.09
0.11
0.11
0.093
0.079
0.066
0.045
0.037
0.059
0.087
0.11
0.12
0.12
0.099
0.068
0.043
0.037
0.043
0.044
0.043
0.046
0.06
0.083
0.089
0.066
0.031
0.013
0.0024
-0.0033
0.016
0.052
0.08
0.089
0.078
0.05
0.023
0.00041
-0.0092
0.0048
0.026
0.034
0.03
0.03
0.031
0.015
-0.01
-0.016
0.0058
0.038
0.066
0.074
0.058
0.033
0.023
0.019
0.017
0.027
0.044
0.047
0.034
0.014
0.0046
0.0046
0.00096
-0.011
-0.027
-0.04
-0.04
-0.021
0.0025
0.0095
0.0021
-0.0034
-0.0065
-0.014
-0.019
-0.014
0.0025
0.02
0.03
0.032
0.032
0.033
0.019
0.0018
0.0017
0.028
0.056
0.068
0.064
0.052
0.043
0.047
0.05
0.034
0.014
0.013
0.031
0.051
0.063
0.066
0.053
0.038
0.033
0.039
0.048
0.064
0.073
0.071
0.063
0.043
0.026
0.011
0.0045
0.0095
0.024
0.044
0.055
0.053
0.034
0.01
-0.011
-0.024
-0.025
-0.012
0.015
0.033
0.029
0.0046
-0.029
-0.059
-0.076
-0.067
-0.04
-0.018
-0.01
-0.004
0.0063
0.0047
-0.0061
-0.021
-0.045
-0.066
-0.063
-0.048
-0.037
-0.035
-0.043
-0.039
-0.031
-0.035
-0.054
-0.071
-0.072
-0.065
-0.052
-0.026
-0.0031
0.0052
-0.0041
-0.014
-0.018
-0.015
-0.0051
0.015
0.038
0.052
0.053
0.041
0.024
0.0099
0.0057
0.0085
0.018
0.032
0.046
0.054
0.047
0.025
-0.01
-0.049
-0.065
-0.059
-0.048
-0.024
0.00063
0.012
0.025
0.04
0.039
0.028
0.023
0.029
0.035
0.031
0.013
-0.0068
-0.014
-0.013
-0.012
-0.024
-0.039
-0.047
-0.035
0.00035
0.04
0.069
0.081
0.074
0.066
0.057
0.04
0.039
0.055
0.068
0.079
0.095
0.11
0.11
0.079
0.039
0.016
0.014
0.02
0.033
0.044
0.063
0.084
0.086
0.08
0.095
0.12
0.15
0.16
0.16
0.15
0.13
0.11
0.1
0.091
0.066
0.051
0.054
0.066
0.063
0.045
0.03
0.034
0.044
0.03
-0.0071
-0.021
-0.0099
1.5e-005
0.0068
0.016
0.012
0.012
0.03
0.053
0.091
0.13
0.15
0.14
0.09
0.044
0.0083
0.00053
0.016
0.038
0.066
0.067
0.024
-0.049
-0.094
-0.087
-0.05
-0.016
-0.011
-0.025
-0.037
-0.051
-0.06
-0.039
-7.6e-005
0.01
-0.004
-0.027
-0.044
-0.042
-0.042
-0.0098
0.039
0.049
0.0091
-0.049
-0.091
-0.097
-0.086
-0.086
-0.1
-0.1
-0.083
-0.063
-0.074
-0.11
-0.14
-0.12
-0.086
-0.06
-0.031
-0.011
-0.024
-0.067
-0.095
-0.062
0.019
0.064
0.044
-0.011
-0.038
-0.015
0.025
0.043
0.041
0.023
-0.0028
-0.012
-0.0066
0.0044
0.021
0.038
0.039
0.025
0.006
0.0055
0.027
0.064
0.092
0.089
0.062
0.028
0.0095
-0.00087
0.0049
0.021
0.028
0.026
0.019
0.0084
0.022
0.056
0.075
0.057
0.019
-0.013
-0.027
-0.015
0.0058
0.011
0.0017
-0.0037
-0.0074
-0.012
-0.0041
0.014
0.023
0.032
0.048
0.067
0.064
0.03
-0.0082
-0.02
-0.0057
0.023
0.048
0.057
0.045
0.0087
-0.017
-0.013
-0.00066
0.0058
0.01
0.0025
-0.0061
-0.026
-0.051
-0.059
-0.054
-0.03
-0.0043
-0.01
-0.036
-0.038
-0.011
0.013
0.0069
-0.023
-0.07
-0.099
-0.12
-0.12
-0.1
-0.09
-0.069
-0.042
-0.032
-0.02
0.003
0.028
0.022
0.014
0.014
-0.0035
-0.045
-0.075
-0.074
-0.052
-0.025
-0.019
-0.042
-0.077
-0.11
-0.14
-0.17
-0.17
-0.15
-0.11
-0.055
0.012
0.066
0.08
0.055
0.0097
-0.015
-0.004
0.014
0.02
0.016
0.02
0.02
0.00035
-0.03
-0.045
-0.05
-0.057
-0.039
-0.00038
0.03
0.038
0.034
0.021
0.0014
-0.026
-0.037
-0.0042
0.044
0.079
0.085
0.066
0.039
0.022
0.0077
-0.012
-0.027
-0.028
-0.0026
0.04
0.065
0.046
0.0032
-0.026
-0.047
-0.071
-0.083
-0.071
-0.055
-0.047
-0.041
-0.022
0.0028
0.02
0.027
0.027
0.021
0.021
0.028
0.034
0.042
0.04
0.025
0.015
0.0088
-0.0075
-0.027
-0.052
-0.072
-0.061
-0.029
-1.5e-005
0.02
0.029
0.0095
-0.0074
0.0036
0.035
0.06
0.063
0.035
-0.014
-0.041
-0.041
-0.043
-0.064
-0.089
-0.1
-0.094
-0.072
-0.055
-0.039
-0.023
-0.013
-0.0052
0.0049
0.021
0.013
-0.0084
-0.023
-0.028
-0.03
-0.05
-0.058
-0.031
0.016
0.057
0.062
0.027
-0.019
-0.036
-0.032
-0.025
-0.023
-0.025
-0.03
-0.041
-0.047
-0.042
-0.022
0.0049
0.014
0.0066
0.0067
0.024
0.042
0.048
0.047
0.052
0.064
0.071
0.072
0.069
0.053
0.018
-0.014
-0.012
0.0058
0.013
0.00096
-0.02
-0.026
-0.016
0.0053
0.022
0.022
0.017
0.015
0.016
0.016
0.018
0.029
0.039
0.038
0.024
0.013
0.02
0.032
0.037
0.044
0.049
0.044
0.023
-0.0041
-0.031
-0.053
-0.059
-0.053
-0.043
-0.032
-0.017
-0.024
-0.039
-0.041
-0.042
-0.046
-0.044
-0.044
-0.05
-0.048
-0.036
-0.0039
0.027
0.034
0.026
0.016
0.019
0.022
0.013
0.016
0.021
0.011
0.0073
0.0072
0.0051
0.013
0.01
0.00011
0.0037
0.012
0.005
-0.012
-0.024
-0.038
-0.048
-0.067
-0.087
-0.081
-0.041
0.0012
0.0061
-0.021
-0.046
-0.053
-0.052
-0.049
-0.038
-0.025
-0.013
-0.0014
0.014
0.033
0.039
0.03
0.015
-0.0011
-0.015
-0.017
-0.015
-0.019
-0.022
-0.012
-0.003
-0.014
-0.043
-0.077
-0.095
-0.09
-0.071
-0.057
-0.053
-0.041
-0.027
-0.016
-0.0064
-0.0024
0.0076
0.022
0.032
0.024
0.00072
-0.023
-0.034
-0.037
-0.022
0.0095
0.018
-0.0018
-0.024
-0.039
-0.037
-0.027
-0.018
-0.0091
-0.00081
0.013
0.019
0.011
0.011
0.017
0.022
0.045
0.064
0.054
0.034
0.014
0.004
0.011
0.02
0.025
0.037
0.044
0.044
0.042
0.028
0.0031
-0.024
-0.037
-0.037
-0.031
-0.028
-0.027
-0.026
-0.027
-0.027
-0.028
-0.025
-0.015
-0.011
-0.0046
0.013
0.043
0.062
0.07
0.071
0.064
0.049
0.024
0.002
0.00087
0.015
0.024
0.018
0.0073
0.011
0.025
0.029
0.017
0.0067
0.0093
0.027
0.05
0.06
0.046
0.017
-0.013
-0.023
-0.0086
0.0098
0.023
0.029
0.025
0.0018
-0.022
-0.028
-0.016
-0.0013
0.0045
0.0054
0.003
-0.0016
-0.003
-0.0044
-0.0069
-0.0054
0.0026
0.0077
0.0083
0.0094
0.016
0.024
0.022
0.018
0.0053
-0.0074
-0.006
-0.00035
-0.0018
-0.011
-0.022
-0.023
-0.026
-0.03
-0.027
-0.0061
0.022
0.037
0.034
0.031
0.035
0.043
0.046
0.03
0.012
0.025
0.067
0.092
0.089
0.067
0.034
0.021
0.032
0.036
0.024
0.023
0.031
0.048
0.073
0.096
0.1
0.09
0.075
0.066
0.066
0.075
0.087
0.095
0.094
0.079
0.063
0.058
0.047
0.036
0.041
0.058
0.069
0.067
0.064
0.061
0.063
0.066
0.061
0.052
0.05
0.075
0.11
0.13
0.12
0.067
0.023
0.02
0.044
0.072
0.093
0.11
0.12
0.14
0.13
0.1
0.065
0.025
0.013
0.039
0.075
0.11
0.11
0.087
0.075
0.081
0.09
0.092
0.076
0.045
0.019
0.01
0.023
0.037
0.035
0.022
0.0045
-0.0097
-0.0083
0.0071
0.034
0.051
0.044
0.024
0.0098
0.0081
0.029
0.062
0.078
0.078
0.081
0.096
0.12
0.12
0.1
0.067
0.05
0.058
0.074
0.085
0.09
0.074
0.047
0.045
0.055
0.05
0.034
0.027
0.035
0.049
0.056
0.039
0.022
0.021
0.037
0.056
0.052
0.02
-0.022
-0.033
-0.011
0.016
0.023
0.015
0.0028
-0.0094
-0.025
-0.046
-0.053
-0.039
-0.032
-0.031
-0.04
-0.046
-0.038
-0.021
-0.012
-0.022
-0.043
-0.07
-0.09
-0.089
-0.069
-0.047
-0.042
-0.054
-0.061
-0.066
-0.078
-0.089
-0.087
-0.068
-0.037
-0.008
-0.0062
-0.026
-0.042
-0.046
-0.053
-0.064
-0.073
-0.08
-0.066
-0.039
-0.039
-0.069
-0.099
-0.11
-0.096
-0.086
-0.087
-0.095
-0.11
-0.1
-0.078
-0.069
-0.079
-0.1
-0.12
-0.13
-0.13
-0.12
-0.1
-0.084
-0.087
-0.11
-0.13
-0.13
-0.12
-0.1
-0.083
-0.082
-0.087
-0.089
-0.085
-0.081
-0.07
-0.06
-0.056
-0.058
-0.055
-0.041
-0.028
-0.026
-0.049
-0.083
-0.097
-0.075
-0.046
-0.03
-0.03
-0.055
-0.087
-0.1
-0.087
-0.062
-0.045
-0.042
-0.045
-0.046
-0.046
-0.052
-0.062
-0.063
-0.064
-0.058
-0.039
-0.016
-0.0033
-0.0069
-0.025
-0.04
-0.033
-0.017
-0.0098
-0.01
-0.012
-0.01
-0.0025
0.00038
-0.016
-0.03
-0.021
-0.0064
0.00017
0.0048
0.0085
0.0024
-0.017
-0.038
-0.048
-0.047
-0.044
-0.046
-0.044
-0.031
-0.014
-0.0033
0.0014
-0.0011
-0.002
-0.005
-0.01
-0.0013
0.016
0.027
0.042
0.045
0.026
0.0047
-0.013
-0.022
-0.014
0.0035
0.018
0.027
0.028
0.027
0.029
0.032
0.032
0.031
0.03
0.032
0.031
0.038
0.046
0.045
0.046
0.053
0.059
0.066
0.073
0.071
0.061
0.054
0.06
0.069
0.071
0.064
0.061
0.062
0.063
0.057
0.053
0.058
0.064
0.073
0.1
0.12
0.1
0.071
0.048
0.035
0.03
0.04
0.055
0.066
0.071
0.067
0.063
0.059
0.054
0.042
0.038
0.043
0.05
0.059
0.068
0.06
0.041
0.022
0.0053
-0.00026
0.0073
0.016
0.031
0.046
0.057
0.059
0.046
0.032
0.026
0.033
0.046
0.059
0.07
0.072
0.068
0.061
0.05
0.043
0.038
0.032
0.026
0.032
0.042
0.048
0.055
0.056
0.053
0.049
0.045
0.04
0.042
0.046
0.045
0.05
0.062
0.062
0.048
0.041
0.053
0.07
0.084
0.09
0.095
0.11
0.13
0.093
-0.011
-0.11
-0.13
-0.068
0.01
0.048
0.033
-0.006
-0.032
-0.032
-0.018
-0.0072
-0.0098
-0.037
-0.081
-0.11
-0.12
-0.11
-0.1
-0.11
-0.12
-0.1
-0.08
-0.07
-0.073
-0.078
-0.075
-0.068
-0.065
-0.068
-0.074
-0.069
-0.046
-0.019
0.003
0.018
0.02
0.018
0.015
0.013
0.015
0.026
0.035
0.04
0.038
0.034
0.024
0.022
0.038
0.047
0.043
0.037
0.036
0.04
0.047
0.047
0.047
0.053
0.058
0.063
0.075
0.093
0.11
0.12
0.12
0.12
0.12
0.12
0.14
0.14
0.15
0.16
0.17
0.18
0.18
0.17
0.15
0.14
0.14
0.15
0.16
0.16
0.15
0.13
0.13
0.13
0.13
0.12
0.11
0.1
0.11
0.13
0.14
0.15
0.15
0.16
0.15
0.15
0.14
0.13
0.12
0.11
0.12
0.12
0.13
0.13
0.13
0.12
0.11
0.095
0.089
0.077
0.057
0.031
0.0092
0.00096
-0.0006
-0.017
-0.038
-0.054
-0.069
-0.069
-0.063
-0.066
-0.089
-0.11
-0.11
-0.12
-0.12
-0.11
-0.1
-0.1
-0.11
-0.12
-0.12
-0.11
-0.074
-0.049
-0.047
-0.059
-0.063
-0.05
-0.035
-0.024
-0.028
-0.035
-0.029
-0.012
0.0014
0.0068
0.00075
0.0042
0.021
0.032
0.037
0.044
0.037
0.025
0.029
0.035
0.037
0.038
0.035
0.045
0.064
0.09
0.12
0.13
0.12
0.081
0.053
0.045
0.063
0.092
0.12
0.13
0.13
0.11
0.097
0.087
0.086
0.089
0.091
0.1
0.11
0.11
0.12
0.12
0.1
0.088
0.064
0.038
0.037
0.044
0.051
0.052
0.048
0.051
0.051
0.042
0.03
0.021
0.0079
0.0069
0.021
0.042
0.057
0.06
0.051
0.03
-0.0021
-0.021
-0.024
-0.017
-0.0081
-0.017
-0.04
-0.054
-0.059
-0.057
-0.042
-0.028
-0.012
0.0065
0.023
0.033
0.037
0.034
0.022
-0.0023
-0.025
-0.034
-0.031
-0.014
0.0061
0.0083
0.0049
0.013
0.019
0.017
0.018
0.024
0.038
0.063
0.082
0.085
0.077
0.063
0.056
0.057
0.058
0.038
0.0071
-0.0049
-0.0036
0.0063
0.02
0.025
0.019
0.02
0.033
0.052
0.069
0.073
0.078
0.094
0.11
0.12
0.11
0.089
0.058
0.035
0.025
0.027
0.036
0.052
0.071
0.074
0.064
0.044
0.028
0.028
0.04
0.055
0.057
0.043
0.047
0.072
0.087
0.084
0.058
0.015
-0.01
-0.00032
0.031
0.06
0.073
0.061
0.026
-0.0018
0.0037
0.026
0.035
0.033
0.018
-0.0083
-0.029
-0.032
-0.022
-0.0037
0.014
0.019
0.013
0.0035
0.0058
0.03
0.045
0.035
0.013
0.0012
0.022
0.059
0.084
0.086
0.068
0.04
0.029
0.036
0.045
0.051
0.056
0.056
0.049
0.038
0.038
0.051
0.058
0.047
0.023
0.00063
-0.0032
0.013
0.031
0.038
0.021
-0.0069
-0.026
-0.037
-0.036
-0.034
-0.032
-0.032
-0.027
-0.032
-0.048
-0.071
-0.089
-0.1
-0.11
-0.1
-0.076
-0.057
-0.053
-0.05
-0.046
-0.043
-0.045
-0.066
-0.09
-0.1
-0.11
-0.11
-0.11
-0.12
-0.15
-0.16
-0.16
-0.15
-0.14
-0.13
-0.13
-0.14
-0.15
-0.14
-0.12
-0.096
-0.073
-0.052
-0.033
-0.025
-0.025
-0.019
-0.021
-0.027
-0.024
-0.027
-0.031
-0.027
-0.026
-0.035
-0.055
-0.08
-0.094
-0.099
-0.11
-0.13
-0.13
-0.12
-0.11
-0.096
-0.089
-0.08
-0.068
-0.055
-0.045
-0.043
-0.044
-0.043
-0.032
-0.012
-0.0063
-0.016
-0.021
-0.023
-0.035
-0.043
-0.052
-0.062
-0.064
-0.054
-0.042
-0.038
-0.042
-0.044
-0.048
-0.05
-0.056
-0.068
-0.064
-0.044
-0.034
-0.032
-0.023
-0.024
-0.029
-0.013
0.013
0.023
0.021
0.016
0.012
0.027
0.049
0.06
0.059
0.058
0.051
0.037
0.028
0.016
0.0044
-0.0056
-0.015
-0.026
-0.03
-0.033
-0.031
-0.016
-0.0041
0.0015
0.013
0.025
0.036
0.039
0.029
0.0039
-0.023
-0.04
-0.043
-0.041
-0.043
-0.045
-0.059
-0.081
-0.092
-0.082
-0.063
-0.052
-0.039
-0.026
-0.021
-0.013
-0.0032
-0.0044
-0.0045
0.0075
0.019
0.021
0.014
-0.0034
-0.019
-0.017
-0.014
-0.029
-0.041
-0.025
0.012
0.039
0.047
0.039
0.021
0.0022
-0.013
-0.032
