0.032
0.0053
-0.0088
0.0049
0.029
0.017
-0.0051
0.0025
0.011
-0.0045
-0.011
0.0058
0.0071
-0.0018
0.0006
0.0011
-0.0095
-0.00026
0.0087
0.0017
0.01
0.0071
-0.016
-0.018
-0.00026
0.0071
-0.012
-0.018
-0.0092
0.00053
-0.0098
-0.014
-0.013
-0.0069
0.017
0.021
0.015
0.023
0.034
0.022
-0.0055
-0.0036
0.022
0.026
0.019
0.028
0.034
0.023
0.017
0.011
-0.0043
-0.019
-0.011
-0.00087
0.0043
0.013
0.013
0.012
0.0071
0.0084
0.027
0.037
0.023
0.016
0.034
0.031
0.012
0.022
0.04
0.031
0.0057
0.0082
0.022
0.022
0.017
0.0098
0.014
0.027
0.029
0.014
0.021
0.037
0.039
0.031
0.023
0.024
0.038
0.043
0.018
0.0083
0.018
0.0094
-0.0014
0.016
0.027
0.0033
-0.0034
0.019
0.026
0.02
0.0089
0.0018
0.0029
0.0072
0.016
0.028
0.038
0.036
0.024
0.022
0.029
0.01
0.0017
0.025
0.028
0.013
0.012
0.025
0.026
0.017
0.011
-0.0033
-0.00069
0.0098
-0.0016
-0.004
0.015
0.018
0.0033
0.011
0.019
0.017
-0.0056
-0.0073
0.0031
0.011
0.022
0.019
-0.003
-0.015
-0.0021
-0.0097
-0.029
-0.024
-0.015
-0.02
-0.027
-0.019
-0.026
-0.043
-0.023
-0.0048
-0.013
-0.024
-0.026
-0.021
-0.01
-0.015
-0.032
-0.033
-0.027
-0.024
-0.023
-0.025
-0.027
-0.023
-0.019
-0.025
-0.028
-0.029
-0.024
-0.0033
-0.01
-0.039
-0.044
-0.018
-0.008
-0.033
-0.036
-0.02
-0.018
-0.032
-0.028
-0.015
-0.013
-0.025
-0.029
-0.0067
0.018
0.00087
-0.027
-0.016
-0.012
-0.031
-0.034
-0.019
-0.011
-0.03
-0.035
-0.013
-0.003
-0.0049
-0.0049
0.0051
0.0049
-0.01
-0.02
-0.014
-0.0041
-0.0096
-0.01
0.0022
0.0026
-0.024
-0.041
-0.037
-0.029
-0.029
-0.026
-0.01
-0.0053
-0.0091
-0.0058
-0.0014
-0.0025
-0.0061
0.0036
0.0084
0.0028
0.0035
-0.0022
0.0013
0.004
0.0017
-0.01
-0.012
-0.013
-0.0069
0.0057
0.022
0.033
0.023
0.0045
0.0023
0.0074
0.0056
0.0028
0.00072
0.0086
0.0099
0.0002
0.011
0.029
0.027
0.022
0.021
0.015
0.019
0.042
0.053
0.038
0.013
0.0081
0.027
0.024
0.022
0.038
0.032
0.0043
-0.00023
0.011
0.019
0.027
0.027
0.021
0.0065
-0.0065
0.0096
0.028
0.025
0.0065
-0.0045
0.0085
0.016
0.0089
0.0041
0.013
0.0079
0.0065
0.017
0.025
0.025
0.036
0.049
0.037
0.021
0.022
0.018
0.011
0.01
0.01
0.01
0.022
0.031
0.016
-0.0065
0.00026
0.015
0.0018
-0.0096
0.0012
0.027
0.043
0.027
0.01
0.012
0.017
-0.00063
-0.01
-0.00023
0.0026
0.0015
0.0078
0.027
0.027
0.012
-0.0041
-0.0067
0.0091
0.0062
-0.0064
-0.0011
0.02
0.025
0.0039
-0.0051
-0.011
-0.018
-0.027
-0.024
-0.02
-0.0053
0.011
-0.0025
-0.02
-0.014
0.0015
-0.0044
-0.023
-0.015
0.0029
-0.0034
-0.016
-0.012
-0.016
-0.024
-0.02
-0.015
-0.011
-0.0063
0.0052
0.0099
0.0013
-0.012
-0.013
0.0015
0.0013
0.00066
0.018
0.022
0.0036
-0.0013
0.0038
-0.008
-0.013
-0.0019
0.014
0.016
-0.0052
-0.016
-0.011
-0.0009
0.0015
-0.014
-0.021
-0.00096
0.012
0.0036
-0.0019
0.00026
0.0078
0.001
-0.0064
0.00029
0.021
0.016
-0.0034
0.0049
0.011
-0.019
-0.042
-0.032
-0.027
-0.03
-0.017
7.6e-005
-0.005
-0.023
-0.023
-0.026
-0.051
-0.06
-0.038
-0.00087
0.018
0.011
0.0098
0.012
0.0011
-0.015
-0.0087
-0.0077
-0.018
-0.0088
0.028
0.056
0.037
0.011
0.014
0.027
0.034
0.023
0.023
0.056
0.089
0.088
0.079
0.079
0.067
0.053
0.038
0.065
0.096
0.096
0.084
0.057
0.023
0.01
0.014
0.015
0.011
0.029
0.047
0.029
-0.0011
-0.00056
0.016
0.023
0.029
0.033
0.028
0.013
0.0091
0.024
0.034
0.025
0.0063
0.0019
0.0076
0.008
0.00014
0.012
0.025
0.029
0.018
-0.00035
-0.014
-0.019
0.0033
0.036
0.034
-0.0087
-0.047
-0.029
-0.00063
-0.0022
-0.012
0.002
0.024
-0.00044
-0.026
-0.017
0.0053
0.0038
-0.0013
0.0079
0.01
-0.0022
0.00023
0.012
0.015
0.013
0.0088
-0.0029
-0.012
-0.012
0.0046
0.026
0.036
0.03
0.0022
-0.02
-0.011
0.017
0.02
0.0032
-0.011
-0.0013
0.012
0.0057
0.011
0.014
0.0049
-0.0063
0.0037
0.0095
0.0039
0.0055
0.014
0.014
0.0052
0.014
0.021
0.016
0.033
0.046
0.036
0.024
0.039
0.067
0.071
0.061
0.042
0.031
0.03
0.041
0.05
0.065
0.062
0.031
0.0078
0.004
0.015
0.0054
-0.018
-0.017
-0.0013
-0.0077
-0.033
-0.043
-0.037
-0.019
-0.0047
-0.011
-0.031
-0.043
-0.029
-0.0065
-0.0011
-0.018
-0.025
-0.014
-0.0042
0.0049
0.0079
0.0047
0.00032
0.0088
0.0086
-0.016
-0.032
-0.015
0.02
0.033
0.013
-1.5e-005
0.011
0.027
0.012
-0.0062
0.013
0.035
0.031
0.013
1.5e-005
0.0051
0.027
0.037
0.026
0.015
0.04
0.071
0.054
0.016
-0.0078
-0.023
-0.017
0.0042
0.0074
-0.0014
0.007
0.027
0.028
0.00069
-0.02
-0.029
-0.035
-0.027
-0.0086
0.021
0.037
0.037
0.027
0.016
0.015
0.0027
1.5e-005
-0.0031
-0.012
0.0078
0.027
0.019
0.0063
-0.012
-0.021
-0.025
-0.037
-0.033
-0.019
-0.0085
0.035
0.042
0.0034
-0.017
-0.012
0.023
0.04
0.033
0.0019
0.0075
0.055
0.049
0.0066
-0.017
-0.023
-0.01
0.0024
-0.003
-0.014
-0.012
-0.0022
0.0042
-0.0051
-0.013
-0.011
-0.0045
0.0051
-0.0025
-0.012
0.0019
0.025
0.017
-0.011
-0.025
-0.017
-0.0002
-0.0018
-0.01
0.0005
0.024
0.023
-0.0031
-0.022
-0.024
-0.0039
0.029
0.034
0.023
0.026
0.044
0.056
0.041
0.021
0.027
0.04
0.04
0.048
0.047
0.044
0.038
0.029
0.034
0.055
0.054
0.028
0.0019
-0.014
-0.018
-0.014
-0.022
-0.051
-0.082
-0.08
-0.063
-0.058
-0.06
-0.062
-0.058
-0.046
-0.029
-0.017
-0.0025
0.0076
0.025
0.059
0.079
0.058
0.0071
-0.019
-0.02
0.00093
0.035
0.056
0.046
0.024
0.0054
-0.00053
-0.0029
-0.0077
-0.0069
0.011
0.013
0.0078
0.003
0.0077
0.022
0.015
0.00081
-0.014
-0.034
-0.042
-0.0021
0.051
0.071
0.046
0.00063
-0.023
-0.013
0.011
0.036
0.043
0.032
0.029
0.022
-0.0053
-0.024
-0.012
0.015
0.026
-0.0027
-0.041
-0.038
-0.0097
0.00035
-0.018
-0.043
-0.053
-0.048
-0.043
-0.027
-0.0096
-0.012
-0.038
-0.071
-0.1
-0.11
-0.077
-0.057
-0.06
-0.073
-0.077
-0.059
-0.064
-0.11
-0.18
-0.22
-0.24
-0.26
-0.29
-0.33
-0.39
-0.44
-0.46
-0.45
-0.42
-0.35
-0.24
-0.11
-0.057
-0.11
-0.21
-0.3
-0.33
-0.29
-0.19
-0.065
0.054
0.13
0.13
0.061
-0.02
-0.043
-0.027
0.013
0.077
0.092
0.011
-0.037
-0.031
-0.00093
0.1
0.097
-0.01
-0.076
-0.0034
0.24
0.46
0.43
0.12
-0.32
-0.52
-0.24
0.19
0.42
0.4
0.3
0.29
0.32
0.27
0.14
-0.004
-0.054
-0.023
0.05
0.098
0.076
-0.012
-0.093
-0.017
0.25
0.59
0.91
0.99
0.98
0.98
0.99
0.95
0.45
-0.41
-0.91
-0.94
-0.88
-0.74
-0.87
-0.93
-0.92
-0.93
-0.92
-0.92
-0.92
-0.91
-0.9
-0.89
-0.86
-0.85
-0.84
-0.84
-0.34
0.35
0.52
0.32
0.11
0.21
0.41
0.29
-0.093
-0.41
-0.47
-0.34
-0.22
-0.21
-0.18
-0.063
0.15
0.41
0.59
0.58
0.46
0.34
0.27
0.17
-0.02
-0.27
-0.47
-0.49
-0.37
-0.3
-0.35
-0.42
-0.43
-0.36
-0.26
-0.23
-0.28
-0.32
-0.27
-0.16
-0.075
-0.031
0.012
0.065
0.12
0.11
0.045
-0.033
-0.09
-0.11
-0.12
-0.12
-0.15
-0.18
-0.18
-0.18
-0.17
-0.15
-0.13
-0.097
-0.069
-0.042
-0.011
0.033
0.047
0.0085
-0.07
-0.15
-0.21
-0.28
-0.36
-0.45
-0.48
-0.43
-0.37
-0.36
-0.43
-0.52
-0.57
-0.57
-0.51
-0.43
-0.36
-0.3
-0.21
-0.028
0.2
0.32
0.34
0.33
0.35
0.38
0.34
0.22
0.092
0.035
0.067
0.085
0.024
-0.069
-0.12
-0.12
-0.12
-0.18
-0.28
-0.36
-0.39
-0.4
-0.42
-0.43
-0.39
-0.33
-0.29
-0.27
-0.26
-0.25
-0.24
-0.22
-0.19
-0.15
-0.1
-0.055
-0.034
-0.042
-0.067
-0.064
-0.023
0.005
-1.5e-005
-0.011
-0.023
-0.038
-0.032
0.011
0.064
0.099
0.091
0.058
0.026
0.017
0.03
0.032
0.0018
-0.04
-0.069
-0.098
-0.11
-0.11
-0.1
-0.11
-0.15
-0.21
-0.25
-0.26
-0.26
-0.24
-0.24
-0.26
-0.3
-0.32
-0.3
-0.25
-0.22
-0.23
-0.27
-0.29
-0.27
-0.23
-0.21
-0.21
-0.19
-0.16
-0.12
-0.063
-0.024
-0.033
-0.076
-0.1
-0.095
-0.073
-0.053
-0.045
-0.033
-0.0012
0.019
0.014
-0.0019
-0.023
-0.036
-0.056
-0.087
-0.098
-0.074
-0.057
-0.081
-0.13
-0.18
-0.2
-0.2
-0.17
-0.13
-0.096
-0.094
-0.11
-0.13
-0.14
-0.14
-0.13
-0.12
-0.11
-0.12
-0.12
-0.12
-0.11
-0.11
-0.14
-0.15
-0.13
-0.1
-0.092
-0.095
-0.092
-0.074
-0.062
-0.078
-0.1
-0.12
-0.09
-0.063
-0.058
-0.064
-0.081
-0.098
-0.1
-0.11
-0.12
-0.11
-0.074
-0.047
-0.047
-0.053
-0.048
-0.049
-0.051
-0.051
-0.056
-0.048
-0.037
-0.035
-0.047
-0.058
-0.061
-0.065
-0.08
-0.097
-0.098
-0.069
-0.04
-0.056
-0.077
-0.087
-0.084
-0.051
-0.015
-0.0078
-0.013
0.0037
0.037
0.052
0.05
0.031
0.0054
-0.0097
-0.0054
0.0067
0.024
0.038
0.028
0.003
-0.0087
-0.0082
-0.014
-0.022
-0.014
0.012
0.036
0.041
0.038
0.037
0.037
0.048
0.057
0.052
0.04
0.052
0.071
0.078
0.073
0.061
0.06
0.059
0.06
0.069
0.082
0.084
0.076
0.073
0.06
0.04
0.021
0.017
0.025
0.031
0.022
-0.00096
-0.0081
0.002
0.0058
-0.0026
-0.011
-0.011
-0.032
-0.052
-0.057
-0.049
-0.042
-0.048
-0.052
-0.052
-0.045
-0.056
-0.064
-0.05
-0.051
-0.066
-0.064
-0.047
-0.053
-0.061
-0.044
-0.022
-0.013
-0.017
-0.02
-0.033
-0.03
-0.013
-0.0023
0.00093
0.0096
0.025
0.041
0.048
0.03
0.013
0.013
0.018
0.015
0.02
0.028
0.03
0.036
0.032
0.023
0.027
0.036
0.031
0.0094
0.0042
0.017
0.022
0.0063
-0.0087
-0.0011
0.00056
0.0095
0.024
0.045
0.065
0.065
0.046
0.034
0.031
0.013
0.0056
0.033
0.065
0.07
0.05
0.017
-0.021
-0.039
-0.024
0.0012
0.012
0.002
-0.0071
0.01
0.039
0.04
0.01
-0.015
-0.017
-0.0056
-0.0059
-0.015
-0.014
0.0023
0.023
0.024
0.0046
-0.023
-0.038
-0.021
0.016
0.037
0.01
-0.031
-0.042
-0.024
-0.0015
0.0084
0.027
0.033
0.018
-0.01
-0.032
-0.037
-0.024
-0.023
-0.047
-0.075
-0.071
-0.037
-0.0085
-0.0065
-0.03
-0.057
-0.071
-0.06
-0.044
-0.031
-0.011
0.0032
0.00023
-0.0086
0.0017
0.015
0.0041
-0.021
-0.047
-0.049
-0.027
-0.0099
-0.021
-0.05
-0.066
-0.079
-0.087
-0.08
-0.059
-0.04
-0.02
-0.012
-0.025
-0.032
-0.036
-0.04
-0.027
-0.021
-0.038
-0.064
-0.065
-0.029
0.0021
0.025
0.028
0.025
0.037
0.064
0.087
0.11
0.13
0.13
0.12
0.12
0.11
0.085
0.066
0.075
0.1
0.12
0.12
0.12
0.12
0.14
0.17
0.17
0.16
0.17
0.2
0.24
0.26
0.27
0.27
0.28
0.29
0.32
0.36
0.38
0.4
0.42
0.44
0.46
0.48
0.51
0.56
0.62
0.67
0.7
0.71
0.69
0.59
0.32
-0.063
-0.54
-0.8
-0.8
-0.81
-0.8
-0.8
-0.8
-0.8
-0.79
-0.8
-0.78
-0.78
-0.62
-0.28
-0.014
0.15
0.2
0.14
0.044
-0.0031
-0.031
-0.079
-0.17
-0.25
-0.3
-0.29
-0.22
-0.086
0.041
0.12
0.16
0.19
0.23
0.25
0.22
0.17
0.15
0.15
0.16
0.18
0.17
0.15
0.15
0.16
0.16
0.16
0.12
0.064
-0.0014
-0.067
-0.13
-0.2
-0.25
-0.26
-0.26
-0.26
-0.26
-0.24
-0.2
-0.16
-0.12
-0.084
-0.038
-0.0062
0.012
0.034
0.06
0.07
0.054
0.034
0.035
0.051
0.068
0.072
0.063
0.062
0.08
0.12
0.15
0.14
0.11
0.069
0.071
0.073
0.045
-0.00078
-0.034
-0.049
-0.056
-0.076
-0.12
-0.17
-0.21
-0.22
-0.21
-0.2
-0.2
-0.2
-0.19
-0.18
-0.18
-0.17
-0.15
-0.14
-0.11
-0.06
-0.036
-0.034
-0.028
-0.013
0.0063
0.0052
0.00047
-0.0029
-0.011
0.0024
0.024
0.03
0.047
0.057
0.035
0.028
0.047
0.079
0.086
0.07
0.057
0.036
0.0027
-0.027
-0.038
-0.054
-0.07
-0.075
-0.066
-0.049
-0.054
-0.057
-0.04
-0.017
0.02
0.064
0.082
0.093
0.11
0.12
0.13
0.12
0.11
0.11
0.084
0.053
0.041
0.039
0.061
0.088
0.085
0.068
0.056
0.039
0.055
0.088
0.12
0.14
0.14
0.15
0.14
0.11
0.057
0.011
-0.013
-0.016
-0.019
-0.031
-0.04
-0.059
-0.072
-0.08
-0.095
-0.089
-0.066
-0.047
-0.036
-0.022
-0.013
-0.014
-0.0096
-0.014
-0.016
-0.027
-0.043
-0.046
-0.042
-0.032
-0.02
-0.017
-0.009
-0.017
-0.041
-0.052
-0.046
-0.038
-0.017
-0.017
-0.034
-0.043
-0.063
-0.086
-0.099
-0.089
-0.067
-0.04
-0.026
-0.016
-0.017
-0.02
-0.014
-0.023
-0.034
-0.047
-0.062
-0.065
-0.07
-0.081
-0.075
-0.049
-0.04
-0.05
-0.061
-0.055
-0.042
-0.029
-0.0033
0.021
0.032
0.049
0.075
0.094
0.11
0.11
0.098
0.1
0.11
0.11
0.1
0.11
0.11
0.096
0.09
0.085
0.078
0.084
0.085
0.092
0.11
0.14
0.15
0.15
0.15
0.14
0.11
0.091
0.091
0.1
0.12
0.12
0.088
0.061
0.056
0.069
0.084
0.098
0.11
0.12
0.13
0.12
0.11
0.098
0.1
0.11
0.11
0.089
0.076
0.081
0.09
0.085
0.059
0.046
0.071
0.091
0.094
0.093
0.1
0.1
0.089
0.076
0.058
0.05
0.06
0.083
0.081
0.071
0.06
0.033
0.04
0.065
0.073
0.075
0.073
0.062
0.054
0.043
0.019
0.0052
-0.012
-0.011
0.0048
0.012
0.0065
0.0027
0.01
0.022
0.029
0.031
0.032
0.0073
-0.016
0.00063
0.02
0.012
-0.0063
-0.0036
-0.0077
-0.015
-0.014
-0.0087
0.0098
0.038
0.056
0.048
0.022
0.00041
-0.011
-0.0012
0.015
0.018
0.017
0.027
0.035
0.027
0.011
0.0033
-0.0031
0.0025
0.017
0.02
0.018
0.02
0.026
0.035
0.036
0.045
0.056
0.05
0.038
0.039
0.06
0.073
0.081
0.089
0.08
0.05
0.0071
-0.013
-0.0036
0.0074
0.024
0.063
0.1
0.11
0.098
0.087
0.093
0.1
0.082
0.058
0.066
0.079
0.066
0.041
0.031
0.036
0.068
0.096
0.11
0.13
0.14
0.12
0.079
0.051
0.037
0.026
0.021
0.027
0.033
0.029
0.053
0.083
0.089
0.064
0.037
0.024
0.041
0.067
0.093
0.12
0.14
0.14
0.12
0.1
0.092
0.09
0.082
0.062
0.04
0.03
0.043
0.06
0.071
0.075
0.072
0.087
0.1
0.1
0.096
0.082
0.065
0.068
0.078
0.071
0.072
0.069
0.061
0.063
0.063
0.071
0.078
0.078
0.062
0.044
0.057
0.095
0.12
0.11
0.1
0.093
0.075
0.079
0.078
0.078
0.078
0.082
0.1
0.11
0.11
0.087
0.084
0.097
0.12
0.14
0.13
0.11
0.095
0.098
0.09
0.08
0.075
0.079
0.076
0.066
0.056
0.036
0.024
0.022
0.019
0.0085
-0.012
-0.0085
0.036
0.079
0.097
0.087
0.062
0.042
0.038
0.032
0.03
0.021
0.014
0.024
0.042
0.054
0.053
0.043
0.033
0.042
0.041
0.021
0.0067
0.009
0.028
0.031
0.021
0.014
0.029
0.046
0.059
0.069
0.066
0.062
0.069
0.088
0.097
0.09
0.068
0.049
0.07
0.1
0.1
0.09
0.079
0.081
0.088
0.094
0.084
0.075
0.084
0.087
0.072
0.055
0.051
0.05
0.065
0.083
0.098
0.11
0.092
0.073
0.067
0.069
0.047
0.025
0.041
0.073
0.087
0.071
0.052
0.036
0.035
0.035
0.019
0.013
0.02
0.043
0.061
0.054
0.027
0.0079
-0.0028
-0.013
-0.0059
0.018
0.037
0.024
-0.00017
-0.0088
-0.004
0.011
0.025
0.038
0.027
-0.005
-0.018
-0.0066
-0.0065
-0.028
-0.04
-0.045
-0.038
-0.03
-0.026
-0.02
-0.0071
0.0083
-0.0011
-0.016
-0.03
-0.049
-0.053
-0.042
-0.031
-0.022
-0.013
-0.0097
0.0016
0.022
0.019
-0.012
-0.055
-0.084
-0.095
-0.093
-0.075
-0.07
-0.067
-0.049
-0.022
-0.023
-0.034
-0.048
-0.07
-0.075
-0.071
-0.066
-0.07
-0.085
-0.1
-0.11
-0.091
-0.064
-0.053
-0.04
-0.024
-0.031
-0.046
-0.04
-0.038
-0.048
-0.068
-0.091
-0.11
-0.12
-0.097
-0.079
-0.045
-0.028
-0.033
-0.033
-0.021
-0.024
-0.035
-0.014
-0.01
-0.04
-0.069
-0.068
-0.066
-0.064
-0.044
-0.023
-0.0021
0.018
0.043
0.07
0.085
0.08
0.053
0.025
-0.00044
-0.026
-0.047
-0.046
-0.025
-0.00093
0.039
0.065
0.061
0.047
0.022
0.016
0.021
0.044
0.078
0.081
0.062
0.044
0.04
0.039
0.05
0.068
0.078
0.087
0.074
0.04
0.03
0.048
0.057
0.043
0.017
0.022
0.051
0.07
0.085
0.11
0.13
0.13
0.12
0.095
0.075
0.06
0.054
0.059
0.065
0.068
0.077
0.087
0.083
0.052
0.036
0.057
0.095
0.11
0.068
0.013
-0.02
-0.021
-0.0031
0.028
0.066
0.1
0.11
0.093
0.093
0.093
0.079
0.064
0.053
0.04
0.032
0.028
0.016
0.0037
0.0074
0.029
0.054
0.067
0.052
0.036
0.047
0.055
0.042
0.016
-0.001
0.0033
0.01
0.0077
-0.00099
0.00044
0.021
0.044
0.05
0.038
0.025
0.017
0.031
0.042
0.026
0.019
0.017
0.025
0.035
0.032
0.011
0.0095
0.027
0.042
0.053
0.072
0.089
0.072
0.042
0.028
0.015
0.0084
0.019
0.044
0.049
0.025
0.012
0.028
0.06
0.075
0.054
0.02
-0.0018
0.0049
0.03
0.054
0.069
0.054
0.01
0.00032
0.03
0.051
0.048
0.027
0.021
0.037
0.061
0.076
0.084
0.089
0.092
0.098
0.086
0.047
0.0015
-0.0094
0.007
0.011
0.012
0.019
0.029
0.051
0.079
0.089
0.07
0.046
0.044
0.057
0.063
0.056
0.038
0.041
0.068
0.086
0.1
0.11
0.083
0.051
0.034
0.042
0.046
0.031
0.029
0.047
0.066
0.085
0.084
0.068
0.062
0.068
0.074
0.068
0.061
0.059
0.084
0.11
0.1
0.1
0.13
0.14
0.1
0.078
0.068
0.067
0.087
0.089
0.076
0.08
0.099
0.11
0.1
0.091
0.071
0.054
0.045
0.051
0.065
0.092
0.12
0.13
0.12
0.11
0.12
0.11
0.085
0.077
0.076
0.073
0.083
0.085
0.073
0.072
0.086
0.091
0.074
0.059
0.059
0.056
0.044
0.032
0.053
0.1
0.13
0.13
0.11
0.083
0.062
0.083
0.12
0.14
0.13
0.11
0.078
0.063
0.069
0.075
0.064
0.066
0.11
0.17
0.19
0.16
0.15
0.14
0.13
0.1
0.056
0.01
-0.0065
0.01
0.038
0.062
0.087
0.1
0.11
0.11
0.1
0.096
0.088
0.071
0.066
0.06
0.052
0.054
0.049
0.019
-0.014
0.014
0.068
0.083
0.075
0.075
0.069
0.06
0.055
0.042
0.039
0.05
0.072
0.096
0.11
0.088
0.034
-0.0054
-0.0083
0.0034
0.022
0.034
0.028
0.017
0.024
0.035
0.025
0.0022
-0.029
-0.032
-0.0073
0.012
0.018
0.021
0.01
-0.008
-0.018
-0.035
-0.047
-0.044
-0.044
-0.042
-0.039
-0.043
-0.032
-0.022
-0.044
-0.071
-0.078
-0.071
-0.054
-0.048
-0.057
-0.047
-0.024
-0.019
-0.04
-0.066
-0.078
-0.064
-0.038
-0.025
-0.028
-0.046
-0.072
-0.093
-0.093
-0.097
-0.12
-0.14
-0.13
-0.087
-0.04
0.0021
0.01
-0.016
-0.078
-0.13
-0.16
-0.16
-0.1
-0.06
-0.048
-0.05
-0.063
-0.059
-0.024
0.012
7.6e-005
-0.085
-0.16
-0.18
-0.11
0.0052
0.083
0.094
0.069
0.044
0.032
0.017
-0.027
-0.084
-0.12
-0.11
-0.033
0.055
0.099
0.1
0.072
0.025
0.00087
0.016
0.038
0.048
0.057
0.047
0.00014
-0.052
-0.038
0.0081
0.05
0.12
0.19
0.2
0.17
0.13
0.094
0.065
0.048
0.051
0.044
0.032
0.035
0.062
0.1
0.12
0.1
0.087
0.063
0.06
0.083
0.099
0.1
0.094
0.096
0.12
0.14
0.15
0.14
0.13
0.12
0.13
0.15
0.14
0.11
0.098
0.12
0.13
0.11
0.089
0.093
0.12
0.13
0.11
0.095
0.1
0.12
0.14
0.14
0.11
0.08
0.059
0.051
0.055
0.074
0.087
0.076
0.072
0.055
0.014
-0.0026
0.023
0.061
0.079
0.093
0.082
0.056
0.046
0.05
0.063
0.067
0.057
0.045
0.068
0.11
0.099
0.063
0.033
0.012
0.0099
0.047
0.076
0.068
0.041
0.035
0.03
0.019
0.022
0.017
0.025
0.062
0.093
0.1
0.097
0.073
0.048
0.046
0.041
0.028
0.0099
0.025
0.049
0.043
0.036
0.021
0.023
0.042
0.041
0.036
0.043
0.06
0.088
0.11
0.087
0.04
0.014
0.0068
-0.0042
-0.017
-0.015
-0.0057
0.027
0.068
0.1
0.12
0.095
0.067
0.077
0.1
0.099
0.059
-0.015
-0.079
-0.098
-0.079
-0.035
-0.002
0.041
0.087
0.099
0.11
0.099
0.065
0.034
0.012
-0.011
-0.039
-0.05
-0.054
-0.055
-0.035
-0.017
-0.013
-0.018
-0.043
-0.08
-0.091
-0.064
-0.022
0.013
0.011
-0.0064
-0.021
-0.016
0.0074
0.016
0.0042
-0.023
-0.044
-0.063
-0.064
-0.039
-0.014
-0.023
-0.046
-0.034
0.00066
0.012
0.011
0.02
0.0045
-0.037
-0.053
-0.034
-0.0062
-0.00066
-0.02
-0.029
-0.057
-0.087
-0.074
-0.045
-0.052
-0.082
-0.11
-0.11
-0.1
-0.091
-0.077
-0.071
-0.058
-0.056
-0.062
-0.063
-0.064
-0.061
-0.054
-0.056
-0.079
-0.1
-0.1
-0.097
-0.099
-0.11
-0.11
-0.11
-0.095
-0.063
-0.041
-0.033
-0.041
-0.049
-0.06
-0.064
-0.07
-0.065
-0.05
-0.046
-0.046
-0.041
-0.019
0.02
0.047
0.037
0.017
0.0055
0.0023
0.0051
0.006
0.0054
0.011
0.019
0.033
0.043
0.031
0.017
0.014
0.033
0.052
0.069
0.068
0.061
0.054
0.049
0.049
0.045
0.048
0.054
0.048
0.046
0.055
0.055
0.052
0.07
0.08
0.086
0.11
0.11
0.1
0.097
0.1
0.1
0.082
0.07
0.085
0.094
0.097
0.1
0.097
0.096
0.093
0.084
0.08
0.076
0.066
0.056
0.065
0.079
0.089
0.084
0.067
0.051
0.049
0.053
0.036
0.015
0.011
0.031
0.058
0.08
0.08
0.05
0.033
0.023
0.01
-0.0083
-0.012
-0.012
-0.015
-0.011
-0.0066
-0.0014
0.0094
0.023
0.029
0.024
0.013
-0.0092
-0.017
-0.015
-0.02
-0.029
-0.035
-0.037
-0.021
0.018
0.029
0.024
0.027
0.03
0.025
0.0062
0.0067
0.018
0.027
0.041
0.055
0.053
0.029
0.018
0.029
0.035
0.035
0.041
0.045
0.036
0.024
0.019
0.036
0.061
0.072
0.061
0.048
0.058
0.065
0.065
0.067
0.062
0.055
0.051
0.052
0.049
0.058
0.074
0.068
0.058
0.039
0.015
0.0068
0.0095
-0.0032
-0.00044
0.021
0.024
0.028
0.032
0.033
0.039
0.057
0.058
0.025
0.0077
0.021
0.017
0.0072
0.0071
-0.019
-0.045
-0.038
-0.016
0.011
0.023
0.027
0.042
0.063
0.078
0.063
0.034
-0.0036
-0.04
-0.055
-0.033
-0.0077
0.011
0.04
0.06
0.07
0.089
0.11
0.11
0.075
0.029
-0.022
-0.045
-0.044
-0.052
-0.046
-0.009
0.057
0.1
0.076
-0.014
-0.068
-0.052
0.02
0.085
0.093
0.069
0.017
-0.01
-0.00032
0.023
0.058
0.072
0.06
0.04
0.013
-0.014
0.0045
0.028
0.012
0.00075
-0.0096
-0.021
-0.0065
0.017
0.022
0.0089
-0.0094
-0.019
-0.018
-0.0043
0.018
0.028
0.016
0.0033
0.015
0.065
0.086
0.029
-0.032
-0.037
-0.0077
-0.0032
-0.027
-0.03
-0.02
-0.008
-0.012
-0.0098
0.0028
0.014
0.024
0.026
0.026
0.028
0.031
0.027
0.024
0.012
0.0074
0.017
0.041
0.072
0.07
0.038
0.013
0.0065
0.0036
0.00011
0.011
0.036
0.053
0.043
0.026
0.014
0.01
0.025
0.046
0.052
0.05
0.06
0.056
0.038
0.013
-0.0031
0.02
0.048
0.069
0.068
0.054
0.049
0.057
0.053
0.027
0.011
0.02
0.046
0.062
0.059
0.055
0.053
0.061
0.059
0.044
0.02
-0.0046
-0.011
-0.0018
0.0024
0.0025
0.017
0.021
0.013
0.016
0.016
0.006
0.00044
0.017
0.04
0.056
0.055
0.037
0.019
0.014
0.031
0.041
0.033
0.026
0.015
-0.012
-0.034
-0.031
-0.0076
0.035
0.068
0.081
0.09
0.07
0.042
0.035
0.043
0.052
0.051
0.037
0.039
0.063
0.062
0.059
0.076
0.082
0.054
-0.009
-0.055
-0.061
-0.039
-0.02
-0.016
-0.012
0.012
0.053
0.071
0.063
0.044
0.03
0.023
0.0011
-0.025
-0.037
-0.03
-0.017
0.00011
0.022
0.045
0.068
0.067
0.057
0.044
0.033
0.017
-0.015
-0.036
-0.041
-0.022
0.0055
0.015
0.012
0.023
0.037
0.036
0.033
0.017
-0.015
-0.039
-0.017
0.012
0.018
0.018
0.019
0.029
0.028
0.006
-0.0066
0.0061
0.036
0.053
0.052
0.029
-0.0059
-0.031
-0.021
-0.0087
0.0029
0.026
0.032
0.011
-0.0063
0.0029
0.017
0.011
0.0085
0.017
0.0011
-0.019
-0.0062
0.017
0.024
0.022
0.0028
-0.014
-0.013
0.011
0.036
0.043
0.055
0.056
0.051
0.056
0.073
0.086
0.071
0.046
0.021
-0.0047
-0.038
-0.061
-0.057
-0.038
-0.013
-0.011
0.0035
0.045
0.094
0.12
0.1
0.08
0.072
0.062
0.043
0.042
0.062
0.064
0.044
0.04
0.066
0.074
0.042
-0.0053
-0.042
-0.027
0.014
0.038
0.056
0.068
0.072
0.088
0.1
0.086
0.045
0.0058
-0.022
-0.048
-0.055
-0.05
-0.052
-0.04
0.004
0.058
0.085
0.089
0.07
0.049
0.04
0.027
0.027
0.042
0.062
0.052
0.027
0.013
0.009
0.032
0.047
0.044
0.037
0.031
0.03
0.032
0.032
0.022
0.036
0.054
0.069
0.066
0.046
0.041
0.047
0.046
0.037
0.016
-0.0074
-0.014
-0.013
-0.0027
0.013
0.041
0.061
0.038
-0.0015
-0.018
-0.021
-0.024
-0.035
-0.05
-0.045
-0.021
-0.01
-0.023
-0.029
-0.017
0.012
0.0074
-0.03
-0.049
-0.042
-0.021
-0.0095
-0.0082
-0.017
-0.019
0.0083
0.042
0.049
0.042
0.037
0.03
0.025
0.028
0.016
-0.00038
0.00075
0.013
0.025
0.028
0.012
-0.00078
0.0033
0.0034
0.0061
0.0076
0.01
0.026
0.021
0.00087
-0.0087
-0.018
-0.036
-0.051
-0.046
-0.013
0.03
0.044
0.048
0.054
0.042
0.029
0.015
-0.006
-0.02
-0.0088
0.0015
0.0051
-0.0039
-0.028
-0.047
-0.054
-0.033
-0.013
-0.0043
-0.012
-0.021
-0.03
-0.026
-0.00087
0.011
0.014
-0.0019
-0.02
-0.018
-0.00087
0.019
0.013
-0.0042
-0.025
-0.046
-0.053
-0.03
-0.021
-0.024
-0.015
-0.016
-0.03
-0.042
-0.044
-0.056
-0.062
-0.034
4.6e-005
0.012
0.0082
-0.00078
-0.034
-0.064
-0.064
-0.059
-0.058
-0.048
-0.026
-0.013
-0.0051
0.0051
0.014
0.016
0.0029
-0.0085
-0.019
-0.043
-0.063
-0.07
-0.063
-0.055
-0.052
-0.054
-0.049
-0.046
-0.056
-0.059
-0.053
-0.019
0.02
0.022
0.0002
-0.015
-0.013
-0.0015
0.019
0.037
0.046
0.033
0.017
0.015
0.022
0.032
0.029
0.037
0.054
0.03
-0.011
-0.026
-0.021
-0.01
0.018
0.036
0.036
0.042
0.054
0.063
0.047
0.033
0.05
0.07
0.07
0.061
0.069
0.075
0.072
0.067
0.062
0.066
0.058
0.049
0.071
0.11
0.12
0.11
0.11
0.12
0.15
0.14
0.095
0.041
0.011
0.026
0.048
0.059
0.052
0.033
0.02
0.044
0.072
0.088
0.098
0.08
0.042
0.0088
-0.018
-0.033
-0.02
0.012
0.039
0.056
0.082
0.091
0.048
-0.0025
-0.019
-0.019
-0.029
-0.04
-0.029
0.0014
0.026
0.029
0.039
0.063
0.07
0.058
0.03
0.0027
-0.019
-0.029
-0.021
-0.012
-0.005
0.003
0.019
0.04
0.053
0.055
0.028
-0.005
-0.023
-0.028
-0.034
-0.037
-0.039
-0.048
-0.037
0.0029
0.043
0.04
0.01
-0.01
-0.02
-0.019
-0.014
-0.018
-0.027
-0.036
-0.025
0.0032
0.01
0.00066
0.0087
0.022
0.02
0.016
0.017
0.018
0.019
0.014
0.019
0.023
-0.0015
-0.03
-0.036
-0.036
-0.032
-0.04
-0.041
-0.02
-0.012
-0.028
-0.036
-0.023
-0.0097
0.0023
0.011
0.024
0.046
0.059
0.067
0.054
0.045
0.046
0.036
0.02
0.0043
-0.008
-0.024
-0.026
-0.031
-0.025
-0.00014
0.027
0.035
0.033
0.033
0.025
0.011
-0.0072
-0.013
-0.0069
0.017
0.042
0.038
0.013
-0.017
-0.035
-0.021
0.011
0.028
0.027
0.015
-0.0021
-0.0028
0.0069
0.025
0.04
0.024
0.01
0.017
0.027
0.023
0.009
-0.0079
-0.013
0.0077
0.021
0.018
0.016
0.024
0.033
0.028
0.017
0.0035
-0.01
-0.023
-0.017
0.016
0.04
0.038
0.021
0.017
0.015
0.0094
0.026
0.045
0.042
0.038
0.032
0.036
0.046
0.044
0.039
0.022
-0.011
-0.037
-0.047
-0.036
-0.009
0.012
0.027
0.035
0.044
0.046
0.047
0.052
0.053
0.051
0.035
0.012
-0.00087
0.0024
0.0097
0.011
0.019
0.029
0.035
0.041
0.052
0.064
0.061
0.046
0.047
0.076
0.083
0.06
0.034
0.014
-0.0025
-0.019
-0.023
-0.015
-0.0068
-0.022
-0.018
0.013
0.038
0.045
0.036
0.03
0.018
0.0092
0.013
0.023
0.023
0.037
0.07
0.074
0.07
0.077
0.061
0.042
0.058
0.078
0.068
0.055
0.05
0.041
0.054
0.072
0.091
0.11
0.091
0.077
0.092
0.099
0.097
0.086
0.058
0.042
0.033
0.031
0.03
0.019
0.024
0.034
0.052
0.064
0.056
0.035
0.038
0.075
0.1
0.098
0.059
0.0038
-0.021
-0.0031
0.031
0.063
0.079
0.075
0.068
0.075
0.082
0.077
0.075
0.066
0.042
0.011
-0.015
-0.015
0.0059
0.028
0.035
0.051
0.071
0.057
0.024
-0.0022
-0.015
-0.002
0.022
0.041
0.038
0.017
0.00078
0.013
0.05
0.08
0.068
0.012
-0.04
-0.073
-0.095
-0.085
-0.06
-0.031
-0.01
0.004
-0.00081
-0.016
-0.016
-0.0041
0.0013
-0.025
-0.041
-0.022
0.0044
0.017
0.021
0.013
-0.01
-0.039
-0.056
-0.054
-0.045
-0.029
-0.015
-0.015
-0.013
-0.00099
0.002
-0.0093
-0.0098
0.0028
0.022
0.027
0.0047
-0.006
0.0064
0.016
0.014
0.012
0.026
0.018
-0.0088
-0.023
-0.03
-0.03
-0.02
-0.0081
-0.011
-0.024
-0.036
-0.049
-0.048
-0.038
-0.023
-0.013
-0.019
-0.037
-0.029
0.0025
0.024
0.026
0.022
0.032
0.037
0.024
0.0069
-0.012
-0.033
-0.032
-0.0086
0.015
0.025
0.024
0.025
0.047
0.07
0.082
0.066
0.028
-0.00053
-0.019
-0.04
-0.045
-0.03
-0.015
0.00087
0.0059
-0.0022
-0.0039
-0.0015
0.0064
0.012
0.023
0.027
0.024
0.02
0.022
0.03
0.029
0.025
0.033
0.044
0.043
0.021
0.011
-0.0053
-0.017
-0.011
-0.0088
-0.01
-0.014
-0.011
-0.0092
0.0016
0.017
0.038
0.063
0.079
0.076
0.068
0.059
0.037
0.017
0.0018
0.011
0.027
0.033
0.043
0.041
0.042
0.046
0.03
0.026
0.04
0.05
0.039
0.028
0.038
0.061
0.072
0.05
0.028
0.021
0.021
0.029
0.037
0.045
0.043
0.02
-0.0034
-0.011
-0.0016
0.022
0.045
0.053
0.05
0.031
0.0063
-0.018
-0.036
-0.048
-0.061
-0.063
-0.055
-0.041
-0.019
0.02
0.056
0.05
0.022
-0.0023
-0.018
-0.031
-0.048
-0.066
-0.083
-0.082
-0.043
0.0051
0.0081
-0.016
-0.023
-0.017
-0.0085
-0.011
-0.028
-0.043
-0.028
0.0093
0.039
0.049
0.048
0.042
0.033
0.033
0.021
-0.0054
-0.015
-0.0058
0.0027
0.01
0.019
0.03
0.029
0.0011
-0.023
-0.017
-0.0062
0.0073
0.0095
0.00014
-0.012
-0.029
-0.046
-0.036
-0.0018
0.017
0.019
0.012
-0.0039
-0.027
-0.04
-0.033
-0.027
-0.017
0.0012
0.018
0.023
0.032
0.048
0.053
0.061
0.07
0.06
0.027
0.0049
0.015
0.041
0.058
0.058
0.069
0.088
0.091
0.085
0.066
0.041
0.017
0.013
0.022
0.027
0.029
0.022
0.016
0.011
0.022
0.044
0.068
0.072
0.04
0.00087
-0.018
0.0079
0.04
0.052
0.043
0.01
-0.014
-0.024
-0.017
-0.0087
-0.025
-0.047
-0.035
-0.0087
-0.00017
0.012
0.041
0.065
0.053
0.045
0.051
0.033
-0.0035
-0.021
-0.012
-0.0038
0.0051
0.017
0.014
-0.0059
-0.04
-0.061
-0.056
-0.031
0.00014
0.018
0.025
0.023
0.031
0.045
0.058
0.05
0.021
-0.008
-0.017
0.005
0.024
0.013
0.00075
-0.0064
-0.0045
0.0025
0.00078
-0.018
-0.038
-0.058
-0.059
-0.028
-0.019
-0.028
-0.03
-0.024
-0.0064
0.022
0.04
0.04
0.027
0.0047
-0.022
-0.065
-0.081
-0.071
-0.048
-0.021
-0.0051
0.01
0.011
-0.011
-0.019
-0.0073
-0.015
-0.057
-0.096
-0.11
-0.084
-0.028
0.0079
0.019
0.0025
-0.015
-0.023
-0.028
-0.029
-0.036
-0.039
-0.027
-0.014
-0.025
-0.043
-0.041
-0.029
-0.012
-0.011
-0.018
-0.026
-0.028
-0.014
0.0063
-0.0053
-0.028
-0.023
-0.015
-0.019
-0.017
-0.00023
0.015
0.019
0.029
0.031
1.5e-005
-0.03
-0.025
-0.017
-0.014
0.0044
0.0092
-0.01
-0.042
-0.061
-0.045
-0.028
-0.016
0.001
0.013
0.0068
0.0025
-0.014
-0.048
-0.071
-0.067
-0.046
-0.046
-0.06
-0.059
-0.032
-0.016
-0.014
-0.0098
-0.0036
0.0074
0.019
0.033
0.064
0.059
0.028
0.017
0.0098
-0.006
-0.0052
0.015
0.042
0.052
0.048
0.043
0.028
0.021
0.024
0.023
0.012
-0.0077
0.0026
0.041
0.063
0.051
0.046
0.055
0.048
0.043
0.026
-0.00029
-0.011
-0.011
-0.0038
0.013
0.018
0.0028
0.0028
0.0092
-0.015
-0.033
-0.021
-0.0061
0.0045
0.017
0.03
0.03
0.014
0.0027
0.0048
-0.012
-0.053
-0.079
-0.074
-0.043
-0.011
0.029
0.044
0.002
-0.065
-0.11
-0.12
-0.1
-0.084
-0.071
-0.045
-0.036
-0.052
-0.078
-0.091
-0.082
-0.073
-0.044
-0.0048
0.014
0.01
0.021
0.016
-0.036
-0.096
-0.13
-0.13
-0.078
0.001
0.058
0.071
0.07
0.067
0.06
0.041
0.02
0.015
-0.00075
-0.026
-0.046
-0.056
-0.031
0.031
0.076
0.095
0.086
0.069
0.065
0.067
0.08
0.079
0.033
-0.025
-0.059
-0.069
-0.063
-0.03
0.029
0.097
0.11
0.058
0.012
-0.027
-0.048
-0.035
-0.0077
-0.0033
-0.022
-0.022
0.0084
0.051
0.077
0.083
0.048
-0.012
-0.037
-0.023
0.0065
0.012
-0.0031
-0.033
-0.057
-0.069
-0.075
-0.049
-0.02
-0.015
-0.024
-0.034
-0.032
-0.019
4.6e-005
0.0072
-0.0092
-0.042
-0.074
-0.07
-0.039
-0.03
-0.064
-0.057
0.026
0.091
0.08
0.015
-0.044
-0.052
-0.0033
0.046
0.07
0.062
0.045
0.056
0.071
0.048
0.016
0.0022
-0.0098
0.0087
0.072
0.096
0.041
-0.021
-0.023
-0.017
-0.024
-0.02
-0.012
0.0081
0.026
0.028
0.024
0.021
0.021
0.026
0.035
0.042
0.063
0.097
0.13
0.13
0.11
0.075
0.06
0.072
0.091
0.098
0.11
0.13
0.15
0.14
0.12
0.081
0.044
0.032
0.038
0.046
0.065
0.093
0.1
0.096
0.072
0.056
0.049
0.036
0.03
0.027
0.024
0.025
0.031
0.051
0.079
0.1
0.11
0.095
0.061
0.031
0.016
0.0058
0.021
0.033
0.0053
-0.025
-0.028
0.012
0.064
0.085
0.086
0.092
0.085
0.053
0.0065
-0.018
0.0095
0.057
0.073
0.063
0.051
0.058
0.074
0.071
0.044
0.023
0.023
0.037
0.046
0.038
0.037
0.041
0.05
0.043
0.014
-0.015
-0.02
-0.01
-0.004
0.0064
0.011
0.013
0.0081
-0.0027
0.0016
0.016
0.013
-0.012
-0.034
-0.039
-0.0072
0.018
-0.0035
-0.026
-0.026
-0.026
-0.036
-0.049
-0.054
-0.037
-0.021
-0.035
-0.048
-0.055
-0.066
-0.086
-0.087
-0.06
-0.049
-0.063
-0.077
-0.084
-0.086
-0.076
-0.08
-0.089
-0.078
-0.066
-0.044
-0.018
-0.0067
-0.0055
-0.015
-0.026
-0.041
-0.064
-0.084
-0.072
-0.04
0.002
0.039
0.053
0.051
0.041
0.037
0.02
-0.015
-0.034
-0.034
-0.026
-0.028
-0.026
-0.016
-0.019
-0.0079
0.0033
-0.0045
-0.00066
0.019
0.025
0.022
0.015
0.014
0.023
0.0071
-0.017
-0.03
-0.045
-0.063
-0.065
-0.018
0.057
0.11
0.12
0.11
0.086
0.063
0.062
0.05
0.024
-0.02
-0.066
-0.077
-0.055
-0.026
-0.003
0.012
0.014
0.025
0.041
0.043
0.042
0.018
-0.011
-0.026
-0.039
-0.051
-0.064
-0.061
-0.021
0.026
0.037
0.032
0.013
-0.013
-0.0059
0.022
0.031
0.026
0.028
0.04
0.068
0.097
0.093
0.062
0.028
-0.0037
-0.022
-0.002
0.029
0.034
0.017
0.011
0.025
0.027
0.026
0.028
0.045
0.071
0.055
0.019
0.0038
-0.0029
-0.0056
0.014
0.023
0.021
0.029
0.033
0.047
0.046
0.034
0.036
0.054
0.066
0.066
0.076
0.08
0.062
0.063
0.078
0.085
0.11
0.14
0.14
0.12
0.084
0.061
0.062
0.072
0.079
0.088
0.096
0.089
0.08
0.091
0.11
0.12
0.11
0.09
0.078
0.073
0.076
0.071
0.069
0.071
0.077
0.07
0.054
0.047
0.048
0.069
0.081
0.077
0.081
0.076
0.061
0.059
0.065
0.049
0.032
0.029
0.031
0.043
0.049
0.05
0.058
0.066
0.079
0.089
0.091
0.074
0.034
0.004
0.0089
0.017
0.011
0.00081
-0.0053
-0.0034
-0.0087
-0.0073
0.011
0.023
0.022
0.012
-0.0013
-0.0088
-0.0074
-0.022
-0.036
-0.025
0.0049
0.027
0.024
0.017
0.017
0.01
0.0037
0.0071
0.012
0.0029
-0.017
-0.04
-0.033
0.0013
0.019
0.021
0.02
0.019
0.0095
-0.01
-0.028
-0.026
-0.016
0.013
0.04
0.032
0.015
0.016
0.018
0.0029
-0.012
-0.0098
0.0052
0.0043
-0.0084
-0.0078
-0.013
-0.022
-0.03
-0.052
-0.085
-0.094
-0.067
-0.036
-0.029
-0.034
-0.036
-0.044
-0.066
-0.075
-0.078
-0.08
-0.068
-0.066
-0.062
-0.046
-0.043
-0.051
-0.056
-0.059
-0.053
-0.035
-0.031
-0.031
-0.045
-0.066
-0.07
-0.073
-0.069
-0.06
-0.069
-0.085
-0.083
-0.073
-0.055
-0.045
-0.055
-0.059
-0.055
-0.039
-0.022
-0.022
-0.031
-0.019
-0.0068
-0.01
0.0006
0.0036
-0.012
-0.021
-0.017
-0.0058
0.0025
0.016
0.029
0.03
0.017
0.014
0.028
0.044
0.047
0.027
0.0091
0.0026
-0.0069
0.0045
0.034
0.047
0.047
0.045
0.025
-0.011
-0.031
-0.044
-0.039
-0.02
-0.014
-0.017
-0.011
0.017
0.051
0.066
0.061
0.059
0.051
0.034
0.00084
-0.042
-0.059
-0.054
-0.038
0.0072
0.072
0.11
0.11
0.079
0.044
0.02
-0.031
-0.086
-0.088
-0.06
-0.042
-0.03
-0.011
0.033
0.074
0.066
0.046
0.036
0.016
-0.018
-0.053
-0.069
-0.059
-0.028
0.015
0.045
0.044
0.027
0.0053
-0.014
-0.021
-0.026
-0.04
-0.041
-0.041
-0.044
-0.024
0.0074
0.017
0.016
0.024
0.025
0.0091
-0.02
-0.039
-0.044
-0.047
-0.032
-0.0079
-0.00078
-0.02
-0.045
-0.046
-0.025
-0.017
-0.034
-0.043
-0.049
-0.05
-0.049
-0.05
-0.047
-0.053
-0.072
-0.083
-0.091
-0.1
-0.094
-0.081
-0.076
-0.081
-0.1
-0.12
-0.12
-0.12
-0.12
-0.12
-0.12
-0.16
-0.18
-0.17
-0.16
-0.17
-0.19
-0.18
-0.16
-0.13
-0.11
-0.13
-0.17
-0.18
-0.17
-0.15
-0.11
-0.086
-0.11
-0.13
-0.14
-0.12
-0.092
-0.1
-0.13
-0.11
-0.079
-0.065
-0.067
-0.082
-0.098
-0.11
-0.1
-0.08
-0.059
-0.027
-0.033
-0.089
-0.11
-0.093
-0.087
-0.085
-0.071
-0.057
-0.052
-0.056
-0.053
-0.043
-0.044
-0.039
-0.032
-0.04
-0.05
-0.038
-0.013
0.01
0.011
-0.012
-0.00047
0.033
0.053
0.054
0.03
-4.6e-005
0.004
0.041
0.066
0.07
0.062
0.04
0.0086
-0.0075
0.01
0.042
0.07
0.089
0.093
0.097
0.1
0.075
0.046
0.057
0.088
0.11
0.095
0.06
0.041
0.039
0.05
0.082
0.12
0.12
0.1
0.079
0.071
0.076
0.083
0.096
0.1
0.094
0.087
0.083
0.085
0.095
0.11
0.12
0.12
0.12
0.11
0.091
0.064
0.067
0.1
0.13
0.13
0.11
0.082
0.083
0.087
0.061
0.055
0.086
0.12
0.14
0.13
0.1
0.083
0.073
0.068
0.07
0.087
0.12
0.14
0.12
0.082
0.045
0.036
0.05
0.036
0.012
0.031
0.07
0.092
0.1
0.081
0.063
0.068
0.049
0.022
0.013
0.018
0.024
0.016
0.022
0.039
0.042
0.037
0.028
-0.0092
-0.055
-0.081
-0.072
-0.019
0.014
-0.00081
-0.034
-0.061
-0.073
-0.053
-0.011
0.00032
-0.023
-0.048
-0.069
-0.081
-0.088
-0.093
-0.1
-0.086
-0.047
-0.002
0.029
0.029
0.0058
-0.018
-0.015
-0.016
-0.062
-0.13
-0.16
-0.13
-0.045
0.021
0.054
0.074
0.092
0.1
0.093
0.067
0.032
-0.0023
-0.027
-0.033
-0.02
-0.0032
0.027
0.046
0.041
0.04
0.053
0.064
0.047
0.0071
-0.021
-0.013
0.016
0.023
0.01
-0.0058
0.00056
0.021
0.035
0.029
0.011
0.017
0.04
0.048
0.035
0.022
0.019
0.019
0.037
0.063
0.08
0.094
0.097
0.08
0.046
0.026
0.018
0.018
0.037
0.071
0.089
0.088
0.083
0.075
0.081
0.081
0.073
0.067
0.067
0.07
0.075
0.091
0.11
0.12
0.14
0.15
0.14
0.12
0.11
0.12
0.13
0.15
0.15
0.14
0.12
0.11
0.089
0.09
0.097
0.084
0.081
0.097
0.12
0.14
0.13
0.1
0.093
0.097
0.099
0.11
0.11
0.11
0.074
0.056
0.061
0.051
0.033
0.032
0.061
0.11
0.18
0.19
0.12
0.039
-0.057
-0.13
-0.16
-0.14
-0.073
-0.0058
0.05
0.078
0.075
0.079
0.12
0.13
0.063
0.015
-0.0018
-0.017
-0.033
-0.053
-0.042
-0.036
-0.064
-0.075
-0.044
-0.019
0.0081
0.0056
-0.0069
0.0057
-0.0049
-0.017
-0.019
-0.045
-0.085
-0.11
-0.11
-0.097
-0.091
-0.064
-0.055
-0.07
-0.072
-0.045
-0.021
-0.019
-0.03
-0.056
-0.081
-0.083
-0.083
-0.079
-0.07
-0.064
-0.064
-0.081
-0.092
-0.067
-0.016
0.027
0.038
0.021
-0.0027
-0.022
-0.018
-0.0097
-0.0087
-0.0089
-0.0059
0.0087
0.016
0.022
0.04
0.067
0.066
0.055
0.06
0.065
0.06
0.053
0.053
0.047
0.046
0.06
0.074
0.092
0.1
0.097
0.11
0.11
0.11
0.11
0.11
0.13
0.13
0.11
0.1
0.096
0.089
0.097
0.13
0.15
0.15
0.11
0.067
0.045
0.041
0.047
0.048
0.051
0.072
0.1
0.13
0.13
0.12
0.11
0.12
0.11
0.093
0.094
0.11
0.13
0.14
0.13
0.11
0.1
0.096
0.077
0.059
0.04
0.02
0.0093
0.024
0.046
0.058
0.07
0.069
0.048
0.039
0.043
0.025
0.0009
0.0086
0.023
0.018
0.0084
0.0039
-0.017
-0.045
-0.055
-0.073
-0.11
-0.13
-0.11
-0.077
-0.071
-0.084
-0.09
-0.066
-0.055
-0.077
-0.097
-0.097
-0.092
-0.085
-0.11
-0.14
-0.15
-0.14
-0.11
-0.097
-0.094
-0.098
-0.12
-0.13
-0.13
-0.14
-0.18
-0.2
-0.2
-0.18
-0.13
-0.095
-0.086
-0.091
-0.092
-0.086
-0.08
-0.09
-0.11
-0.12
-0.13
-0.14
-0.13
-0.086
-0.053
-0.043
-0.061
-0.099
-0.13
-0.14
-0.13
-0.12
-0.12
-0.1
-0.095
-0.088
-0.069
-0.056
-0.044
-0.029
-0.023
-0.034
-0.042
-0.042
-0.042
-0.05
-0.056
-0.047
-0.038
-0.025
-0.018
-0.022
-0.036
-0.047
-0.02
0.027
0.05
0.054
0.049
0.041
0.018
-0.0033
-0.00066
0.007
-0.006
-0.0076
0.034
0.082
0.1
0.1
0.092
0.07
0.047
0.04
0.047
0.055
0.08
0.11
0.12
0.12
0.11
0.1
0.09
0.087
0.075
0.045
0.031
0.028
0.025
0.035
0.054
0.085
0.11
0.1
0.096
0.095
0.098
0.094
0.085
0.078
0.073
0.072
0.064
0.054
0.046
0.055
0.074
0.063
0.036
0.012
-0.011
-0.037
-0.045
-0.033
-0.026
-0.021
-0.012
-0.0031
-0.014
-0.043
-0.064
-0.063
-0.045
-0.038
-0.04
-0.036
-0.035
-0.053
-0.072
-0.071
-0.051
-0.025
-0.024
-0.048
-0.075
-0.096
-0.11
-0.11
-0.1
-0.1
-0.12
-0.14
-0.13
-0.11
-0.099
-0.083
-0.07
-0.069
-0.076
-0.081
-0.097
-0.13
-0.15
-0.15
-0.12
-0.092
-0.069
-0.067
-0.09
-0.11
-0.11
-0.088
-0.072
-0.063
-0.061
-0.05
-0.043
-0.037
-0.03
-0.019
-0.0006
0.0063
-0.0088
-0.045
-0.089
-0.11
-0.11
-0.099
-0.08
-0.05
-0.025
-0.019
-0.028
-0.039
-0.024
0.0019
0.0076
-0.012
-0.045
-0.07
-0.078
-0.077
-0.063
-0.037
-0.023
-0.022
-0.012
0.022
0.051
0.058
0.048
0.044
0.057
0.08
0.086
0.05
-0.014
-0.066
-0.085
-0.063
-0.0063
0.05
0.08
0.08
0.074
0.076
0.067
0.046
0.032
0.026
0.041
0.069
0.083
0.084
0.085
0.088
0.1
0.12
0.13
0.093
0.036
-0.012
-0.016
0.011
0.024
0.035
0.054
0.073
0.08
0.064
0.027
0.017
0.059
0.093
0.091
0.052
0.006
-0.023
-0.045
-0.063
-0.041
0.032
0.11
0.12
0.06
-0.0073
-0.061
-0.074
-0.048
-0.026
0.0061
0.042
0.056
0.066
0.12
0.18
0.18
0.14
0.095
0.066
0.044
0.014
-0.019
-0.032
-0.0056
0.047
0.1
0.12
0.11
0.075
0.052
0.043
0.045
0.05
0.027
-0.022
-0.064
-0.091
-0.089
-0.051
0.011
0.073
0.11
0.095
0.03
-0.022
-0.055
-0.073
-0.055
-0.013
0.0068
0.0038
0.0053
0.014
0.014
0.0005
0.00099
0.0061
-0.0032
-0.0084
-0.016
-0.035
-0.055
-0.072
-0.087
-0.096
-0.11
-0.11
-0.091
-0.074
-0.073
-0.087
-0.1
-0.096
-0.071
-0.064
-0.074
-0.077
-0.071
-0.059
-0.026
0.012
0.013
-0.019
-0.058
-0.11
-0.13
-0.11
-0.048
-0.0088
-0.0065
-0.025
-0.055
-0.081
-0.091
-0.077
-0.039
0.0058
0.032
0.022
0.0024
-0.012
-0.044
-0.08
-0.081
-0.04
0.018
0.073
0.09
0.075
0.049
0.021
0.013
0.019
0.024
0.027
0.027
0.014
0.0037
0.0081
0.013
0.02
0.032
0.05
0.064
0.064
0.051
0.035
0.022
0.017
0.023
0.036
0.034
0.013
0.012
0.044
0.076
0.092
0.095
0.092
0.074
0.049
0.037
0.049
0.085
0.11
0.13
0.13
0.11
0.098
0.09
0.091
0.09
0.094
0.099
0.1
0.1
0.097
0.11
0.13
0.13
0.12
0.11
0.11
0.1
0.088
0.078
0.077
0.085
0.099
0.11
0.085
0.051
0.036
0.052
0.073
0.088
0.1
0.11
0.12
0.12
0.1
0.085
0.061
0.029
0.0072
0.01
0.023
0.033
0.035
0.037
0.043
0.048
0.05
0.046
0.04
0.018
0.0036
0.0086
0.021
0.034
0.035
0.052
0.062
0.056
0.041
0.032
0.021
0.0002
-0.01
-0.023
-0.037
-0.048
-0.06
-0.059
-0.052
-0.025
0.0058
0.014
-0.0098
-0.045
-0.069
-0.086
-0.089
-0.076
-0.042
-0.017
-0.02
-0.025
-0.03
-0.044
-0.066
-0.073
-0.054
-0.037
-0.044
-0.049
-0.031
-0.0041
0.021
0.019
-0.003
-0.023
-0.054
-0.096
-0.11
-0.079
-0.05
-0.052
-0.07
-0.071
-0.061
-0.063
-0.056
-0.026
0.01
0.023
0.0076
-0.014
-0.017
-0.0094
-0.0099
-0.0084
-0.01
-0.027
-0.041
-0.042
-0.033
-0.025
-0.0049
0.014
0.021
0.018
0.0061
-0.012
-0.031
-0.035
-0.039
-0.056
-0.077
-0.082
-0.055
-0.01
0.038
0.082
0.086
0.041
-0.011
-0.04
-0.03
0.0093
-0.0014
-0.058
-0.083
-0.063
-0.028
0.0021
0.029
0.036
0.033
0.028
0.012
0.005
0.0029
0.01
0.025
0.04
0.036
0.031
0.042
0.052
0.058
0.043
0.015
0.016
0.047
0.047
-0.0052
-0.04
-0.019
0.018
0.032
0.026
0.0022
-0.011
-0.0058
0.012
0.039
0.06
0.077
0.077
0.068
0.055
0.034
0.0015
-0.033
-0.014
0.048
0.099
0.099
0.075
0.068
0.054
0.049
0.056
0.062
0.049
0.027
0.016
0.0066
0.017
0.037
0.066
0.09
0.08
0.059
0.058
0.066
0.063
0.046
0.021
0.0049
0.0015
-0.011
-0.028
-0.047
-0.061
-0.075
-0.08
-0.065
-0.06
-0.069
-0.093
-0.13
-0.16
-0.14
-0.1
-0.062
-0.035
-0.044
-0.065
-0.083
-0.1
-0.12
-0.13
-0.12
-0.1
-0.097
-0.086
-0.066
-0.062
-0.061
-0.043
-0.026
-0.032
-0.058
-0.073
-0.066
-0.067
-0.073
-0.065
-0.042
-0.038
-0.045
-0.052
-0.055
-0.061
-0.068
-0.046
-0.015
-0.0048
-0.011
-0.0034
0.015
0.022
0.017
0.00017
-0.0056
-0.0078
-0.013
-0.0097
-0.0026
0.01
0.017
0.025
0.025
0.024
0.0087
-0.0094
0.0025
0.016
0.023
0.021
0.016
0.027
0.045
0.044
0.033
0.028
0.012
-0.014
-0.023
0.0054
0.043
0.064
0.078
0.075
0.055
0.034
0.026
0.036
0.043
0.034
0.014
0.0011
-0.0035
0.014
0.028
0.023
0.028
0.04
0.047
0.036
0.013
-0.0084
-0.01
0.0087
0.039
0.061
0.048
0.02
0.015
0.018
0.018
0.0092
-0.012
-0.035
-0.039
-0.025
-0.0061
0.013
0.027
0.029
0.019
0.011
0.0097
-0.00041
-0.01
-0.03
-0.032
-0.0044
0.022
0.026
0.029
0.034
0.025
0.011
-0.017
-0.026
0.0011
0.027
0.023
0.011
0.0073
0.005
0.043
0.082
0.073
0.048
0.025
-0.0046
-0.044
-0.055
-0.054
-0.053
-0.042
-0.015
0.0079
0.023
0.03
0.014
-0.0076
-0.04
-0.063
-0.033
0.0082
0.019
0.029
0.043
0.034
-0.0019
-0.054
-0.093
-0.11
-0.099
-0.059
-0.02
0.011
0.039
0.055
0.047
0.04
0.042
0.05
0.035
-0.016
-0.064
-0.07
-0.055
-0.031
0.0092
0.041
0.063
0.076
0.075
0.07
0.055
0.024
-0.0045
-0.029
-0.044
-0.023
0.023
0.064
0.088
0.096
0.092
0.082
0.059
0.034
0.023
0.018
0.01
0.0047
0.025
0.063
0.092
0.12
0.13
0.097
0.039
0.0027
-0.028
-0.073
-0.076
-0.039
-0.0069
-0.0049
-0.0094
0.0027
0.019
0.027
0.011
-0.01
-0.016
-0.0056
-0.004
-0.011
-0.0052
-0.0048
-0.017
-0.018
-0.0051
-4.6e-005
-0.013
-0.036
-0.055
-0.046
-0.029
-0.0036
0.024
0.018
-0.019
-0.044
-0.03
-0.016
-0.028
-0.055
-0.061
-0.05
-0.04
-0.041
-0.049
-0.051
-0.062
-0.073
-0.053
-0.015
-0.01
-0.037
-0.056
-0.058
-0.052
-0.066
-0.076
-0.067
-0.05
-0.025
-0.027
-0.06
-0.085
-0.074
-0.048
-0.029
-0.021
-0.032
-0.048
-0.051
-0.044
-0.03
-0.025
-0.033
-0.066
-0.1
-0.12
-0.11
-0.083
-0.054
-0.036
-0.045
-0.05
-0.029
-0.011
-0.017
-0.02
-0.0019
0.0027
-0.017
-0.038
-0.051
-0.051
-0.032
-0.0051
0.0086
0.015
0.015
0.0056
-0.0028
-0.0037
1.5e-005
0.011
0.02
0.017
0.014
0.013
0.013
0.016
0.027
0.046
0.058
0.064
0.065
0.055
0.047
0.047
0.054
0.047
0.023
-0.00011
0.0057
0.033
0.052
0.057
0.062
0.072
0.074
0.07
0.075
0.078
0.076
0.071
0.067
0.058
0.066
0.082
0.087
0.086
0.074
0.064
0.051
0.049
0.054
0.051
0.043
0.048
0.074
0.084
0.077
0.064
0.046
0.044
0.054
0.059
0.053
0.06
0.065
0.08
0.092
0.09
0.076
0.052
0.04
0.06
0.093
0.11
0.1
0.1
0.11
0.11
0.12
0.13
0.12
0.092
0.088
0.099
0.11
0.12
0.095
0.076
0.08
0.088
0.09
0.09
0.09
0.11
0.13
0.13
0.12
0.1
0.095
0.11
0.12
0.13
0.13
0.1
0.082
0.075
0.079
0.082
0.065
0.04
0.034
0.035
0.047
0.054
0.047
0.029
0.005
-0.00075
0.02
0.049
0.055
0.04
0.028
0.038
0.05
0.037
0.032
0.049
0.051
0.02
-0.0083
-0.016
-0.0092
-0.0076
-0.019
-0.015
0.0015
0.0049
0.002
0.0038
-0.0029
-0.0086
0.0065
0.0095
-0.0075
-0.024
-0.03
-0.032
-0.016
0.027
0.052
0.053
0.05
0.051
0.036
0.014
-0.015
-0.064
-0.099
-0.091
-0.032
0.045
0.085
0.08
0.051
0.027
0.0037
-0.02
-0.049
-0.059
-0.04
-0.014
0.019
0.042
0.056
0.082
0.1
0.088
0.047
0.0066
-0.017
-0.02
-0.02
-0.0086
0.014
0.024
0.039
0.063
0.076
0.077
0.07
0.047
0.014
-0.012
-0.027
-0.019
-0.014
-0.027
-0.032
-0.023
-0.017
-0.024
-0.047
-0.078
-0.1
-0.12
-0.1
-0.064
-0.041
-0.025
-0.018
-0.013
-0.01
-0.037
-0.078
-0.11
-0.12
-0.13
-0.13
-0.14
-0.14
-0.1
-0.045
-0.0046
0.008
0.012
-0.004
-0.041
-0.072
-0.078
-0.057
-0.032
-0.013
-0.012
-0.02
-0.024
-0.027
-0.026
-0.027
-0.06
-0.095
-0.098
-0.088
-0.058
-0.0061
0.025
0.032
0.024
0.016
0.0061
-0.012
-0.03
-0.051
-0.056
-0.036
-0.0029
0.016
0.03
0.037
0.037
0.036
0.018
-0.013
-0.036
-0.026
-0.0044
0.0028
0.0084
0.021
0.023
0.02
0.037
0.048
0.028
0.0033
-0.0072
-0.014
-0.007
0.016
0.02
0.019
0.03
0.035
0.031
0.02
0.02
0.032
0.044
0.055
0.038
-0.0018
-0.035
-0.039
-0.021
0.00093
-0.0049
-0.025
-0.017
0.0079
0.023
0.025
0.027
0.026
0.03
0.054
0.078
0.081
0.067
0.054
0.046
0.042
0.037
0.015
-0.014
-0.033
-0.037
-0.024
-0.0057
0.00063
0.0017
0.017
0.04
0.05
0.055
0.053
0.044
0.037
0.035
0.035
0.037
0.03
0.023
0.016
0.014
0.022
0.04
0.076
0.099
0.092
0.087
0.082
0.047
0.011
0.015
0.029
0.045
0.074
0.093
0.081
0.05
0.036
0.028
0.032
0.045
0.05
0.043
0.031
0.032
0.036
0.033
0.015
-0.0099
-0.027
-0.037
-0.025
-0.00023
0.031
0.041
0.024
0.014
0.016
0.023
0.014
0.0022
-0.0071
-0.011
-0.014
-0.014
-0.015
-0.036
-0.057
-0.06
-0.053
-0.029
-0.015
-0.012
-0.021
-0.046
-0.078
-0.1
-0.1
-0.093
-0.084
-0.071
-0.07
-0.077
-0.077
-0.085
-0.1
-0.11
-0.1
-0.085
-0.085
-0.083
-0.069
-0.07
-0.077
-0.076
-0.065
-0.046
-0.039
-0.063
-0.087
-0.086
-0.077
-0.055
-0.04
-0.041
-0.059
-0.085
-0.11
-0.11
-0.083
-0.042
-0.016
-0.00075
0.022
0.057
0.089
0.1
0.093
0.055
-0.0036
-0.063
-0.083
-0.053
-0.012
0.012
0.058
0.1
0.12
0.14
0.12
0.08
0.036
0.02
0.018
0.031
0.046
0.06
0.075
0.09
0.12
0.13
0.11
0.093
0.077
0.037
-0.0019
0.013
0.048
0.068
0.076
0.096
0.12
0.12
0.1
0.066
0.034
0.006
-0.013
-0.013
-0.00099
0.017
0.034
0.037
0.022
-0.0055
-0.035
-0.042
-0.035
-0.023
-0.0072
0.0048
0.012
0.018
0.0092
-0.01
-0.022
-0.038
-0.074
-0.1
-0.12
-0.13
-0.099
-0.058
-0.032
-0.012
0.0074
-0.0095
-0.07
-0.13
-0.16
-0.13
-0.13
-0.12
-0.1
-0.093
-0.084
-0.075
-0.081
-0.093
-0.092
-0.081
-0.052
-0.021
-0.0087
-0.018
-0.042
-0.065
-0.064
-0.041
-0.011
0.0098
-0.012
-0.037
-0.024
0.0091
0.032
0.023
0.00072
0.0015
0.004
0.0042
-0.00078
-0.017
-0.022
-0.019
-0.019
-0.019
-0.029
-0.03
-0.0079
0.0018
-0.0019
-0.0018
-0.0075
-0.019
-0.037
-0.052
-0.061
-0.053
-0.036
-0.034
-0.028
0.0025
0.017
-0.015
-0.046
-0.058
-0.057
-0.055
-0.049
-0.037
-0.029
-0.016
-0.014
-0.012
-0.0088
-0.034
-0.056
-0.062
-0.064
-0.057
-0.05
-0.056
-0.063
-0.07
-0.085
-0.087
-0.081
-0.062
-0.053
-0.067
-0.076
-0.072
-0.076
-0.084
-0.078
-0.052
-0.038
-0.052
-0.064
-0.067
-0.09
-0.11
-0.097
-0.072
-0.043
-0.029
-0.023
-0.023
-0.027
-0.041
-0.049
-0.048
-0.041
-0.041
-0.065
-0.073
-0.056
-0.03
-0.0029
0.006
-0.0073
-0.023
-0.022
-0.02
-0.026
-0.031
-0.033
-0.034
-0.034
-0.022
-0.02
-0.024
-0.033
-0.041
-0.04
-0.038
-0.039
-0.03
-0.01
-0.0042
-0.017
-0.029
-0.021
-0.0082
-0.0043
0.0072
0.016
0.0056
-0.021
-0.045
-0.044
-0.029
-0.016
-0.01
-0.002
-0.0051
-0.011
0.0009
0.017
0.038
0.043
0.031
0.016
-0.0042
-0.031
-0.04
-0.012
0.023
0.049
0.053
0.043
0.033
0.02
0.0066
0.0051
0.01
0.021
0.02
0.02
0.026
0.033
0.027
-0.0083
-0.044
-0.04
-0.02
-0.002
0.036
0.082
0.12
0.13
0.1
0.068
0.027
-0.01
-0.026
-0.018
0.021
0.07
0.1
0.12
0.13
0.1
0.085
0.08
0.073
0.061
0.051
0.059
0.082
0.1
0.11
0.097
0.076
0.079
0.1
0.11
0.11
0.1
0.1
0.091
0.069
0.066
0.074
0.079
0.088
0.1
0.11
0.11
0.1
0.079
0.045
0.014
0.0064
0.015
0.013
0.015
0.028
0.04
0.043
0.046
0.049
0.045
0.03
0.0045
-0.0076
-0.0057
-0.0002
0.0068
0.0057
0.0033
0.0074
0.0095
0.0027
0.0018
-0.0054
-0.01
0.0069
0.023
0.0055
-0.035
-0.06
-0.049
-4.6e-005
0.043
0.061
0.069
0.055
0.018
-0.013
-0.015
-0.0035
0.021
0.037
0.033
0.018
0.0074
0.0037
0.0073
0.021
0.029
0.025
0.031
0.05
0.066
0.059
0.037
0.017
0.0012
-0.0079
-0.0043
-0.00017
-0.01
-0.013
-0.0018
0.015
0.028
0.029
0.018
-0.0021
-0.0074
0.0062
0.016
0.0081
-0.0029
-0.0059
-0.013
-0.01
0.0047
0.018
0.03
0.032
0.021
0.022
0.031
0.021
0.016
0.034
0.055
0.063
0.054
0.034
0.027
0.045
0.074
0.087
0.079
0.054
0.029
0.066
0.14
0.15
0.081
0.023
0.015
0.035
0.051
0.055
0.037
0.034
0.05
0.053
0.064
0.092
0.1
0.086
0.083
0.094
0.093
0.083
0.077
0.086
0.096
0.089
0.065
0.039
0.019
0.02
0.044
0.09
0.14
0.14
0.12
0.087
0.057
0.038
0.034
0.031
0.043
0.14
0.24
0.21
0.048
-0.069
-0.042
0.042
0.088
0.093
0.086
0.066
0.025
-0.011
-0.022
-0.0016
0.037
0.061
0.065
0.057
0.033
0.0071
0.0085
0.025
0.037
0.03
-0.0013
-0.03
-0.026
-0.0057
0.019
0.044
0.049
0.042
0.03
0.0034
-0.032
-0.035
0.018
0.073
0.073
0.05
0.032
0.013
0.0062
0.015
0.028
0.021
-0.021
-0.083
-0.11
-0.089
-0.056
-0.027
-0.0083
0.004
0.00099
-0.034
-0.088
-0.12
-0.11
-0.083
-0.059
-0.047
-0.056
-0.08
-0.095
-0.084
-0.062
-0.053
-0.061
-0.084
-0.11
-0.12
-0.099
-0.066
-0.051
-0.036
-0.002
0.037
0.032
-0.0063
-0.047
-0.073
-0.087
-0.094
-0.08
-0.049
-0.023
0.0048
0.046
0.065
0.048
-0.0084
-0.074
-0.11
-0.1
-0.079
-0.058
-0.039
-0.015
0.016
0.048
0.076
0.074
0.032
-0.0064
-0.027
-0.037
-0.043
-0.035
-0.027
-0.024
-0.019
-0.011
-0.015
-0.052
-0.1
-0.14
-0.15
-0.11
-0.068
-0.055
-0.058
-0.054
-0.038
-0.014
0.0018
0.0083
-0.012
-0.06
-0.088
-0.088
-0.073
-0.051
-0.021
0.0051
0.0046
-0.017
-0.036
-0.038
-0.035
-0.019
0.018
0.027
0.03
0.042
0.038
0.037
0.046
0.04
0.012
-0.017
-0.028
-0.023
-0.029
-0.033
-0.0006
0.057
0.091
0.082
0.05
0.037
0.044
0.058
0.089
0.11
0.098
0.085
0.085
0.089
0.088
0.072
0.062
0.054
0.041
0.053
0.073
0.071
0.054
0.042
0.039
0.044
0.049
0.043
0.033
0.016
0.0031
0.0036
0.018
0.042
0.058
0.052
0.052
0.067
0.059
0.039
0.03
0.026
0.0076
-0.0064
0.015
0.054
0.079
0.064
0.041
0.032
0.021
0.0045
0.0023
0.025
0.037
0.039
0.046
0.063
0.072
0.068
0.05
0.031
0.036
0.051
0.056
0.034
0.014
0.0077
0.0063
0.0018
-0.011
-0.019
-0.026
-0.019
-0.0023
0.018
0.041
0.062
0.058
0.034
0.015
0.0033
-0.011
-0.019
-0.028
-0.044
-0.046
-0.014
0.015
-0.0015
-0.032
-0.065
-0.088
-0.091
-0.081
-0.068
-0.043
-0.016
-0.023
-0.025
-0.019
-0.023
-0.035
-0.046
-0.046
-0.04
-0.039
-0.037
-0.033
-0.033
-0.03
-0.024
-0.031
-0.042
-0.062
-0.074
-0.084
-0.1
-0.12
-0.11
-0.1
-0.084
-0.041
-0.019
-0.0083
-0.0016
0.0061
0.02
0.025
0.017
0.017
0.024
0.027
0.02
0.011
0.0071
-0.002
-0.029
-0.045
-0.015
0.018
0.037
0.062
0.074
0.063
0.052
0.048
0.05
0.058
0.071
0.088
0.098
0.084
0.063
0.057
0.067
0.07
0.07
0.066
0.073
0.077
0.079
0.069
0.058
0.077
0.081
0.066
0.061
0.066
0.067
0.062
0.039
0.019
0.019
0.023
0.032
0.039
0.045
0.05
0.041
0.029
0.014
0.019
0.031
0.033
0.042
0.052
0.025
-0.016
-0.027
-0.011
0.0029
0.0069
-0.015
-0.048
-0.051
-0.046
-0.052
-0.064
-0.068
-0.093
-0.093
-0.041
0.0064
0.0058
-0.025
-0.064
-0.078
-0.067
-0.062
-0.05
-0.01
0.015
-0.016
-0.043
-0.04
-0.039
-0.022
-0.0048
-0.0061
-0.00029
-0.0076
-0.032
-0.05
-0.058
-0.062
-0.062
-0.051
-0.022
-0.013
-0.046
-0.087
-0.1
-0.084
-0.054
-0.051
-0.064
-0.067
-0.068
-0.094
-0.11
-0.11
-0.12
-0.12
-0.15
-0.17
-0.18
-0.18
-0.17
-0.13
-0.13
-0.13
-0.12
-0.11
-0.11
-0.11
-0.11
-0.13
-0.14
-0.14
-0.15
-0.14
-0.14
-0.13
-0.15
-0.17
-0.16
-0.16
-0.15
-0.15
-0.13
-0.095
-0.064
-0.065
-0.076
-0.078
-0.088
-0.1
-0.1
-0.08
-0.054
-0.052
-0.074
-0.071
-0.036
-0.0087
-0.0085
-0.014
-0.017
-0.035
-0.058
-0.066
-0.052
-0.018
0.0032
-0.022
-0.051
-0.054
-0.046
-0.039
-0.04
-0.054
-0.069
-0.073
-0.052
-0.00047
0.022
0.01
0.0038
0.028
0.065
0.066
0.027
-0.0064
0.00075
0.014
0.015
0.02
0.0038
-0.014
-0.012
0.031
0.085
0.098
0.073
0.036
0.0059
0.018
0.054
0.059
0.041
0.036
0.038
0.03
0.022
0.025
0.045
0.072
0.067
0.035
0.016
0.025
0.057
0.085
0.11
0.11
0.085
0.083
0.084
0.061
0.041
0.033
0.038
0.054
0.056
0.021
-0.0091
0.0059
0.055
0.073
0.028
-0.034
-0.06
-0.033
0.0077
0.031
0.026
0.012
0.017
0.028
0.012
-0.015
-0.024
-0.0051
0.013
-0.0022
-0.03
-0.061
-0.085
-0.091
-0.085
-0.061
-0.032
-0.013
-0.011
-0.026
-0.055
-0.065
-0.062
-0.063
-0.058
-0.041
-0.037
-0.045
-0.031
-0.013
-0.031
-0.066
-0.071
-0.052
-0.019
-0.0043
-0.01
-0.0045
0.02
0.027
0.0086
0.0042
0.016
0.019
0.0079
-0.0035
-0.0039
-0.0033
-0.0032
-0.01
-0.03
-0.043
-0.023
-0.0012
0.0041
0.0072
0.0018
0.0035
-0.0024
-0.021
-0.031
-0.032
-0.037
-0.038
-0.036
-0.05
-0.072
-0.069
-0.051
-0.03
-0.019
-0.0067
0.028
0.045
0.029
0.015
0.023
0.043
0.05
0.027
-0.0014
-0.0087
-0.0046
-0.0087
-0.011
-0.011
-0.026
-0.036
-0.023
0.007
0.036
0.05
0.058
0.054
0.04
0.02
0.02
0.03
0.037
0.039
0.045
0.062
0.061
0.044
0.007
-0.011
-0.0012
-0.0059
0.0048
0.035
0.073
0.092
0.067
0.037
0.032
0.029
0.015
-0.0019
-0.0006
0.028
0.051
0.056
0.055
0.058
0.062
0.053
0.028
0.027
0.051
0.071
0.073
0.052
0.029
0.02
0.012
0.0058
0.016
0.021
0.02
0.035
0.069
0.088
0.085
0.073
0.059
0.044
0.022
0.013
0.0045
-0.0054
0.0049
0.0087
0.0037
0.0086
0.014
0.018
0.022
0.027
0.035
0.047
0.046
0.018
-0.021
-0.041
-0.022
0.015
0.048
0.082
0.1
0.099
0.087
0.057
0.0042
-0.029
-0.029
0.0031
0.045
0.062
0.065
0.062
0.064
0.08
0.089
0.055
0.0086
-0.014
-0.016
0.019
0.065
0.081
0.076
0.06
0.019
0.0058
0.026
0.039
0.071
0.098
0.11
0.11
0.081
0.034
0.016
0.042
0.085
0.13
0.14
0.11
0.038
-0.022
-0.061
-0.085
-0.078
-0.04
0.015
0.05
0.053
0.024
-0.006
-0.017
-0.025
-0.027
-0.011
-1.5e-005
0.005
0.023
0.052
0.069
0.042
-0.0048
-0.036
-0.052
-0.042
-0.029
-0.032
-0.018
-0.011
-0.02
-0.029
-0.052
-0.074
-0.067
-0.024
0.031
0.078
0.087
0.077
0.063
0.036
0.0081
-0.0046
-0.0094
-0.019
-0.033
-0.017
0.038
0.079
0.091
0.099
0.11
0.11
0.08
0.049
0.056
0.084
0.12
0.14
0.12
0.078
0.057
0.06
0.058
0.048
0.036
0.034
0.046
0.055
0.065
0.075
0.087
0.099
0.12
0.15
0.18
0.17
0.13
0.11
0.09
0.073
0.073
0.09
0.099
0.085
0.065
0.055
0.064
0.076
0.082
0.082
0.08
0.076
0.071
0.087
0.1
0.09
0.07
0.065
0.059
0.043
0.037
0.049
0.074
0.075
0.052
0.032
0.03
0.054
0.073
0.075
0.061
0.04
0.033
0.048
0.078
0.11
0.13
0.13
0.1
0.055
0.024
0.013
0.012
0.033
0.063
0.071
0.061
0.06
0.069
0.052
0.0038
-0.039
-0.055
-0.051
-0.032
-0.021
-0.038
-0.043
-0.035
-0.0087
0.019
0.009
-0.016
-0.03
-0.017
0.012
0.027
-0.0016
-0.065
-0.11
-0.12
-0.084
-0.072
-0.075
-0.037
0.025
0.084
0.1
0.062
0.025
0.0012
-0.032
-0.062
-0.077
-0.058
-0.019
-0.012
-0.022
-0.02
-0.03
-0.045
-0.05
-0.034
-0.023
-0.038
-0.067
-0.097
-0.13
-0.12
-0.051
-0.0002
-0.00099
-0.012
-0.0039
-0.0021
-0.023
-0.044
-0.073
-0.093
-0.085
-0.047
-0.00075
0.029
0.042
0.027
-0.00099
-0.0057
0.012
0.0037
-0.012
-0.014
0.0061
0.028
0.035
0.045
0.047
0.052
0.066
0.061
0.04
0.038
0.064
0.091
0.097
0.064
0.025
0.025
0.053
0.093
0.13
0.15
0.14
0.12
0.083
0.058
0.072
0.11
0.12
0.12
0.12
0.13
0.13
0.14
0.13
0.097
0.068
0.025
-0.0072
0.025
0.094
0.13
0.12
0.093
0.091
0.1
0.093
0.071
0.053
0.061
0.093
0.11
0.11
0.082
0.062
0.058
0.065
0.061
0.054
0.051
0.066
0.074
0.035
-0.016
-0.026
-0.0087
0.017
0.06
0.09
0.079
0.062
0.054
0.032
0.021
0.033
0.05
0.049
0.048
0.061
0.086
0.11
0.1
0.066
0.025
0.0056
0.00029
0.0029
0.03
0.063
0.076
0.073
0.08
0.088
0.092
0.075
0.056
0.051
0.055
0.068
0.081
0.091
0.086
0.083
0.08
0.078
0.087
0.12
0.15
0.16
0.13
0.092
0.064
0.061
0.073
0.076
0.078
0.1
0.11
0.12
0.12
0.099
0.066
0.022
-0.0016
-7.6e-005
-0.0072
0.022
0.11
0.2
0.24
0.24
0.19
0.12
0.066
0.039
0.035
0.033
0.03
0.031
0.037
0.064
0.12
0.16
0.14
0.077
-0.002
-0.016
0.028
0.062
0.047
0.016
0.044
0.13
0.18
0.13
0.032
-0.028
0.0057
0.094
0.15
0.15
0.092
0.037
0.03
0.038
0.02
0.00099
0.0033
0.027
0.063
0.085
0.098
0.11
0.11
0.084
0.053
-0.046
-0.11
-0.056
0.038
0.088
0.12
0.17
0.2
0.15
0.063
0.041
0.069
0.099
0.12
0.13
0.13
0.14
0.14
0.08
-0.03
-0.16
-0.23
-0.21
-0.17
-0.15
-0.14
-0.13
-0.16
-0.2
-0.22
-0.2
-0.22
-0.27
-0.32
-0.29
-0.27
-0.31
-0.32
-0.25
-0.18
-0.15
-0.18
-0.28
-0.35
-0.39
-0.45
-0.45
-0.4
-0.39
-0.42
-0.47
-0.48
-0.42
-0.35
-0.32
-0.32
-0.31
-0.31
-0.3
-0.27
-0.26
-0.28
-0.32
-0.31
-0.24
-0.17
-0.14
-0.16
-0.24
-0.3
-0.27
-0.19
-0.094
-0.062
-0.098
-0.18
-0.22
-0.18
-0.099
-0.037
-0.045
-0.078
-0.093
-0.11
-0.089
-0.071
-0.11
-0.18
-0.2
-0.16
-0.078
-0.0034
0.032
0.024
0.011
0.0082
-0.008
-0.039
-0.057
-0.072
-0.079
-0.06
-0.011
0.053
0.082
0.07
0.047
0.032
0.016
-0.01
-0.032
-0.0056
0.04
0.06
0.068
0.06
0.056
0.08
0.1
0.1
0.078
0.071
0.079
0.08
0.07
0.078
0.1
0.12
0.11
0.067
0.037
0.029
0.034
0.033
0.03
0.026
0.016
0.0019
-0.019
-0.029
-0.027
-0.0088
0.027
0.052
0.053
0.037
0.018
-0.0087
-0.027
-0.034
-0.038
-0.045
-0.04
-0.023
-0.0072
-0.0039
-0.008
-0.018
-0.044
-0.067
-0.079
-0.094
-0.11
-0.12
-0.12
-0.12
-0.14
-0.13
-0.11
-0.099
-0.1
-0.1
-0.097
-0.094
-0.092
-0.1
-0.094
-0.082
-0.088
-0.1
-0.11
-0.11
-0.11
-0.097
-0.088
-0.089
-0.098
-0.1
-0.11
-0.13
-0.13
-0.12
-0.1
-0.096
-0.1
-0.12
-0.12
-0.12
-0.12
-0.11
-0.11
-0.13
-0.14
-0.12
-0.1
-0.096
-0.1
-0.1
-0.089
-0.071
-0.065
-0.068
-0.068
-0.076
-0.081
-0.065
-0.048
-0.059
-0.066
-0.056
-0.043
-0.033
-0.031
-0.036
-0.046
-0.038
-0.011
0.019
0.032
0.035
0.044
0.057
0.059
0.035
0.0029
-0.013
-0.01
0.00081
0.021
0.039
0.051
0.066
0.061
0.035
0.0068
-0.0051
0.0055
0.021
0.035
0.04
0.045
0.054
0.063
0.073
0.078
0.078
0.077
0.067
0.058
0.053
0.045
0.042
0.051
0.065
0.099
0.16
0.18
0.1
-0.0058
-0.047
-0.017
0.028
0.059
0.065
0.056
0.045
0.041
0.035
0.024
0.014
0.0058
-0.0057
-0.02
-0.023
-0.0037
0.038
0.08
0.1
0.09
0.051
0.011
-0.019
-0.021
-0.018
-0.0059
0.019
0.031
0.032
0.038
0.029
0.0048
-0.014
-0.02
-0.016
-0.0094
0.00032
0.02
0.036
0.036
0.02
0.0032
-0.0057
-0.012
-0.017
-0.0079
0.0051
0.00035
-0.011
-0.011
-0.0067
0.0021
0.0079
0.016
0.019
0.014
0.0023
-0.0064
0.0041
0.022
0.04
0.046
0.05
0.052
0.052
0.056
0.062
0.057
0.043
0.032
0.026
0.022
0.024
0.03
0.036
0.035
0.039
0.043
0.04
0.04
0.034
0.016
-0.0077
-0.033
-0.042
-0.016
0.014
0.044
0.073
0.081
0.064
0.046
0.04
0.038
0.041
0.046
0.059
0.084
0.11
0.1
0.071
0.047
0.035
0.024
0.027
0.037
0.044
0.062
0.092
0.11
0.095
0.053
0.0095
-0.018
-0.025
-0.012
0.0017
0.0065
0.014
0.027
0.042
0.049
0.039
0.015
-0.016
-0.055
-0.088
-0.094
-0.079
-0.046
-0.018
-0.0011
0.0068
-0.0006
-0.029
-0.069
-0.11
-0.14
-0.15
-0.14
-0.11
-0.086
-0.073
-0.064
-0.056
-0.061
-0.068
-0.072
-0.082
-0.095
-0.1
-0.1
-0.093
-0.083
-0.085
-0.079
-0.074
-0.079
-0.08
-0.08
-0.088
-0.1
-0.095
-0.074
-0.036
-0.0033
0.026
0.046
0.051
0.042
0.025
0.018
0.0098
-0.0038
-0.011
0.006
0.034
0.06
0.074
0.067
0.078
0.1
0.13
0.14
0.11
0.077
0.055
0.066
0.1
0.15
0.17
0.17
0.17
0.17
0.15
0.13
0.12
0.12
0.14
0.17
0.21
0.23
0.25
0.24
0.22
0.18
0.15
0.13
0.11
0.11
0.14
0.18
0.2
0.21
0.21
0.22
0.21
0.19
0.16
0.14
0.13
0.12
0.13
0.16
0.2
0.23
0.23
0.2
0.16
0.12
0.092
0.094
0.11
0.13
0.15
0.17
0.18
0.17
0.13
0.083
0.034
0.017
0.04
0.082
0.1
0.096
0.075
0.054
0.029
-0.0071
-0.035
-0.049
-0.059
-0.055
-0.034
-0.0053
0.02
0.048
0.063
0.045
0.00087
-0.047
-0.092
-0.1
-0.077
-0.032
0.014
0.042
0.06
0.063
0.041
-0.014
-0.068
-0.083
-0.054
-0.017
0.012
0.036
0.049
0.058
0.065
0.046
0.014
-0.013
-0.027
-0.02
-0.0049
-0.0017
-0.0018
0.0055
0.025
0.048
0.05
0.032
0.0079
-0.011
-0.014
0.0074
0.035
0.036
0.019
0.011
0.014
0.025
0.036
0.027
-0.004
-0.024
-0.032
-0.039
-0.049
-0.052
-0.043
-0.026
-0.0054
-0.012
-0.047
-0.078
-0.084
-0.068
-0.056
-0.053
-0.047
-0.032
-0.02
-0.012
-0.011
-0.024
-0.038
-0.056
-0.068
-0.062
-0.06
-0.048
-0.027
-0.009
