-0.0032
-0.02
-0.024
-0.0067
0.0089
-0.0026
-0.012
-0.0096
-0.0095
-0.02
-0.028
-0.018
-0.004
0.015
0.02
0.0085
0.0037
0.011
0.0023
-0.011
0.005
0.021
0.011
0.00038
0.015
0.019
-0.003
-0.011
-0.0085
-0.0075
-0.0016
0.0073
0.0086
0.0037
0.0049
-0.0014
-0.01
-0.017
-0.013
0.0034
0.02
0.02
0.012
0.017
0.013
-0.0018
-0.0018
0.0057
0.012
0.013
0.011
0.015
0.017
0.014
-0.0053
-0.017
-0.013
0.0017
-0.0035
-0.009
-0.0034
0.0049
0.0081
-0.0071
-0.018
-0.007
-0.00017
-0.0074
0.0069
0.027
0.0048
-0.027
-0.0088
0.013
-0.013
-0.032
0.004
0.033
0.017
0.0017
0.004
-0.0083
-0.012
-0.0022
0.0096
0.028
0.031
0.022
0.016
0.0071
-0.00066
-0.0013
-0.013
-0.03
-0.028
-0.021
-0.026
-0.028
-0.02
-0.017
-0.02
-0.028
-0.031
-0.011
0.0073
0.0054
0.0045
0.012
0.018
-0.0039
-0.022
-0.022
-0.012
-0.0084
-0.0072
0.002
0.0041
-0.0083
-0.015
-0.0071
-0.0042
-0.0057
-0.0072
-0.006
-0.0047
-0.00072
0.0074
0.0059
0.0026
0.013
0.0045
-0.02
-0.027
-0.021
-0.011
0.014
0.017
-0.0048
-0.0092
-0.0025
0.0061
0.011
0.024
0.035
0.022
0.0065
0.02
0.029
0.013
0.015
0.032
0.024
0.00056
-0.0096
0.014
0.035
0.026
0.015
0.0099
0.0077
-0.0014
0.0018
0.015
0.018
0.001
-0.012
-0.012
-0.013
-0.014
-0.0046
-0.0022
-0.0098
-0.002
0.0087
0.003
0.0037
0.0077
-0.008
-0.021
-0.006
0.021
0.02
0.0032
0.0046
0.0053
-0.014
-0.026
-0.025
-0.011
0.0092
-0.0014
-0.016
-0.0077
-0.006
-0.023
-0.022
-0.0082
-0.013
-0.026
-0.027
-0.015
-0.01
-0.0069
-0.015
-0.025
-0.027
-0.043
-0.048
-0.03
-0.0082
-0.0058
-0.022
-0.026
-0.028
-0.037
-0.046
-0.039
-0.035
-0.018
-0.00099
-0.012
-0.024
-0.019
-0.013
-0.031
-0.049
-0.035
-0.016
-0.021
-0.023
-0.01
-0.022
-0.039
-0.035
-0.04
-0.049
-0.044
-0.027
-0.017
-0.019
-0.03
-0.036
-0.03
-0.029
-0.028
-0.016
-0.018
-0.033
-0.025
-0.0063
-0.013
-0.029
-0.023
-0.016
-0.028
-0.039
-0.026
-0.012
-0.011
-0.027
-0.041
-0.04
-0.031
-0.039
-0.049
-0.037
-0.033
-0.04
-0.051
-0.054
-0.046
-0.034
-0.053
-0.076
-0.067
-0.058
-0.072
-0.071
-0.044
-0.043
-0.068
-0.061
-0.029
-0.021
-0.035
-0.029
-0.018
-0.02
-0.012
0.0039
0.025
0.034
0.034
0.038
0.042
0.029
0.02
0.034
0.038
0.032
0.038
0.05
0.052
0.045
0.046
0.049
0.048
0.055
0.065
0.073
0.075
0.097
0.11
0.12
0.12
0.12
0.12
0.12
0.12
0.12
0.14
0.15
0.13
0.11
0.11
0.1
0.098
0.092
0.085
0.077
0.073
0.078
0.075
0.057
0.059
0.067
0.066
0.058
0.048
0.048
0.063
0.067
0.048
0.04
0.049
0.065
0.07
0.07
0.074
0.067
0.048
0.037
0.041
0.043
0.046
0.056
0.051
0.03
0.018
0.025
0.037
0.033
0.014
-0.013
-0.02
0.0022
0.02
0.01
0.00056
-0.01
-0.02
-0.011
0.0032
0.011
0.013
0.024
0.024
0.008
-0.0043
-0.014
-0.012
0.0033
0.0098
0.0052
0.01
0.028
0.021
-0.0052
-0.0078
0.00041
0.00038
-0.0046
-0.015
-0.015
0.0009
0.0064
-0.00047
-0.012
-0.032
-0.065
-0.072
-0.046
-0.029
-0.018
-0.0033
0.00044
-0.024
-0.045
-0.045
-0.028
0.011
0.03
0.011
-0.0092
0.0027
0.026
0.0034
-0.02
-0.021
-0.023
-0.04
-0.045
-0.025
0.0023
0.015
-0.0047
-0.029
-0.044
-0.042
-0.025
-0.018
-0.016
-0.015
-0.015
-0.021
-0.03
-0.033
-0.025
-0.0048
-0.0045
-0.015
-0.013
0.0029
0.03
0.035
0.0076
-0.021
-0.014
0.017
0.041
0.053
0.054
0.046
0.037
0.03
0.015
0.0048
0.02
0.043
0.053
0.044
0.038
0.046
0.052
0.066
0.042
0.091
0.29
0.32
0.15
0.023
0.038
0.058
0.045
0.064
0.13
0.17
0.14
0.072
0.044
0.034
0.014
-0.00093
0.015
0.025
-0.006
-0.021
0.022
0.061
0.052
0.022
-0.003
-0.034
-0.061
-0.064
-0.035
0.0094
0.039
0.03
-0.0044
-0.033
-0.048
-0.034
-0.028
-0.018
-0.0092
-0.0048
-0.01
-0.027
-0.027
-0.0043
0.007
0.0042
0.006
0.013
0.013
0.015
0.029
0.03
0.016
-0.00011
-0.0011
-0.012
-0.022
-0.012
0.02
0.039
0.035
0.0094
-0.008
-0.0041
-0.0056
-0.017
-0.016
-0.0071
-0.0069
-0.0075
-0.0092
-0.016
-0.027
-0.042
-0.045
-0.019
0.013
0.0094
0.012
0.022
0.019
0.012
0.012
0.015
0.016
0.02
0.017
0.0073
-0.012
-0.016
-0.0074
-0.01
-0.02
-0.024
-0.0026
0.017
0.013
-0.0028
0.0027
0.018
0.016
-0.0073
-0.022
-0.018
-0.012
0.0045
0.01
-0.0039
-0.019
-0.016
-0.016
-0.025
-0.024
0.011
0.035
0.022
-0.0023
-0.011
-0.018
-0.036
-0.049
-0.032
-0.0053
0.0075
0.014
-0.0089
-0.025
-0.025
-0.025
-0.016
-0.012
0.0056
0.0066
0.014
0.042
0.03
0.014
0.012
0.012
0.028
0.016
-0.011
-0.014
-0.0015
-0.0061
-0.032
-0.041
-0.038
-0.024
0.021
0.052
0.061
0.061
0.064
0.058
0.036
0.0085
-0.015
-0.016
-0.0058
0.02
0.04
0.053
0.053
0.032
-0.0022
-0.028
-0.028
-0.014
-0.0019
0.0061
0.0067
-0.0085
-0.019
-0.01
0.0077
0.024
0.027
0.015
-0.0098
-0.05
-0.073
-0.064
-0.054
-0.062
-0.061
-0.035
-0.014
-0.0074
0.0084
0.046
0.072
0.081
0.059
0.0049
-0.04
-0.044
0.0013
0.049
0.057
0.04
0.016
-0.013
-0.045
-0.042
-0.012
0.026
0.03
-0.0064
-0.05
-0.071
-0.056
-0.02
0.03
0.067
0.071
0.037
0.0073
0.011
0.028
0.035
0.033
0.02
-0.013
-0.016
0.038
0.082
0.079
0.042
-0.01
-0.063
-0.088
-0.074
-0.037
-0.015
-0.027
-0.059
-0.099
-0.12
-0.14
-0.14
-0.13
-0.14
-0.14
-0.12
-0.085
-0.058
-0.06
-0.095
-0.14
-0.16
-0.14
-0.1
-0.076
-0.076
-0.079
-0.099
-0.13
-0.15
-0.16
-0.19
-0.23
-0.23
-0.19
-0.078
0.02
0.071
0.075
0.019
-0.12
-0.32
-0.46
-0.44
-0.34
-0.22
-0.05
0.17
0.39
0.5
0.42
0.16
-0.15
-0.39
-0.52
-0.64
-0.8
-0.87
-0.8
-0.46
0.0035
0.31
0.4
0.31
0.15
0.0069
-0.075
-0.076
0.013
0.14
0.25
0.32
0.36
0.4
0.42
0.4
0.37
0.37
0.42
0.5
0.52
0.48
0.4
0.33
0.27
0.2
0.093
-0.032
-0.11
-0.11
-0.07
-0.05
-0.046
-0.038
-0.05
-0.095
-0.16
-0.21
-0.23
-0.22
-0.21
-0.24
-0.31
-0.39
-0.47
-0.55
-0.61
-0.63
-0.62
-0.59
-0.56
-0.55
-0.52
-0.47
-0.41
-0.32
-0.21
-0.054
0.091
0.32
0.83
1
0.97
0.98
0.7
0.5
0.43
0.21
-0.16
-0.36
-0.12
0.32
0.58
0.62
0.55
0.5
0.5
0.51
0.44
0.3
0.16
0.13
0.21
0.28
0.28
0.2
0.1
0.055
0.063
0.099
0.12
0.1
0.06
0.021
-0.037
-0.1
-0.18
-0.27
-0.34
-0.33
-0.25
-0.17
-0.13
-0.14
-0.17
-0.2
-0.24
-0.3
-0.34
-0.33
-0.27
-0.2
-0.15
-0.16
-0.17
-0.15
-0.093
-0.048
-0.017
0.02
0.056
0.091
0.12
0.11
0.08
0.082
0.094
0.12
0.15
0.2
0.24
0.25
0.23
0.2
0.15
0.098
0.038
0.0093
0.042
0.11
0.19
0.25
0.28
0.28
0.25
0.18
0.083
-0.017
-0.07
-0.069
-0.038
-0.011
-0.00014
-0.0083
-0.012
-0.0073
-0.01
-0.013
-0.019
-0.023
-0.016
0.0035
-0.011
-0.068
-0.13
-0.17
-0.15
-0.1
-0.064
-0.056
-0.066
-0.061
-0.045
-0.054
-0.09
-0.099
-0.075
-0.046
-0.017
-0.0028
0.029
0.076
0.1
0.079
0.042
0.013
0.012
0.065
0.14
0.18
0.17
0.13
0.082
0.045
0.047
0.079
0.1
0.11
0.1
0.085
0.077
0.077
0.073
0.051
0.022
-0.002
-0.016
-0.017
-0.009
-0.014
-0.029
-0.053
-0.093
-0.13
-0.14
-0.13
-0.097
-0.069
-0.078
-0.11
-0.13
-0.12
-0.084
-0.069
-0.067
-0.07
-0.069
-0.052
-0.04
-0.04
-0.05
-0.053
-0.056
-0.053
-0.049
-0.033
-0.0047
0.0068
-0.012
-0.042
-0.065
-0.072
-0.069
-0.063
-0.052
-0.026
0.0065
0.012
-0.0083
-0.02
-0.0098
0.0084
0.022
0.022
0.013
0.0022
-0.0064
-0.016
-0.029
-0.038
-0.044
-0.049
-0.053
-0.056
-0.066
-0.069
-0.082
-0.095
-0.089
-0.09
-0.086
-0.063
-0.042
-0.029
-0.024
-0.021
-0.018
-0.013
-0.012
-0.012
-0.0081
0.013
0.037
0.051
0.042
0.004
-0.031
-0.046
-0.05
-0.057
-0.061
-0.04
-0.0036
0.03
0.044
0.038
0.026
0.021
0.031
0.027
-0.0072
-0.03
-0.01
0.026
0.036
0.0098
-0.024
-0.037
-0.039
-0.037
-0.022
-0.016
-0.033
-0.047
-0.043
-0.033
-0.021
-0.0017
0.022
0.037
0.032
0.028
0.036
0.051
0.063
0.057
0.05
0.047
0.055
0.062
0.07
0.073
0.083
0.09
0.081
0.07
0.066
0.063
0.045
0.035
0.039
0.045
0.054
0.071
0.083
0.08
0.087
0.12
0.15
0.15
0.13
0.12
0.12
0.12
0.14
0.16
0.16
0.16
0.14
0.12
0.091
0.077
0.086
0.097
0.1
0.1
0.12
0.13
0.13
0.13
0.14
0.14
0.16
0.2
0.23
0.25
0.24
0.25
0.25
0.26
0.25
0.23
0.2
0.17
0.15
0.12
0.085
0.044
-0.0062
-0.058
-0.1
-0.14
-0.19
-0.24
-0.28
-0.32
-0.33
-0.34
-0.37
-0.37
-0.35
-0.33
-0.31
-0.27
-0.22
-0.18
-0.14
-0.11
-0.11
-0.096
-0.064
-0.014
0.037
0.078
0.1
0.11
0.11
0.085
0.041
-0.028
-0.12
-0.21
-0.27
-0.31
-0.35
-0.35
-0.33
-0.32
-0.31
-0.3
-0.28
-0.27
-0.24
-0.19
-0.11
-0.025
0.057
0.11
0.15
0.17
0.17
0.18
0.16
0.13
0.093
0.061
0.055
0.058
0.041
0.024
0.04
0.082
0.11
0.12
0.11
0.11
0.11
0.14
0.17
0.18
0.18
0.17
0.16
0.11
0.06
0.0097
-0.025
-0.058
-0.096
-0.13
-0.15
-0.17
-0.2
-0.21
-0.21
-0.21
-0.2
-0.2
-0.2
-0.18
-0.13
-0.076
-0.052
-0.055
-0.06
-0.054
-0.046
-0.044
-0.048
-0.041
-0.035
-0.045
-0.053
-0.069
-0.087
-0.1
-0.11
-0.094
-0.069
-0.055
-0.036
-0.015
-0.0028
0.013
0.022
0.019
0.022
0.042
0.069
0.076
0.067
0.054
0.039
0.029
0.025
0.037
0.057
0.07
0.084
0.094
0.088
0.077
0.068
0.072
0.07
0.046
0.017
0.0035
0.015
0.047
0.053
0.038
0.029
0.024
0.018
0.022
0.049
0.085
0.096
0.095
0.11
0.11
0.094
0.07
0.046
0.046
0.043
0.017
-0.0089
-0.012
-0.011
0.00011
0.031
0.05
0.035
0.014
0.0097
0.014
0.013
0.0086
0.013
0.02
0.024
0.034
0.033
0.021
-0.0059
-0.025
-0.018
-0.021
-0.028
-0.013
0.0092
0.012
0.016
0.022
0.015
0.015
0.033
0.048
0.058
0.07
0.087
0.085
0.066
0.051
0.048
0.038
0.04
0.057
0.056
0.06
0.069
0.067
0.059
0.056
0.054
0.044
0.035
0.041
0.059
0.083
0.089
0.064
0.047
0.064
0.072
0.068
0.069
0.058
0.056
0.071
0.083
0.083
0.067
0.057
0.067
0.079
0.083
0.091
0.096
0.095
0.09
0.086
0.075
0.066
0.081
0.1
0.091
0.05
0.027
0.035
0.039
0.032
0.009
-0.0032
0.0018
0.015
0.013
0.00072
0.0011
0.013
0.023
0.022
0.024
0.029
0.026
0.024
0.022
0.021
0.021
0.014
-0.0034
-0.019
-0.036
-0.045
-0.036
-0.041
-0.061
-0.065
-0.057
-0.044
-0.028
-0.027
-0.03
-0.022
-0.019
-0.026
-0.013
0.0035
0.0024
-0.0095
-0.034
-0.06
-0.082
-0.096
-0.1
-0.11
-0.11
-0.074
-0.051
-0.036
-0.025
-0.041
-0.06
-0.059
-0.038
-0.025
-0.032
-0.045
-0.036
-0.019
-0.0083
-0.0067
-0.012
-0.019
-0.038
-0.05
-0.061
-0.074
-0.08
-0.095
-0.1
-0.091
-0.073
-0.075
-0.076
-0.07
-0.06
-0.044
-0.047
-0.066
-0.071
-0.057
-0.039
-0.026
-0.027
-0.036
-0.028
-0.011
-0.009
-0.046
-0.11
-0.15
-0.17
-0.18
-0.18
-0.17
-0.16
-0.13
-0.1
-0.093
-0.088
-0.087
-0.077
-0.071
-0.088
-0.1
-0.11
-0.11
-0.12
-0.12
-0.12
-0.12
-0.13
-0.14
-0.12
-0.12
-0.12
-0.13
-0.13
-0.12
-0.11
-0.11
-0.1
-0.1
-0.095
-0.074
-0.063
-0.073
-0.08
-0.076
-0.082
-0.095
-0.087
-0.064
-0.047
-0.037
-0.031
-0.039
-0.045
-0.042
-0.045
-0.047
-0.051
-0.055
-0.055
-0.036
-0.0041
0.011
0.014
-0.00093
-0.026
-0.03
-0.013
0.0056
0.0086
0.013
0.021
0.034
0.039
0.026
0.0087
-0.0015
0.0095
0.022
0.039
0.055
0.058
0.066
0.073
0.065
0.055
0.05
0.051
0.052
0.058
0.075
0.071
0.047
0.041
0.044
0.047
0.055
0.054
0.05
0.067
0.087
0.084
0.069
0.062
0.07
0.081
0.082
0.082
0.08
0.092
0.11
0.11
0.11
0.11
0.11
0.12
0.12
0.12
0.12
0.12
0.12
0.12
0.11
0.096
0.085
0.079
0.087
0.099
0.11
0.12
0.12
0.12
0.11
0.094
0.086
0.092
0.097
0.1
0.11
0.1
0.085
0.066
0.059
0.056
0.065
0.077
0.078
0.072
0.073
0.08
0.08
0.067
0.049
0.05
0.058
0.067
0.071
0.064
0.058
0.045
0.047
0.051
0.048
0.054
0.068
0.061
0.042
0.033
0.017
0.0059
-0.0011
-0.015
-0.019
-0.017
-0.0045
0.0046
0.0092
0.0074
0.0071
-0.0033
-0.021
-0.025
-0.016
0.00056
-0.0038
-0.015
-0.019
-0.025
-0.041
-0.056
-0.054
-0.041
-0.026
-0.028
-0.029
-0.03
-0.041
-0.04
-0.031
-0.037
-0.047
-0.043
-0.034
-0.034
-0.043
-0.051
-0.045
-0.035
-0.035
-0.034
-0.037
-0.044
-0.048
-0.055
-0.055
-0.034
-0.012
0.00096
0.0087
0.0038
0.012
0.03
0.044
0.05
0.034
0.0075
-0.024
-0.05
-0.058
-0.043
-0.031
-0.023
0.0012
0.037
0.076
0.095
0.086
0.075
0.067
0.07
0.062
0.044
0.045
0.059
0.055
0.06
0.083
0.086
0.066
0.05
0.038
0.014
0.0056
0.012
0.012
0.0017
-0.0079
-0.00063
0.016
0.028
0.027
0.029
0.029
0.018
0.011
0.0076
0.016
0.0047
-0.016
-0.041
-0.058
-0.044
-0.023
-0.0093
-0.0094
-0.018
-0.023
-0.03
-0.043
-0.049
-0.046
-0.057
-0.066
-0.076
-0.073
-0.055
-0.058
-0.07
-0.065
-0.066
-0.083
-0.09
-0.066
-0.039
-0.02
-0.01
-0.01
-0.031
-0.047
-0.045
-0.037
-0.04
-0.049
-0.058
-0.054
-0.031
-0.026
-0.047
-0.058
-0.052
-0.041
-0.031
-0.027
-0.025
-0.027
-0.041
-0.051
-0.052
-0.056
-0.056
-0.043
-0.028
-0.01
-0.017
-0.035
-0.052
-0.061
-0.057
-0.044
-0.037
-0.048
-0.032
-0.015
-0.015
-0.02
-0.031
-0.043
-0.046
-0.042
-0.036
-0.02
-0.017
-0.034
-0.035
-0.015
-0.00075
-0.0056
-0.009
-0.0074
-0.003
-0.0042
-0.014
-0.014
-0.0039
0.0037
0.0093
0.027
0.04
0.055
0.074
0.077
0.074
0.062
0.046
0.029
0.02
0.029
0.038
0.047
0.06
0.075
0.078
0.078
0.073
0.069
0.079
0.086
0.091
0.093
0.098
0.1
0.11
0.11
0.094
0.082
0.069
0.07
0.091
0.11
0.12
0.11
0.11
0.12
0.14
0.14
0.13
0.13
0.13
0.12
0.11
0.1
0.096
0.085
0.071
0.068
0.073
0.093
0.11
0.12
0.12
0.11
0.1
0.098
0.093
0.094
0.084
0.065
0.061
0.061
0.058
0.05
0.036
0.029
0.041
0.061
0.065
0.066
0.071
0.091
0.096
0.086
0.076
0.065
0.042
0.015
0.0022
-0.0017
-0.0011
0.0035
0.02
0.043
0.055
0.054
0.052
0.064
0.076
0.073
0.068
0.066
0.047
0.036
0.047
0.044
0.026
0.02
0.02
0.0076
0.0029
0.0069
0.0061
0.0084
0.0046
0.0023
0.0014
0.0017
-0.0024
-0.014
-0.0032
0.0074
-1.5e-005
-0.0039
0.0036
0.0011
-0.014
-0.024
-0.038
-0.045
-0.048
-0.061
-0.064
-0.051
-0.039
-0.041
-0.042
-0.053
-0.074
-0.094
-0.096
-0.077
-0.045
-0.011
-0.0062
-0.026
-0.048
-0.071
-0.094
-0.11
-0.095
-0.085
-0.089
-0.062
-0.016
-0.0093
-0.041
-0.054
-0.054
-0.059
-0.056
-0.05
-0.052
-0.051
-0.039
-0.042
-0.039
-0.015
-0.00072
-0.0083
-0.016
-0.015
-0.012
-0.0065
-0.022
-0.058
-0.09
-0.1
-0.085
-0.066
-0.054
-0.039
-0.035
-0.039
-0.057
-0.067
-0.063
-0.054
-0.055
-0.05
-0.038
-0.038
-0.026
0.0028
0.026
0.026
-0.00047
-0.036
-0.048
-0.045
-0.051
-0.061
-0.076
-0.091
-0.11
-0.12
-0.11
-0.092
-0.059
-0.028
-0.011
-0.0076
-0.0064
-0.0014
0.0055
0.0065
-0.0018
-0.011
-0.029
-0.044
-0.042
-0.024
-0.0097
-0.013
-0.017
-0.016
-0.0083
0.0053
0.014
0.015
0.015
0.027
0.03
0.028
0.023
0.019
0.029
0.043
0.048
0.044
0.039
0.024
0.022
0.028
0.03
0.041
0.076
0.14
0.2
0.2
0.16
0.079
-0.0066
-0.029
-0.0043
0.032
0.056
0.059
0.074
0.13
0.13
0.067
0.0036
-0.064
-0.02
0.071
0.1
0.12
0.14
0.16
0.16
0.11
0.072
0.097
0.12
0.13
0.13
0.11
0.12
0.13
0.16
0.16
0.15
0.15
0.18
0.17
0.13
0.072
0.036
0.039
0.069
0.1
0.11
0.078
0.062
0.12
0.2
0.21
0.16
0.12
0.082
0.059
0.12
0.19
0.17
0.14
0.11
0.089
0.063
0.055
0.069
0.09
0.13
0.15
0.1
0.035
-0.0011
0.018
0.058
0.094
0.1
0.096
0.083
0.061
0.054
0.085
0.09
0.041
0.026
0.051
0.054
0.052
0.086
0.092
0.041
0.0034
-0.021
-0.045
-0.023
0.0022
0.022
0.052
0.048
0.042
0.068
0.085
0.063
0.043
0.056
0.044
0.013
0.021
0.055
0.057
0.037
0.0084
-0.031
-0.05
-0.026
0.045
0.1
0.096
0.043
-0.019
-0.057
-0.058
-0.038
-0.0096
0.0046
0.007
0.0045
-0.018
-0.045
-0.063
-0.082
-0.074
-0.03
0.02
0.04
0.01
-0.033
-0.052
-0.06
-0.067
-0.089
-0.11
-0.11
-0.099
-0.058
-0.023
-0.044
-0.11
-0.14
-0.12
-0.11
-0.099
-0.11
-0.13
-0.13
-0.12
-0.12
-0.12
-0.13
-0.13
-0.12
-0.11
-0.11
-0.1
-0.11
-0.13
-0.16
-0.17
-0.19
-0.19
-0.15
-0.1
-0.11
-0.15
-0.18
-0.19
-0.2
-0.2
-0.15
-0.074
-0.023
-0.0029
-0.015
-0.05
-0.1
-0.12
-0.11
-0.12
-0.12
-0.12
-0.12
-0.1
-0.067
-0.03
-0.027
-0.042
-0.055
-0.043
-0.036
-0.046
-0.073
-0.11
-0.14
-0.14
-0.12
-0.092
-0.069
-0.041
-0.019
-0.028
-0.051
-0.059
-0.06
-0.066
-0.077
-0.082
-0.085
-0.08
-0.062
-0.04
-0.024
-0.041
-0.065
-0.083
-0.11
-0.1
-0.068
-0.043
-0.055
-0.084
-0.11
-0.11
-0.09
-0.052
-0.0088
0.0091
0.0098
0.0055
-0.011
-0.027
-0.025
-0.011
-0.0022
0.01
0.032
0.037
0.015
-0.0045
0.0055
0.02
0.035
0.053
0.069
0.056
0.033
0.019
0.0054
-0.014
-0.031
-0.023
0.014
0.057
0.083
0.1
0.13
0.13
0.11
0.088
0.076
0.051
0.038
0.053
0.065
0.065
0.072
0.084
0.088
0.087
0.087
0.089
0.11
0.13
0.13
0.13
0.13
0.1
0.096
0.1
0.088
0.073
0.086
0.11
0.1
0.082
0.056
0.035
0.044
0.062
0.085
0.11
0.12
0.13
0.14
0.15
0.14
0.13
0.11
0.083
0.063
0.061
0.065
0.053
0.043
0.048
0.043
0.02
0.0044
0.021
0.05
0.063
0.076
0.084
0.069
0.045
0.033
0.023
0.019
0.029
0.045
0.07
0.085
0.079
0.058
0.048
0.048
0.054
0.058
0.056
0.042
0.033
0.034
0.039
0.05
0.051
0.042
0.047
0.057
0.072
0.075
0.057
0.042
0.038
0.037
0.039
0.043
0.04
0.041
0.041
0.039
0.035
0.033
0.036
0.042
0.034
0.025
0.015
0.00093
-0.0053
0.016
0.061
0.093
0.091
0.071
0.042
0.022
0.017
0.009
-0.0062
-0.024
-0.034
-0.032
-0.025
-0.024
-0.011
0.014
0.036
0.043
0.034
0.028
0.015
7.6e-005
-0.0096
-0.021
-0.023
-0.016
-0.013
-0.024
-0.038
-0.045
-0.05
-0.045
-0.043
-0.048
-0.058
-0.069
-0.078
-0.077
-0.068
-0.065
-0.06
-0.05
-0.047
-0.063
-0.069
-0.074
-0.078
-0.067
-0.048
-0.045
-0.06
-0.062
-0.054
-0.057
-0.064
-0.064
-0.043
-0.023
-0.022
-0.03
-0.059
-0.089
-0.08
-0.051
-0.038
-0.044
-0.06
-0.073
-0.07
-0.06
-0.054
-0.06
-0.07
-0.069
-0.069
-0.079
-0.078
-0.067
-0.042
-0.015
-0.0064
-0.013
-0.014
-0.014
0.0031
0.0038
-0.017
-0.04
-0.068
-0.093
-0.11
-0.1
-0.11
-0.1
-0.063
-0.016
0.013
0.028
0.027
0.013
0.0015
-0.012
-0.043
-0.062
-0.057
-0.058
-0.056
-0.02
0.018
0.025
0.023
0.033
0.033
0.025
0.011
-0.015
-0.033
-0.035
-0.02
0.004
0.012
0.0058
0.0067
0.032
0.04
0.013
-0.017
-0.022
-0.032
-0.048
-0.049
-0.043
-0.019
0.022
0.061
0.095
0.11
0.1
0.07
0.045
0.025
0.015
0.013
0.0059
-0.012
-0.021
0.0035
0.026
0.048
0.082
0.1
0.094
0.06
0.035
0.026
0.019
0.032
0.062
0.056
0.023
0.02
0.033
0.034
0.028
0.022
0.027
0.036
0.026
0.0034
-0.015
-0.025
-0.019
-0.002
0.015
0.029
0.031
0.034
0.037
0.033
0.021
0.01
0.012
0.015
0.0094
-0.0054
-0.015
-0.0056
-0.0014
-0.012
-0.016
-0.0047
0.0013
0.017
0.021
0.0079
-0.009
-0.028
-0.022
0.0061
0.015
-0.00093
-0.0095
0.0047
0.016
0.011
0.029
0.054
0.037
0.029
0.044
0.034
0.013
-0.0078
-0.0091
0.0019
0.011
0.017
0.026
0.034
0.034
0.039
0.043
0.049
0.043
0.03
0.021
0.0084
0.0061
0.011
0.025
0.035
0.045
0.055
0.052
0.047
0.03
0.011
0.015
0.038
0.067
0.072
0.069
0.063
0.056
0.041
0.032
0.021
0.023
0.041
0.048
0.044
0.038
0.04
0.041
0.028
0.012
0.0079
0.021
0.04
0.047
0.046
0.045
0.042
0.036
0.038
0.04
0.034
0.037
0.061
0.074
0.071
0.065
0.051
0.045
0.041
0.033
0.032
0.022
0.016
0.022
0.022
0.015
0.018
0.02
0.025
0.029
0.023
0.025
0.034
0.05
0.053
0.033
0.017
0.0042
-0.0035
-0.0086
-0.0047
0.011
0.03
0.028
0.023
0.022
0.025
0.037
0.04
0.032
0.031
0.022
0.013
0.016
0.028
0.033
0.034
0.036
0.024
-0.00063
-0.019
-0.02
-0.013
0.011
0.017
-0.0016
-0.0084
-0.0074
0.00035
0.013
0.022
0.024
0.036
0.055
0.058
0.043
0.034
0.044
0.059
0.081
0.086
0.059
0.022
-0.016
-0.026
-0.0072
0.019
0.018
-0.0083
-0.021
-0.025
-0.023
0.0036
0.031
0.041
0.057
0.063
0.036
-0.014
-0.05
-0.033
0.0005
0.027
0.054
0.059
0.051
0.063
0.084
0.076
0.058
0.031
-0.01
-0.047
-0.07
-0.065
-0.027
0.014
0.033
0.039
0.035
0.017
-0.0042
-0.017
-0.023
-0.029
-0.03
-0.033
-0.043
-0.039
-0.0072
0.031
0.049
0.035
0.01
-0.0087
-0.0078
0.0059
0.019
0.017
0.012
0.016
0.032
0.064
0.085
0.088
0.075
0.039
0.0066
-0.0076
-0.016
-0.028
-0.021
0.0014
-0.0017
-0.013
0.00069
0.034
0.067
0.094
0.089
0.066
0.055
0.056
0.05
0.027
0.0031
-0.022
-0.027
-0.012
0.0061
0.0023
-0.0095
-0.013
-0.016
-0.0097
-0.011
-0.016
-0.0083
-4.6e-005
-0.0087
-0.025
-0.043
-0.055
-0.048
-0.03
-0.024
-0.022
-0.02
-0.013
-0.018
-0.035
-0.051
-0.06
-0.063
-0.069
-0.067
-0.052
-0.017
0.017
0.039
0.057
0.055
0.031
-0.0076
-0.031
-0.029
-0.018
-0.0015
0.025
0.031
0.0011
-0.019
-0.025
-0.024
-0.02
-0.017
-0.011
0.0027
0.0061
-0.0021
-0.014
-0.016
0.012
0.038
0.039
0.033
0.021
0.011
0.0084
0.01
-0.00029
-0.0024
0.011
0.011
0.0054
-0.00063
0.0055
0.018
0.039
0.065
0.053
0.026
0.012
0.017
0.035
0.05
0.049
0.041
0.042
0.043
0.044
0.042
0.039
0.036
0.03
0.038
0.05
0.053
0.051
0.047
0.025
0.0094
0.024
0.033
0.025
0.0028
-0.018
-0.017
-0.0038
-0.0055
-0.013
0.0072
0.026
0.028
0.011
-0.012
-0.032
-0.046
-0.049
-0.049
-0.044
-0.025
-0.0072
-0.022
-0.04
-0.052
-0.065
-0.069
-0.065
-0.067
-0.065
-0.058
-0.055
-0.047
-0.017
-0.0092
-0.034
-0.049
-0.033
-0.02
0.0028
0.028
0.013
-0.0092
-0.015
-0.014
-0.0028
-0.012
-0.021
-0.012
-0.0092
-0.0077
0.014
0.04
0.044
0.047
0.04
0.027
0.025
0.033
0.035
0.029
0.019
-0.0021
-0.0062
0.014
0.04
0.058
0.067
0.062
0.046
0.046
0.045
0.032
0.017
0.01
0.015
0.014
0.019
0.043
0.086
0.12
0.11
0.094
0.062
0.025
-0.0049
-0.012
-0.0058
0.0097
0.013
-0.002
-0.0074
-0.0015
0.007
0.011
0.012
0.028
0.043
0.044
0.05
0.059
0.06
0.057
0.038
0.011
-0.016
-0.038
-0.039
-0.035
-0.029
0.0032
0.036
0.045
0.042
0.037
0.038
0.049
0.043
0.017
-0.014
-0.032
-0.037
-0.042
-0.026
0.0018
0.016
0.026
0.034
0.04
0.043
0.046
0.045
0.043
0.026
-0.00014
-0.019
-0.015
0.0019
0.011
0.022
0.016
0.0052
-0.0022
0.0022
0.016
0.026
0.025
0.022
0.021
0.027
0.029
0.03
0.028
0.016
-0.0064
-0.02
-0.029
-0.045
-0.059
-0.068
-0.072
-0.057
-0.021
0.019
0.041
0.043
0.045
0.062
0.073
0.079
0.063
0.029
-0.0012
-0.02
-0.021
-0.021
-0.017
0.0032
0.026
0.039
0.058
0.072
0.057
0.039
0.031
0.026
0.033
0.033
0.017
0.00056
-0.0032
0.0037
0.01
0.001
-0.013
-0.019
-0.017
-0.0038
0.0016
0.0034
0.011
0.0057
-0.0053
-0.014
-0.0076
0.011
0.026
0.014
-0.016
-0.027
-0.023
-0.0083
-0.0042
-0.018
-0.033
-0.025
0.0035
0.015
-0.0034
-0.028
-0.045
-0.059
-0.041
-0.0032
0.015
0.004
-0.0031
0.00026
-0.0045
-0.011
-0.023
-0.03
-0.041
-0.054
-0.043
-0.021
-0.00056
0.011
0.015
0.012
-0.0013
-0.019
-0.012
0.016
0.029
0.036
0.04
0.035
0.02
0.0091
0.0013
-0.00075
0.018
0.045
0.058
0.051
0.038
0.023
0.0083
0.015
0.019
0.024
0.037
0.044
0.047
0.05
0.046
0.031
0.026
0.027
0.032
0.052
0.069
0.074
0.067
0.067
0.074
0.067
0.047
0.034
0.036
0.027
0.021
0.036
0.055
0.059
0.033
-0.0022
-0.021
-0.02
-0.025
-0.03
-0.026
-0.0083
-0.0037
-0.018
-0.018
0.0033
0.021
0.016
-0.013
-0.031
-0.024
-0.017
-0.0087
-0.0013
-0.0066
-0.0079
0.0021
-0.00078
-0.0022
0.0058
0.012
0.0062
0.0014
0.015
0.03
0.032
0.023
0.014
0.0079
0.018
0.028
0.015
0.0059
0.0053
-0.0057
-0.027
-0.039
-0.04
-0.031
-0.024
-0.029
-0.025
-0.025
-0.037
-0.05
-0.046
-0.014
0.0071
0.01
0.0017
-0.0045
-0.013
-0.016
-0.022
-0.035
-0.047
-0.053
-0.059
-0.052
-0.042
-0.037
-0.033
-0.023
-0.018
-0.031
-0.029
-0.0096
-0.0033
-0.014
-0.026
-0.046
-0.055
-0.046
-0.042
-0.024
0.031
0.076
0.088
0.088
0.079
0.073
0.05
0.011
-0.018
-0.048
-0.073
-0.074
-0.053
-0.041
-0.014
0.041
0.084
0.091
0.061
0.03
0.016
-0.00026
-0.012
-0.023
-0.041
-0.064
-0.074
-0.056
-0.027
-0.0018
0.0091
-0.0035
-0.031
-0.052
-0.058
-0.046
-0.032
-0.047
-0.07
-0.065
-0.027
0.013
0.034
0.021
-0.011
-0.035
-0.059
-0.074
-0.085
-0.093
-0.084
-0.075
-0.072
-0.055
0.00081
0.049
0.045
-0.0017
-0.049
-0.074
-0.073
-0.051
-0.035
-0.027
-0.023
-0.028
-0.042
-0.043
-0.023
-0.017
-0.023
-0.036
-0.032
0.0036
0.027
0.016
0.0079
0.0027
-0.014
-0.033
-0.038
-0.014
0.016
0.043
0.057
0.053
0.022
-0.0092
-0.017
-0.014
-0.0013
0.009
0.0062
-0.0094
-0.026
-0.025
-0.013
-0.0063
-0.012
-0.03
-0.034
-0.02
-0.0012
0.014
0.022
0.0092
-0.011
-0.0061
-0.0026
-0.0076
-0.0019
0.0087
0.01
0.0099
0.013
-0.0015
-0.03
-0.054
-0.047
-0.021
0.0021
0.026
0.039
0.037
0.019
-0.0011
-0.012
-0.006
0.0098
0.015
-0.0023
-0.021
-0.0093
0.021
0.041
0.042
0.019
-0.0038
0.0038
0.031
0.059
0.083
0.12
0.14
0.14
0.11
0.061
0.0055
-0.043
-0.066
-0.054
-0.0086
0.041
0.068
0.07
0.057
0.035
0.015
0.02
0.05
0.08
0.097
0.1
0.1
0.11
0.086
0.04
-0.0017
-0.03
-0.046
-0.037
0.0078
0.06
0.096
0.13
0.15
0.15
0.13
0.1
0.062
0.014
-0.028
-0.036
-0.017
0.0061
0.035
0.062
0.088
0.11
0.12
0.11
0.083
0.048
0.028
0.023
0.023
0.025
0.018
0.00026
-0.0059
0.0033
0.015
0.029
0.037
0.042
0.049
0.046
0.024
-0.0016
-0.033
-0.065
-0.084
-0.082
-0.058
-0.031
-0.0073
0.0083
0.017
0.025
0.045
0.054
0.032
-0.0085
-0.041
-0.049
-0.054
-0.072
-0.071
-0.051
-0.031
-0.016
0.013
0.035
0.037
0.019
-0.0037
-0.0037
0.013
0.032
0.039
0.035
0.034
0.024
0.014
0.024
0.04
0.035
0.015
0.0045
0.011
0.037
0.058
0.05
0.015
-0.015
-0.0028
0.023
0.034
0.035
0.033
0.026
0.014
0.0046
0.0012
0.0071
0.019
0.034
0.031
0.0094
-0.0053
-0.0019
0.015
0.044
0.072
0.094
0.12
0.12
0.087
0.057
0.041
0.039
0.034
0.012
-0.033
-0.051
-0.03
0.029
0.093
0.12
0.13
0.11
0.074
0.034
0.023
0.022
0.0035
-0.032
-0.057
-0.056
-0.036
0.0045
0.044
0.066
0.054
0.015
-0.01
-0.012
-0.015
-0.019
-0.018
-0.018
-0.017
0.021
0.081
0.12
0.12
0.086
0.023
-0.038
-0.074
-0.076
-0.052
-0.034
-0.026
-0.026
-0.036
-0.043
-0.06
-0.074
-0.073
-0.063
-0.056
-0.058
-0.071
-0.081
-0.071
-0.056
-0.043
-0.041
-0.045
-0.038
-0.035
-0.045
-0.043
-0.045
-0.055
-0.057
-0.053
-0.051
-0.063
-0.063
-0.031
-0.016
-0.036
-0.062
-0.071
-0.067
-0.072
-0.088
-0.11
-0.11
-0.084
-0.061
-0.046
-0.036
-0.04
-0.063
-0.079
-0.086
-0.082
-0.068
-0.049
-0.04
-0.057
-0.071
-0.063
-0.048
-0.029
-0.029
-0.02
0.0081
0.043
0.067
0.071
0.061
0.041
0.017
-0.0074
-0.011
0.0053
0.024
0.037
0.044
0.045
0.041
0.035
0.03
0.03
0.04
0.043
0.04
0.049
0.064
0.058
0.035
0.02
0.021
0.034
0.045
0.054
0.088
0.12
0.13
0.12
0.084
0.05
0.044
0.057
0.072
0.072
0.06
0.061
0.088
0.12
0.13
0.11
0.096
0.085
0.069
0.052
0.057
0.074
0.087
0.088
0.073
0.046
0.02
0.014
0.022
0.036
0.052
0.06
0.05
0.033
0.011
-0.0018
0.015
0.042
0.054
0.053
0.048
0.036
0.031
0.045
0.045
0.032
0.017
-0.002
-0.014
-0.022
-0.023
-0.016
-0.012
-0.011
-0.0025
0.021
0.046
0.03
-0.035
-0.07
-0.04
0.025
0.06
0.054
0.023
-0.019
-0.038
-0.043
-0.046
-0.034
-0.024
-0.033
-0.048
-0.044
-0.032
-0.022
-0.012
0.0029
0.0052
-0.0033
-0.011
-0.01
-0.0023
-0.0034
-0.00023
0.0097
0.022
0.029
0.032
0.037
0.037
0.05
0.07
0.075
0.064
0.064
0.063
0.042
0.02
0.014
0.02
0.021
0.026
0.035
0.047
0.057
0.037
0.0069
-0.0069
-0.018
-0.025
-0.026
-0.021
-0.01
0.00056
-0.00072
-0.0085
-0.0047
0.0082
0.019
0.016
0.0029
-0.016
-0.033
-0.038
-0.042
-0.036
-0.032
-0.045
-0.055
-0.046
-0.025
-0.00096
0.016
0.026
0.03
0.028
0.0073
-0.035
-0.084
-0.11
-0.11
-0.085
-0.052
-0.033
-0.019
0.016
0.049
0.055
0.039
0.011
-0.027
-0.064
-0.094
-0.12
-0.14
-0.12
-0.095
-0.073
-0.063
-0.052
-0.051
-0.055
-0.05
-0.058
-0.082
-0.085
-0.059
-0.044
-0.057
-0.07
-0.052
-0.033
-0.06
-0.09
-0.093
-0.094
-0.081
-0.07
-0.068
-0.061
-0.049
-0.045
-0.047
-0.054
-0.051
-0.028
-0.009
-0.019
-0.041
-0.05
-0.061
-0.062
-0.06
-0.066
-0.065
-0.061
-0.05
-0.049
-0.063
-0.073
-0.077
-0.072
-0.053
-0.047
-0.048
-0.027
-0.019
-0.053
-0.083
-0.068
-0.019
0.017
0.024
0.025
0.02
0.0084
0.0031
0.011
0.028
0.04
0.041
0.038
0.026
0.011
0.012
0.025
0.038
0.042
0.034
0.025
0.019
0.023
0.019
0.014
0.013
0.017
0.026
0.036
0.043
0.052
0.078
0.11
0.12
0.13
0.11
0.088
0.068
0.072
0.087
0.096
0.095
0.084
0.075
0.066
0.066
0.08
0.098
0.11
0.11
0.11
0.095
0.085
0.067
0.044
0.036
0.047
0.059
0.056
0.055
0.07
0.095
0.11
0.12
0.12
0.12
0.11
0.072
0.048
0.053
0.062
0.066
0.077
0.079
0.068
0.064
0.057
0.066
0.083
0.098
0.099
0.092
0.09
0.086
0.067
0.052
0.057
0.075
0.1
0.12
0.11
0.076
0.049
0.043
0.059
0.063
0.062
0.067
0.071
0.073
0.083
0.083
0.077
0.072
0.054
0.036
0.031
0.035
0.03
0.019
0.015
0.015
0.015
0.021
0.047
0.076
0.073
0.054
0.03
0.013
-0.0065
-0.023
-0.012
0.0075
0.0052
-0.0014
-0.0087
-0.027
-0.042
-0.041
-0.024
-0.0045
-0.0092
-0.034
-0.066
-0.084
-0.081
-0.063
-0.037
-0.012
-0.006
-0.0024
0.013
0.0086
-0.0096
-0.014
0.00014
-0.0012
-0.016
-0.029
-0.048
-0.047
-0.025
-0.0011
0.02
0.026
0.011
-0.0079
0.0053
0.031
0.04
0.032
0.029
0.03
0.032
0.036
0.041
0.047
0.04
0.016
0.0052
0.011
0.023
0.027
0.021
0.0042
-0.0046
-0.01
-0.021
-0.013
0.0078
0.011
0.00093
0.0019
0.03
0.058
0.05
0.0097
-0.028
-0.048
-0.053
-0.013
0.052
0.068
0.017
-0.026
-0.027
-0.021
-0.048
-0.093
-0.11
-0.074
-0.011
0.021
-0.0073
-0.051
-0.05
-0.016
0.015
0.044
0.047
0.027
0.0099
-0.0014
-0.0082
4.6e-005
0.014
0.022
0.01
-0.014
-0.018
-0.012
-0.021
-0.021
-0.0047
0.0084
-0.0049
-0.015
-0.021
-0.02
-0.0079
0.017
0.054
0.078
0.067
0.04
0.016
-0.013
-0.047
-0.05
-0.015
0.027
0.055
0.054
0.037
0.036
0.069
0.1
0.1
0.068
0.041
0.034
0.033
0.038
0.041
0.046
0.057
0.075
0.081
0.061
0.045
0.032
0.032
0.037
0.035
0.03
0.026
0.022
0.029
0.041
0.049
0.048
0.032
0.022
0.042
0.063
0.061
0.053
0.059
0.053
0.023
-0.0098
-0.013
0.0023
0.012
0.016
0.015
0.0093
0.011
0.02
0.015
-0.0056
-0.012
-0.0002
-0.00072
-0.043
-0.096
-0.12
-0.11
-0.068
-0.033
-0.022
-0.021
-0.021
-0.034
-0.054
-0.067
-0.072
-0.06
-0.044
-0.042
-0.054
-0.062
-0.055
-0.044
-0.031
-0.016
-0.016
-0.025
-0.028
-0.028
-0.036
-0.052
-0.07
-0.075
-0.078
-0.092
-0.098
-0.084
-0.069
-0.061
-0.049
-0.038
-0.028
-0.028
-0.026
-0.0038
0.027
0.049
0.043
0.019
-4.6e-005
-0.011
-0.014
-0.012
-0.018
-0.023
0.0022
0.027
0.026
0.021
0.0018
-0.032
-0.05
-0.055
-0.062
-0.053
-0.025
0.011
0.041
0.039
0.016
-0.0084
-0.0041
0.023
0.029
0.014
0.014
0.027
0.021
0.003
-0.017
-0.025
-0.021
-0.016
0.00069
0.024
0.027
0.003
-0.021
-0.035
-0.034
-0.023
-0.029
-0.035
-0.033
-0.013
0.0061
0.013
0.012
0.0033
-0.027
-0.07
-0.091
-0.073
-0.051
-0.048
-0.034
-0.0032
0.0022
-0.026
-0.061
-0.084
-0.075
-0.055
-0.059
-0.073
-0.076
-0.087
-0.11
-0.1
-0.081
-0.054
-0.02
0.011
0.028
0.029
0.028
0.025
0.016
0.0065
0.0018
0.0036
0.011
0.022
0.028
0.044
0.054
0.052
0.038
0.023
0.02
0.03
0.045
0.043
0.023
0.018
0.029
0.027
0.015
0.014
0.026
0.047
0.06
0.057
0.049
0.052
0.061
0.061
0.059
0.056
0.064
0.063
0.057
0.057
0.06
0.057
0.055
0.062
0.069
0.07
0.055
0.043
0.049
0.042
0.04
0.045
0.029
-0.0072
-0.028
-0.016
0.0097
0.026
0.04
0.058
0.051
0.037
0.022
0.005
-0.0062
-0.031
-0.053
-0.057
-0.055
-0.053
-0.039
-0.029
-0.013
0.0069
-0.009
-0.032
-0.036
-0.019
0.014
0.028
0.014
-0.0079
-0.032
-0.038
-0.018
0.0051
0.014
0.0061
-0.016
-0.035
-0.044
-0.054
-0.05
-0.027
-0.011
-0.011
-0.016
-0.017
0.013
0.046
0.032
0.0069
0.0073
0.027
0.031
0.012
-0.0014
-0.0095
-0.024
-0.024
0.0068
0.031
0.022
-0.00014
-0.0046
0.0083
0.011
0.015
0.023
0.013
-0.0014
0.0078
0.0073
-0.00078
0.0033
0.016
0.028
0.037
0.041
0.038
0.015
-0.007
-0.0031
0.0071
-0.0013
-0.035
-0.069
-0.062
-0.017
0.013
0.024
0.023
0.0048
-0.022
-0.032
-0.031
-0.026
-0.017
-0.0087
-0.00078
-0.01
-0.033
-0.053
-0.058
-0.044
-0.047
-0.078
-0.091
-0.06
-0.034
-0.029
-0.042
-0.06
-0.054
-0.055
-0.061
-0.049
-0.033
-0.026
-0.037
-0.04
-0.028
-0.019
-0.047
-0.071
-0.057
-0.025
0.0018
0.0069
-0.013
-0.025
-0.022
-0.018
-0.014
-0.0065
0.0094
0.019
0.021
0.023
0.013
-0.011
-0.038
-0.058
-0.05
-0.018
-0.0047
-0.0086
0.0033
0.012
-0.0049
-0.023
-0.021
-0.01
-0.0029
-0.0069
-0.02
-0.024
-0.019
-0.018
-0.0078
0.019
0.033
0.026
0.014
0.013
0.0011
-0.011
-0.0061
0.005
0.015
0.019
0.028
0.033
0.031
0.025
0.014
0.0009
-0.0085
-0.012
-0.012
-0.011
-0.0061
0.0043
0.023
0.036
0.044
0.049
0.043
0.029
0.018
0.0074
0.005
0.0073
0.0016
0.0052
0.02
0.041
0.06
0.061
0.05
0.044
0.039
0.02
0.011
0.019
0.033
0.049
0.053
0.049
0.04
0.044
0.062
0.063
0.042
0.0074
-0.033
-0.044
0.014
0.064
0.045
-0.013
-0.033
0.00041
0.057
0.1
0.087
0.048
0.023
0.02
0.021
0.036
0.047
0.039
0.028
0.022
0.042
0.046
0.018
0.013
0.039
0.061
0.05
0.024
0.0036
0.013
0.042
0.051
0.029
0.007
0.02
0.065
0.095
0.095
0.09
0.087
0.07
0.045
0.038
0.053
0.069
0.058
0.047
0.057
0.063
0.056
0.058
0.067
0.08
0.086
0.077
0.092
0.1
0.088
0.069
0.05
0.035
0.044
0.054
0.051
0.067
0.078
0.07
0.061
0.038
0.00023
-0.027
-0.027
-0.013
-0.025
-0.044
-0.038
-0.037
-0.06
-0.075
-0.081
-0.082
-0.068
-0.05
-0.053
-0.07
-0.071
-0.059
-0.046
-0.055
-0.089
-0.14
-0.16
-0.16
-0.16
-0.13
-0.098
-0.099
-0.13
-0.15
-0.14
-0.14
-0.14
-0.15
-0.14
-0.11
-0.1
-0.099
-0.084
-0.078
-0.097
-0.13
-0.18
-0.2
-0.2
-0.19
-0.15
-0.12
-0.1
-0.079
-0.071
-0.074
-0.083
-0.091
-0.079
-0.038
0.014
0.026
0.012
0.009
0.0068
-0.014
-0.032
-0.027
-0.0073
0.032
0.066
0.06
0.053
0.061
0.034
-0.002
0.016
0.073
0.11
0.11
0.079
0.035
-0.0037
-0.013
0.015
0.074
0.12
0.11
0.085
0.039
0.0091
0.025
0.085
0.12
0.12
0.1
0.077
0.059
0.075
0.11
0.13
0.12
0.092
0.059
0.052
0.076
0.1
0.11
0.11
0.1
0.077
0.063
0.054
0.061
0.087
0.094
0.097
0.14
0.16
0.13
0.1
0.096
0.065
0.023
0.032
0.066
0.084
0.089
0.085
0.098
0.097
0.093
0.12
0.15
0.15
0.12
0.11
0.097
0.066
0.059
0.079
0.083
0.067
0.041
0.014
-0.0079
0.0091
0.096
0.17
0.2
0.18
0.12
0.039
-0.025
-0.027
0.0029
0.049
0.077
0.082
0.082
0.058
0.026
-0.012
-0.037
-0.046
-0.054
-0.065
-0.069
-0.041
-0.0058
0.016
0.017
-0.0039
-0.025
-0.032
-0.025
-0.01
-0.019
-0.064
-0.089
-0.093
-0.085
-0.067
-0.054
-0.063
-0.083
-0.085
-0.071
-0.064
-0.064
-0.045
-0.012
-0.0047
-0.014
-0.044
-0.065
-0.064
-0.068
-0.059
-0.058
-0.073
-0.079
-0.041
-0.012
-0.026
-0.042
-0.06
-0.067
-0.053
-0.015
0.029
0.04
0.037
0.025
0.00084
-0.014
-0.02
-0.021
0.017
0.072
0.075
0.038
-0.0062
-0.049
-0.068
-0.046
-0.023
-0.0046
0.033
0.077
0.11
0.11
0.066
-0.0098
-0.072
-0.077
-0.043
-0.011
0.022
0.062
0.089
0.085
0.038
-0.015
-0.042
-0.05
-0.039
-0.014
0.0068
0.015
0.026
0.035
0.041
0.039
0.02
0.019
0.024
0.012
0.0063
0.018
0.026
0.032
0.04
0.058
0.09
0.11
0.09
0.065
0.069
0.076
0.045
0.019
0.024
0.039
0.062
0.091
0.099
0.086
0.076
0.053
0.026
0.023
0.027
0.023
0.01
0.0095
0.029
0.056
0.079
0.091
0.076
0.033
-0.022
-0.055
-0.058
-0.024
0.025
0.075
0.1
0.09
0.072
0.053
0.03
0.013
0.005
-0.0076
-0.012
0.0023
0.018
0.023
0.019
0.012
0.02
0.027
0.016
-0.012
-0.045
-0.063
-0.071
-0.063
-0.03
-0.0078
0.0027
0.013
-0.0062
-0.041
-0.062
-0.067
-0.061
-0.055
-0.066
-0.078
-0.085
-0.079
-0.054
-0.046
-0.053
-0.054
-0.043
-0.046
-0.075
-0.1
-0.11
-0.11
-0.096
-0.07
-0.052
-0.056
-0.066
-0.091
-0.098
-0.089
-0.085
-0.08
-0.061
-0.034
-0.023
-0.036
-0.067
-0.072
-0.05
-0.017
0.017
0.038
0.03
0.0025
-0.019
-0.017
-0.0026
0.002
0.0091
0.032
0.062
0.091
0.097
0.077
0.045
0.0093
-0.014
-0.0058
0.02
0.039
0.032
0.0013
0.0016
0.038
0.062
0.069
0.06
0.034
0.018
0.023
0.041
0.057
0.055
0.045
0.043
0.052
0.078
0.089
0.064
0.046
0.033
0.023
0.024
0.039
0.048
0.033
0.00081
-0.023
-0.0085
0.022
0.033
0.019
0.0072
0.0085
0.011
0.014
0.0088
-0.0087
-0.02
-0.014
-0.00032
0.016
0.023
0.012
0.00017
-0.0024
-0.0066
-0.013
-0.022
-0.037
-0.045
-0.028
-0.0094
0.0058
0.013
0.0028
-0.022
-0.06
-0.091
-0.097
-0.08
-0.048
-0.015
-0.0081
-0.0076
-0.0006
-0.0072
-0.019
-0.044
-0.072
-0.058
-0.0099
0.023
0.022
0.00099
-0.034
-0.056
-0.061
-0.045
-0.022
-0.01
0.0068
0.026
0.038
0.036
0.025
0.0095
0.0013
0.0089
0.017
0.014
0.014
0.027
0.029
0.018
0.022
0.035
0.042
0.04
0.025
0.0013
1.5e-005
0.026
0.05
0.069
0.056
0.029
0.022
0.033
0.049
0.052
0.033
-0.0016
-0.021
-0.016
-0.019
-0.0028
0.029
0.048
0.045
0.026
0.0031
-0.019
-0.02
-0.019
-0.036
-0.054
-0.025
0.018
0.036
0.018
-0.0079
-0.026
-0.044
-0.036
-0.0084
0.013
0.022
0.034
0.049
0.047
0.024
0.0065
0.022
0.052
0.072
0.05
-0.0083
-0.047
-0.045
-0.023
-0.017
-0.016
-0.022
-0.033
-0.021
-0.018
-0.03
-0.046
-0.064
-0.07
-0.057
-0.054
-0.073
-0.093
-0.1
-0.092
-0.079
-0.076
-0.086
-0.1
-0.12
-0.13
-0.14
-0.13
-0.1
-0.085
-0.088
-0.09
-0.1
-0.13
-0.15
-0.12
-0.087
-0.081
-0.093
-0.1
-0.1
-0.097
-0.079
-0.072
-0.077
-0.067
-0.035
-0.0094
-0.026
-0.06
-0.089
-0.11
-0.095
-0.075
-0.068
-0.065
-0.071
-0.092
-0.092
-0.086
-0.085
-0.082
-0.089
-0.076
-0.055
-0.049
-0.037
-0.021
-0.012
-0.014
-0.017
-0.0017
0.021
0.02
-0.0081
-0.022
-0.012
0.022
0.055
0.036
-0.0087
-0.031
-0.018
0.0044
0.019
0.016
0.0047
-0.013
-0.029
-0.016
0.022
0.055
0.045
0.0054
-0.0091
0.02
0.056
0.06
0.03
-0.0067
-0.019
-0.0086
0.017
0.054
0.082
0.075
0.055
0.027
-0.02
-0.054
-0.067
-0.056
-0.031
-0.017
-0.0049
0.019
0.056
0.09
0.086
0.041
-0.0081
-0.046
-0.068
-0.077
-0.072
-0.023
0.029
0.06
0.089
0.093
0.074
0.036
-0.0058
-0.021
-0.022
-0.024
0.0062
0.055
0.084
0.1
0.1
0.089
0.082
0.068
0.052
0.037
0.022
0.015
0.0026
0.02
0.09
0.14
0.15
0.14
0.11
0.074
0.05
0.024
0.013
0.013
0.028
0.073
0.12
0.14
0.12
0.071
0.044
0.052
0.071
0.076
0.041
0.0059
0.019
0.046
0.064
0.073
0.069
0.06
0.044
0.03
0.016
0.012
0.027
0.049
0.056
0.059
0.049
0.025
0.021
0.024
0.032
0.049
0.056
0.059
0.058
0.051
0.045
0.04
0.052
0.065
0.05
0.028
0.034
0.05
0.061
0.068
0.073
0.07
0.057
0.036
0.014
0.01
0.0075
0.00026
-0.00029
0.018
0.036
0.025
0.01
0.019
0.033
0.025
0.016
0.023
0.041
0.067
0.087
0.085
0.059
0.033
0.023
0.012
0.0056
-0.0043
-0.02
-0.048
-0.06
-0.044
-0.018
-0.0014
-0.0065
-0.012
-0.021
-0.046
-0.044
-0.0014
0.013
-0.0005
-0.022
-0.049
-0.056
-0.031
-0.027
-0.049
-0.079
-0.071
-0.05
-0.035
-0.017
-0.025
-0.034
-0.048
-0.03
0.012
0.038
0.058
0.1
0.15
0.11
0.0002
-0.12
-0.19
-0.15
-0.049
0.024
0.0036
-0.053
-0.095
-0.11
-0.064
0.0089
0.045
0.065
0.093
0.054
-0.066
-0.19
-0.21
-0.11
0.037
0.14
0.17
0.11
0.013
-0.071
-0.079
-0.023
0.052
0.098
0.085
0.022
-0.016
0.0059
0.048
0.08
0.092
0.071
0.032
0.017
0.01
0.0076
0.027
0.057
0.085
0.094
0.072
0.012
-0.016
0.011
0.041
0.058
0.087
0.13
0.13
0.11
0.089
0.075
0.052
0.035
0.031
0.028
0.014
-0.016
-0.0011
0.075
0.14
0.14
0.097
0.081
0.1
0.11
0.07
0.024
0.018
0.057
0.11
0.14
0.12
0.08
0.046
0.031
0.032
0.05
0.066
0.065
0.07
0.085
0.082
0.054
0.019
-0.0017
0.013
0.021
0.0024
-0.029
-0.059
-0.08
-0.081
-0.042
0.009
0.043
0.07
0.084
0.058
0.017
-0.011
-0.047
-0.084
-0.1
-0.093
-0.064
-0.021
0.017
0.018
-0.012
-0.044
-0.045
-0.019
0.014
0.028
-0.012
-0.065
-0.076
-0.054
-0.017
0.037
0.088
0.081
0.014
-0.045
-0.068
-0.075
-0.045
0.014
0.043
0.031
0.014
0.03
0.06
0.078
0.079
0.059
0.02
-0.021
-0.044
-0.052
-0.036
-0.0032
0.033
0.056
0.057
0.045
0.023
0.0077
-0.0021
-0.015
-0.011
0.027
0.067
0.081
0.075
0.054
0.032
0.0025
-0.032
-0.044
-0.054
-0.052
-0.04
-0.025
-0.01
0.018
0.05
0.061
0.034
-0.037
-0.086
-0.089
-0.074
-0.066
-0.065
-0.056
-0.055
-0.064
-0.07
-0.07
-0.066
-0.056
-0.05
-0.053
-0.044
-0.043
-0.055
-0.05
-0.029
-0.028
-0.021
0.004
0.00026
-0.028
-0.068
-0.11
-0.13
-0.12
-0.11
-0.09
-0.056
-0.027
0.0026
0.033
0.042
0.012
-0.04
-0.058
-0.037
-0.018
-0.025
-0.039
-0.018
0.006
-1.5e-005
-0.026
-0.042
-0.031
-0.0054
0.0076
0.007
0.0039
0.006
0.015
0.033
0.049
0.048
0.043
0.03
0.0046
-0.0099
-0.0095
-0.0097
0.00081
0.029
0.065
0.064
0.022
-0.011
-0.0079
0.027
0.051
0.052
0.056
0.076
0.078
0.059
0.04
0.016
-0.01
-0.023
0.00023
0.037
0.064
0.074
0.073
0.073
0.074
0.073
0.069
0.048
0.018
0.0059
-0.0037
-0.013
-0.0058
0.014
0.055
0.08
0.096
0.1
0.09
0.079
0.074
0.059
0.047
0.047
0.055
0.083
0.097
0.085
0.089
0.092
0.09
0.089
0.088
0.08
0.06
0.038
0.02
0.0057
0.0021
0.012
0.0083
0.0015
0.0018
-0.015
-0.023
-0.016
-0.021
-0.019
-0.0046
-0.0086
-0.032
-0.076
-0.12
-0.12
-0.097
-0.067
-0.04
-0.038
-0.034
-0.037
-0.05
-0.058
-0.069
-0.074
-0.082
-0.093
-0.091
-0.077
-0.078
-0.084
-0.088
-0.081
-0.063
-0.062
-0.082
-0.1
-0.13
-0.13
-0.13
-0.12
-0.089
-0.067
-0.067
-0.065
-0.057
-0.053
-0.049
-0.041
-0.021
-0.012
-0.023
-0.065
-0.1
-0.096
-0.059
-0.02
0.0049
0.021
0.016
-0.0077
-0.035
-0.053
-0.059
-0.05
-0.031
-0.016
-0.012
-0.031
-0.054
-0.062
-0.06
-0.05
-0.052
-0.054
-0.036
-0.019
-0.014
-0.02
-0.022
-0.024
-0.026
-0.032
-0.037
-0.032
-0.04
-0.041
-0.01
0.014
-0.0027
-0.035
-0.065
-0.083
-0.077
-0.064
-0.041
-0.016
0.01
0.031
0.027
-0.002
-0.026
-0.037
-0.02
0.02
0.038
0.038
0.036
0.036
0.043
0.054
0.071
0.084
0.085
0.066
0.025
-0.0057
0.012
0.055
0.068
0.065
0.07
0.07
0.066
0.058
0.061
0.081
0.1
0.12
0.12
0.12
0.1
0.062
0.028
0.036
0.076
0.11
0.13
0.11
0.1
0.089
0.073
0.066
0.078
0.099
0.11
0.1
0.087
0.071
0.059
0.049
0.047
0.063
0.098
0.11
0.11
0.12
0.12
0.1
0.075
0.085
0.1
0.097
0.077
0.076
0.078
0.078
0.09
0.11
0.11
0.073
0.052
0.038
0.03
0.033
0.042
0.065
0.086
0.1
0.1
0.079
0.058
0.046
0.029
0.0097
0.014
0.043
0.073
0.073
0.055
0.035
0.0093
-0.0099
-0.02
-0.0082
0.029
0.052
0.036
0.018
0.015
0.0075
0.0042
0.0032
-0.0094
-0.022
-0.015
0.0022
0.011
0.013
-0.014
-0.041
-0.045
-0.045
-0.048
-0.052
-0.049
-0.042
-0.036
-0.032
-0.031
-0.025
-0.016
-0.013
-0.037
-0.081
-0.11
-0.13
-0.11
-0.091
-0.055
-0.016
-0.0051
-0.016
-0.02
-0.027
-0.046
-0.059
-0.069
-0.078
-0.08
-0.09
-0.11
-0.12
-0.081
-0.039
-0.023
-0.011
-0.013
-0.039
-0.054
-0.052
-0.055
-0.059
-0.056
-0.062
-0.088
-0.093
-0.076
-0.05
-0.022
-0.022
-0.011
0.014
0.024
0.0063
-0.023
-0.033
-0.032
-0.028
-0.029
-0.039
-0.066
-0.08
-0.062
-0.044
-0.045
-0.064
-0.072
-0.058
-0.034
-0.0028
0.0011
-0.024
-0.051
-0.055
-0.05
-0.04
-0.012
0.022
0.048
0.035
-0.017
-0.062
-0.077
-0.079
-0.079
-0.073
-0.068
-0.056
-0.024
0.029
0.072
0.072
0.054
0.025
-0.006
-0.023
-0.013
0.02
0.058
0.069
0.052
0.036
0.0089
-0.017
-0.012
0.029
0.069
0.084
0.083
0.078
0.057
0.024
0.015
0.023
0.035
0.054
0.055
0.029
-0.0062
-0.025
-0.016
-0.0031
0.01
0.023
0.044
0.068
0.073
0.056
0.026
0.01
0.019
0.039
0.045
0.036
0.024
0.0084
0.0035
0.00041
-0.004
-0.0066
-0.0083
-0.0057
0.012
0.056
0.093
0.11
0.12
0.1
0.063
0.016
-0.013
-0.011
0.009
0.025
0.037
0.055
0.072
0.074
0.073
0.077
0.072
0.072
0.092
0.1
0.081
0.07
0.083
0.09
0.089
0.084
0.079
0.071
0.056
0.036
0.02
0.026
0.041
0.05
0.062
0.079
0.074
0.065
0.08
0.1
0.12
0.13
0.12
0.097
0.07
0.06
0.072
0.091
0.1
0.11
0.1
0.089
0.075
0.05
0.037
0.054
0.082
0.092
0.093
0.095
0.09
0.085
0.057
0.0095
-0.026
-0.039
-0.029
-0.022
-0.025
-0.02
-0.015
-0.029
-0.047
-0.035
-0.0051
0.011
-0.008
-0.025
-0.025
-0.022
-0.01
-0.0036
0.0018
0.017
0.018
-0.0036
-0.022
-0.027
-0.021
-0.0084
0.0061
0.012
0.0094
0.0092
-0.0017
-0.03
-0.049
-0.046
-0.037
-0.032
-0.015
-0.021
-0.055
-0.058
-0.026
-0.0082
-0.02
-0.027
-0.032
-0.038
-0.037
-0.038
-0.035
-0.034
-0.029
-0.033
-0.036
-0.04
-0.049
-0.049
-0.026
0.0068
0.029
0.029
-0.00066
-0.029
-0.05
-0.077
-0.093
-0.07
-0.02
0.01
0.0028
-0.028
-0.052
-0.052
-0.041
-0.016
0.0037
0.022
0.021
-0.01
-0.038
-0.049
-0.043
-0.041
-0.03
-0.0026
0.011
0.015
0.02
0.027
0.03
0.034
0.028
0.0083
-0.0063
-0.022
-0.03
-0.019
0.0022
0.0097
0.023
0.051
0.066
0.046
0.017
0.012
0.022
0.032
0.049
0.049
0.0072
-0.032
-0.032
-0.004
0.028
0.056
0.076
0.088
0.08
0.064
0.053
0.031
0.017
0.024
0.044
0.058
0.055
0.042
0.039
0.047
0.06
0.069
0.082
0.089
0.069
0.041
0.037
0.045
0.038
0.035
0.063
0.1
0.13
0.13
0.089
0.032
-0.0045
-0.0039
0.026
0.055
0.049
0.039
0.042
0.039
0.032
0.022
0.017
0.019
0.022
0.016
-0.00023
-0.023
-0.031
-0.018
-0.0031
-0.00026
-0.022
-0.036
-0.026
-0.023
-0.021
-0.024
-0.043
-0.079
-0.1
-0.098
-0.065
-0.03
-0.0047
0.012
0.013
0.0027
-0.015
-0.024
-0.022
-0.034
-0.082
-0.13
-0.13
-0.07
0.0011
0.026
0.0054
-0.016
-0.059
-0.11
-0.11
-0.075
-0.057
-0.062
-0.061
-0.039
-0.013
-0.0025
-0.0036
-0.009
-0.026
-0.049
-0.051
-0.014
0.05
0.078
0.048
0.0037
-0.016
-0.022
-0.037
-0.051
-0.023
0.028
0.048
0.033
-0.00078
-0.021
-0.011
0.0019
0.005
0.017
0.02
0.011
0.0036
0.0057
0.014
0.019
0.03
0.042
0.032
0.016
-0.0054
-0.033
-0.045
-0.054
-0.063
-0.042
-0.016
-0.019
-0.038
-0.046
-0.05
-0.063
-0.059
-0.044
-0.043
-0.053
-0.073
-0.087
-0.082
-0.07
-0.075
-0.086
-0.096
-0.11
-0.13
-0.12
-0.076
-0.047
-0.045
-0.053
-0.063
-0.057
-0.054
-0.061
-0.065
-0.065
-0.062
-0.07
-0.079
-0.067
-0.055
-0.057
-0.055
-0.054
-0.049
-0.055
-0.07
-0.066
-0.051
-0.044
-0.062
-0.086
-0.068
-0.029
-0.0067
0.0052
-0.00084
-0.037
-0.071
-0.078
-0.066
-0.04
-0.012
0.016
0.037
0.043
0.022
-0.023
-0.047
-0.048
-0.045
-0.04
-0.0098
0.031
0.057
0.071
0.075
0.063
0.041
0.026
0.028
0.023
0.013
0.012
0.029
0.038
0.017
-0.0011
0.013
0.035
0.04
0.033
0.029
0.036
0.042
0.033
0.022
0.017
0.009
0.01
0.021
0.028
0.028
0.024
0.028
0.021
-0.0095
-0.026
-0.026
-0.018
-0.006
0.00078
0.0051
0.02
0.038
0.056
0.083
0.1
0.11
0.094
0.065
0.067
0.062
0.027
-0.013
-0.028
-0.031
-0.025
0.0067
0.054
0.1
0.13
0.12
0.083
0.052
0.02
-0.012
-0.0056
0.033
0.068
0.069
0.033
-0.011
-0.027
-0.009
0.013
0.028
0.037
0.043
0.038
0.026
0.022
0.026
0.033
0.046
0.06
0.055
0.048
0.035
0.0031
-0.028
-0.029
-0.007
0.026
0.054
0.059
0.05
0.02
-0.028
-0.053
-0.052
-0.034
-0.0031
0.019
0.022
0.016
0.02
0.019
-0.0053
-0.03
-0.015
0.011
0.0038
-0.012
-0.016
-0.0073
0.013
0.031
0.039
0.033
0.021
0.018
0.024
0.022
0.0034
-0.029
-0.056
-0.058
-0.042
-0.02
0.002
0.0062
0.0048
0.013
0.036
0.058
0.053
0.03
0.016
0.0057
0.0016
0.015
0.031
0.021
-0.005
-0.016
-0.021
-0.03
-0.05
-0.068
-0.065
-0.047
-0.027
-0.00072
0.032
0.046
0.033
0.022
0.02
0.023
0.012
0.004
0.0079
0.019
0.015
-0.011
-0.037
-0.058
-0.061
-0.041
-0.011
0.0085
-0.0033
-0.02
-0.018
-0.0063
0.014
0.033
0.035
0.029
0.021
0.0021
-0.021
-0.034
-0.024
-0.0098
0.004
0.032
0.059
0.052
0.02
0.016
0.033
0.044
0.05
0.048
0.042
0.032
0.026
0.022
0.032
0.046
0.037
0.023
0.022
0.039
0.045
0.036
0.032
0.036
0.048
0.065
0.072
0.076
0.08
0.079
0.072
0.069
0.073
0.085
0.095
0.087
0.067
0.043
0.034
0.034
0.026
0.019
0.029
0.042
0.054
0.058
0.052
0.037
0.014
0.003
0.0016
0.0014
0.0069
0.023
0.044
0.054
0.058
0.06
0.056
0.045
0.021
-0.0033
-0.023
-0.042
-0.053
-0.054
-0.044
-0.019
0.01
0.018
0.01
-0.0073
-0.029
-0.041
-0.032
-0.0086
0.0097
0.029
0.035
0.019
-0.0094
-0.021
-0.021
-0.029
-0.037
-0.038
-0.029
-0.022
-0.023
-0.026
-0.027
-0.024
-0.019
-0.006
-0.0039
-0.0092
-0.012
-0.0096
0.0025
0.011
0.0043
-0.011
-0.019
-0.02
-0.02
-0.013
-0.0093
-0.012
-0.026
-0.03
-0.026
-0.013
0.018
0.04
0.043
0.045
0.046
0.042
0.04
0.037
0.04
0.052
0.04
0.009
-0.0099
-0.02
-0.031
-0.043
-0.041
-0.016
0.02
0.047
0.051
0.036
0.015
0.00099
-0.003
-0.0011
-0.013
-0.041
-0.05
-0.043
-0.025
0.01
0.044
0.048
0.029
0.0009
-0.021
-0.018
-0.0051
-0.0074
-0.018
-0.013
0.018
0.039
0.021
-0.021
-0.059
-0.065
-0.024
0.016
0.018
0.00053
-0.015
-0.029
-0.034
-0.01
0.029
0.067
0.075
0.059
0.044
0.036
0.03
0.0067
-0.00096
0.017
0.036
0.031
0.0093
-0.0084
-0.01
-0.0063
0.0033
0.034
0.046
0.024
0.0029
0.0068
0.027
0.029
0.01
-0.011
-0.021
-0.027
-0.029
-0.028
-0.031
-0.018
0.0033
0.016
0.018
0.0045
-0.024
-0.054
-0.058
-0.031
0.0097
0.034
0.034
4.6e-005
-0.046
-0.062
-0.063
-0.063
-0.058
-0.05
-0.042
-0.03
-0.017
-0.023
-0.033
-0.03
-0.013
-0.0079
-0.024
-0.045
-0.06
-0.068
-0.067
-0.06
-0.059
-0.074
-0.081
-0.031
0.047
0.045
-0.051
-0.11
-0.082
-0.02
0.0009
-0.014
-0.04
-0.054
-0.053
-0.038
-0.029
-0.032
-0.029
-0.023
-0.014
-0.0013
0.0063
0.027
0.057
0.072
0.077
0.073
0.036
-0.0069
-0.026
-0.022
-0.0018
0.01
0.016
0.016
0.014
0.022
0.036
0.045
0.044
0.043
0.025
-0.0077
0.017
0.12
0.19
0.13
0.022
-0.008
0.037
0.049
0.013
-0.0088
-0.0024
0.0022
-0.0066
0.016
0.063
0.09
0.084
0.046
0.032
0.049
0.065
0.058
0.046
0.04
0.027
0.0036
-0.0032
0.019
0.047
0.065
0.061
0.038
0.014
-0.0071
-0.032
-0.038
-0.0076
0.033
0.063
0.081
0.063
0.021
-0.011
-0.025
-0.014
0.0098
0.015
0.00011
-0.023
-0.039
-0.02
0.0031
0.0043
0.0069
0.017
0.024
0.037
0.05
0.053
0.047
0.031
0.018
0.016
0.017
0.022
0.021
0.01
0.0019
-0.018
-0.041
-0.044
-0.039
-0.03
-0.0022
0.03
0.057
0.081
0.1
0.11
0.092
0.067
0.048
0.026
0.024
0.037
0.042
0.047
0.072
0.1
0.11
0.099
0.097
0.09
0.055
-0.0031
-0.048
-0.049
-0.022
0.016
0.027
-0.0034
-0.011
0.0077
0.018
-0.011
-0.042
-0.039
-0.051
-0.091
-0.096
-0.052
0.00066
0.038
0.065
0.086
0.07
0.025
-0.017
-0.043
-0.05
-0.039
0.0046
0.065
0.098
0.095
0.073
0.047
0.027
0.023
0.037
0.055
0.05
0.037
0.04
0.062
0.1
0.14
0.16
0.15
0.15
0.18
0.19
0.15
0.097
0.065
0.062
0.091
0.12
0.15
0.17
0.17
0.13
0.1
0.11
0.14
0.15
0.15
0.13
0.11
0.11
0.14
0.17
0.18
0.17
0.16
0.15
0.13
0.12
0.15
0.22
0.26
0.25
0.22
0.18
0.15
0.11
0.11
0.12
0.14
0.14
0.14
0.15
0.12
0.084
0.08
0.078
0.058
0.058
0.078
0.077
0.057
0.041
0.031
0.032
0.036
0.033
0.018
0.014
0.0059
-0.0033
-0.014
-0.046
-0.082
-0.092
-0.083
-0.042
-0.02
-0.034
-0.05
-0.057
-0.069
-0.077
-0.085
-0.11
-0.12
-0.11
-0.11
-0.12
-0.12
-0.1
-0.092
-0.11
-0.14
-0.16
-0.16
-0.16
-0.17
-0.18
-0.17
-0.13
-0.1
-0.091
-0.097
-0.11
-0.12
-0.12
-0.13
-0.12
-0.11
-0.099
-0.085
-0.067
-0.058
-0.064
-0.06
-0.051
-0.057
-0.056
-0.053
-0.068
-0.065
-0.034
-0.017
-0.021
-0.038
-0.046
-0.046
-0.065
-0.083
-0.082
-0.051
-0.024
-0.026
-0.042
-0.046
-0.038
-0.03
-0.027
-0.027
-0.033
-0.049
-0.06
-0.038
-0.026
-0.062
-0.095
-0.08
-0.044
-0.027
-0.036
-0.047
-0.054
-0.065
-0.077
-0.078
-0.066
-0.041
-0.033
-0.052
-0.062
-0.048
-0.04
-0.052
-0.091
-0.12
-0.11
-0.075
-0.048
-0.013
0.0065
-0.013
-0.055
-0.09
-0.09
-0.065
-0.056
-0.076
-0.093
-0.093
-0.08
-0.068
-0.046
-0.031
-0.034
-0.054
-0.073
-0.074
-0.064
-0.063
-0.062
-0.044
-0.038
-0.044
-0.071
-0.11
-0.13
-0.11
-0.066
-0.055
-0.088
-0.12
-0.12
-0.096
-0.072
-0.059
-0.048
-0.033
-0.027
-0.048
-0.088
-0.12
-0.12
-0.1
-0.097
-0.085
-0.053
-0.024
-0.019
-0.032
-0.053
-0.083
-0.11
-0.13
-0.13
-0.12
-0.084
-0.079
-0.079
-0.069
-0.062
-0.073
-0.11
-0.14
-0.15
-0.14
-0.12
-0.11
-0.1
-0.11
-0.1
-0.1
-0.11
-0.14
-0.15
-0.13
-0.11
-0.1
-0.088
-0.082
-0.096
-0.11
-0.13
-0.14
-0.12
-0.09
-0.07
-0.042
-0.02
-0.021
-0.051
-0.097
-0.14
-0.13
-0.084
-0.022
0.015
0.03
0.029
0.0093
-0.0096
-0.021
-0.031
-0.053
-0.068
-0.059
-0.019
0.021
0.026
0.029
0.039
0.054
0.071
0.077
0.058
0.023
-0.0002
0.0041
0.031
0.046
0.045
0.043
0.043
0.032
0.015
0.024
0.041
0.046
0.042
0.027
0.02
0.037
0.057
0.051
0.031
0.024
0.029
0.035
0.058
0.078
0.075
0.07
0.058
0.044
0.059
0.088
0.098
0.086
0.085
0.084
0.069
0.079
0.081
0.056
0.048
0.052
0.055
0.063
0.071
0.075
0.074
0.053
0.036
0.043
0.063
0.081
0.094
0.1
0.083
0.052
0.029
0.035
0.059
0.072
0.072
0.058
0.067
0.09
0.11
0.12
0.079
0.012
-0.037
-0.073
-0.057
0.025
0.1
0.14
0.18
0.15
0.0092
-0.18
-0.3
-0.24
-0.017
0.23
0.33
0.25
0.093
-0.052
-0.16
-0.19
-0.15
-0.084
-0.046
-0.032
-0.021
-0.011
0.0091
0.041
0.045
0.048
0.049
0.025
-0.014
-0.048
-0.04
-0.012
0.044
0.11
0.14
0.16
0.15
0.12
0.091
0.087
0.12
0.15
0.16
0.17
0.18
0.15
0.091
0.059
0.09
0.14
0.17
0.17
0.14
0.087
0.064
0.08
0.098
0.087
0.061
0.052
0.052
0.049
0.055
0.065
0.057
0.028
0.0065
0.021
0.066
0.12
0.16
0.16
0.11
0.059
0.0067
-0.017
-0.031
-0.028
0.012
0.053
0.065
0.048
0.022
-0.0094
-0.026
-0.026
-0.013
0.0074
0.029
0.076
0.13
0.14
0.094
0.0065
-0.048
-0.073
-0.069
-0.036
-0.0028
0.0002
-0.017
-0.027
-0.012
0.026
0.054
0.054
0.025
-0.013
-0.022
0.01
0.066
0.096
0.079
0.049
0.026
0.0069
-0.0059
0.0076
0.02
0.015
0.016
0.028
0.037
0.043
0.056
0.082
0.13
0.15
0.11
0.075
0.061
0.073
0.086
0.088
0.079
0.075
0.074
0.068
0.073
0.087
0.086
0.066
0.043
0.017
0.0005
0.0034
0.013
0.045
0.081
0.08
0.044
0.011
-0.0091
-0.038
-0.071
-0.079
-0.063
-0.03
0.0041
0.029
0.046
0.057
0.054
0.029
0.007
0.0059
0.016
0.032
0.053
0.059
0.069
0.085
0.085
0.084
0.078
0.059
0.047
0.039
0.047
0.093
0.13
0.13
0.11
0.1
0.095
0.1
0.13
0.16
0.16
0.12
0.089
0.083
0.091
0.096
0.1
0.13
0.15
0.16
0.15
0.12
0.096
0.082
0.072
0.061
0.063
0.084
0.11
0.13
0.13
0.12
0.099
0.068
0.063
0.089
0.12
0.13
0.12
0.11
0.087
0.068
0.052
0.052
0.039
0.032
0.042
0.038
0.0097
-0.015
-0.025
-0.034
-0.036
-0.041
-0.062
-0.084
-0.099
-0.12
-0.13
-0.14
-0.16
-0.17
-0.17
-0.16
-0.16
-0.18
-0.19
-0.19
-0.18
-0.2
-0.22
-0.22
-0.21
-0.21
-0.21
-0.2
-0.19
-0.19
-0.18
-0.19
-0.19
-0.18
-0.15
-0.11
-0.096
-0.08
-0.063
-0.072
-0.099
-0.11
-0.1
-0.086
-0.074
-0.068
-0.058
-0.046
-0.03
-0.025
-0.034
-0.041
-0.045
-0.049
-0.042
-0.035
-0.027
0.0045
0.045
0.067
0.069
0.052
0.02
-0.012
-0.028
-0.023
-0.0012
0.011
0.016
0.036
0.043
0.036
0.032
0.043
0.054
0.05
0.038
0.029
0.018
0.0095
0.0079
0.0066
0.016
0.029
0.042
0.051
0.032
0.00096
-0.021
-0.033
-0.039
-0.037
-0.012
0.0031
-0.013
-0.038
-0.037
-0.027
-0.022
-0.029
-0.064
-0.094
-0.094
-0.094
-0.086
-0.078
-0.08
-0.07
-0.067
-0.077
-0.074
-0.072
-0.076
-0.08
-0.08
-0.081
-0.081
-0.078
-0.076
-0.06
-0.049
-0.039
-0.035
-0.062
-0.079
-0.077
-0.066
-0.05
-0.041
-0.04
-0.039
-0.029
-0.014
-0.0058
-0.007
-0.0099
-0.0098
0.00011
0.018
0.032
0.034
0.021
-0.0012
-0.0045
0.012
0.031
0.052
0.067
0.057
0.051
0.046
0.031
0.032
0.026
0.021
0.052
0.076
0.078
0.082
0.074
0.062
0.054
0.045
0.053
0.083
0.086
0.067
0.06
0.064
0.075
0.081
0.079
0.072
0.064
0.059
0.051
0.05
0.065
0.077
0.081
0.09
0.1
0.11
0.1
0.082
0.061
0.052
0.043
0.048
0.074
0.093
0.11
0.11
0.12
0.13
0.13
0.12
0.098
0.072
0.058
0.076
0.094
0.096
0.1
0.11
0.091
0.072
0.079
0.084
0.074
0.065
0.074
0.09
0.076
0.031
-0.012
-0.012
0.013
0.045
0.072
0.086
0.081
0.066
0.041
-0.0051
-0.037
-0.044
-0.045
-0.025
0.022
0.067
0.07
0.05
0.027
0.0079
-0.0014
-0.015
-0.025
-0.0081
0.037
0.08
0.098
0.098
0.095
0.088
0.075
0.063
0.05
0.045
0.052
0.06
0.072
0.074
0.078
0.07
0.044
0.033
0.038
0.049
0.062
0.062
0.035
0.0094
-0.0052
-0.0076
-0.0056
0.0065
0.028
0.046
0.056
0.045
0.0074
-0.018
-0.016
0.006
0.024
0.018
0.0084
0.013
0.032
0.041
0.026
-0.0045
-0.025
-0.026
-0.025
-0.032
-0.04
-0.041
-0.023
0.015
0.048
0.038
-0.0016
-0.024
-0.021
-0.017
-0.0053
0.016
0.043
0.036
1.5e-005
-0.03
-0.051
-0.059
-0.055
-0.047
-0.049
-0.059
-0.062
-0.055
-0.041
-0.04
-0.04
-0.029
-0.017
-0.029
-0.051
-0.081
-0.11
-0.1
-0.08
-0.059
-0.05
-0.04
-0.033
-0.05
-0.083
-0.12
-0.15
-0.16
-0.15
-0.1
-0.056
-0.029
-0.032
-0.049
-0.071
-0.089
-0.098
-0.093
-0.08
-0.072
-0.062
-0.051
-0.039
-0.028
-0.019
-1.5e-005
0.01
0.0032
-0.0067
-0.024
-0.057
-0.08
-0.078
-0.074
-0.048
-0.03
-0.031
-0.012
0.039
0.089
0.11
0.11
0.086
0.06
0.023
-0.0081
-0.018
0.00075
0.024
0.037
0.054
0.07
0.072
0.063
0.066
0.099
0.15
0.18
0.18
0.15
0.088
0.024
-0.0089
-0.009
-0.0032
0.012
0.03
0.043
0.07
0.12
0.15
0.15
0.13
0.11
0.098
0.082
0.066
0.099
0.15
0.19
0.23
0.23
0.17
0.11
0.11
0.12
0.14
0.12
0.098
0.096
0.095
0.099
0.09
0.054
0.035
0.024
0.0013
-0.02
0.0075
0.056
0.088
0.12
0.14
0.12
0.042
-0.024
-0.044
-0.037
-0.035
-0.034
-0.018
-0.0078
-0.026
-0.072
-0.11
-0.13
-0.14
-0.11
-0.048
0.01
0.039
0.037
0.035
0.03
0.00038
-0.024
-0.029
-0.048
-0.077
-0.087
-0.07
-0.028
0.0049
0.0031
-0.029
-0.087
-0.14
-0.17
-0.17
-0.16
-0.12
-0.093
-0.077
-0.079
-0.074
-0.045
-0.026
-0.045
-0.086
-0.12
-0.12
-0.11
-0.098
-0.1
-0.12
-0.14
-0.16
-0.17
-0.14
-0.1
-0.084
-0.087
-0.11
-0.13
-0.15
-0.14
-0.12
-0.094
-0.061
-0.027
-0.0041
0.0095
0.0028
-0.018
-0.063
-0.1
-0.11
-0.11
-0.13
-0.13
-0.1
-0.063
-0.041
-0.04
-0.024
-0.0015
-0.0022
-0.018
-0.037
-0.066
-0.093
-0.092
-0.055
-0.00023
0.029
0.016
-0.035
-0.1
-0.15
-0.16
-0.14
-0.14
-0.14
-0.13
-0.1
-0.075
-0.049
-0.033
-0.03
-0.032
-0.056
-0.1
-0.14
-0.13
-0.096
-0.073
-0.084
-0.11
-0.14
-0.16
-0.16
-0.12
-0.084
-0.064
-0.055
-0.036
-0.0048
0.0028
-0.016
-0.042
-0.044
-0.0082
0.032
0.059
0.056
0.038
0.045
0.074
0.085
0.069
0.055
0.063
0.093
0.12
0.13
0.11
0.092
0.074
0.068
0.061
0.031
-0.0068
-0.025
-0.019
0.0079
0.038
0.055
0.063
0.065
0.048
0.023
0.0038
-0.02
-0.034
-0.033
-0.039
-0.041
-0.041
-0.05
-0.057
-0.074
-0.11
-0.13
-0.14
-0.13
-0.12
-0.11
-0.11
-0.13
-0.14
-0.12
-0.094
-0.064
-0.051
-0.074
-0.1
-0.12
-0.13
-0.12
-0.11
-0.082
-0.025
0.02
0.022
-0.012
-0.051
-0.074
-0.071
-0.048
-0.016
-0.0043
-0.0079
-0.0077
0.0072
0.025
0.023
0.014
0.017
0.031
0.037
0.034
0.029
0.04
0.068
0.097
0.12
0.12
0.11
0.1
0.1
0.11
0.12
0.11
0.12
0.13
0.12
0.1
0.086
0.09
0.11
0.13
0.13
0.097
0.059
0.049
0.074
0.1
0.12
0.11
0.088
0.051
0.029
0.024
0.027
0.036
0.049
0.04
0.02
0.0033
-0.0099
0.0083
0.04
0.054
0.055
0.047
0.039
0.037
0.041
0.058
0.079
0.077
0.057
0.044
0.042
0.046
0.044
0.05
0.063
0.063
0.052
0.046
0.031
0.013
0.0091
0.022
0.039
0.032
0.016
0.023
0.036
0.033
0.03
0.034
0.035
0.028
0.022
0.035
0.048
0.039
0.031
0.037
0.042
0.054
0.065
0.058
0.034
0.014
0.0059
0.0054
0.0081
0.0095
0.0096
0.006
0.013
0.026
0.035
0.034
0.035
0.061
0.11
0.11
0.059
0.024
0.021
0.039
0.062
0.07
0.079
0.081
0.076
0.08
0.067
0.047
0.042
0.035
0.025
0.014
0.0065
0.017
0.042
0.067
0.074
0.071
0.06
0.033
-0.0055
-0.037
-0.039
-0.011
0.035
0.058
0.054
0.042
0.032
0.014
0.0056
-0.015
-0.026
-0.0057
0.039
0.072
0.073
0.063
0.056
0.042
0.018
-0.0024
-0.0039
-0.0024
0.0034
0.021
0.036
0.041
0.047
0.041
0.031
0.0011
-0.036
-0.054
-0.047
-0.016
0.016
0.031
0.031
0.025
0.029
0.042
0.039
0.0084
-0.035
-0.061
-0.069
-0.058
-0.048
-0.033
0.0061
0.041
0.057
0.045
-7.6e-005
-0.056
-0.1
-0.12
-0.1
-0.076
-0.057
-0.037
-0.024
-0.013
0.0018
-0.007
-0.039
-0.055
-0.053
-0.042
-0.022
-0.016
-0.032
-0.039
-0.01
0.026
0.046
0.038
0.019
-0.0075
-0.027
-0.038
-0.047
-0.042
-0.039
-0.027
0.0076
0.037
0.043
0.027
0.0029
-0.029
-0.065
-0.079
-0.059
-0.029
-7.6e-005
0.035
0.06
0.048
0.0031
-0.037
-0.043
-0.016
0.02
0.038
0.038
0.041
0.055
0.063
0.054
0.045
0.041
0.042
0.053
0.073
0.088
0.095
0.093
0.075
0.057
0.052
0.045
0.033
0.034
0.055
0.082
0.1
0.12
0.12
0.098
0.074
0.058
0.045
0.045
0.052
0.059
0.058
0.038
0.015
0.012
0.017
0.022
0.018
-0.0096
-0.035
-0.049
-0.052
-0.04
-0.018
-0.013
-0.025
-0.034
-0.04
-0.057
-0.074
-0.065
-0.05
-0.057
-0.061
-0.046
-0.041
-0.041
-0.029
-0.014
-0.011
-0.022
-0.042
-0.057
-0.052
-0.033
-0.0058
0.014
0.026
0.025
0.013
-0.0006
-0.01
-0.014
0.00056
0.022
0.026
0.019
0.011
0.012
0.016
0.017
0.028
0.042
0.044
0.041
0.035
0.019
0.0042
0.0029
0.0099
0.019
0.012
0.005
0.0092
0.021
0.038
0.053
0.063
0.054
0.028
0.0032
-0.0079
-0.0024
0.017
0.034
0.04
0.034
0.017
-0.0018
-0.0035
0.0045
0.0017
0.0041
0.015
0.0091
-0.015
-0.025
-0.0068
0.022
0.041
0.042
0.036
0.022
0.00011
-0.013
-0.019
-0.02
-0.011
0.0015
0.0086
0.006
-0.013
-0.032
-0.037
-0.033
-0.032
-0.032
-0.031
-0.03
-0.029
-0.027
-0.028
-0.034
-0.031
-0.026
-0.031
-0.026
-0.018
-0.023
-0.029
-0.038
-0.027
0.0055
0.021
-0.00078
-0.055
-0.12
-0.15
-0.12
-0.079
-0.054
-0.049
-0.055
-0.05
-0.042
-0.054
-0.077
-0.097
-0.12
-0.12
-0.11
-0.093
-0.076
-0.058
-0.048
-0.05
-0.053
-0.048
-0.053
-0.078
-0.1
-0.12
-0.11
-0.1
-0.099
-0.096
-0.075
-0.048
-0.039
-0.053
-0.089
-0.12
-0.14
-0.13
-0.12
-0.11
-0.096
-0.062
-0.028
-0.014
-0.019
-0.042
-0.076
-0.1
-0.1
-0.071
-0.024
0.012
0.03
0.022
-0.0029
-0.027
-0.043
-0.035
-0.004
0.028
0.043
0.043
0.024
0.0037
0.00099
0.013
0.023
0.011
-0.014
-0.021
0.005
0.048
0.084
0.087
0.074
0.083
0.11
0.13
0.086
0.019
-0.0061
0.016
0.066
0.11
0.11
0.11
0.12
0.13
0.11
0.057
-0.0011
-0.029
-0.0089
0.036
0.077
0.099
0.11
0.11
0.083
0.074
0.077
0.055
0.021
