0.0055
-0.023
-0.00072
0.021
-0.0056
-0.015
0.022
0.038
0.012
-0.0082
-0.0009
-0.0025
-0.012
-0.0053
0.015
0.029
0.021
0.011
0.016
0.027
0.015
0.00011
0.0047
0.014
0.015
0.02
0.041
0.038
0.024
0.016
0.0071
0.0067
0.0049
0.0015
0.0087
0.017
0.014
0.0036
0.0066
0.0026
-0.0064
-0.018
-0.015
-0.015
-0.012
0.0031
0.0054
-0.0049
-0.0022
0.0021
-0.014
-0.022
-0.0026
0.01
-0.0016
-0.0012
0.018
0.016
0.0042
0.014
0.022
0.019
0.013
0.013
0.021
0.025
0.014
0.0053
0.01
0.016
0.018
0.011
0.012
0.017
0.011
0.0028
0.0056
0.0062
0.00087
0.0085
0.023
0.03
0.015
-0.0035
0.012
0.027
0.0099
0.0025
0.016
0.034
0.025
0.012
0.013
0.015
0.0013
0.0047
0.023
0.026
0.017
0.017
0.023
0.023
0.016
0.0096
0.0069
0.0098
0.012
0.012
0.012
0.019
0.022
0.011
-0.0031
-0.004
0.0013
-0.00087
-0.0021
0.0044
0.021
0.037
0.024
0.0091
0.016
0.023
0.016
0.01
0.014
0.021
0.023
0.019
0.024
0.017
-0.0034
-0.013
0.0013
0.02
0.013
-0.002
0.0011
0.021
0.029
0.019
0.0098
0.017
0.038
0.028
0.009
0.0047
0.021
0.037
0.03
0.021
0.03
0.03
0.0049
-0.0061
0.018
0.037
0.024
0.015
0.026
0.019
0.0097
0.014
0.015
0.0075
0.0027
0.014
0.012
0.00056
-0.013
-0.0084
0.011
0.012
0.0029
0.00041
-0.00029
-0.0027
0.012
0.028
0.016
-0.00081
0.0014
0.02
0.015
-0.018
-0.024
-0.0043
0.0046
-0.0088
-0.02
-0.013
0.0045
0.0041
-0.0096
-0.0066
-0.008
-0.0075
-0.0091
-0.0093
-0.0044
-0.0038
-0.018
-0.035
-0.024
-0.0018
-0.012
-0.032
-0.031
-0.033
-0.033
-0.013
0.0085
-0.003
-0.031
-0.038
-0.04
-0.048
-0.041
-0.023
-0.0027
-0.00014
-0.016
-0.028
-0.03
-0.026
-0.024
-0.015
-0.016
-0.023
-0.024
-0.013
0.0029
0.005
-0.0059
-0.023
-0.023
-0.011
-0.012
-0.0094
0.0039
0.025
0.018
0.0047
0.004
-0.00026
-0.0027
0.0011
0.015
0.018
0.03
0.036
0.027
0.021
0.026
0.027
0.007
0.00053
0.018
0.023
0.018
0.023
0.025
0.012
0.013
0.027
0.025
0.012
0.0046
0.0093
0.025
0.035
0.019
0.0047
0.008
0.02
0.027
0.022
0.019
0.019
0.024
0.02
0.017
0.011
0.0061
0.017
0.034
0.034
0.017
0.0044
0.02
0.028
0.014
0.0023
0.018
0.031
0.019
0.0088
0.0096
0.014
0.0093
0.0094
0.014
0.017
0.0066
0.0069
0.012
0.0057
-0.0041
-0.0049
-0.0047
-0.01
-0.019
-0.017
-0.0025
0.013
0.014
-0.0058
-0.015
-0.0084
-0.0066
-0.016
-0.021
-0.011
0.01
0.017
0.0049
-0.003
0.0027
0.0046
-0.0094
-0.016
-0.014
-0.0066
0.002
0.005
0.0035
0.0013
0.0012
-0.018
-0.027
-0.014
-0.014
-0.013
-0.0031
0.012
0.007
-0.011
-0.022
-0.017
-0.0054
-0.0019
0.00056
0.0024
0.017
0.02
0.0067
-0.0062
-0.0061
-0.0042
-0.015
-0.022
-0.0091
0.011
0.0054
-0.013
-0.018
-0.02
-0.011
0.00072
0.0018
-0.0018
0.0049
0.018
0.014
0.0016
-0.011
-0.0036
0.0073
0.011
0.016
0.018
0.017
0.019
0.023
0.015
-0.0015
-0.01
0.0094
0.038
0.035
0.021
0.0097
-0.0059
-0.0033
-0.0078
-0.019
-0.018
-0.0065
-0.02
-0.044
-0.043
-0.029
-0.024
-0.027
-0.023
-0.019
-0.011
0.0014
0.017
0.025
0.016
0.0057
0.004
-0.0011
-0.018
-0.012
0.028
0.056
0.041
0.0072
-0.013
-0.025
-0.026
-0.0066
0.015
0.037
0.039
0.021
0.0026
0.0065
0.019
0.023
0.026
0.0085
-0.012
-0.0079
0.018
0.038
0.04
0.03
0.006
-0.01
-0.0025
0.011
0.027
0.045
0.056
0.038
0.0057
-0.016
-0.0062
0.0053
0.0097
0.011
0.0022
0.0095
0.019
0.018
0.027
0.048
0.049
0.066
0.11
0.12
0.12
0.11
0.096
0.068
0.032
0.022
0.018
0.02
0.026
0.0099
-0.016
-0.019
-0.012
-0.025
-0.019
-0.0076
-0.013
-0.027
-0.026
-0.0075
0.02
0.043
0.04
0.021
-0.015
-0.038
-0.028
-0.023
-0.028
-0.04
-0.035
-0.008
0.0033
-0.0097
-0.016
0.0025
0.0074
0.003
-7.6e-005
0.011
0.019
0.018
0.027
0.038
0.023
-0.01
-0.011
0.0032
-0.00014
-0.01
-0.012
-0.0096
-0.018
-0.021
0.0035
0.024
0.032
0.034
0.027
0.013
0.0068
0.012
0.015
0.013
0.0019
0.0065
0.011
0.014
0.022
0.028
0.036
0.026
0.016
0.014
0.0011
-0.0016
0.0059
0.0091
0.0089
0.0011
-0.0043
0.0029
0.00066
-0.0081
0.0033
0.01
0.015
0.01
0.0037
0.00026
0.0049
0.00056
-0.0033
-0.0033
0.0043
0.024
0.023
0.012
0.012
0.0053
-0.0082
-0.016
-0.016
0.0011
0.019
0.011
-0.0026
-0.0037
-0.0083
-0.0028
0.0051
-0.0063
-0.01
0.0039
0.012
-1.5e-005
-0.015
-0.011
0.0053
0.019
0.03
0.037
0.022
0.0006
0.003
0.01
0.0035
0.003
0.009
0.014
0.02
0.012
0.014
0.023
0.016
0.006
-0.0029
0.003
0.0037
0.0035
0.0053
0.011
0.0063
0.0017
0.0056
0.0079
0.0081
0.0055
0.0087
0.0086
0.0047
0.002
0.0005
0.0073
0.012
-0.0094
-0.026
-0.0061
0.029
0.031
0.012
-0.0054
-0.022
-0.035
-0.028
-0.0047
0.013
0.024
0.021
0.009
-0.016
-0.036
-0.03
-0.02
-0.032
-0.031
-0.014
0.00056
0.011
0.023
0.019
-0.016
-0.03
-0.013
-0.0017
-0.0067
-0.023
0.0032
0.027
0.0017
0.002
-0.017
-0.038
-0.0059
0.061
0.065
0.0048
0.012
0.061
0.048
-0.019
-0.04
-0.02
-0.027
-0.032
-0.019
-0.0077
0.00029
-0.0055
-0.032
-0.042
-0.014
0.005
0.011
0.011
0.013
0.029
0.026
0.00011
-0.042
-0.051
-0.025
-0.0091
0.0059
0.014
-0.0085
-0.037
-0.03
-0.0047
-0.0025
-0.0018
0.011
0.021
-0.0064
-0.032
0.0063
0.055
0.052
0.0066
-0.035
-0.041
-0.02
0.0053
0.043
0.063
0.065
0.039
0.00035
-0.025
-0.016
0.0078
0.019
0.022
0.025
0.011
-0.015
-0.0016
0.044
0.062
0.043
0.027
0.031
0.044
0.053
0.055
0.063
0.064
0.04
0.022
0.025
0.039
0.041
0.014
-0.0042
-0.012
-0.013
-0.005
0.013
0.022
0.021
0.012
0.0062
0.026
0.053
0.057
0.041
0.012
-0.0018
0.015
0.058
0.081
0.075
0.055
0.039
0.038
0.039
0.064
0.08
0.077
0.066
0.051
0.035
0.022
0.0071
-0.0084
-0.02
-0.024
-0.037
-0.054
-0.052
-0.049
-0.061
-0.076
-0.094
-0.11
-0.099
-0.09
-0.1
-0.11
-0.083
-0.068
-0.081
-0.09
-0.09
-0.081
-0.076
-0.064
-0.051
-0.056
-0.07
-0.072
-0.071
-0.075
-0.073
-0.057
-0.05
-0.063
-0.081
-0.073
-0.058
-0.06
-0.082
-0.09
-0.086
-0.095
-0.1
-0.097
-0.078
-0.067
-0.061
-0.064
-0.071
-0.07
-0.065
-0.062
-0.059
-0.065
-0.089
-0.13
-0.17
-0.23
-0.36
-0.49
-0.52
-0.46
-0.37
-0.27
-0.19
-0.058
0.1
0.22
0.23
0.16
0.032
-0.091
-0.16
-0.17
-0.13
-0.067
0.0011
0.1
0.23
0.3
0.31
0.27
0.23
0.22
0.17
0.016
-0.23
-0.43
-0.44
-0.41
-0.33
-0.062
0.31
0.47
0.25
-0.24
-0.54
-0.39
-0.071
0.1
0.09
-0.011
-0.13
-0.22
-0.26
-0.31
-0.39
-0.39
-0.27
-0.14
-0.12
-0.22
-0.34
-0.39
-0.38
-0.29
-0.15
-0.095
-0.18
-0.3
-0.31
-0.26
-0.25
-0.33
-0.47
-0.49
-0.35
-0.16
-0.03
0.013
0.041
0.15
0.34
0.49
0.54
0.47
0.41
0.45
0.54
0.61
0.59
0.54
0.54
0.57
0.57
0.54
0.5
0.47
0.48
0.5
0.51
0.44
0.33
0.21
0.15
0.15
0.13
0.047
-0.032
-0.052
-0.028
0.0064
0.023
0.0069
-0.015
-0.025
-0.031
-0.044
-0.043
-0.014
0.032
0.098
0.17
0.22
0.2
0.16
0.15
0.19
0.24
0.24
0.21
0.19
0.2
0.19
0.17
0.14
0.1
0.082
0.098
0.14
0.16
0.15
0.11
0.071
0.059
0.065
0.069
0.041
-0.005
-0.035
-0.049
-0.045
-0.045
-0.061
-0.093
-0.13
-0.18
-0.19
-0.16
-0.1
-0.081
-0.085
-0.08
-0.078
-0.084
-0.078
-0.066
-0.035
0.017
0.053
0.071
0.086
0.11
0.13
0.15
0.17
0.19
0.19
0.21
0.25
0.27
0.27
0.24
0.19
0.16
0.16
0.17
0.16
0.11
0.051
0.0088
-0.0073
-0.0095
-0.013
-0.035
-0.056
-0.085
-0.092
-0.08
-0.069
-0.065
-0.065
-0.067
-0.073
-0.068
-0.044
0.0012
0.037
0.048
0.04
0.035
0.046
0.06
0.067
0.066
0.071
0.093
0.11
0.095
0.077
0.065
0.051
0.035
0.021
0.02
0.052
0.089
0.11
0.11
0.092
0.073
0.071
0.077
0.068
0.047
0.036
0.018
-0.014
-0.034
-0.042
-0.057
-0.064
-0.07
-0.091
-0.11
-0.11
-0.1
-0.11
-0.13
-0.15
-0.15
-0.13
-0.1
-0.09
-0.079
-0.067
-0.054
-0.025
-0.0043
-0.0035
-0.0091
-0.011
0.0021
0.03
0.046
0.047
0.051
0.055
0.059
0.053
0.017
-0.027
-0.037
-0.0082
0.026
0.028
0.003
-0.019
-0.025
-0.034
-0.039
-0.044
-0.062
-0.081
-0.087
-0.091
-0.1
-0.12
-0.13
-0.13
-0.15
-0.16
-0.15
-0.12
-0.096
-0.085
-0.089
-0.076
-0.052
-0.028
-0.0085
0.014
0.032
0.044
0.046
0.052
0.069
0.066
0.04
0.00096
-0.017
-0.0087
0.0067
0.024
0.047
0.056
0.059
0.08
0.094
0.1
0.1
0.11
0.12
0.11
0.1
0.1
0.1
0.1
0.099
0.088
0.066
0.044
0.036
0.05
0.061
0.067
0.081
0.1
0.1
0.092
0.093
0.096
0.1
0.11
0.12
0.11
0.1
0.1
0.1
0.081
0.047
0.017
-0.0018
-0.016
-0.019
-0.035
-0.048
-0.045
-0.042
-0.053
-0.053
-0.027
-0.0027
0.012
0.018
0.017
0.025
0.038
0.03
-0.0022
-0.019
-0.014
-0.0043
0.01
0.015
0.016
0.026
0.023
-0.016
-0.067
-0.083
-0.057
-0.012
0.024
0.042
0.042
0.045
0.045
0.032
0.027
0.038
0.064
0.11
0.13
0.13
0.14
0.16
0.14
0.093
0.044
0.028
0.04
0.066
0.1
0.12
0.13
0.11
0.078
0.058
0.067
0.076
0.075
0.093
0.1
0.097
0.095
0.11
0.11
0.093
0.086
0.092
0.11
0.11
0.1
0.092
0.078
0.064
0.042
0.016
0.0042
0.027
0.057
0.072
0.067
0.038
0.0064
-0.03
-0.054
-0.054
-0.039
-0.031
-0.023
-0.031
-0.081
-0.14
-0.18
-0.2
-0.21
-0.23
-0.25
-0.27
-0.3
-0.34
-0.37
-0.41
-0.44
-0.43
-0.41
-0.34
-0.28
-0.21
-0.16
-0.13
-0.092
-0.049
-0.017
-0.0044
0.0011
0.011
0.023
0.038
0.058
0.087
0.11
0.14
0.14
0.13
0.11
0.14
0.17
0.16
0.14
0.12
0.1
0.099
0.11
0.14
0.18
0.19
0.19
0.2
0.19
0.17
0.16
0.15
0.14
0.12
0.1
0.092
0.074
0.064
0.048
0.039
0.032
0.011
-0.014
-0.023
-0.015
0.0015
0.018
0.017
0.017
0.037
0.052
0.05
0.047
0.049
0.047
0.047
0.061
0.082
0.094
0.11
0.13
0.14
0.13
0.12
0.13
0.12
0.094
0.09
0.096
0.11
0.12
0.11
0.082
0.059
0.055
0.056
0.054
0.042
0.047
0.064
0.067
0.037
-0.0025
-0.026
-0.046
-0.049
-0.039
-0.046
-0.05
-0.04
-0.031
-0.035
-0.043
-0.053
-0.055
-0.047
-0.029
-0.0099
0.0036
0.019
0.013
-0.0042
-0.01
-0.018
-0.029
-0.033
-0.03
-0.028
-0.029
-0.026
-0.019
-0.023
-0.04
-0.058
-0.07
-0.077
-0.077
-0.073
-0.075
-0.086
-0.096
-0.11
-0.11
-0.098
-0.072
-0.055
-0.06
-0.069
-0.072
-0.077
-0.098
-0.12
-0.13
-0.13
-0.13
-0.14
-0.14
-0.14
-0.14
-0.14
-0.14
-0.14
-0.15
-0.16
-0.17
-0.15
-0.13
-0.12
-0.11
-0.11
-0.1
-0.092
-0.094
-0.1
-0.11
-0.083
-0.041
-0.0075
-0.00041
-0.02
-0.056
-0.067
-0.065
-0.078
-0.077
-0.065
-0.038
-0.012
0.005
0.021
0.035
0.054
0.051
0.018
-0.012
-0.026
-0.019
0.0022
0.029
0.067
0.11
0.13
0.12
0.091
0.048
0.0088
-0.0041
-4.6e-005
-0.0065
-0.0027
0.023
0.042
0.055
0.064
0.072
0.066
0.055
0.044
0.037
0.032
0.03
0.021
0.0017
-0.0082
-0.00011
0.018
0.036
0.05
0.056
0.042
0.03
0.029
0.028
0.018
0.014
0.021
0.021
0.028
0.037
0.035
0.024
0.012
-0.013
-0.045
-0.058
-0.055
-0.024
0.018
0.044
0.055
0.035
0.0098
0.0021
-0.0052
-0.0029
0.014
0.03
0.029
0.021
0.026
0.04
0.022
-0.0041
-0.02
-0.046
-0.054
-0.041
-0.027
-0.031
-0.037
-0.042
-0.051
-0.058
-0.061
-0.062
-0.058
-0.048
-0.042
-0.054
-0.084
-0.12
-0.13
-0.12
-0.12
-0.12
-0.1
-0.068
-0.049
-0.053
-0.067
-0.088
-0.11
-0.12
-0.12
-0.1
-0.065
-0.03
-0.012
-0.013
-0.042
-0.076
-0.081
-0.069
-0.071
-0.067
-0.044
-0.023
-0.022
-0.024
-0.023
-0.018
-0.0045
0.01
0.02
0.016
0.014
0.019
0.012
-0.0091
-0.047
-0.069
-0.07
-0.051
-0.03
-0.0017
0.022
0.024
0.014
0.0059
7.6e-005
-0.022
-0.038
-0.027
-0.0058
0.011
0.015
0.02
0.014
0.0085
0.0079
-0.0032
-0.0095
0.011
0.053
0.076
0.069
0.033
-0.016
-0.032
-0.026
-0.018
-0.0073
-0.0029
-0.0081
-0.0092
-0.0062
-0.0061
0.0037
0.016
0.036
0.05
0.049
0.041
0.024
0.017
0.0075
-0.0022
0.00078
0.0018
-0.011
-0.02
0.0017
0.032
0.063
0.081
0.076
0.055
0.043
0.043
0.04
0.047
0.061
0.068
0.081
0.093
0.084
0.058
0.055
0.058
0.045
0.043
0.055
0.063
0.061
0.071
0.072
0.073
0.08
0.085
0.086
0.078
0.078
0.07
0.068
0.069
0.06
0.06
0.067
0.064
0.044
0.032
0.022
0.012
0.016
0.0086
-1.5e-005
0.0033
0.022
0.039
0.03
0.0038
-0.017
-0.034
-0.049
-0.052
-0.056
-0.058
-0.051
-0.044
-0.037
-0.028
-0.021
-0.025
-0.037
-0.042
-0.05
-0.059
-0.064
-0.066
-0.079
-0.09
-0.097
-0.097
-0.086
-0.084
-0.091
-0.082
-0.068
-0.076
-0.098
-0.11
-0.1
-0.088
-0.092
-0.094
-0.091
-0.089
-0.085
-0.085
-0.091
-0.099
-0.1
-0.1
-0.085
-0.063
-0.054
-0.046
-0.051
-0.07
-0.094
-0.098
-0.081
-0.062
-0.048
-0.038
-0.021
-0.0097
-0.0034
0.0046
0.02
0.024
0.024
0.038
0.035
0.018
0.012
0.024
0.045
0.057
0.061
0.047
0.038
0.038
0.032
0.027
0.022
0.016
0.0036
-0.0096
-0.0085
0.027
0.07
0.1
0.14
0.14
0.12
0.081
0.054
0.039
0.036
0.051
0.062
0.057
0.052
0.071
0.097
0.11
0.12
0.088
0.061
0.046
0.045
0.05
0.052
0.046
0.043
0.047
0.054
0.073
0.088
0.1
0.11
0.11
0.094
0.079
0.067
0.079
0.1
0.11
0.095
0.073
0.068
0.073
0.067
0.057
0.044
0.025
0.015
0.03
0.053
0.058
0.055
0.047
0.051
0.062
0.054
0.039
0.034
0.039
0.045
0.043
0.042
0.047
0.053
0.048
0.05
0.046
0.023
0.0035
0.0033
0.019
0.022
0.02
0.024
0.031
0.03
0.034
0.043
0.039
0.023
0.0063
0.0058
0.018
0.03
0.038
0.045
0.05
0.037
0.013
0.00035
-0.01
-0.025
-0.028
-0.015
-0.011
-0.015
-0.0065
0.015
0.027
0.026
0.018
0.0088
0.018
0.031
0.032
0.026
0.022
0.0098
0.0067
0.017
0.018
0.022
0.036
0.053
0.06
0.052
0.038
0.018
0.015
0.018
0.012
0.016
0.025
0.05
0.061
0.058
0.051
0.057
0.059
0.059
0.062
0.06
0.063
0.072
0.075
0.074
0.072
0.073
0.079
0.096
0.1
0.093
0.089
0.093
0.091
0.075
0.062
0.051
0.045
0.054
0.068
0.094
0.12
0.14
0.13
0.093
0.073
0.078
0.091
0.1
0.11
0.11
0.12
0.11
0.096
0.091
0.085
0.082
0.068
0.056
0.051
0.043
0.049
0.053
0.057
0.052
0.04
0.021
0.015
0.016
0.014
0.0043
0.00032
0.009
0.012
0.0009
-0.0039
0.0024
0.01
0.0094
0.00014
-0.013
-0.031
-0.047
-0.06
-0.07
-0.075
-0.066
-0.056
-0.057
-0.067
-0.08
-0.079
-0.079
-0.085
-0.093
-0.086
-0.074
-0.076
-0.089
-0.12
-0.15
-0.16
-0.15
-0.13
-0.11
-0.094
-0.087
-0.1
-0.12
-0.11
-0.12
-0.14
-0.16
-0.18
-0.16
-0.14
-0.11
-0.1
-0.11
-0.11
-0.12
-0.12
-0.11
-0.094
-0.089
-0.097
-0.11
-0.12
-0.12
-0.12
-0.13
-0.13
-0.12
-0.075
-0.034
-0.021
-0.031
-0.042
-0.046
-0.057
-0.08
-0.11
-0.13
-0.13
-0.095
-0.059
-0.032
-0.0049
0.029
0.038
0.019
0.0041
-0.0011
-0.0073
-0.015
-0.037
-0.059
-0.047
-0.01
0.024
0.041
0.035
0.03
0.023
0.017
0.0029
-0.019
-0.02
-0.0035
0.035
0.067
0.082
0.084
0.084
0.087
0.078
0.064
0.04
0.0089
-0.015
-0.022
0.0018
0.031
0.049
0.059
0.056
0.051
0.053
0.06
0.05
0.027
0.017
0.021
0.032
0.05
0.072
0.096
0.12
0.12
0.09
0.057
0.032
0.021
0.026
0.033
0.029
0.038
0.066
0.083
0.07
0.055
0.049
0.043
0.043
0.034
0.02
0.013
0.015
0.023
0.023
0.019
0.02
0.021
0.002
-0.01
-0.012
-0.0006
0.024
0.037
0.038
0.044
0.051
0.042
0.045
0.099
0.14
0.16
0.11
-0.077
-0.17
-0.12
-0.017
0.081
0.096
0.065
0.039
-0.014
-0.046
-0.028
-0.0063
0.072
0.15
0.17
0.17
0.12
0.045
-0.024
-0.043
-0.014
0.033
0.034
0.013
0.042
0.088
0.14
0.16
0.13
0.1
0.068
0.0082
0.00014
0.018
-0.0011
-0.015
-0.016
-0.023
-0.0057
0.066
0.11
0.1
0.084
0.067
0.052
0.041
0.024
0.0093
0.0038
0.041
0.083
0.079
0.042
0.014
0.0094
0.025
0.039
0.038
0.044
0.056
0.068
0.09
0.11
0.12
0.1
0.063
-0.004
-0.065
-0.089
-0.062
-0.013
0.024
0.048
0.064
0.07
0.067
0.044
0.013
-0.00041
0.0079
0.0088
0.014
-0.004
-0.028
-0.028
-0.018
-0.005
-0.012
-0.007
0.0038
0.015
0.03
0.015
-0.024
-0.051
-0.042
-0.0094
0.017
0.035
0.029
0.0021
-0.026
-0.057
-0.08
-0.065
-0.023
-0.0057
-0.013
-0.036
-0.062
-0.065
-0.078
-0.11
-0.12
-0.11
-0.077
-0.053
-0.067
-0.11
-0.14
-0.13
-0.12
-0.12
-0.16
-0.18
-0.16
-0.13
-0.14
-0.16
-0.19
-0.21
-0.21
-0.19
-0.17
-0.16
-0.14
-0.15
-0.17
-0.19
-0.2
-0.2
-0.19
-0.17
-0.15
-0.14
-0.12
-0.11
-0.12
-0.15
-0.17
-0.18
-0.16
-0.14
-0.098
-0.059
-0.043
-0.082
-0.14
-0.17
-0.17
-0.16
-0.16
-0.15
-0.15
-0.14
-0.12
-0.099
-0.072
-0.038
-0.0043
0.0095
0.0042
-0.031
-0.082
-0.12
-0.12
-0.11
-0.096
-0.087
-0.068
-0.032
0.0033
0.011
0.002
-0.02
-0.039
-0.049
-0.059
-0.073
-0.086
-0.081
-0.061
-0.031
0.012
0.066
0.079
0.035
-0.013
-0.03
-0.034
-0.03
-0.018
-0.012
-0.017
-0.0097
0.019
0.035
0.031
0.03
0.032
0.03
0.021
0.011
0.01
0.01
0.017
0.028
0.048
0.069
0.066
0.055
0.049
0.041
0.05
0.074
0.091
0.088
0.07
0.062
0.061
0.05
0.046
0.053
0.067
0.074
0.061
0.054
0.061
0.071
0.062
0.057
0.068
0.064
0.052
0.042
0.036
0.044
0.067
0.087
0.1
0.12
0.12
0.12
0.12
0.13
0.11
0.079
0.056
0.033
0.025
0.045
0.086
0.11
0.11
0.11
0.1
0.084
0.068
0.05
0.039
0.045
0.049
0.055
0.076
0.097
0.11
0.12
0.12
0.11
0.084
0.073
0.07
0.083
0.093
0.089
0.091
0.09
0.093
0.094
0.088
0.081
0.097
0.11
0.12
0.1
0.083
0.079
0.08
0.093
0.1
0.1
0.096
0.071
0.048
0.046
0.054
0.075
0.1
0.11
0.099
0.089
0.07
0.061
0.057
0.05
0.065
0.087
0.096
0.088
0.07
0.055
0.064
0.084
0.092
0.081
0.051
0.019
0.0049
0.012
0.036
0.061
0.068
0.053
0.033
0.022
0.02
0.02
0.016
0.016
0.01
0.011
0.014
0.025
0.04
0.049
0.043
0.03
0.024
0.017
0.0076
-0.0047
0.0018
0.019
0.018
0.015
0.023
0.03
0.037
0.04
0.035
0.042
0.052
0.034
0.016
0.0043
0.0025
0.011
0.025
0.031
0.027
0.032
0.02
0.0022
-0.015
-0.015
-1.5e-005
0.022
0.043
0.029
0.0091
0.0087
0.0043
-0.014
-0.021
-0.022
-0.032
-0.036
-0.044
-0.05
-0.052
-0.052
-0.039
-0.033
-0.039
-0.071
-0.11
-0.11
-0.071
-0.036
-0.013
-0.016
-0.03
-0.042
-0.049
-0.062
-0.083
-0.1
-0.097
-0.075
-0.056
-0.054
-0.067
-0.084
-0.083
-0.063
-0.061
-0.082
-0.098
-0.09
-0.072
-0.06
-0.053
-0.045
-0.034
-0.035
-0.049
-0.073
-0.091
-0.098
-0.092
-0.074
-0.057
-0.04
-0.037
-0.041
-0.042
-0.044
-0.042
-0.03
0.0023
0.015
-0.0086
-0.042
-0.066
-0.083
-0.099
-0.092
-0.073
-0.069
-0.063
-0.043
-0.015
0.0023
0.0053
-0.0087
-0.026
-0.031
-0.042
-0.071
-0.092
-0.086
-0.061
-0.016
0.013
0.019
-0.0006
-0.025
-0.041
-0.048
-0.033
-0.022
-0.032
-0.048
-0.058
-0.059
-0.032
0.003
0.015
0.031
0.034
0.01
-0.023
-0.038
-0.039
-0.056
-0.063
-0.064
-0.055
-0.035
-0.021
0.0015
0.018
0.012
-0.024
-0.056
-0.073
-0.081
-0.068
-0.046
-0.0055
0.027
0.045
0.042
0.018
-0.015
-0.023
-0.018
-0.026
-0.038
-0.04
-0.033
-0.029
-0.018
-1.5e-005
-0.0047
-0.02
-0.028
-0.03
-0.027
-0.034
-0.042
-0.04
-0.034
-0.038
-0.038
-0.031
-0.023
-0.016
-0.012
-0.0058
-0.02
-0.04
-0.042
-0.031
-0.02
-0.016
-0.0013
0.009
0.0094
0.013
0.0043
-0.0058
-0.016
-0.012
-0.0019
0.0073
0.012
0.016
0.023
0.012
-0.00056
-0.00093
0.0047
0.0078
0.018
0.026
0.025
0.022
0.022
0.03
0.046
0.057
0.05
0.032
0.022
0.015
0.019
0.024
0.02
0.018
0.019
0.025
0.032
0.046
0.05
0.062
0.078
0.084
0.077
0.046
0.023
0.017
0.025
0.043
0.054
0.058
0.063
0.054
0.051
0.061
0.052
0.037
0.046
0.054
0.065
0.074
0.077
0.075
0.072
0.074
0.075
0.061
0.047
0.053
0.064
0.085
0.093
0.078
0.063
0.049
0.035
0.024
0.021
0.025
0.04
0.055
0.065
0.077
0.069
0.06
0.053
0.031
0.015
0.02
0.031
0.035
0.037
0.043
0.044
0.038
0.025
0.022
0.016
0.018
0.024
0.018
0.016
0.0078
0.0043
0.018
0.032
0.031
0.023
0.021
0.033
0.056
0.042
0.017
0.007
0.0076
0.0063
0.01
0.026
0.041
0.052
0.059
0.056
0.04
0.036
0.032
0.016
0.012
0.02
0.022
0.022
0.029
0.029
0.032
0.043
0.043
0.036
0.022
0.013
0.012
0.015
0.032
0.04
0.036
0.031
0.022
0.0083
-0.0083
-0.017
-0.0022
0.027
0.036
0.019
-0.0095
-0.022
-0.0043
0.031
0.056
0.043
0.021
-0.00044
-0.026
-0.035
-0.032
-0.031
-0.046
-0.059
-0.052
-0.03
-0.016
-0.0054
-0.00041
0.0034
0.023
0.032
0.00017
-0.059
-0.089
-0.058
-0.0053
0.042
0.075
0.079
0.06
0.037
0.0026
-0.033
-0.04
-0.04
-0.043
-0.034
-0.012
0.018
0.043
0.053
0.054
0.051
0.039
0.0023
-0.034
-0.043
-0.03
-0.0096
0.0068
0.021
0.02
0.015
0.019
0.021
0.0083
-0.0038
-0.01
0.0085
0.045
0.057
0.051
0.048
0.038
0.021
0.023
0.019
-0.0052
-0.039
-0.055
-0.053
-0.039
-0.0086
0.015
0.017
0.02
0.028
0.024
0.0049
-0.011
-0.02
-0.022
-0.023
-0.033
-0.033
-0.014
0.0099
-0.0017
-0.039
-0.07
-0.098
-0.12
-0.12
-0.11
-0.099
-0.059
-0.015
-0.0061
-0.019
-0.04
-0.055
-0.056
-0.041
-0.038
-0.051
-0.063
-0.066
-0.054
-0.047
-0.042
-0.049
-0.055
-0.046
-0.038
-0.025
-0.0043
0.017
0.02
0.023
0.03
0.028
0.034
0.06
0.071
0.065
0.054
0.03
-0.0094
-0.032
-0.028
-0.011
0.025
0.073
0.092
0.08
0.065
0.047
0.041
0.036
0.024
0.033
0.056
0.065
0.062
0.054
0.051
0.059
0.061
0.05
0.039
0.027
0.016
0.0073
-0.0036
-0.0037
0.021
0.05
0.067
0.06
0.036
0.014
-0.00078
-0.0011
0.016
0.018
0.007
0.00035
0.0047
0.014
0.027
0.038
0.044
0.043
0.025
-0.011
-0.051
-0.057
-0.026
0.014
0.055
0.078
0.062
0.029
0.014
-0.0018
-0.0093
-0.00093
0.00041
0.0069
0.019
0.031
0.046
0.066
0.078
0.072
0.058
0.039
0.03
0.03
0.039
0.055
0.062
0.067
0.063
0.052
0.043
0.047
0.047
0.045
0.037
0.018
0.0091
0.0017
-0.0084
-0.013
0.012
0.046
0.058
0.037
0.002
-0.025
-0.039
-0.037
-0.04
-0.03
0.00044
0.029
0.045
0.048
0.036
0.0034
-0.028
-0.037
-0.039
-0.037
-0.028
-0.013
-0.014
-0.015
-0.0046
-0.01
-0.026
-0.029
-0.015
-0.0022
-0.0025
-0.018
-0.028
-0.004
0.033
0.053
0.057
0.044
0.026
0.015
0.012
0.011
0.012
0.019
0.022
0.019
0.017
0.0074
-0.015
-0.017
0.0039
0.014
0.0032
-0.011
-0.028
-0.035
-0.015
0.0091
0.023
0.03
0.031
0.012
-0.0088
-0.018
-0.016
0.0014
0.023
0.03
0.037
0.047
0.051
0.061
0.088
0.091
0.056
0.023
0.0068
-0.0065
-0.019
-0.013
0.0054
0.044
0.1
0.15
0.16
0.11
0.051
0.021
0.018
0.023
0.032
0.043
0.042
0.049
0.068
0.1
0.12
0.11
0.066
0.0075
-0.017
-0.017
4.6e-005
0.011
0.027
0.047
0.054
0.043
0.031
0.02
-0.0061
-0.029
-0.033
-0.026
-0.021
-0.014
-0.0094
-0.0083
-0.0085
0.0072
0.0097
-0.01
-0.0084
-0.0036
-0.03
-0.073
-0.098
-0.084
-0.059
-0.034
-0.0085
0.0096
0.0049
-0.024
-0.036
-0.033
-0.04
-0.037
-0.015
0.019
0.031
0.021
-0.003
-0.029
-0.05
-0.059
-0.033
-0.014
-0.018
-0.021
-0.03
-0.016
-0.0041
-0.005
0.0034
0.017
0.032
0.042
0.04
0.028
0.0069
-0.0011
0.013
0.043
0.071
0.081
0.087
0.09
0.078
0.058
0.05
0.053
0.055
0.041
0.031
0.03
0.043
0.067
0.071
0.07
0.067
0.069
0.058
0.016
-0.038
-0.054
-0.032
-0.016
0.0045
0.0052
-0.0058
-0.014
-0.019
-0.0062
0.017
0.03
0.025
0.026
0.023
0.0018
-0.018
-0.019
-0.0043
0.0093
0.025
0.031
0.041
0.052
0.043
0.011
-0.0048
0.0064
0.027
0.045
0.041
0.021
0.0044
0.0011
0.0082
0.013
0.0033
-0.017
-0.037
-0.047
-0.048
-0.032
-0.013
-0.011
-0.041
-0.078
-0.099
-0.12
-0.13
-0.084
-0.036
-0.023
-0.035
-0.057
-0.065
-0.054
-0.044
-0.03
-0.0093
0.0065
0.011
0.0009
-0.0096
-0.0083
-0.00017
0.0081
0.016
0.0096
-0.0054
-0.03
-0.04
-0.022
-0.0056
0.0041
0.016
0.019
0.0055
-0.0083
-0.021
-0.026
-0.013
0.0072
0.022
0.03
0.025
0.0078
-0.022
-0.029
-0.011
0.013
0.029
0.028
0.0043
-0.021
-0.026
-0.024
-0.02
-0.013
-0.0027
-0.0039
-0.011
-0.014
-0.013
-0.0077
-0.00069
0.0092
0.018
0.0098
-0.0018
0.006
0.016
0.023
0.031
0.036
0.03
0.017
0.0046
0.012
0.036
0.052
0.052
0.051
0.044
0.038
0.038
0.025
0.014
0.0053
0.00053
-0.0014
0.018
0.037
0.044
0.047
0.038
0.031
0.025
0.011
-0.014
-0.025
-0.024
-0.011
0.0011
0.0051
0.0072
-0.014
-0.042
-0.063
-0.07
-0.06
-0.046
-0.034
-0.015
0.013
0.04
0.045
0.053
0.064
0.07
0.05
0.012
-0.021
-0.052
-0.074
-0.072
-0.044
-0.0022
0.048
0.091
0.1
0.09
0.057
0.029
0.0036
-0.022
-0.044
-0.055
-0.052
-0.046
-0.024
-0.0016
0.014
0.018
-0.00096
-0.034
-0.054
-0.05
-0.029
-0.018
-0.025
-0.02
0.0034
0.039
0.067
0.064
0.045
0.024
0.0014
-0.0066
-0.0069
-0.013
-0.015
-0.013
-0.018
-0.019
-0.0084
0.0063
0.023
0.028
0.017
-0.0024
-0.023
-0.026
-0.01
0.0034
0.018
0.032
0.03
0.022
0.022
0.032
0.047
0.032
0.0078
-0.0079
-0.0047
0.0079
0.0028
-0.01
-0.018
-0.012
-0.0032
0.0091
0.012
0.011
0.0083
0.015
0.022
0.016
0.009
-0.0051
-0.024
-0.037
-0.038
-0.034
-0.032
-0.026
-0.018
-0.0099
-0.012
-0.034
-0.049
-0.049
-0.041
-0.013
0.013
0.0083
-0.00075
-0.011
-0.027
-0.019
-0.0011
0.019
0.049
0.067
0.058
0.03
0.022
0.033
0.046
0.052
0.052
0.048
0.033
0.027
0.033
0.064
0.087
0.075
0.06
0.06
0.068
0.073
0.063
0.045
0.036
0.04
0.044
0.048
0.046
0.048
0.062
0.077
0.092
0.11
0.11
0.085
0.05
0.016
0.0099
0.029
0.052
0.061
0.059
0.042
0.019
0.0046
-0.003
0.0027
0.016
0.014
-0.0069
-0.022
-0.029
-0.031
-0.019
-0.0034
0.01
0.02
0.033
0.039
0.024
-0.0036
-0.022
-0.022
-0.016
-0.016
-0.0011
0.021
0.054
0.083
0.088
0.062
0.029
-0.0014
-0.033
-0.043
-0.039
-0.022
0.00096
0.015
0.009
-0.0058
-0.011
-0.019
-0.028
-0.03
-0.028
-0.031
-0.036
-0.031
-0.03
-0.035
-0.04
-0.046
-0.05
-0.043
-0.025
-0.011
0.0019
-0.0014
-0.022
-0.035
-0.054
-0.068
-0.069
-0.04
-0.0024
0.016
0.0079
-0.015
-0.024
-0.028
-0.019
-0.0099
-0.016
-0.022
-0.033
-0.021
-0.011
-0.012
-0.014
-0.022
-0.032
-0.028
-0.016
-0.018
-0.026
-0.023
-0.007
0.011
0.018
0.0078
-0.013
-0.034
-0.044
-0.042
-0.034
-0.027
-0.024
-0.026
-0.026
-0.027
-0.04
-0.055
-0.057
-0.057
-0.059
-0.058
-0.044
-0.029
-0.027
-0.029
-0.03
-0.026
-0.013
0.0011
0.0062
-0.012
-0.036
-0.054
-0.059
-0.051
-0.044
-0.035
-0.022
0.014
0.062
0.095
0.1
0.064
0.029
0.0038
-0.016
-0.033
-0.044
-0.045
-0.037
-0.015
0.028
0.088
0.11
0.094
0.049
0.0069
-0.013
-0.033
-0.047
-0.05
-0.051
-0.036
0.019
0.072
0.085
0.073
0.049
0.031
0.019
-0.0035
-0.019
-0.012
0.0084
0.0052
-0.013
-0.0048
0.033
0.079
0.091
0.081
0.057
0.036
0.016
-0.0095
-0.031
-0.016
0.017
0.036
0.049
0.058
0.058
0.048
0.033
0.033
0.035
0.029
0.015
0.014
0.025
0.035
0.045
0.04
0.0083
-0.019
-0.0022
0.039
0.061
0.049
0.015
-0.017
-0.034
-0.031
-0.018
-0.014
-0.0012
0.023
0.029
0.025
0.0098
-0.004
0.002
0.0046
0.0035
0.017
0.019
0.019
0.023
0.016
0.0093
0.013
0.0027
-0.026
-0.043
-0.059
-0.065
-0.063
-0.049
-0.026
-0.017
-0.02
-0.039
-0.069
-0.088
-0.079
-0.039
0.0006
0.023
0.032
0.024
-0.0025
-0.034
-0.056
-0.041
-0.017
0.0046
0.029
0.034
0.025
0.017
0.012
0.011
0.013
0.024
0.03
0.022
0.022
0.044
0.059
0.049
0.033
0.016
0.0032
0.0061
0.024
0.044
0.05
0.048
0.034
0.033
0.044
0.038
0.032
0.033
0.029
0.022
0.031
0.054
0.069
0.064
0.038
0.0081
-0.0051
0.0047
0.0096
0.0098
0.011
0.00038
-0.0091
-0.016
-0.023
-0.022
-0.014
-0.01
-0.0072
-0.0052
0.0031
0.01
0.012
0.015
0.0078
-0.0026
-0.013
-0.022
-0.01
0.013
0.025
0.017
0.0036
-0.015
-0.039
-0.048
-0.036
-0.0098
0.00099
-0.0099
-0.036
-0.048
-0.027
-0.0032
0.0079
0.0023
0.00035
-0.00063
-0.00066
0.013
0.022
0.018
0.013
0.017
0.018
0.0082
0.0027
0.011
0.022
0.017
0.01
0.0084
0.0043
0.013
0.021
0.017
-0.0017
-0.013
-0.018
-0.0091
0.0066
0.015
0.019
0.023
0.021
0.018
0.018
0.013
-0.0053
-0.026
-0.026
-0.0097
0.0072
0.021
0.0098
-0.0095
-0.019
-0.035
-0.047
-0.039
-0.03
-0.021
-0.0071
-0.0048
-0.024
-0.039
-0.037
-0.024
-0.019
-0.017
-0.011
-0.016
-0.025
-0.029
-0.024
-0.013
-0.0043
-0.0085
-0.025
-0.041
-0.044
-0.019
0.012
0.0083
-0.023
-0.05
-0.073
-0.094
-0.094
-0.086
-0.072
-0.049
-0.025
-0.0061
0.0073
0.008
0.0014
-0.0035
-0.0063
-0.019
-0.044
-0.073
-0.093
-0.089
-0.048
0.012
0.056
0.074
0.056
0.019
-0.026
-0.054
-0.049
-0.038
-0.046
-0.061
-0.055
-0.04
-0.011
0.017
0.035
0.034
0.0054
-0.027
-0.058
-0.073
-0.064
-0.042
-0.02
0.00075
0.015
0.024
0.025
0.011
-0.0052
-0.021
-0.025
-0.024
-0.042
-0.071
-0.093
-0.084
-0.055
-0.026
-0.0059
0.015
0.032
0.037
0.041
0.035
0.0079
-0.027
-0.047
-0.032
0.0079
0.036
0.035
0.033
0.0058
-0.028
-0.027
-0.02
-0.009
0.012
0.025
0.024
0.024
0.017
0.0051
0.016
0.029
0.05
0.075
0.074
0.049
0.024
0.026
0.052
0.075
0.073
0.054
0.034
0.015
0.019
0.048
0.074
0.095
0.11
0.11
0.078
0.044
0.022
0.019
0.035
0.052
0.052
0.045
0.05
0.055
0.053
0.059
0.065
0.062
0.06
0.059
0.046
0.02
0.0088
0.014
0.012
0.024
0.049
0.06
0.061
0.044
0.014
-0.0026
-0.0009
0.009
0.026
0.042
0.061
0.076
0.068
0.053
0.037
0.0097
-0.015
-0.026
-0.022
-0.0061
0.015
0.031
0.043
0.049
0.053
0.066
0.071
0.052
0.021
0.0076
0.0089
0.023
0.027
0.028
0.049
0.064
0.063
0.058
0.048
0.038
0.032
0.032
0.039
0.052
0.06
0.055
0.06
0.065
0.063
0.044
0.043
0.064
0.069
0.061
0.037
0.027
0.046
0.08
0.099
0.091
0.081
0.085
0.088
0.086
0.083
0.057
0.02
0.006
0.016
0.033
0.049
0.055
0.043
0.029
0.015
0.0083
0.024
0.031
0.019
-0.011
-0.036
-0.047
-0.031
-0.012
-0.025
-0.051
-0.067
-0.066
-0.059
-0.063
-0.087
-0.093
-0.065
-0.041
-0.033
-0.045
-0.062
-0.07
-0.08
-0.073
-0.061
-0.049
-0.037
-0.04
-0.052
-0.06
-0.045
-0.018
0.0028
0.00026
-0.012
-0.028
-0.046
-0.062
-0.073
-0.063
-0.041
-0.033
-0.035
-0.021
-0.013
-0.015
-0.0098
-0.011
-0.028
-0.058
-0.066
-0.055
-0.06
-0.055
-0.039
-0.031
-0.035
-0.059
-0.082
-0.086
-0.079
-0.055
-0.026
-0.012
-0.013
-0.015
-0.032
-0.05
-0.043
-0.027
-0.021
-0.03
-0.044
-0.039
-0.031
-0.044
-0.048
-0.047
-0.04
-0.027
-0.025
-0.024
-0.025
-0.035
-0.058
-0.086
-0.12
-0.14
-0.11
-0.064
-0.02
0.019
0.032
0.0095
-0.042
-0.087
-0.1
-0.1
-0.093
-0.09
-0.089
-0.075
-0.054
-0.032
-0.021
-0.018
-0.023
-0.04
-0.061
-0.071
-0.077
-0.082
-0.06
-0.0093
0.019
0.02
0.018
0.02
0.038
0.047
0.028
-0.0047
-0.019
-0.012
0.013
0.045
0.066
0.087
0.1
0.1
0.098
0.087
0.084
0.093
0.095
0.088
0.086
0.094
0.11
0.14
0.14
0.13
0.13
0.12
0.097
0.069
0.059
0.083
0.11
0.13
0.16
0.15
0.13
0.11
0.089
0.095
0.11
0.11
0.11
0.12
0.11
0.094
0.09
0.093
0.091
0.098
0.11
0.12
0.096
0.067
0.058
0.055
0.046
0.044
0.047
0.033
0.0061
-0.013
-0.017
-0.016
-0.0019
0.0038
-0.022
-0.056
-0.068
-0.044
0.0027
0.038
0.029
0.0071
-0.0082
-0.019
-0.033
-0.049
-0.046
-0.035
-0.026
-0.01
-0.0069
-0.027
-0.044
-0.045
-0.041
-0.036
-0.039
-0.034
-0.023
-0.019
-0.031
-0.04
-0.047
-0.071
-0.096
-0.12
-0.13
-0.11
-0.066
-0.029
-0.02
-0.026
-0.035
-0.05
-0.051
-0.048
-0.046
-0.039
-0.03
-0.029
-0.021
-0.019
-0.026
-0.026
-0.035
-0.056
-0.071
-0.069
-0.057
-0.046
-0.034
-0.034
-0.026
-0.0096
0.011
0.021
0.015
-0.00014
-0.029
-0.056
-0.065
-0.061
-0.056
-0.046
-0.041
-0.044
-0.042
-0.046
-0.05
-0.041
-0.029
-0.021
-0.019
-0.028
-0.035
-0.037
-0.033
-0.035
-0.042
-0.027
-0.012
-0.021
-0.04
-0.058
-0.053
-0.044
-0.051
-0.052
-0.048
-0.062
-0.066
-0.047
-0.022
-0.0083
-0.012
-0.041
-0.061
-0.067
-0.073
-0.061
-0.04
-0.031
-0.049
-0.078
-0.08
-0.041
-0.021
-0.018
0.0022
0.017
0.011
-0.016
-0.041
-0.035
0.0026
0.018
0.014
0.02
0.029
0.037
0.035
0.027
0.025
0.022
0.014
0.014
0.02
0.034
0.043
0.026
0.0075
-0.0018
-0.013
-0.017
-0.0073
0.0011
0.011
0.0046
-0.00041
0.012
0.024
0.032
0.042
0.05
0.062
0.07
0.053
0.03
0.028
0.035
0.046
0.068
0.078
0.076
0.078
0.089
0.11
0.12
0.11
0.094
0.1
0.12
0.13
0.12
0.13
0.13
0.11
0.082
0.041
0.0043
0.0057
0.035
0.07
0.11
0.14
0.14
0.13
0.1
0.08
0.073
0.064
0.036
-0.0045
-0.016
0.013
0.053
0.081
0.1
0.1
0.089
0.08
0.062
0.037
0.014
0.014
0.033
0.035
0.024
0.034
0.056
0.073
0.091
0.11
0.11
0.079
0.024
-0.018
-0.021
-0.0048
0.023
0.048
0.061
0.06
0.05
0.052
0.071
0.083
0.065
0.045
0.031
0.015
0.012
0.015
0.026
0.02
-0.0073
-0.025
-0.018
-0.012
-0.014
-0.0051
0.0006
-0.0072
-0.019
-0.023
-0.0015
0.014
0.018
0.026
0.019
0.0049
-0.011
-0.022
-0.0076
-0.0021
-0.019
-0.0063
0.024
0.025
0.00032
-0.021
-0.025
-0.023
-0.029
-0.04
-0.026
-0.00081
0.017
0.025
0.018
0.0041
-0.017
-0.033
-0.048
-0.07
-0.08
-0.064
-0.042
-0.038
-0.031
-0.023
-0.023
-0.02
-0.026
-0.041
-0.04
-0.027
-0.025
-0.028
-0.046
-0.059
-0.062
-0.074
-0.083
-0.071
-0.033
0.0024
0.015
0.0055
-0.02
-0.047
-0.069
-0.086
-0.082
-0.058
-0.035
-0.025
-0.016
-0.0094
-0.0046
-0.024
-0.066
-0.078
-0.052
-0.016
0.015
0.03
0.005
-0.047
-0.082
-0.072
-0.045
-0.027
-0.021
-0.023
-0.032
-0.037
-0.046
-0.055
-0.067
-0.085
-0.1
-0.11
-0.12
-0.1
-0.058
-0.024
-0.035
-0.073
-0.11
-0.13
-0.12
-0.091
-0.083
-0.083
-0.088
-0.092
-0.093
-0.091
-0.087
-0.087
-0.096
-0.11
-0.12
-0.1
-0.084
-0.088
-0.1
-0.12
-0.15
-0.14
-0.12
-0.095
-0.089
-0.095
-0.09
-0.072
-0.064
-0.064
-0.055
-0.055
-0.05
-0.029
-0.0088
0.023
0.054
0.069
0.06
0.042
0.04
0.05
0.066
0.081
0.098
0.099
0.096
0.11
0.12
0.12
0.13
0.12
0.11
0.12
0.14
0.15
0.16
0.16
0.16
0.15
0.16
0.17
0.16
0.15
0.15
0.16
0.18
0.19
0.17
0.16
0.15
0.14
0.14
0.13
0.13
0.13
0.11
0.096
0.11
0.13
0.14
0.12
0.12
0.12
0.12
0.13
0.13
0.14
0.15
0.14
0.12
0.12
0.13
0.14
0.13
0.13
0.11
0.093
0.08
0.064
0.056
0.042
0.042
0.077
0.12
0.13
0.12
0.11
0.076
0.023
-0.043
-0.086
-0.076
-0.037
0.006
0.038
0.066
0.076
0.063
0.026
-0.021
-0.058
-0.078
-0.079
-0.078
-0.073
-0.059
-0.035
-0.026
-0.015
-0.0068
-0.015
-0.028
-0.072
-0.12
-0.14
-0.13
-0.13
-0.11
-0.096
-0.095
-0.1
-0.095
-0.055
-0.051
-0.083
-0.1
-0.11
-0.12
-0.15
-0.17
-0.16
-0.13
-0.11
-0.068
-0.054
-0.078
-0.12
-0.17
-0.17
-0.14
-0.1
-0.076
-0.072
-0.087
-0.11
-0.12
-0.14
-0.14
-0.12
-0.1
-0.1
-0.094
-0.082
-0.091
-0.12
-0.15
-0.16
-0.16
-0.16
-0.14
-0.12
-0.098
-0.073
-0.057
-0.038
-0.038
-0.052
-0.064
-0.062
-0.046
-0.05
-0.055
-0.04
-0.021
-0.018
-0.0084
0.02
0.04
0.047
0.043
0.039
0.039
0.048
0.076
0.13
0.15
0.11
0.04
-0.012
-0.027
0.0036
0.056
0.094
0.092
0.052
0.032
0.071
0.15
0.2
0.19
0.15
0.075
0.012
0.019
0.084
0.14
0.16
0.15
0.14
0.16
0.19
0.22
0.23
0.21
0.18
0.15
0.12
0.12
0.17
0.22
0.23
0.22
0.18
0.13
0.11
0.14
0.17
0.19
0.19
0.18
0.15
0.15
0.15
0.15
0.15
0.15
0.15
0.13
0.13
0.15
0.18
0.18
0.15
0.12
0.1
0.098
0.1
0.11
0.12
0.11
0.1
0.11
0.11
0.13
0.14
0.13
0.097
0.1
0.11
0.12
0.12
0.11
0.12
0.11
0.075
0.04
0.016
0.0095
0.02
0.022
0.026
0.027
0.024
0.034
0.05
0.053
0.043
0.027
0.013
0.016
0.027
0.022
0.0046
-0.025
-0.054
-0.086
-0.11
-0.086
-0.04
-0.012
-0.012
-0.027
-0.054
-0.081
-0.087
-0.074
-0.045
-0.019
-0.0023
0.0069
-0.012
-0.037
-0.053
-0.066
-0.07
-0.05
-0.027
-0.012
-0.0096
-0.023
-0.034
-0.041
-0.053
-0.06
-0.054
-0.049
-0.035
-0.023
-0.016
-0.0014
-0.0021
-0.016
-0.032
-0.043
-0.059
-0.069
-0.059
-0.037
-0.019
-0.032
-0.051
-0.062
-0.056
-0.041
-0.04
-0.045
-0.064
-0.074
-0.051
-0.016
-0.013
-0.038
-0.052
-0.053
-0.056
-0.068
-0.081
-0.079
-0.066
-0.033
0.017
0.059
0.07
0.045
0.015
-0.0021
-0.024
-0.054
-0.073
-0.079
-0.078
-0.066
-0.049
-0.022
0.0019
0.016
0.024
0.03
0.0097
-0.02
-0.029
-0.042
-0.067
-0.085
-0.06
-0.013
0.022
0.054
0.078
0.084
0.059
0.0099
-0.039
-0.06
-0.044
-0.018
0.015
0.038
0.048
0.07
0.1
0.11
0.1
0.08
0.046
0.027
0.033
0.051
0.084
0.12
0.14
0.13
0.1
0.089
0.11
0.14
0.17
0.18
0.18
0.19
0.18
0.15
0.13
0.13
0.12
0.089
0.087
0.09
0.081
0.059
0.06
0.099
0.12
0.12
0.1
0.071
0.03
0.0058
0.017
0.048
0.071
0.074
0.066
0.058
0.051
0.032
0.0092
0.0016
0.0078
0.02
0.033
0.04
0.032
0.024
0.012
-0.0026
-0.00075
0.012
0.034
0.046
0.045
0.029
-0.00047
-0.028
-0.036
-0.011
0.037
0.07
0.074
0.068
0.052
0.022
-0.0016
-0.0022
0.017
0.037
0.027
-0.0082
-0.03
-0.015
0.0098
0.041
0.06
0.052
0.04
0.026
0.016
0.013
0.011
0.018
0.04
0.051
0.046
0.021
-0.0068
-0.0098
-0.002
-0.0006
-0.0028
-0.012
-0.012
-0.0029
0.009
0.022
0.026
0.025
0.025
0.021
0.0076
0.0025
0.0088
0.024
0.046
0.049
0.034
0.011
-0.0022
0.007
0.026
0.031
0.025
0.02
0.0041
-0.0024
0.0017
0.025
0.05
0.049
0.032
0.019
0.01
-0.0067
-0.0084
0.004
0.021
0.032
0.031
0.029
0.029
0.025
0.0029
-0.018
-0.024
-0.013
0.0011
0.0015
-0.0031
-0.0096
-0.0087
-0.0055
-0.0027
0.00014
-0.012
-0.027
-0.036
-0.024
-0.0049
0.00099
0.0041
0.012
0.013
0.0023
-0.0018
0.0021
0.0041
0.011
0.03
0.038
0.032
0.018
0.01
0.013
0.017
0.017
0.023
0.027
0.026
0.02
0.0075
-0.0025
-0.0067
0.00053
0.012
0.013
0.0039
0.018
0.033
0.018
-0.0039
-0.007
0.0074
0.016
0.022
0.033
0.043
0.025
-0.01
-0.018
-0.011
-0.012
-0.017
-0.0095
0.0006
-0.013
-0.036
-0.039
-0.013
0.013
0.02
0.0041
-0.026
-0.06
-0.077
-0.068
-0.048
-0.029
-0.0014
0.024
0.015
-0.016
-0.047
-0.071
-0.075
-0.063
-0.034
0.0036
0.031
0.048
0.055
0.034
-0.012
-0.039
-0.049
-0.049
-0.025
-0.0029
0.017
0.025
0.039
0.043
0.03
0.019
-0.0088
-0.054
-0.077
-0.061
-0.043
-0.037
-0.029
-0.018
-0.0072
-0.0061
0.00011
0.013
0.00063
-0.053
-0.1
-0.11
-0.11
-0.098
-0.082
-0.05
-0.02
-0.012
-0.012
-0.021
-0.045
-0.056
-0.049
-0.052
-0.08
-0.12
-0.13
-0.096
-0.035
0.012
0.021
-0.012
-0.058
-0.092
-0.11
-0.12
-0.14
-0.14
-0.083
-0.036
-0.024
-0.028
-0.037
-0.051
-0.078
-0.12
-0.16
-0.18
-0.17
-0.11
-0.053
-0.041
-0.05
-0.064
-0.091
-0.13
-0.17
-0.18
-0.17
-0.15
-0.15
-0.15
-0.13
-0.099
-0.062
-0.056
-0.079
-0.1
-0.1
-0.09
-0.099
-0.11
-0.12
-0.11
-0.096
-0.079
-0.065
-0.059
-0.064
-0.077
-0.082
-0.097
-0.13
-0.13
-0.1
-0.043
0.0022
0.0095
0.0039
-0.002
-0.02
-0.039
-0.049
-0.062
-0.068
-0.059
-0.019
0.039
0.058
0.027
-0.013
-0.024
-0.011
-0.011
-0.037
-0.054
-0.053
-0.036
-0.021
-0.045
-0.062
-0.037
-0.021
-0.054
-0.097
-0.095
-0.048
0.0028
0.014
0.0024
-0.021
-0.034
-0.0093
0.023
0.029
0.019
0.0063
-0.00066
-0.00087
0.0043
0.02
0.041
0.055
0.062
0.052
0.028
0.016
-0.003
-0.011
0.011
0.053
0.087
0.1
0.1
0.1
0.12
0.11
0.071
0.029
0.016
0.033
0.054
0.069
0.083
0.098
0.097
0.089
0.09
0.092
0.071
0.035
0.0056
-0.0032
0.013
0.056
0.096
0.1
0.083
0.048
0.0058
-0.028
-0.04
-0.01
0.048
0.086
0.076
0.035
0.0059
0.016
0.044
0.046
0.016
-0.021
-0.045
-0.043
-0.031
-0.015
-0.0025
-0.0052
-0.027
-0.046
-0.027
-0.0061
0.011
0.017
-0.00032
-0.012
-0.019
-0.031
-0.035
-0.024
-0.011
0.0018
0.006
-0.0053
-0.02
-0.041
-0.057
-0.064
-0.056
-0.048
-0.055
-0.051
-0.021
0.016
0.034
0.038
0.028
0.015
0.0089
0.0068
0.0063
-0.0013
-0.012
-0.023
-0.04
-0.061
-0.057
-0.04
-0.038
-0.052
-0.083
-0.097
-0.079
-0.06
-0.054
-0.06
-0.089
-0.11
-0.08
-0.028
0.0086
0.011
-0.034
-0.092
-0.14
-0.16
-0.11
-0.046
0.0092
0.014
0.0081
0.027
0.035
0.033
0.031
-0.0027
-0.048
-0.063
-0.059
-0.028
0.022
0.059
0.083
0.075
0.037
-0.0083
-0.035
-0.042
-0.022
0.0011
0.021
0.028
0.015
0.019
0.026
0.027
0.04
0.032
0.0046
-0.01
-0.017
-0.02
-0.019
-0.02
-0.011
0.0032
0.0018
-0.01
-0.025
-0.015
0.015
0.03
0.024
-0.0047
-0.03
-0.035
-0.016
0.0035
0.018
0.028
0.029
0.032
0.035
0.04
0.037
0.024
0.035
0.06
0.071
0.087
0.11
0.12
0.11
0.07
0.021
-0.01
-0.015
-0.0015
0.015
0.044
0.058
0.047
0.03
0.00093
-0.013
-0.0067
0.016
0.037
0.032
0.023
0.014
-0.0052
-0.013
-0.0049
0.0057
0.016
0.0092
-0.02
-0.039
-0.046
-0.032
-0.009
-0.0072
0.00069
0.013
0.013
-0.0012
-0.018
-0.024
-0.012
0.003
0.011
0.028
0.045
0.053
0.058
0.057
0.058
0.066
0.056
0.032
0.015
0.0089
0.023
0.048
0.08
0.11
0.1
0.071
0.059
0.059
0.056
0.042
0.028
0.033
0.043
0.042
0.037
0.049
0.067
0.064
0.041
0.023
0.014
0.021
0.032
0.037
0.041
0.052
0.068
0.062
0.056
0.056
0.043
0.026
0.016
0.0094
-0.00078
-0.0055
-0.0097
0.00066
0.031
0.045
0.037
0.024
0.017
0.004
-0.0036
-0.014
-0.027
-0.027
-0.006
0.019
0.031
0.034
0.025
0.01
0.0028
0.0075
0.012
0.013
0.019
0.018
0.0073
-0.011
-0.019
-0.017
-0.015
-0.011
-0.003
0.0041
0.0085
0.019
0.018
0.01
0.0064
0.0058
0.014
0.014
0.0095
0.0063
-0.0031
0.0052
0.015
0.012
0.0039
0.0087
0.017
0.018
0.024
0.019
0.025
0.034
0.034
0.023
0.017
0.035
0.047
0.041
0.04
0.042
0.048
0.057
0.052
0.039
0.04
0.041
0.054
0.07
0.067
0.058
0.059
0.062
0.059
0.053
0.042
0.033
0.036
0.054
0.071
0.069
0.06
0.052
0.038
0.022
0.012
0.0085
0.011
0.014
0.01
0.015
0.022
0.014
0.0028
-0.0011
0.0048
0.0092
0.0089
0.0098
0.021
0.032
0.024
-0.0025
-0.04
-0.057
-0.056
-0.04
-0.003
0.041
0.07
0.082
0.082
0.071
0.054
0.035
0.029
0.032
0.01
-0.015
-0.025
-0.013
0.019
0.056
0.085
0.1
0.11
0.099
0.085
0.074
0.06
0.037
0.015
0.02
0.049
0.064
0.049
0.028
0.03
0.046
0.05
0.055
0.066
0.06
0.032
-0.0099
-0.039
-0.034
-0.0094
0.0076
0.0082
0.0032
0.0047
0.0076
-0.0034
-0.012
-0.0056
-0.00023
0.0065
0.012
0.016
0.019
0.0047
-0.011
-0.0018
0.025
0.048
0.05
0.045
0.027
0.0039
-0.0093
-0.0066
0.014
0.031
0.038
0.033
0.022
0.021
0.03
0.04
0.048
0.047
0.037
0.016
-0.016
-0.025
-0.0065
0.015
0.023
0.015
-0.0014
-0.027
-0.04
-0.039
-0.028
-0.023
-0.031
-0.012
0.0075
0.0052
-0.018
-0.063
-0.1
-0.09
-0.048
-0.036
-0.052
-0.062
-0.064
-0.069
-0.063
-0.058
-0.07
-0.073
-0.067
-0.062
-0.059
-0.056
-0.055
-0.037
-0.02
-0.029
-0.042
-0.059
-0.08
-0.097
-0.095
-0.07
-0.032
-0.024
-0.066
-0.096
-0.09
-0.07
-0.036
0.0031
0.016
-0.0011
-0.026
-0.052
-0.09
-0.11
-0.087
-0.062
-0.067
-0.066
-0.055
-0.048
-0.049
-0.074
-0.088
-0.081
-0.064
-0.062
-0.069
-0.071
-0.058
-0.029
-0.028
-0.042
-0.046
-0.033
-0.023
-0.029
-0.034
-0.049
-0.079
-0.092
-0.076
-0.041
-0.019
-0.029
-0.048
-0.038
-0.01
0.022
0.045
0.043
0.011
-0.015
-0.024
-0.026
-0.014
0.0029
0.024
0.051
0.061
0.05
0.029
0.0058
-0.0087
-0.01
0.0011
0.024
0.031
0.034
0.037
0.014
-0.0083
0.0002
0.025
0.038
0.037
0.036
0.038
0.034
0.012
-0.0025
0.013
0.033
0.03
0.012
0.0051
0.017
0.023
0.0024
-0.016
-0.016
-0.014
-0.0087
-0.016
-0.024
-0.024
-0.031
-0.025
-0.025
-0.025
-0.0064
-0.00041
-0.028
-0.054
-0.064
-0.061
-0.051
-0.051
-0.037
-0.011
-0.0018
-0.01
-0.029
-0.049
-0.07
-0.08
-0.061
-0.043
-0.038
-0.031
-0.02
-0.01
-0.003
-0.012
-0.041
-0.065
-0.079
-0.061
-0.036
-0.02
-0.017
-0.016
-0.031
-0.04
-0.033
-0.036
-0.035
-0.035
-0.021
0.00056
-0.0088
-0.041
-0.06
-0.066
-0.068
-0.054
-0.031
0.0032
0.036
0.029
0.012
0.0052
-0.008
-0.031
-0.062
-0.085
-0.086
-0.064
-0.041
-0.0039
0.032
0.044
0.042
0.028
0.0099
-0.014
-0.033
-0.016
0.027
0.06
0.071
0.074
0.044
0.002
-0.0094
0.028
0.077
0.083
0.069
0.061
0.048
0.024
0.0031
-0.0097
0.005
0.033
0.047
0.051
0.052
0.055
0.047
0.029
0.022
0.024
0.012
-0.0022
0.005
0.015
0.02
0.021
0.017
0.03
0.048
0.051
0.044
0.043
0.032
0.021
0.015
0.024
0.051
0.069
0.07
0.073
0.089
0.097
0.079
0.05
0.04
0.045
0.053
0.054
0.043
0.038
0.056
0.065
0.063
0.057
0.04
0.034
0.048
0.065
0.075
0.077
0.058
0.054
0.072
0.088
0.087
0.064
0.05
0.05
0.035
0.0074
-0.0036
-0.0022
0.012
0.044
0.078
0.087
0.07
0.044
0.018
-0.0028
-0.016
-0.0072
0.02
0.055
0.066
0.035
0.0019
-0.0019
0.0087
0.021
0.026
0.031
0.042
0.022
-0.0056
0.0059
0.048
0.083
0.1
0.097
0.082
0.071
0.049
0.023
0.025
0.049
0.072
0.071
0.05
0.03
0.041
0.068
0.083
0.083
0.07
0.052
0.049
0.05
0.046
0.061
0.082
0.1
0.099
0.089
0.074
0.052
0.033
0.01
0.00072
0.017
0.043
0.056
0.039
0.015
0.012
0.028
0.034
0.04
0.054
0.057
0.052
0.049
0.038
0.031
0.039
0.047
0.06
0.073
0.073
0.058
0.047
0.044
0.045
0.043
0.031
0.015
0.003
-0.0052
-0.01
-0.0069
0.0051
0.0005
-0.025
-0.038
-0.046
-0.041
-0.034
-0.039
-0.038
-0.033
-0.028
-0.029
-0.037
-0.034
-0.016
-0.0036
-0.0029
-0.02
-0.051
-0.067
-0.069
-0.073
-0.07
-0.042
-0.0092
0.003
-0.0002
-0.011
-0.033
-0.06
-0.08
-0.076
-0.055
-0.03
-0.022
-0.044
-0.086
-0.13
-0.14
-0.14
-0.14
-0.15
-0.12
-0.093
-0.094
-0.11
-0.12
-0.12
-0.11
-0.11
-0.12
-0.12
-0.11
-0.094
-0.074
-0.052
-0.027
-0.031
-0.054
-0.074
-0.089
-0.098
-0.11
-0.11
-0.077
-0.038
-0.02
-0.019
-0.025
-0.046
-0.056
-0.027
0.013
0.039
0.045
0.032
0.00047
-0.032
-0.055
-0.045
-0.011
0.024
0.049
0.062
0.059
0.05
0.052
0.068
0.083
0.1
0.11
0.079
0.031
-0.0022
-0.0053
0.0016
0.027
0.064
0.096
0.098
0.059
0.023
0.022
0.037
0.045
0.041
0.033
0.024
0.0012
-0.017
-0.0081
0.019
0.04
0.043
0.022
0.016
0.026
0.017
-0.0019
-0.012
-0.018
-0.023
-0.032
-0.04
-0.039
-0.029
-0.0033
0.019
0.034
0.046
0.029
-0.018
-0.05
-0.048
-0.039
-0.024
-0.016
-0.015
-0.0055
0.0027
0.0026
-0.013
-0.043
-0.082
-0.098
-0.095
-0.076
-0.054
-0.055
-0.042
-0.033
-0.054
-0.077
-0.083
-0.087
-0.088
-0.084
-0.076
-0.053
-0.043
-0.053
-0.056
-0.049
-0.049
-0.057
-0.055
-0.034
-0.0088
0.0037
-0.0025
-0.028
-0.04
-0.032
-0.027
-0.027
-0.024
-0.01
0.0029
-0.0036
-0.039
-0.062
-0.041
-0.0016
0.041
0.076
0.098
0.1
0.085
0.05
0.026
0.0061
-0.011
-0.012
0.0011
0.032
0.069
0.094
0.1
0.064
0.011
-0.012
-0.019
-0.02
-0.0081
0.013
0.027
0.042
0.056
0.076
0.098
0.088
0.053
0.016
-0.014
-0.035
-0.04
-0.028
-0.0024
0.0082
0.0043
-0.0026
-0.0065
0.015
0.042
0.048
0.047
0.038
0.023
0.012
0.0064
0.002
0.023
0.051
0.045
0.027
0.025
0.032
0.038
0.025
0.0054
-0.001
0.0032
0.029
0.068
0.093
0.094
0.07
0.041
0.04
0.051
0.053
0.052
0.05
0.042
0.032
0.022
0.026
0.061
0.093
0.1
0.094
0.085
0.064
0.031
0.021
0.031
0.058
0.077
0.081
0.074
0.056
0.039
0.033
0.029
0.0081
-0.011
-0.016
0.0018
0.032
0.038
0.028
0.023
0.023
0.028
0.037
0.047
0.05
0.029
-0.0025
-0.017
-0.013
0.0062
0.029
0.053
0.07
0.069
0.049
0.012
-0.01
-0.018
-0.041
-0.055
-0.04
-0.0012
0.044
0.074
0.084
0.081
0.059
0.007
-0.036
-0.06
-0.047
-0.015
0.021
0.06
0.074
0.035
-0.019
-0.051
-0.069
-0.055
-0.032
-0.024
-0.011
0.009
0.019
0.0072
-0.02
-0.044
-0.074
-0.12
-0.13
-0.1
-0.067
-0.06
-0.074
-0.09
-0.095
-0.088
-0.077
-0.039
0.013
0.045
0.028
-0.038
-0.12
-0.16
-0.17
-0.15
-0.092
-0.036
-0.0017
0.012
0.016
0.0002
-0.046
-0.1
-0.14
-0.14
-0.12
-0.057
0.0013
0.031
0.033
0.0071
-0.018
-0.025
-0.028
-0.025
-0.0092
-0.0027
-0.02
-0.041
-0.045
-0.021
0.0073
0.03
0.04
0.03
0.015
0.011
0.033
0.068
0.098
0.1
0.081
0.041
0.0068
0.0055
0.023
0.031
0.026
0.014
0.0092
0.019
0.033
0.057
0.08
0.081
0.071
0.051
0.02
0.011
0.0071
0.0094
0.025
0.032
0.047
0.074
0.081
0.054
0.011
-0.016
-0.0069
0.0083
0.018
0.03
0.036
0.036
0.057
0.097
0.12
0.11
0.065
0.018
-0.0047
-0.021
-0.024
-0.0017
0.043
0.086
0.092
0.081
0.061
0.025
-0.0057
-0.026
-0.033
-0.012
0.035
0.073
0.084
0.085
0.083
0.084
0.067
0.034
0.018
0.012
0.0087
0.017
0.043
0.088
0.11
0.1
0.086
0.076
0.058
0.039
0.054
0.092
0.11
0.11
0.098
0.083
0.085
0.087
0.082
0.089
0.11
0.11
0.091
0.07
0.051
0.049
0.07
0.091
0.11
0.13
0.14
0.13
0.11
0.065
-0.0038
-0.035
-0.0023
0.046
0.081
0.093
0.094
0.084
0.08
0.083
0.074
0.058
0.047
0.032
0.011
0.0053
0.0063
0.0083
0.022
0.042
0.058
0.051
0.022
-0.0054
-0.034
-0.048
-0.042
-0.029
-0.018
-0.0092
-0.015
-0.031
-0.029
-0.019
-0.0035
0.0048
0.014
0.029
0.024
-0.0067
-0.023
-0.016
-1.5e-005
0.021
0.035
0.045
0.051
0.038
0.017
-0.016
-0.049
-0.062
-0.059
-0.051
-0.029
-0.013
-0.029
-0.049
-0.055
-0.051
-0.04
-0.043
-0.054
-0.051
-0.038
-0.028
-0.028
-0.035
-0.04
-0.055
-0.076
-0.075
-0.065
-0.069
-0.078
-0.071
-0.059
-0.074
-0.099
-0.11
-0.096
-0.078
-0.078
-0.074
-0.067
-0.066
-0.088
-0.1
-0.1
-0.1
-0.1
-0.1
-0.078
-0.052
-0.046
-0.073
-0.1
-0.12
-0.13
-0.13
-0.12
-0.11
-0.097
-0.077
-0.071
-0.073
-0.076
-0.096
-0.11
-0.091
-0.068
-0.053
-0.033
-0.015
-0.015
-0.029
-0.044
-0.071
-0.097
-0.086
-0.049
-0.013
0.022
0.034
0.014
-0.013
-0.028
-0.018
0.01
0.051
0.076
0.094
0.091
0.047
-0.0083
-0.036
-0.02
-0.0037
0.011
0.041
0.072
0.085
0.077
0.064
0.06
0.077
0.077
0.052
0.019
-0.014
-0.026
-0.015
0.036
0.1
0.13
0.12
0.075
0.033
0.03
0.051
0.054
0.042
0.042
0.049
0.06
0.073
0.088
0.099
0.11
0.11
0.099
0.079
0.06
0.037
0.028
0.059
0.096
0.11
0.13
0.14
0.11
0.075
0.056
0.041
0.037
0.038
0.051
0.085
0.11
0.1
0.073
0.077
0.086
0.09
0.096
0.1
0.11
0.1
0.083
0.07
0.07
0.077
0.093
0.088
0.069
0.066
0.059
0.053
0.063
0.098
0.13
0.14
0.13
0.11
0.091
0.096
0.11
0.11
0.1
0.16
0.26
0.23
0.079
0.002
0.057
0.11
0.15
0.16
0.14
0.099
0.038
-0.0002
0.075
0.21
0.23
0.13
0.017
-0.0033
0.041
0.057
0.046
0.07
0.11
0.15
0.14
0.098
0.078
0.032
-0.0043
0.025
0.077
0.12
0.13
0.094
0.055
0.022
-0.0064
0.01
0.063
0.068
0.041
0.025
0.0034
-0.0067
-0.022
-0.017
0.016
0.012
0.012
0.017
-0.0041
-0.05
-0.055
-0.045
-0.027
0.005
0.025
0.023
-0.016
-0.06
-0.071
-0.053
-0.017
0.0059
-0.042
-0.091
-0.1
-0.1
-0.073
-0.046
-0.027
-0.031
-0.064
-0.081
-0.098
-0.12
-0.12
-0.09
-0.065
-0.04
-0.03
-0.087
-0.15
-0.17
-0.13
-0.076
-0.023
-0.0053
-0.048
-0.12
-0.16
-0.16
-0.14
-0.092
-0.087
-0.12
-0.13
-0.11
-0.11
-0.1
-0.11
-0.1
-0.11
-0.12
-0.11
-0.11
-0.1
-0.1
-0.1
-0.087
-0.066
-0.067
-0.078
-0.077
-0.064
-0.05
-0.018
0.021
0.027
0.019
0.028
0.05
0.055
0.044
0.046
0.057
0.063
0.077
0.094
0.11
0.13
0.14
0.12
0.084
0.077
0.085
0.076
0.073
0.094
0.11
0.11
0.12
0.13
0.12
0.1
0.075
0.048
0.047
0.053
0.061
0.082
0.094
0.098
0.077
0.052
0.038
0.017
-0.011
-0.016
-0.015
-0.02
-0.013
-0.014
-0.012
-0.0087
-0.02
-0.027
-0.019
-0.0016
0.009
-0.0036
-0.037
-0.062
-0.068
-0.07
-0.057
-0.021
0.017
0.028
0.025
0.0044
-0.028
-0.055
-0.08
-0.11
-0.14
-0.12
-0.079
-0.026
0.0029
0.0044
-0.004
-0.049
-0.1
-0.13
-0.16
-0.18
-0.16
-0.13
-0.096
-0.06
-0.026
-0.015
-0.018
-0.042
-0.09
-0.12
-0.12
-0.09
-0.068
-0.062
-0.057
-0.045
-0.038
-0.019
-0.0079
-0.034
-0.084
-0.12
-0.11
-0.08
-0.048
-0.035
-0.029
-0.035
-0.051
-0.06
-0.07
-0.087
-0.11
-0.12
-0.11
-0.092
-0.081
-0.074
-0.07
-0.08
-0.088
-0.093
-0.096
-0.12
-0.14
-0.15
-0.13
-0.12
-0.09
-0.049
-0.027
-0.053
-0.1
-0.13
-0.14
-0.13
-0.1
-0.078
-0.087
-0.099
-0.09
-0.07
-0.054
-0.055
-0.075
-0.08
-0.077
-0.088
-0.091
-0.092
-0.11
-0.12
-0.091
-0.047
-0.0096
0.0054
0.00056
-0.0057
-0.019
-0.034
-0.046
-0.051
-0.051
-0.054
-0.052
-0.041
-0.014
0.0028
-0.005
-0.033
-0.055
-0.053
-0.054
-0.045
-0.016
0.024
0.052
0.052
0.015
-0.031
-0.048
-0.044
-0.033
-0.014
0.013
0.026
0.02
0.0026
-0.014
-0.042
-0.078
-0.1
-0.09
-0.065
-0.049
-0.037
-0.021
-0.011
-0.024
-0.038
-0.054
-0.059
-0.055
-0.044
-0.03
-0.023
-0.029
-0.033
-0.022
-0.02
-0.028
-0.038
-0.032
0.0038
0.045
0.064
0.058
0.03
0.0066
0.0048
0.011
0.025
0.041
0.046
0.051
0.05
0.04
0.028
0.015
0.016
0.04
0.073
0.094
0.088
0.078
0.079
0.086
0.094
0.1
0.11
0.12
0.1
0.091
0.097
0.11
0.12
0.12
0.11
0.11
0.1
0.085
0.069
0.068
0.063
0.051
0.049
0.052
0.051
0.054
0.071
0.084
0.091
0.091
0.085
0.075
0.074
0.061
0.04
0.041
0.065
0.086
0.075
0.049
0.023
0.019
0.022
0.0093
-0.0098
-0.0025
0.02
0.05
0.073
0.076
0.072
0.064
0.048
0.026
0.0061
0.025
0.072
0.086
0.057
0.033
0.034
0.041
0.039
0.033
0.028
0.021
0.016
0.013
0.015
0.021
0.032
0.022
0.0061
0.0088
0.018
0.0098
0.0045
0.012
0.021
0.021
0.00075
-0.0068
0.014
0.052
0.067
0.054
0.048
0.051
0.03
-0.016
-0.043
-0.047
-0.034
0.003
0.041
0.056
0.036
-0.0014
-0.031
-0.041
-0.046
-0.051
-0.054
-0.046
-0.043
-0.064
-0.088
-0.1
-0.12
-0.12
-0.08
-0.047
-0.029
-0.015
-0.02
-0.075
-0.16
-0.2
-0.17
-0.12
-0.095
-0.07
-0.046
-0.04
-0.049
-0.072
-0.091
-0.08
-0.049
-0.033
-0.051
-0.064
-0.067
-0.074
-0.072
-0.06
-0.038
-0.026
-0.025
-0.027
-0.025
-0.029
-0.025
-0.018
-0.017
-0.01
-0.0044
0.0012
0.011
0.021
0.034
0.034
0.031
0.041
0.061
0.059
0.035
0.032
0.076
0.13
0.15
0.13
0.083
0.062
0.073
0.1
0.12
0.12
0.11
0.11
0.11
0.089
0.077
0.069
0.056
0.057
0.088
0.11
0.1
0.091
0.099
0.11
0.11
0.11
0.11
0.11
0.11
0.098
0.11
0.14
0.13
0.1
0.089
0.093
0.1
0.1
0.09
0.074
0.066
0.066
0.067
0.053
0.027
0.028
0.052
0.078
0.089
0.084
0.063
0.029
-0.0034
-0.0025
0.015
0.024
0.024
0.034
0.069
0.085
0.063
0.034
0.025
0.037
0.067
0.082
0.062
0.043
0.048
0.062
0.072
0.083
0.091
0.1
0.098
0.088
0.1
0.12
0.14
0.088
-0.0015
-0.0098
0.018
-0.022
-0.084
0.012
0.24
0.38
0.33
0.14
-0.014
-0.047
-0.02
-0.026
-0.035
-0.016
0.002
-0.03
-0.032
0.035
0.07
0.073
0.062
0.039
0.019
-0.031
-0.064
-0.06
-0.03
0.01
0.045
0.077
0.096
0.093
0.075
0.053
0.00087
-0.061
-0.11
-0.11
-0.061
0.00072
0.035
0.061
0.07
0.041
0.026
0.02
-0.021
-0.031
0.015
0.048
0.037
-0.0017
-0.043
-0.055
-0.024
0.012
0.027
0.021
0.012
0.0027
-0.0051
-0.01
-0.0047
0.0089
0.0078
-0.0086
-0.0012
0.03
0.056
0.074
0.091
0.08
0.036
0.0018
-0.01
0.0058
0.02
0.033
0.05
0.055
0.069
0.065
0.032
0.013
0.012
0.014
0.046
0.093
0.13
0.12
0.083
0.032
-0.0035
0.014
0.064
0.12
0.17
0.21
0.19
0.14
0.077
0.035
0.03
0.065
0.12
0.15
0.18
0.19
0.17
0.12
0.056
0.02
0.018
0.051
0.11
0.16
0.17
0.14
0.082
0.048
0.031
0.01
-0.0072
-0.01
0.008
0.047
0.079
0.072
0.03
-0.0088
-0.033
-0.049
-0.043
-0.024
-0.0076
0.0028
0.01
0.0069
-0.01
-0.041
-0.089
-0.13
-0.11
-0.045
0.0099
0.026
0.0013
-0.055
-0.11
-0.13
-0.12
-0.096
-0.068
-0.049
-0.033
-0.033
-0.025
-0.0061
-0.017
-0.053
-0.075
-0.074
-0.048
-0.027
0.0011
0.02
0.0046
-0.04
-0.078
-0.085
-0.084
-0.073
-0.04
-0.02
-0.0098
-0.013
-0.024
-0.019
0.0073
0.037
0.036
0.0069
-0.046
-0.08
-0.072
-0.046
-0.018
-0.015
-0.018
-0.00014
0.014
0.012
0.022
0.033
0.035
0.03
0.015
-0.0016
-0.017
-0.017
0.0023
0.028
0.043
0.051
0.059
0.064
0.058
0.038
0.024
0.011
0.014
0.016
-0.0094
-0.0057
0.022
0.037
0.044
0.054
0.058
0.049
0.022
-0.0018
-0.016
-0.044
-0.062
-0.048
-0.011
0.023
0.032
-0.0096
-0.075
-0.099
-0.068
-0.032
-0.02
-0.024
-0.019
-0.022
-0.054
-0.091
-0.099
-0.08
-0.066
-0.066
-0.065
-0.051
-0.038
-0.047
-0.059
-0.046
-0.031
-0.035
-0.051
-0.064
-0.048
-0.012
0.02
0.014
0.0018
0.0076
-0.005
-0.027
-0.019
-0.004
0.0028
-0.0029
-0.016
-0.021
-0.031
-0.036
-0.022
-0.0028
0.024
0.037
0.0081
-0.038
-0.063
-0.053
-0.016
-0.00093
-0.019
-0.039
-0.035
-0.0064
0.0072
0.0006
-0.013
-0.036
-0.069
-0.073
-0.057
-0.053
-0.048
-0.04
-0.039
-0.047
-0.051
-0.061
-0.071
-0.067
-0.036
-0.0018
-0.0032
-0.027
-0.054
-0.068
-0.096
-0.12
-0.12
-0.085
-0.038
-0.0079
-0.017
-0.044
-0.068
-0.085
-0.085
-0.081
-0.088
-0.088
-0.081
-0.075
-0.061
-0.039
-0.027
-0.041
-0.071
-0.079
-0.057
-0.025
-0.0072
-0.012
-0.016
-0.007
0.0066
0.0067
-0.0037
-0.011
-0.029
-0.06
-0.051
-0.023
-0.016
-0.03
-0.051
-0.054
-0.046
-0.034
-0.012
0.0081
-0.0054
-0.024
-0.035
-0.038
-0.028
-0.025
-0.025
-0.0051
0.012
0.01
-0.0044
-0.023
-0.041
-0.04
-0.023
-0.0071
0.0042
0.011
0.015
-0.012
-0.044
-0.031
0.0049
0.019
0.033
0.053
0.052
0.033
0.025
0.04
0.068
0.082
0.073
0.062
0.064
0.057
0.059
0.072
0.08
0.077
0.083
0.089
0.074
0.061
0.062
0.059
0.043
0.018
0.0022
0.0041
0.039
0.072
0.079
0.074
0.07
0.046
0.0064
-0.0062
0.016
0.049
0.066
0.072
0.067
0.056
0.039
0.017
-0.015
-0.058
-0.1
-0.12
-0.084
-0.012
0.068
0.11
0.11
0.096
0.038
-0.049
-0.1
-0.092
-0.062
-0.035
0.013
0.077
0.11
0.11
0.083
0.041
-0.016
-0.06
-0.04
0.014
0.063
0.1
0.11
0.078
0.046
0.048
0.073
0.075
0.042
-0.0051
-0.046
-0.057
-0.037
0.021
0.077
0.095
0.089
0.069
0.024
-0.019
-0.023
0.013
0.072
0.11
0.087
0.033
0.013
0.038
0.051
0.029
0.016
0.029
0.047
0.029
-0.0066
-0.014
-0.005
-0.0013
-0.011
-0.016
0.006
0.066
0.12
0.11
0.038
-0.051
-0.085
-0.065
-0.031
-0.00069
0.021
0.041
0.047
0.042
0.0081
-0.05
-0.083
-0.067
-0.039
-0.036
-0.039
-0.032
-0.022
-0.021
-0.017
-0.016
-0.019
-0.014
0.0084
0.0058
-0.058
-0.1
-0.074
-0.015
0.031
0.061
0.055
0.02
-0.0051
-0.029
-0.055
-0.049
-0.015
0.019
0.019
-0.032
-0.077
-0.053
0.0074
0.06
0.091
0.091
0.054
0.0085
-0.013
-0.0011
0.029
0.054
0.056
0.053
0.057
0.057
0.045
0.026
0.0025
-0.019
0.0069
0.036
0.043
0.061
0.078
0.06
0.039
0.028
0.0069
-0.0075
0.015
0.079
0.14
0.15
0.12
0.076
0.051
0.028
0.021
0.034
0.036
0.035
0.05
0.074
0.085
0.084
0.072
0.03
0.00056
0.022
0.051
0.05
0.024
0.0002
-0.0087
0.0076
0.042
0.093
0.12
0.084
0.024
-0.015
-0.022
-0.0029
0.044
0.085
0.085
0.052
0.016
-0.0093
-0.034
-0.051
-0.044
-0.032
-0.03
-0.037
-0.068
-0.091
-0.063
-0.011
0.03
0.045
0.047
-0.0042
-0.08
-0.12
-0.12
-0.091
-0.059
-0.031
-0.022
-0.019
-0.015
-0.012
-0.017
-0.025
-0.01
0.023
0.034
0.012
0.035
0.11
0.18
0.19
0.17
0.13
0.089
0.1
0.17
0.25
0.28
0.28
0.27
0.25
0.21
0.2
0.23
0.28
0.35
0.34
0.25
0.14
0.08
0.069
0.09
0.12
0.15
0.16
0.14
0.06
-0.042
-0.091
-0.058
0.019
0.062
0.044
-0.0068
-0.053
-0.086
-0.091
-0.075
-0.055
-0.029
0.0025
0.024
0.029
0.005
-0.048
-0.12
-0.21
-0.28
-0.3
-0.26
-0.18
-0.1
-0.073
-0.081
-0.11
-0.11
-0.087
-0.07
-0.079
-0.092
-0.078
-0.052
-0.062
-0.092
-0.12
-0.14
-0.16
-0.17
-0.18
-0.22
-0.25
-0.28
-0.32
-0.38
-0.41
-0.4
-0.38
-0.38
-0.4
-0.43
-0.46
-0.47
-0.48
-0.46
-0.44
-0.39
-0.32
-0.23
-0.16
-0.11
-0.071
-0.053
-0.056
-0.065
-0.064
-0.046
-0.023
0.0026
0.028
0.054
0.069
0.068
0.049
0.0053
-0.055
-0.12
-0.18
-0.25
-0.31
-0.37
-0.4
-0.39
-0.34
-0.29
-0.27
-0.26
-0.26
-0.24
-0.21
-0.18
-0.17
-0.16
-0.14
-0.076
-0.019
0.019
0.057
0.11
0.16
0.2
0.23
0.25
0.27
0.29
0.29
0.28
0.26
0.24
0.21
0.19
0.18
0.17
0.14
0.1
0.076
0.058
0.027
-0.019
-0.048
-0.053
-0.05
-0.048
-0.049
-0.062
-0.086
-0.1
-0.099
-0.097
-0.095
-0.088
-0.074
-0.058
-0.041
-0.032
-0.038
-0.049
-0.062
-0.073
-0.076
-0.068
-0.053
-0.025
0.0037
0.025
0.046
0.062
0.068
0.075
0.079
0.064
0.053
0.056
0.069
0.092
0.12
0.13
0.12
0.13
0.13
0.12
0.11
0.11
0.12
0.14
0.16
0.16
0.14
0.11
0.074
0.061
0.076
0.12
0.15
0.16
0.13
0.11
0.099
0.11
0.13
0.13
0.13
0.11
0.089
0.067
0.049
0.028
0.014
0.0073
0.0025
0.0093
0.029
0.036
0.023
0.013
0.019
0.023
0.025
0.052
0.11
0.13
0.066
-0.037
-0.081
-0.034
0.034
0.065
0.062
0.036
0.025
0.036
0.037
0.026
-0.0015
-0.026
-0.035
-0.032
-0.029
-0.028
-0.026
-0.017
-0.0056
-0.0066
-0.016
-0.011
-0.0029
-0.011
-0.017
-0.015
-0.0065
0.0046
0.02
0.027
0.024
0.0083
-0.0071
-0.012
-0.0013
0.016
0.019
0.015
0.013
0.01
0.02
0.048
0.065
0.061
0.051
0.048
0.05
0.055
0.056
0.048
0.049
0.05
0.053
0.064
0.072
0.072
0.073
0.078
0.077
0.074
0.073
0.073
0.078
0.1
0.14
0.16
0.16
0.14
0.12
0.094
0.088
0.1
0.12
0.14
0.14
0.13
0.091
0.06
0.053
0.076
0.12
0.15
0.14
0.12
0.098
0.084
0.081
0.081
0.082
0.082
0.092
0.1
0.11
0.11
0.098
0.077
0.071
0.078
0.077
0.068
0.064
0.064
0.056
0.049
0.045
0.044
0.045
0.035
0.032
0.034
0.025
0.0052
-0.0079
-0.0071
0.0009
0.0096
0.016
0.017
0.011
0.013
0.019
0.02
0.0074
-0.015
-0.034
-0.035
-0.016
0.013
0.027
0.026
0.028
0.033
0.03
0.014
-0.0015
-0.015
-0.028
-0.036
-0.029
-0.012
0.0046
0.0078
-0.00029
-0.0054
-0.0013
0.013
0.015
0.0029
-0.018
-0.038
-0.033
-0.0089
0.0031
-0.00044
0.00047
-0.0055
-0.011
-0.011
-0.012
-0.025
-0.037
-0.035
-0.032
-0.02
0.007
0.04
0.059
0.058
0.037
0.012
-0.00066
-0.0099
-0.0036
0.011
0.025
0.036
0.038
0.028
0.015
0.01
0.019
0.036
0.055
0.083
0.11
0.11
0.1
0.097
0.1
0.1
0.1
0.11
0.12
0.13
0.15
0.16
0.16
0.15
0.14
0.13
0.12
0.13
0.15
0.16
0.17
0.15
0.13
0.11
0.093
0.083
0.089
0.096
0.1
0.11
0.11
0.1
0.094
0.082
0.07
0.061
0.056
0.053
0.043
0.049
0.053
0.046
0.03
0.0065
-0.02
-0.034
-0.028
-0.02
-0.026
-0.034
-0.033
-0.029
-0.031
-0.038
-0.045
-0.038
-0.026
-0.027
-0.038
-0.048
-0.07
-0.092
-0.087
-0.062
-0.047
-0.05
-0.06
-0.07
-0.079
-0.079
-0.072
-0.067
-0.074
-0.096
-0.11
-0.11
-0.1
-0.096
-0.095
-0.092
-0.089
-0.083
-0.073
-0.077
-0.087
-0.093
-0.1
-0.1
-0.093
-0.089
-0.087
-0.086
-0.08
-0.077
-0.083
-0.1
-0.12
-0.13
-0.14
-0.13
-0.12
-0.11
-0.11
-0.12
-0.14
-0.15
-0.15
-0.15
-0.15
-0.15
-0.14
-0.13
-0.13
-0.13
-0.13
-0.14
-0.15
-0.17
-0.18
-0.17
-0.17
-0.16
-0.15
-0.15
-0.17
-0.17
-0.17
-0.17
-0.15
-0.13
-0.11
-0.098
-0.1
-0.11
-0.12
-0.12
-0.11
-0.1
-0.081
-0.067
-0.064
-0.059
-0.063
-0.073
-0.075
-0.069
-0.069
-0.065
-0.046
-0.022
-0.0076
0.0016
0.019
0.03
0.025
0.016
0.004
-0.0049
-0.0023
0.0067
0.018
0.031
0.04
0.044
0.043
0.036
0.028
0.023
0.018
0.014
0.0047
0.0031
0.012
0.018
0.018
0.021
0.028
0.037
0.051
0.05
0.046
0.043
0.041
0.034
0.03
0.039
0.063
0.088
0.11
0.12
0.098
0.068
0.052
0.052
0.069
0.082
0.08
0.078
0.084
0.093
0.11
0.12
0.12
0.11
0.078
0.064
0.062
0.072
0.1
0.14
0.15
0.12
0.062
0.0047
-0.013
0.007
0.038
0.069
0.083
0.08
0.055
-0.0025
-0.065
-0.086
-0.052
0.0057
0.055
0.062
0.045
0.026
0.0018
-0.017
-0.029
-0.033
-0.021
