-0.0068
0.02
0.025
0.0071
-0.0061
-0.002
-0.013
-0.02
-0.011
0.0041
0.021
0.016
0.0078
0.0062
-0.00056
-0.011
-0.0058
0.0041
0.0012
-0.0021
0.0013
0.0086
0.0047
0.00078
-0.004
-0.015
-0.016
-0.018
-0.019
-0.0046
0.011
0.002
-0.024
-0.024
-0.02
-0.017
-0.01
-0.0018
-0.0068
0.0029
0.025
0.023
0.013
0.02
0.028
0.0079
-0.015
-0.0049
0.0011
-0.015
-0.019
-0.0082
-0.013
-0.012
0.0092
0.016
0.0091
0.0042
0.0068
0.01
0.012
-0.0015
-0.023
-0.023
-0.013
-0.0076
0.0016
0.0098
0.0047
-0.00066
-0.011
-0.039
-0.058
-0.053
-0.033
-0.0097
-0.0054
-0.0048
0.0019
0.012
0.002
-0.022
-0.031
-0.027
-0.016
-0.016
-0.012
-0.0024
0.015
0.02
0.0061
-0.00096
-0.0045
-0.029
-0.035
0.0041
0.03
0.012
0.0027
0.023
0.024
-0.0077
-0.013
0.0056
0.0029
-0.015
-0.017
-0.017
-0.029
-0.031
-0.027
-0.012
-0.0016
-0.0035
-0.0026
-0.0058
-0.011
-0.0096
-0.0067
-0.025
-0.045
-0.037
-0.015
-0.003
-0.0022
0.0043
-0.002
-0.023
-0.032
-0.026
-0.011
-0.0038
0.0025
0.009
0.02
0.025
0.014
0.0033
-0.0042
-0.0017
-0.01
-0.0075
0.0094
0.021
0.02
0.016
0.0086
0.00075
0.0006
0.0018
0.0012
0.013
0.024
0.02
0.0073
0.012
0.025
0.029
0.025
0.013
0.005
0.018
0.038
0.037
0.023
0.0093
0.0068
0.013
0.017
0.027
0.044
0.049
0.038
0.031
0.022
0.013
0.015
0.028
0.038
0.024
0.0092
0.025
0.042
0.039
0.024
0.02
0.041
0.05
0.036
0.038
0.051
0.053
0.047
0.037
0.036
0.043
0.044
0.031
0.024
0.027
0.027
0.021
0.021
0.03
0.025
0.024
0.051
0.07
0.051
0.025
0.033
0.04
0.029
0.022
0.03
0.05
0.052
0.035
0.024
0.029
0.025
0.021
0.032
0.033
0.035
0.043
0.055
0.053
0.038
0.028
0.023
0.025
0.032
0.032
0.035
0.047
0.052
0.027
0.0083
0.0095
0.014
0.007
0.0034
0.0006
0.0026
0.021
0.019
-0.0024
-0.012
-0.0049
-0.0031
-0.018
-0.025
-0.012
-0.0076
-0.019
-0.022
-0.029
-0.039
-0.032
-0.028
-0.033
-0.034
-0.039
-0.034
-0.021
-0.019
-0.034
-0.043
-0.031
-0.014
-0.012
-0.017
-0.021
-0.018
-0.014
-0.02
-0.025
-0.025
-0.02
-0.0013
0.012
0.0035
-0.012
-0.017
-0.0014
0.0055
-0.0005
-0.0065
0.0094
0.017
0.014
0.013
0.013
0.012
0.011
0.021
0.036
0.032
0.02
0.027
0.044
0.041
0.026
0.024
0.033
0.031
0.021
0.033
0.046
0.046
0.037
0.024
0.019
0.026
0.031
0.036
0.043
0.046
0.051
0.04
0.03
0.073
0.098
0.055
0.0088
0.0095
0.034
0.03
-0.00099
-0.017
-0.013
-0.017
-0.035
-0.045
-0.027
0.01
0.033
0.024
-0.0094
-0.018
-0.017
-0.016
-0.026
-0.028
-0.017
-0.0092
-0.00014
0.015
0.026
0.027
0.03
0.028
0.0083
0.022
0.047
0.038
0.016
0.018
0.044
0.06
0.032
-0.018
-0.035
-0.033
-0.032
-0.014
0.0093
0.0002
-0.037
-0.047
-0.031
-0.0046
0.0098
0.0011
-0.0064
0.0021
0.0037
0.00023
-0.0097
-0.022
-0.021
-0.0011
0.014
0.00096
-0.027
-0.016
0.016
0.025
-0.00063
-0.024
-0.013
-0.0013
7.6e-005
-0.0019
0.00093
-0.013
-0.01
0.0091
0.013
0.0025
0.0041
0.015
0.009
0.0095
0.029
0.022
-0.0077
-0.017
-0.016
-0.026
-0.02
0.00044
0.0095
-0.0036
-0.0048
0.0085
0.016
0.0015
-0.018
-0.0079
0.011
0.014
-0.0045
-0.011
0.0026
0.023
0.04
0.014
-0.024
-0.023
0.011
0.031
0.026
0.017
0.01
0.0033
0.013
0.024
0.015
0.0045
0.023
0.036
0.025
0.014
0.0034
0.0015
-0.0033
-0.0041
-0.0083
-0.0064
0.00066
-0.016
-0.028
-0.0095
0.012
0.02
0.017
0.016
0.013
0.017
0.025
0.022
0.0036
-0.01
-0.017
-0.022
-0.017
-0.014
-0.0041
0.018
0.024
0.0023
-0.0083
-0.0037
0.0097
0.028
0.028
0.014
-0.016
-0.017
-0.0029
-0.0056
-0.0069
-0.0018
0.0041
0.016
0.0015
-0.012
-0.018
-0.007
0.00056
0.0028
-0.0009
0.0016
-0.0059
-0.021
-0.0094
0.0079
0.014
-0.0022
-0.022
-0.017
0.0012
-0.0028
-0.012
0.0012
0.015
0.0065
-0.0017
0.0079
0.014
0.0051
0.014
0.042
0.047
0.022
-0.011
-0.037
-0.024
0.011
0.027
0.022
0.015
0.013
0.017
0.022
0.014
-0.0029
-0.03
-0.048
-0.015
0.039
0.041
-0.0068
-0.028
-0.0051
0.018
0.0052
-0.029
-0.03
-0.0058
0.00011
-0.0065
-0.015
-0.0054
0.0096
0.018
0.028
0.026
0.0081
-0.0095
-0.0093
0.013
0.029
0.015
0.004
-0.0023
-0.011
0.006
0.017
0.024
0.044
0.037
0.0053
-0.012
-0.0011
0.0071
-0.01
-0.013
-0.0096
-0.013
-0.0076
0.0051
0.013
0.0063
-0.0058
-0.015
-0.011
0.00072
0.0033
0.006
0.02
0.042
0.044
0.021
0.0092
0.013
0.012
0.015
0.024
0.034
0.046
0.029
-0.0014
-0.033
-0.031
-0.0061
0.0098
-0.00056
-0.014
-0.0038
0.011
0.012
0.0048
-0.008
-0.0032
0.0058
-0.011
-0.015
-0.0013
0.00072
-0.005
-0.0067
-0.011
-0.023
-0.021
0.00035
0.014
0.0094
0.017
0.025
0.0011
-0.019
-0.013
0.00099
0.0026
0.0084
0.029
0.04
0.037
0.0085
-0.011
-0.014
-0.015
-0.002
0.029
0.037
0.0071
-0.0071
0.022
0.038
0.026
0.017
0.017
0.016
0.019
0.043
0.052
0.044
0.029
0.024
0.023
0.009
-0.018
-0.025
0.0021
0.025
0.014
-0.019
-0.059
-0.099
-0.1
-0.065
-0.022
-0.0093
-0.0094
-0.003
-0.0053
-0.0059
-0.0061
-0.01
-0.0094
-0.018
-0.016
0.0061
0.027
0.015
-0.015
-0.014
-0.0082
-0.0088
0.0046
0.018
0.021
0.025
0.041
0.051
0.06
0.079
0.086
0.088
0.098
0.12
0.14
0.14
0.13
0.11
0.071
0.039
0.027
0.012
0.021
0.029
0.027
0.012
-0.009
-0.026
-0.032
-0.038
-0.059
-0.076
-0.081
-0.092
-0.097
-0.087
-0.088
-0.11
-0.11
-0.077
-0.063
-0.077
-0.08
-0.07
-0.069
-0.061
-0.048
-0.04
-0.036
-0.027
-0.025
-0.038
-0.055
-0.071
-0.073
-0.083
-0.11
-0.14
-0.16
-0.21
-0.29
-0.38
-0.5
-0.64
-0.77
-0.85
-0.86
-0.86
-0.76
-0.37
-0.1
-0.071
-0.011
0.12
0.15
0.027
-0.15
-0.24
-0.15
0.0031
0.13
0.29
0.47
0.59
0.55
0.42
0.27
0.18
0.086
-0.082
-0.15
-0.051
0.016
-0.036
-0.074
0.038
0.26
0.38
0.23
-0.07
-0.16
0.026
0.17
0.028
-0.26
-0.3
0.0014
0.32
0.42
0.32
0.18
0.13
0.21
0.32
0.32
0.17
0.024
0.0072
0.09
0.2
0.28
0.28
0.14
-0.1
-0.41
-0.71
-0.87
-0.89
-0.86
-0.73
-0.58
-0.49
-0.47
-0.47
-0.39
-0.3
-0.32
-0.36
-0.35
-0.3
-0.31
-0.31
-0.21
-0.12
-0.12
-0.19
-0.23
-0.24
-0.25
-0.22
-0.14
-0.057
0.016
0.088
0.15
0.2
0.25
0.31
0.37
0.41
0.43
0.43
0.42
0.37
0.29
0.22
0.17
0.16
0.17
0.16
0.15
0.18
0.25
0.29
0.27
0.23
0.22
0.23
0.21
0.2
0.2
0.21
0.2
0.15
0.11
0.091
0.088
0.093
0.13
0.18
0.21
0.23
0.24
0.25
0.26
0.26
0.21
0.14
0.083
0.054
0.049
0.032
-0.0055
-0.05
-0.072
-0.067
-0.035
0.019
0.059
0.057
0.044
0.053
0.07
0.062
0.034
0.022
0.054
0.094
0.093
0.05
-0.00072
-0.034
-0.058
-0.076
-0.085
-0.078
-0.076
-0.065
-0.049
-0.03
-0.013
-0.004
0.0056
0.014
0.00078
-0.047
-0.081
-0.07
-0.043
-0.027
-0.014
-0.02
-0.051
-0.059
-0.017
0.04
0.072
0.09
0.1
0.099
0.099
0.11
0.13
0.15
0.16
0.16
0.15
0.13
0.12
0.13
0.15
0.15
0.14
0.15
0.17
0.18
0.19
0.18
0.16
0.14
0.13
0.13
0.14
0.14
0.14
0.11
0.089
0.087
0.1
0.092
0.067
0.039
0.024
0.033
0.052
0.055
0.033
0.0024
-0.035
-0.07
-0.091
-0.1
-0.11
-0.095
-0.089
-0.1
-0.11
-0.09
-0.063
-0.037
-0.015
0.0018
0.035
0.09
0.14
0.17
0.2
0.22
0.22
0.22
0.25
0.3
0.3
0.25
0.22
0.2
0.26
0.33
0.34
0.3
0.25
0.24
0.24
0.21
0.21
0.24
0.24
0.24
0.19
0.16
0.14
0.14
0.12
0.09
0.077
0.05
-0.0092
-0.053
-0.053
-0.038
-0.046
-0.047
-0.045
-0.059
-0.075
-0.12
-0.18
-0.14
-0.078
-0.072
-0.11
-0.17
-0.19
-0.15
-0.065
-0.043
-0.087
-0.15
-0.22
-0.25
-0.26
-0.26
-0.25
-0.23
-0.18
-0.16
-0.16
-0.16
-0.17
-0.16
-0.14
-0.13
-0.11
-0.07
-0.042
-0.0058
0.039
0.088
0.11
0.088
0.027
-0.014
-0.0048
0.035
0.078
0.09
0.098
0.12
0.13
0.12
0.12
0.11
0.091
0.097
0.12
0.12
0.11
0.096
0.1
0.12
0.14
0.14
0.13
0.12
0.14
0.15
0.15
0.11
0.074
0.074
0.11
0.12
0.12
0.12
0.087
0.043
0.011
-0.0087
-0.0075
0.023
0.051
0.046
0.015
-0.023
-0.036
-0.0091
0.02
0.017
-0.0051
-0.0098
0.044
0.11
0.12
0.11
0.097
0.099
0.12
0.14
0.15
0.15
0.13
0.12
0.13
0.13
0.087
0.039
0.0018
-0.035
-0.067
-0.1
-0.16
-0.23
-0.27
-0.26
-0.26
-0.28
-0.28
-0.28
-0.26
-0.23
-0.21
-0.22
-0.24
-0.25
-0.24
-0.21
-0.18
-0.15
-0.13
-0.13
-0.13
-0.11
-0.076
-0.045
0.009
0.066
0.1
0.12
0.13
0.17
0.21
0.22
0.23
0.22
0.21
0.2
0.22
0.25
0.25
0.22
0.2
0.19
0.18
0.16
0.13
0.11
0.092
0.057
0.029
0.019
0.0071
-0.015
-0.03
-0.045
-0.075
-0.13
-0.17
-0.15
-0.085
-0.036
-0.064
-0.14
-0.19
-0.16
-0.1
-0.045
-0.0033
0.0015
-0.031
-0.046
-0.035
-0.0082
0.022
0.029
0.016
0.0032
-0.00072
0.013
0.048
0.095
0.13
0.13
0.12
0.12
0.14
0.15
0.15
0.13
0.1
0.075
0.041
0.025
0.015
-0.021
-0.056
-0.058
-0.033
-0.014
-0.0089
-0.026
-0.07
-0.11
-0.1
-0.064
-0.041
-0.049
-0.05
-0.055
-0.088
-0.11
-0.11
-0.084
-0.052
-0.018
0.016
0.04
0.058
0.067
0.081
0.087
0.072
0.068
0.088
0.11
0.11
0.096
0.074
0.039
0.026
0.032
0.034
0.032
0.03
0.028
0.015
0.00078
-0.005
-0.0077
-0.011
-0.004
0.0028
0.007
0.017
0.024
0.014
-0.0092
-0.033
-0.049
-0.047
-0.029
-0.01
0.0029
0.017
0.019
0.0011
0.0021
0.0087
-0.0075
-0.036
-0.055
-0.044
-0.008
0.025
0.037
0.043
0.046
0.039
0.032
0.026
0.028
0.032
0.048
0.073
0.093
0.091
0.068
0.037
0.031
0.024
0.0038
0.0014
0.011
0.0038
-0.0085
-0.0043
0.0071
0.0054
-0.0069
-0.011
-0.019
-0.03
-0.039
-0.028
-0.0022
0.0064
-0.014
-0.034
-0.035
-0.027
-0.022
-0.016
-0.0035
-0.015
-0.035
-0.019
0.0033
0.018
0.023
0.022
0.0049
-0.013
-0.00075
0.039
0.066
0.063
0.047
0.025
0.018
0.021
0.025
0.017
-0.0079
-0.019
-0.019
-0.02
-0.048
-0.077
-0.069
-0.053
-0.045
-0.039
-0.029
-0.017
-0.02
-0.013
-0.0037
0.0034
-0.0037
-0.027
-0.048
-0.059
-0.05
-0.039
-0.036
-0.038
-0.027
-0.026
-0.025
-0.023
-0.03
-0.021
-0.019
-0.029
-0.03
-0.016
-0.016
-0.039
-0.057
-0.068
-0.074
-0.064
-0.061
-0.066
-0.052
-0.045
-0.048
-0.046
-0.052
-0.063
-0.059
-0.051
-0.041
-0.033
-0.033
-0.036
-0.046
-0.06
-0.059
-0.048
-0.039
-0.032
-0.031
-0.044
-0.049
-0.043
-0.021
-0.016
-0.036
-0.054
-0.054
-0.063
-0.081
-0.097
-0.11
-0.12
-0.099
-0.053
-0.015
-0.017
-0.045
-0.061
-0.062
-0.071
-0.076
-0.082
-0.099
-0.13
-0.13
-0.1
-0.088
-0.093
-0.11
-0.12
-0.14
-0.13
-0.11
-0.096
-0.092
-0.1
-0.095
-0.08
-0.061
-0.049
-0.051
-0.044
-0.038
-0.044
-0.053
-0.053
-0.055
-0.034
-0.00047
0.0014
-0.0026
-0.00072
0.0019
0.014
0.029
0.043
0.034
0.012
-0.0081
-0.0095
0.0043
0.034
0.059
0.066
0.067
0.06
0.045
0.032
0.025
0.017
0.0083
0.0051
0.0067
0.012
0.012
0.0022
-0.027
-0.05
-0.048
-0.042
-0.029
-0.022
-0.041
-0.055
-0.043
-0.026
-0.016
-0.0067
-0.0097
-0.011
-0.0072
-0.0078
-0.018
-0.029
-0.024
-0.02
-0.011
-0.0013
-0.0025
-0.0041
-0.0072
-0.0085
-0.0051
0.0011
0.0019
-0.0099
-0.012
-0.0041
0.0096
0.013
0.014
0.012
0.017
0.022
0.032
0.039
0.034
0.022
0.0089
0.013
0.03
0.031
0.028
0.042
0.047
0.032
0.038
0.05
0.038
0.026
0.023
0.025
0.023
0.021
0.027
0.04
0.057
0.064
0.072
0.072
0.071
0.062
0.057
0.061
0.058
0.057
0.066
0.074
0.066
0.051
0.04
0.028
0.025
0.029
0.045
0.051
0.06
0.069
0.057
0.046
0.041
0.041
0.029
0.019
0.012
0.018
0.031
0.028
0.017
0.0017
-0.012
-0.022
-0.015
0.0042
0.0099
0.0032
-0.0019
0.01
0.019
0.021
0.024
0.021
0.018
0.018
0.006
0.0076
0.032
0.037
0.021
0.015
0.024
0.046
0.059
0.059
0.058
0.055
0.051
0.049
0.037
0.024
0.014
0.0038
0.0058
0.017
0.017
0.021
0.036
0.05
0.051
0.045
0.04
0.042
0.054
0.049
0.03
0.015
0.013
0.0092
0.012
0.029
0.044
0.051
0.047
0.04
0.031
0.022
0.022
0.018
0.0012
-0.016
-0.008
0.0034
-0.0097
-0.028
-0.027
-0.025
-0.029
-0.027
-0.03
-0.034
-0.036
-0.037
-0.033
-0.04
-0.054
-0.071
-0.07
-0.069
-0.06
-0.03
0.0078
0.018
-0.0011
-0.019
-0.033
-0.02
0.015
0.022
-0.0002
-0.019
-0.02
-0.016
-0.006
-0.0023
-0.0042
-0.031
-0.052
-0.029
0.0093
0.034
0.034
0.023
0.00087
-0.021
-0.044
-0.081
-0.11
-0.092
-0.049
-0.029
-0.0072
0.011
-7.6e-005
-0.0037
0.0071
0.009
-0.0092
-0.024
-0.025
-0.039
-0.073
-0.099
-0.1
-0.1
-0.073
-0.02
0.012
0.015
0.013
0.036
0.044
0.035
0.021
-0.0065
-0.03
-0.043
-0.035
-0.012
0.009
0.016
-0.0039
-0.013
0.00087
0.0079
-0.0048
-0.0046
0.014
0.034
0.053
0.071
0.075
0.063
0.04
0.028
0.033
0.047
0.054
0.047
0.029
0.0017
-0.018
-0.018
-0.0039
0.019
0.049
0.035
-0.013
-0.048
-0.048
-0.012
0.017
0.012
-0.021
-0.037
-0.014
0.029
0.068
0.08
0.068
0.046
0.036
0.034
0.028
0.031
0.044
0.05
0.045
0.032
0.004
-0.011
0.0033
0.018
0.041
0.065
0.085
0.09
0.088
0.078
0.059
0.034
0.018
0.023
0.037
0.041
0.033
0.03
0.033
0.035
0.046
0.055
0.062
0.055
0.042
0.031
0.03
0.049
0.06
0.06
0.056
0.05
0.047
0.052
0.064
0.073
0.076
0.064
0.054
0.048
0.037
0.037
0.031
0.025
0.031
0.041
0.058
0.079
0.081
0.066
0.054
0.047
0.05
0.047
0.05
0.06
0.063
0.066
0.051
0.033
0.025
0.027
0.027
0.024
0.023
0.019
0.022
0.037
0.041
0.025
0.009
7.6e-005
-0.015
-0.0091
0.024
0.049
0.045
0.035
0.018
-0.019
-0.036
-0.014
0.019
0.032
0.028
0.014
0.0065
0.024
0.039
0.042
0.03
0.012
0.0026
0.0091
0.018
0.013
0.0059
0.0024
-0.0044
-0.014
-0.015
-0.022
-0.029
-0.019
-0.013
-0.0056
0.0075
0.02
0.021
0.012
-0.0033
-0.016
-0.0076
0.0052
0.013
0.006
-0.0034
-0.01
-0.026
-0.036
-0.028
-0.017
-0.025
-0.037
-0.028
-0.017
-0.0053
0.0037
-0.0026
-0.024
-0.034
-0.023
-0.013
-0.0073
-0.006
-0.0034
-0.00063
0.0094
0.016
0.004
-0.0094
-0.016
-0.017
-0.013
-0.0053
0.0061
0.015
-0.0021
-0.031
-0.035
-0.026
-0.014
-0.0045
-0.0047
-0.0059
-0.014
-0.015
-0.01
0.00017
0.0041
-0.0018
-0.021
-0.041
-0.039
-0.025
0.0019
0.029
0.038
0.02
-0.01
-0.045
-0.063
-0.039
-0.00041
0.0083
0.003
0.004
-0.003
-0.013
0.0074
0.043
0.06
0.065
0.07
0.047
0.0041
-0.0064
0.012
0.039
0.053
0.055
0.038
0.0036
-0.0029
0.015
0.044
0.06
0.056
0.043
0.03
0.017
0.02
0.042
0.048
0.044
0.041
0.017
-0.0087
-0.025
-0.013
0.0088
0.027
0.029
0.013
-0.015
-0.038
-0.029
0.003
0.033
0.032
0.012
-0.0013
-0.0074
-0.012
-0.0048
0.019
0.036
0.015
0.0075
0.024
0.029
0.011
0.0025
0.011
0.014
0.0094
0.0011
-0.0079
-0.00072
0.019
0.014
-0.017
-0.04
-0.031
-0.0048
-0.0084
-0.021
-0.013
0.014
0.037
0.031
-0.0019
-0.042
-0.075
-0.087
-0.077
-0.066
-0.067
-0.066
-0.058
-0.049
-0.056
-0.065
-0.06
-0.039
-0.022
-0.023
-0.035
-0.054
-0.071
-0.077
-0.07
-0.06
-0.051
-0.052
-0.063
-0.067
-0.07
-0.069
-0.059
-0.053
-0.065
-0.069
-0.055
-0.05
-0.061
-0.056
-0.047
-0.055
-0.064
-0.063
-0.061
-0.057
-0.057
-0.053
-0.04
-0.031
-0.035
-0.045
-0.048
-0.061
-0.07
-0.054
-0.028
-0.026
-0.04
-0.051
-0.066
-0.071
-0.071
-0.081
-0.082
-0.077
-0.07
-0.069
-0.064
-0.065
-0.062
-0.052
-0.044
-0.037
-0.03
-0.023
-0.022
-0.024
-0.02
-0.027
-0.042
-0.054
-0.057
-0.052
-0.047
-0.032
-0.022
-0.036
-0.049
-0.045
-0.049
-0.061
-0.069
-0.06
-0.033
-0.0011
0.013
-0.009
-0.034
-0.042
-0.04
-0.027
-0.013
-0.01
-0.013
-0.019
-0.024
-0.017
-0.0047
-0.0051
-0.014
-0.028
-0.04
-0.035
-0.024
-0.012
-0.014
-0.025
-0.028
-0.034
-0.043
-0.032
-0.014
-0.0011
0.0026
0.0046
0.013
0.032
0.039
0.024
0.019
0.023
0.019
0.02
0.036
0.044
0.038
0.046
0.06
0.054
0.045
0.049
0.046
0.041
0.041
0.042
0.043
0.051
0.057
0.059
0.067
0.075
0.058
0.035
0.029
0.032
0.03
0.025
0.028
0.033
0.042
0.044
0.038
0.033
0.028
0.028
0.039
0.057
0.066
0.053
0.026
-0.001
-0.0044
0.0087
0.034
0.049
0.057
0.066
0.066
0.048
0.031
0.03
0.045
0.059
0.063
0.053
0.04
0.052
0.072
0.069
0.057
0.048
0.031
0.0085
-0.0035
-0.0015
0.033
0.072
0.082
0.078
0.083
0.097
0.1
0.087
0.073
0.059
0.057
0.052
0.033
0.005
-0.00078
0.028
0.066
0.099
0.12
0.1
0.084
0.071
0.052
0.032
0.021
0.01
-0.0089
-0.018
-0.015
-0.011
0.00087
0.031
0.068
0.086
0.084
0.061
0.036
0.022
0.035
0.059
0.068
0.061
0.046
0.032
0.033
0.048
0.053
0.033
0.012
-0.0047
-0.018
-0.014
-0.0019
-0.0031
-0.0029
0.014
0.024
0.019
0.0054
-0.021
-0.039
-0.033
-0.024
-0.023
-0.032
-0.035
-0.036
-0.044
-0.052
-0.062
-0.071
-0.075
-0.092
-0.11
-0.098
-0.068
-0.047
-0.038
-0.04
-0.053
-0.049
-0.028
-0.029
-0.049
-0.056
-0.061
-0.061
-0.055
-0.053
-0.066
-0.083
-0.078
-0.057
-0.054
-0.056
-0.041
-0.036
-0.049
-0.061
-0.074
-0.089
-0.1
-0.1
-0.09
-0.066
-0.05
-0.055
-0.073
-0.07
-0.045
-0.03
-0.027
-0.025
-0.019
-0.014
-0.021
-0.02
0.0023
0.012
-0.011
-0.031
-0.024
-0.015
-0.015
-0.01
-0.0084
-0.0012
0.0058
0.0079
0.0011
-0.00053
0.0073
0.011
-7.6e-005
-0.0056
0.0061
0.033
0.03
0.00078
-0.011
-0.003
0.0078
0.014
0.026
0.049
0.058
0.061
0.065
0.06
0.051
0.042
0.042
0.05
0.047
0.037
0.033
0.032
0.033
0.037
0.033
0.027
0.028
0.026
0.019
0.0099
0.00041
-0.0097
-0.0066
0.014
0.031
0.035
0.038
0.025
-0.0071
-0.024
-0.031
-0.031
-0.0083
0.011
0.022
0.023
0.019
0.013
0.01
0.0071
-0.0048
-0.028
-0.031
-0.023
-0.021
-0.017
-0.011
-0.01
-0.013
-0.018
-0.014
0.0088
0.03
0.034
0.019
-0.00029
-0.0094
-0.0045
-0.0045
-0.023
-0.029
-0.018
-0.0025
0.0038
0.0026
-0.0035
0.0024
0.024
0.041
0.033
0.019
0.009
0.0023
0.0037
0.0067
0.011
0.012
0.0098
0.0081
0.014
0.023
0.024
0.035
0.041
0.029
0.016
0.0066
0.00032
0.0071
0.023
0.035
0.043
0.043
0.045
0.046
0.045
0.046
0.032
0.012
0.012
0.025
0.043
0.056
0.044
0.026
0.036
0.062
0.07
0.058
0.054
0.045
0.037
0.042
0.032
0.014
0.016
0.025
0.031
0.04
0.044
0.04
0.055
0.087
0.11
0.12
0.12
0.11
0.1
0.1
0.096
0.081
0.06
0.04
0.029
0.025
0.038
0.051
0.051
0.045
0.045
0.049
0.046
0.04
0.031
0.034
0.031
0.022
0.019
0.031
0.043
0.039
0.035
0.047
0.048
0.036
0.04
0.049
0.05
0.055
0.057
0.063
0.082
0.11
0.11
0.094
0.066
0.034
0.016
0.021
0.041
0.068
0.086
0.082
0.054
0.034
0.038
0.053
0.07
0.081
0.077
0.062
0.051
0.05
0.039
0.027
0.0088
-0.018
-0.038
-0.041
-0.041
-0.025
-0.0028
0.0083
0.012
0.0016
-0.011
-0.022
-0.032
-0.051
-0.069
-0.062
-0.048
-0.059
-0.067
-0.052
-0.049
-0.054
-0.041
-0.024
-0.011
-0.014
-0.027
-0.05
-0.087
-0.11
-0.12
-0.12
-0.089
-0.065
-0.05
-0.021
0.0027
-0.00011
-0.0066
-0.033
-0.069
-0.087
-0.073
-0.04
-0.0084
0.015
0.035
0.048
0.054
0.038
0.018
0.0052
0.011
0.018
0.018
0.014
0.015
0.016
0.012
0.013
0.029
0.066
0.092
0.099
0.096
0.087
0.077
0.069
0.063
0.056
0.033
0.012
0.016
0.022
0.024
0.032
0.037
0.041
0.044
0.041
0.047
0.067
0.083
0.086
0.076
0.066
0.067
0.069
0.057
0.04
0.029
0.043
0.069
0.086
0.085
0.073
0.059
0.053
0.063
0.069
0.067
0.053
0.04
0.055
0.066
0.067
0.056
0.04
0.024
0.015
0.0067
0.0031
0.008
0.015
0.014
0.0083
0.0061
-0.0021
-0.011
-0.005
0.0025
0.0061
0.0044
-0.0059
-0.022
-0.028
-0.027
-0.026
-0.023
-0.016
-0.015
-0.025
-0.03
-0.036
-0.043
-0.038
-0.032
-0.033
-0.034
-0.039
-0.056
-0.074
-0.073
-0.069
-0.074
-0.074
-0.056
-0.048
-0.045
-0.051
-0.066
-0.067
-0.061
-0.06
-0.063
-0.064
-0.061
-0.057
-0.046
-0.043
-0.049
-0.061
-0.061
-0.059
-0.057
-0.048
-0.047
-0.053
-0.045
-0.03
-0.04
-0.056
-0.049
-0.03
-0.019
-0.026
-0.032
-0.044
-0.06
-0.06
-0.059
-0.061
-0.067
-0.063
-0.037
-0.01
-0.0079
-0.027
-0.036
-0.034
-0.036
-0.044
-0.055
-0.053
-0.033
-0.0092
0.0016
0.0014
-0.0094
-0.014
-0.0029
0.00099
-0.0033
-0.012
-0.024
-0.047
-0.065
-0.059
-0.04
-0.026
-0.0068
0.02
0.029
0.024
0.012
0.0056
0.0072
0.0098
0.01
-0.0031
-0.012
0.0059
0.02
0.018
0.02
0.021
0.016
0.028
0.04
0.034
0.026
0.018
-0.0025
-0.024
-0.036
-0.038
-0.032
-0.03
-0.017
0.013
0.04
0.051
0.029
0.0019
-0.011
-0.019
-0.017
-0.005
0.016
0.038
0.058
0.067
0.056
0.036
0.00032
-0.02
-0.023
-0.02
-0.011
-0.016
-0.033
-0.043
-0.033
-0.0069
0.03
0.051
0.058
0.049
0.03
0.024
0.032
0.03
0.024
0.009
-0.004
-0.022
-0.038
-0.022
0.0079
0.021
0.024
0.0074
-0.032
-0.079
-0.094
-0.091
-0.082
-0.08
-0.085
-0.077
-0.052
-0.027
-0.011
0.012
0.024
0.017
-0.006
-0.032
-0.056
-0.073
-0.095
-0.094
-0.057
-0.037
-0.034
-0.021
-0.0024
-0.015
-0.028
-0.034
-0.038
-0.027
-0.03
-0.043
-0.05
-0.064
-0.074
-0.051
-0.033
-0.016
-0.00056
-0.018
-0.022
-0.016
-0.014
0.0019
0.011
0.0074
0.015
0.014
0.0058
0.012
0.0037
0.0055
0.032
0.052
0.058
0.058
0.056
0.061
0.069
0.072
0.065
0.04
0.021
0.013
0.0081
0.014
0.032
0.064
0.061
0.054
0.056
0.059
0.06
0.052
0.057
0.064
0.064
0.061
0.054
0.049
0.053
0.066
0.063
0.06
0.037
0.034
0.052
0.057
0.085
0.098
0.078
0.063
0.063
0.077
0.079
0.081
0.096
0.092
0.077
0.071
0.065
0.044
0.034
0.034
0.036
0.04
0.046
0.056
0.065
0.063
0.036
0.014
0.0057
0.0043
0.012
0.013
0.0072
-0.0043
-0.0079
-0.00093
0.0069
0.0089
0.006
0.014
0.022
0.035
0.044
0.041
0.038
0.025
0.0098
0.0022
0.0009
0.0051
0.02
0.02
0.0049
-0.0043
0.003
0.028
0.042
0.029
0.00011
-0.035
-0.051
-0.048
-0.042
-0.042
-0.042
-0.035
-0.014
0.0077
0.0075
0.00081
-0.0023
-0.013
-0.029
-0.046
-0.063
-0.068
-0.051
-0.025
-0.0033
0.0011
-0.0051
-0.019
-0.035
-0.042
-0.045
-0.047
-0.047
-0.045
-0.052
-0.065
-0.068
-0.059
-0.046
-0.042
-0.044
-0.045
-0.042
-0.038
-0.035
-0.031
-0.023
-0.015
-0.021
-0.022
-0.023
-0.03
-0.031
-0.025
-0.02
-0.025
-0.045
-0.053
-0.057
-0.054
-0.048
-0.041
-0.019
0.016
0.034
0.036
0.046
0.038
0.021
0.0025
-0.03
-0.059
-0.058
-0.042
-0.024
0.0063
0.03
0.042
0.048
0.053
0.055
0.038
0.016
0.0012
-0.0058
0.005
0.035
0.058
0.057
0.056
0.06
0.062
0.058
0.036
0.012
-0.012
-0.028
-0.028
-0.013
0.018
0.061
0.099
0.11
0.12
0.12
0.1
0.053
-0.00017
-0.022
-0.0047
0.038
0.062
0.062
0.061
0.08
0.099
0.1
0.099
0.075
0.049
0.035
0.03
0.037
0.051
0.059
0.066
0.074
0.061
0.054
0.061
0.063
0.047
0.029
0.023
0.018
0.026
0.04
0.044
0.026
0.01
0.0034
0.0049
0.019
0.026
0.021
0.014
0.022
0.043
0.055
0.048
0.028
0.0057
0.0066
0.034
0.043
0.047
0.053
0.045
0.025
0.02
0.04
0.048
0.038
0.034
0.026
0.0054
-0.0095
0.0013
0.014
0.019
0.02
0.012
0.0089
0.024
0.044
0.046
0.035
0.022
0.015
0.018
0.02
0.029
0.04
0.041
0.029
0.019
0.019
0.022
0.03
0.039
0.047
0.043
0.023
0.0033
-0.01
0.0011
0.012
-0.0039
-0.035
-0.061
-0.062
-0.028
0.002
-0.0079
-0.024
-0.019
-0.0057
0.01
0.017
0.023
0.028
0.032
0.05
0.064
0.07
0.067
0.051
0.044
0.054
0.059
0.044
0.029
0.015
0.0024
0.0019
0.024
0.062
0.1
0.12
0.11
0.081
0.054
0.044
0.045
0.047
0.046
0.036
0.035
0.045
0.056
0.056
0.043
0.021
0.0023
-0.0054
-0.01
-0.014
-0.0078
0.016
0.028
0.018
0.015
0.03
0.042
0.044
0.035
0.022
0.0096
-0.0049
-0.019
-0.026
-0.026
-0.022
-0.0022
0.014
0.022
0.019
0.0074
-0.006
-0.018
-0.013
-0.0043
-0.0098
-0.026
-0.042
-0.057
-0.063
-0.038
-0.0012
0.0092
0.0054
-0.0056
-0.017
-0.018
-0.02
-0.014
-0.011
-0.021
-0.029
-0.028
-0.024
-0.0022
0.017
0.012
0.0045
-0.0023
-0.0038
-0.0084
-0.023
-0.02
-0.011
-0.0052
0.00041
0.0078
0.019
0.022
0.012
-0.01
-0.02
-0.008
0.004
0.0038
-0.0024
-0.0029
-0.011
-0.0033
0.015
0.017
0.0041
-0.0076
-0.014
-0.021
-0.0053
0.01
0.00041
-0.019
-0.034
-0.037
-0.026
-0.0079
0.0019
0.017
0.03
0.047
0.072
0.076
0.052
0.022
0.017
0.028
0.036
0.039
0.022
-0.017
-0.046
-0.047
-0.018
0.029
0.062
0.074
0.07
0.059
0.05
0.048
0.032
-0.0069
-0.04
-0.032
0.0036
0.029
0.053
0.063
0.056
0.052
0.052
0.034
0.00023
-0.012
-0.0083
0.0062
0.0068
-0.019
-0.011
0.016
0.012
-0.0055
-0.019
-0.03
-0.027
-0.021
-0.023
-0.014
-0.0042
-0.021
-0.048
-0.071
-0.077
-0.067
-0.059
-0.055
-0.046
-0.03
-0.02
-0.02
-0.036
-0.046
-0.035
-0.024
-0.018
-0.023
-0.025
-0.034
-0.051
-0.059
-0.044
-0.021
0.0022
0.02
0.011
-0.014
-0.039
-0.057
-0.052
-0.03
-0.017
-0.017
-0.012
0.014
0.037
0.046
0.052
0.053
0.032
-0.0016
-0.018
-0.027
-0.033
-0.023
-0.015
-0.0066
0.005
0.0085
0.0065
0.015
0.037
0.052
0.041
-0.00017
-0.037
-0.045
-0.025
0.0017
0.0044
0.00075
0.012
0.022
0.016
-0.0096
-0.041
-0.049
-0.047
-0.046
-0.051
-0.051
-0.047
-0.034
-0.018
-0.011
-0.031
-0.059
-0.062
-0.052
-0.039
-0.041
-0.057
-0.076
-0.073
-0.05
-0.031
-0.026
-0.022
-0.0073
0.014
0.034
0.044
0.049
0.067
0.087
0.083
0.063
0.052
0.055
0.078
0.096
0.089
0.078
0.083
0.087
0.086
0.088
0.096
0.1
0.1
0.099
0.096
0.078
0.048
0.033
0.041
0.067
0.08
0.08
0.077
0.063
0.054
0.055
0.049
0.029
0.018
0.021
0.035
0.047
0.048
0.038
0.03
0.016
0.0015
-0.013
-0.013
-0.0048
0.00084
0.0072
0.027
0.069
0.098
0.087
0.041
-0.015
-0.042
-0.031
-0.017
-0.0033
0.02
0.042
0.05
0.044
0.045
0.054
0.048
0.019
-0.02
-0.036
-0.023
-0.00041
0.012
0.012
0.007
0.0071
0.007
0.0087
0.0016
-0.021
-0.04
-0.04
-0.03
-0.016
-0.0036
0.0065
0.013
0.017
0.014
0.0096
-0.0045
-0.024
-0.033
-0.014
0.02
0.05
0.068
0.063
0.048
0.043
0.045
0.048
0.039
0.028
0.015
0.011
0.016
0.02
0.032
0.043
0.041
0.037
0.04
0.03
-0.0012
-0.03
-0.032
-0.0017
0.022
0.015
0.0092
0.021
0.027
0.011
-0.007
-0.012
-0.0071
0.0027
0.0041
-0.0077
-0.032
-0.053
-0.059
-0.041
-0.0099
0.023
0.05
0.042
0.0018
-0.046
-0.071
-0.074
-0.066
-0.075
-0.091
-0.089
-0.072
-0.06
-0.045
-0.023
-0.017
-0.041
-0.074
-0.097
-0.099
-0.084
-0.067
-0.075
-0.1
-0.12
-0.11
-0.074
-0.062
-0.063
-0.06
-0.04
-0.024
-0.023
-0.024
-0.032
-0.034
-0.053
-0.072
-0.075
-0.058
-0.037
-0.023
0.0021
0.011
-0.011
-0.052
-0.07
-0.047
-0.013
0.025
0.048
0.049
0.038
0.0036
-0.038
-0.062
-0.051
-0.028
-0.0077
-0.012
-0.024
-0.017
-0.0057
-0.0067
-0.017
-0.022
-0.039
-0.069
-0.079
-0.063
-0.039
-0.031
-0.04
-0.042
-0.055
-0.068
-0.072
-0.067
-0.063
-0.085
-0.11
-0.1
-0.1
-0.1
-0.088
-0.071
-0.055
-0.029
-0.012
-0.0088
-0.013
-0.019
-0.021
-0.054
-0.099
-0.11
-0.086
-0.049
-0.012
0.021
0.05
0.054
0.029
-0.0064
-0.043
-0.064
-0.065
-0.05
-0.014
0.025
0.055
0.072
0.069
0.055
0.031
-0.0053
-0.049
-0.062
-0.017
0.055
0.11
0.14
0.14
0.12
0.11
0.099
0.11
0.11
0.093
0.056
0.039
0.066
0.11
0.15
0.18
0.17
0.13
0.11
0.13
0.18
0.18
0.13
0.067
0.024
0.0071
0.044
0.11
0.17
0.16
0.084
0.061
0.098
0.15
0.2
0.2
0.12
0.042
0.031
0.056
0.048
0.046
0.096
0.12
0.13
0.11
0.027
-0.067
-0.1
-0.063
-0.0053
0.037
0.059
0.064
0.061
0.046
0.052
0.076
0.082
0.053
0.017
-0.015
-0.05
-0.047
-0.0052
0.013
0.006
-0.0073
-0.035
-0.058
-0.075
-0.073
-0.052
-0.031
-0.00075
0.027
0.036
0.036
0.015
-0.032
-0.047
-0.027
-0.007
0.018
0.038
0.026
-0.04
-0.076
-0.06
-0.035
0.0061
0.048
0.045
0.021
0.0095
0.028
0.055
0.066
0.045
0.0043
-0.013
0.0026
0.023
0.036
0.044
0.037
0.02
0.0064
0.012
0.018
0.023
0.045
0.054
0.066
0.096
0.098
0.072
0.046
0.034
0.027
0.03
0.039
0.034
0.024
0.032
0.034
0.025
0.019
0.016
0.013
0.03
0.059
0.082
0.099
0.072
0.0027
-0.049
-0.059
-0.036
-0.0062
0.018
0.038
0.039
0.023
0.0077
-0.016
-0.033
-0.037
-0.032
-0.025
-0.02
-0.0033
0.022
0.047
0.041
0.0098
-0.033
-0.073
-0.086
-0.096
-0.12
-0.14
-0.12
-0.085
-0.055
-0.046
-0.04
-0.023
-0.0022
0.0025
-0.0023
-0.017
-0.044
-0.078
-0.1
-0.097
-0.087
-0.071
-0.053
-0.037
-0.017
-0.013
-0.033
-0.063
-0.076
-0.073
-0.048
-0.015
0.0021
0.0079
-0.00029
0.0076
0.012
0.0033
-0.0093
-0.03
-0.038
-0.027
-0.0066
0.0085
0.0044
-0.014
-0.018
0.00087
0.017
0.032
0.04
0.046
0.041
0.041
0.056
0.058
0.038
-0.0047
-0.029
-0.019
-0.0079
-0.003
0.013
0.018
0.006
0.011
0.031
0.061
0.079
0.058
0.015
-0.027
-0.045
-0.03
0.0063
0.033
0.043
0.045
0.055
0.059
0.045
0.028
0.0097
0.0054
0.02
0.037
0.054
0.052
0.034
0.028
0.045
0.062
0.068
0.066
0.056
0.038
0.019
0.00014
-0.02
-0.032
-0.014
0.018
0.037
0.049
0.047
0.033
0.025
0.02
0.025
0.037
0.04
0.028
0.017
0.022
0.018
0.0077
-0.011
-0.018
-0.0045
0.0062
0.0082
0.02
0.048
0.063
0.059
0.041
0.0094
-0.018
-0.03
-0.031
-0.019
-0.013
-0.014
-0.0066
0.02
0.044
0.039
0.021
0.013
0.014
0.026
0.033
0.031
0.031
0.032
0.035
0.032
0.023
0.017
0.016
0.019
0.0073
-0.017
-0.032
-0.024
-0.019
-0.028
-0.018
0.00038
0.016
0.026
0.029
0.021
-0.00099
-0.024
-0.044
-0.044
-0.028
-0.0052
0.018
0.034
0.027
0.00041
-0.0083
-0.012
-0.036
-0.056
-0.05
-0.03
-0.015
-0.015
-0.025
-0.036
-0.049
-0.06
-0.052
-0.033
-0.02
-0.015
-0.021
-0.035
-0.044
-0.059
-0.067
-0.047
-0.025
-0.021
-0.039
-0.067
-0.088
-0.09
-0.08
-0.072
-0.067
-0.062
-0.061
-0.06
-0.041
-0.0085
0.0025
-0.011
-0.022
-0.029
-0.03
-0.048
-0.077
-0.071
-0.039
-0.023
-0.033
-0.042
-0.035
-0.031
-0.039
-0.044
-0.042
-0.034
-0.025
-0.024
-0.024
-0.022
-0.015
-0.0029
-0.0014
-0.032
-0.073
-0.086
-0.087
-0.079
-0.079
-0.093
-0.1
-0.098
-0.076
-0.066
-0.08
-0.1
-0.11
-0.12
-0.13
-0.12
-0.095
-0.073
-0.071
-0.075
-0.074
-0.079
-0.096
-0.098
-0.088
-0.079
-0.068
-0.062
-0.053
-0.044
-0.044
-0.04
-0.018
-0.012
-0.019
-0.026
-0.065
-0.11
-0.12
-0.082
-0.037
-0.0094
-0.0035
-0.0089
-0.015
-0.012
0.0076
0.0095
-0.0088
-0.03
-0.044
-0.045
-0.06
-0.069
-0.043
-0.015
-0.0091
-0.019
-0.031
-0.042
-0.044
-0.05
-0.045
-0.015
0.027
0.052
0.047
0.041
0.041
0.033
0.011
-0.011
-0.017
-0.018
-0.018
-0.0034
0.029
0.058
0.059
0.055
0.043
0.016
-0.0096
-0.018
-0.021
-0.035
-0.043
-0.037
0.00041
0.036
0.041
0.026
-0.0019
-0.011
-0.011
-0.0063
0.016
0.032
0.036
0.035
0.04
0.044
0.048
0.042
0.035
0.032
0.02
0.0029
-0.012
-0.034
-0.039
-0.007
0.027
0.034
0.02
0.009
0.0092
0.0005
-0.013
-0.012
0.0046
0.023
0.023
0.016
0.022
0.027
0.0017
-0.022
-0.028
-0.022
-0.0035
0.0072
-0.0086
-0.032
-0.044
-0.031
0.016
0.066
0.078
0.062
0.046
0.035
0.017
0.00011
-0.0037
-0.0031
0.01
0.041
0.063
0.062
0.052
0.036
0.035
0.033
0.013
-0.0009
0.0034
0.025
0.046
0.053
0.051
0.056
0.062
0.052
0.039
0.022
0.015
0.018
0.019
0.02
0.019
0.017
0.028
0.048
0.066
0.074
0.061
0.045
0.035
0.017
-0.0041
-0.0077
-0.0067
-0.0019
0.016
0.035
0.055
0.07
0.054
0.017
0.0045
0.026
0.059
0.083
0.095
0.1
0.092
0.075
0.072
0.074
0.068
0.054
0.045
0.047
0.063
0.069
0.064
0.05
0.026
-1.5e-005
-0.026
-0.042
-0.036
-0.013
0.0085
0.0091
-0.0053
-0.012
-0.0011
0.018
0.03
0.031
0.023
0.011
-0.0032
-0.013
-0.013
-0.011
-0.02
-0.027
-0.02
0.0046
0.029
0.046
0.055
0.041
0.013
-0.0013
0.002
0.0087
0.022
0.03
0.027
0.033
0.038
0.026
0.004
-0.0082
-0.0072
-0.0019
0.0056
0.023
0.04
0.045
0.046
0.035
0.017
0.0054
-0.0064
-0.0071
-0.0018
0.0027
0.0045
0.013
0.01
0.0025
-0.0025
0.0042
0.019
0.021
0.015
0.0049
-0.0038
-0.0051
-0.0035
-0.0054
-0.0045
-0.0059
-0.021
-0.032
-0.041
-0.047
-0.035
-0.04
-0.055
-0.048
-0.038
-0.039
-0.027
-0.018
-0.027
-0.03
-0.034
-0.03
-0.0092
0.001
0.005
0.014
0.035
0.052
0.058
0.045
0.011
-0.029
-0.053
-0.043
-0.02
0.0042
0.02
0.034
0.046
0.032
0.011
0.021
0.042
0.036
0.013
-0.012
-0.026
-0.022
-0.0033
0.032
0.064
0.078
0.079
0.058
0.039
0.021
0.00078
0.00023
0.011
0.015
0.021
0.038
0.054
0.062
0.059
0.037
-0.0026
-0.041
-0.062
-0.059
-0.038
-0.018
-0.0064
0.0054
0.023
0.04
0.065
0.1
0.1
0.064
0.013
-0.0072
0.0099
0.026
0.026
0.024
0.028
0.029
0.033
0.036
0.033
0.04
0.046
0.036
0.019
0.02
0.023
0.029
0.041
0.057
0.081
0.1
0.11
0.1
0.077
0.048
0.027
0.036
0.074
0.11
0.13
0.14
0.13
0.1
0.072
0.054
0.064
0.076
0.065
0.055
0.054
0.056
0.068
0.086
0.093
0.084
0.066
0.068
0.083
0.067
0.037
0.033
0.045
0.061
0.058
0.03
0.0054
-0.0065
-0.022
-0.031
-0.033
-0.029
-0.014
-0.0057
-0.0046
-0.013
-0.033
-0.046
-0.044
-0.063
-0.086
-0.091
-0.085
-0.065
-0.046
-0.031
-0.014
-0.012
-0.015
-0.02
-0.034
-0.041
-0.042
-0.058
-0.064
-0.045
-0.029
-0.02
-0.017
-0.016
-0.0071
-0.0051
-0.027
-0.036
-0.027
-0.024
-0.013
0.0038
0.016
0.025
0.029
0.032
0.016
-0.022
-0.04
-0.023
-0.0072
0.011
0.022
0.015
0.0068
-0.0075
-0.025
-0.032
-0.035
-0.03
-0.0083
0.0019
-0.0034
-0.0054
-0.0072
-0.0014
0.00038
0.0028
0.012
0.0074
-0.011
-0.029
-0.042
-0.049
-0.048
-0.041
-0.023
-0.0011
-0.0043
-0.014
-0.028
-0.043
-0.036
-0.027
-0.035
-0.034
-0.0094
0.012
0.019
0.012
0.0075
0.02
0.023
0.015
0.018
0.022
0.02
0.013
0.019
0.054
0.093
0.11
0.11
0.096
0.087
0.085
0.076
0.076
0.079
0.082
0.087
0.094
0.089
0.079
0.077
0.077
0.083
0.084
0.08
0.072
0.054
0.04
0.044
0.059
0.071
0.061
0.039
0.028
0.012
-0.0058
-0.012
-0.024
-0.037
-0.03
-0.018
-0.014
-0.0033
0.009
0.0041
-0.018
-0.052
-0.073
-0.058
-0.03
-0.018
-0.02
-0.024
-0.034
-0.039
-0.042
-0.04
-0.036
-0.04
-0.038
-0.037
-0.029
-0.016
-0.008
0.013
0.032
0.057
0.078
0.055
-0.012
-0.07
-0.081
-0.047
0.011
0.054
0.078
0.091
0.087
0.078
0.056
0.039
0.033
0.025
0.02
0.014
-0.0006
0.00047
0.033
0.079
0.13
0.15
0.12
0.062
0.0072
-0.025
-0.014
0.0084
0.016
0.025
0.038
0.049
0.062
0.082
0.1
0.096
0.063
0.021
-0.022
-0.046
-0.043
-0.024
-0.012
0.0072
0.027
0.037
0.044
0.037
0.015
-0.012
-0.039
-0.071
-0.087
-0.076
-0.055
-0.042
-0.039
-0.028
-0.0048
0.017
0.021
-0.0082
-0.033
-0.053
-0.059
-0.04
-0.02
-0.014
-0.0036
0.0075
-0.0082
-0.043
-0.08
-0.11
-0.11
-0.098
-0.071
-0.053
-0.07
-0.087
-0.074
-0.056
-0.055
-0.059
-0.058
-0.041
-0.039
-0.054
-0.065
-0.058
-0.041
-0.023
-0.023
-0.041
-0.059
-0.076
-0.067
-0.036
-0.016
0.0012
0.0033
-0.012
-0.019
-0.014
-0.013
-0.02
-0.043
-0.06
-0.052
-0.036
-0.015
-0.0074
-0.023
-0.039
-0.05
-0.065
-0.067
-0.045
-0.02
-0.012
-0.027
-0.043
-0.048
-0.052
-0.038
-0.014
-0.011
-0.01
-0.0005
0.0019
-0.0054
-0.018
-0.039
-0.039
-0.01
0.03
0.059
0.058
0.034
0.0015
-0.012
0.0019
0.013
0.0021
-0.023
-0.037
-0.031
0.0033
0.03
0.037
0.017
-0.032
-0.076
-0.086
-0.065
-0.041
-0.019
-0.007
-0.01
-0.025
-0.041
-0.037
-0.017
-0.01
-0.018
-0.035
-0.055
-0.065
-0.069
-0.067
-0.063
-0.058
-0.045
-0.037
-0.041
-0.037
-0.014
-0.003
-0.0068
-0.019
-0.037
-0.028
-0.006
0.016
0.044
0.058
0.051
0.033
0.026
0.037
0.043
0.023
0.0091
0.017
0.032
0.054
0.065
0.065
0.06
0.044
0.037
0.047
0.063
0.069
0.067
0.057
0.051
0.058
0.066
0.076
0.081
0.085
0.09
0.09
0.086
0.085
0.079
0.069
0.07
0.084
0.1
0.095
0.089
0.1
0.093
0.063
0.034
0.019
0.019
0.027
0.029
0.034
0.047
0.047
0.043
0.043
0.039
0.035
0.029
0.026
0.019
0.0096
0.018
0.035
0.037
0.034
0.038
0.027
0.015
0.023
0.034
0.038
0.024
-0.006
-0.031
-0.042
-0.045
-0.043
-0.048
-0.055
-0.054
-0.053
-0.046
-0.027
-0.0036
0.014
0.017
0.0088
-0.0059
-0.032
-0.053
-0.058
-0.062
-0.056
-0.033
-0.023
-0.012
0.0091
0.022
0.034
0.035
0.014
-0.023
-0.056
-0.076
-0.077
-0.07
-0.047
-0.0041
0.031
0.06
0.064
0.05
0.035
0.015
-0.012
-0.043
-0.06
-0.059
-0.043
-0.012
0.027
0.055
0.052
0.042
0.031
0.0036
-0.032
-0.048
-0.052
-0.055
-0.055
-0.049
-0.027
0.013
0.061
0.087
0.069
0.039
0.023
-0.0038
-0.035
-0.049
-0.046
-0.039
-0.042
-0.045
-0.018
0.01
0.017
0.013
-0.00063
-0.01
-0.0088
-0.0097
-0.01
-0.0033
0.0034
0.025
0.048
0.057
0.061
0.053
0.025
-0.00066
-0.015
-0.02
-0.022
-0.027
-0.017
0.02
0.043
0.039
0.028
0.029
0.04
0.037
0.017
-0.00014
-0.012
-0.022
-0.023
-0.018
-0.013
0.0023
0.023
0.041
0.033
0.0035
-0.01
-0.0062
0.0071
0.017
0.0061
0.0013
0.01
0.017
0.029
0.043
0.043
0.033
0.02
-0.00053
-0.021
-0.028
-0.02
0.0055
0.038
0.042
0.024
0.0051
-0.011
-0.03
-0.041
-0.04
-0.04
-0.035
-0.013
0.018
0.038
0.037
0.023
0.011
0.003
-0.013
-0.031
-0.034
-0.022
-0.0095
-0.0057
-0.0039
-0.0097
-0.017
-0.024
-0.025
-0.024
-0.023
-0.019
-0.026
-0.033
-0.031
-0.025
-0.033
-0.048
-0.046
-0.026
-0.00047
0.012
0.012
0.0018
-0.012
-0.023
-0.036
-0.039
-0.03
-0.022
-0.011
0.0084
0.018
0.0086
-0.01
-0.024
-0.03
-0.029
-0.021
-0.0064
-0.0062
-0.018
-0.024
-0.028
-0.032
-0.023
0.0017
0.013
0.0081
0.0034
0.00099
0.0014
0.0067
0.012
0.0048
-0.0041
-0.0093
-0.0045
0.0043
0.0011
-0.0099
-0.012
0.0032
0.022
0.028
0.035
0.052
0.062
0.051
0.04
0.03
0.015
0.0029
0.0096
0.029
0.053
0.065
0.054
0.052
0.054
0.05
0.05
0.045
0.04
0.05
0.072
0.099
0.13
0.14
0.13
0.12
0.11
0.1
0.091
0.081
0.083
0.092
0.097
0.1
0.1
0.096
0.097
0.096
0.093
0.091
0.087
0.093
0.1
0.091
0.07
0.043
0.018
0.02
0.041
0.065
0.083
0.093
0.089
0.061
0.019
-0.021
-0.054
-0.059
-0.023
0.016
0.035
0.042
0.032
0.019
0.013
0.01
0.0066
-0.0062
-0.032
-0.048
-0.042
-0.037
-0.033
-0.034
-0.054
-0.072
-0.074
-0.053
-0.02
0.0033
-0.00023
-0.018
-0.043
-0.067
-0.07
-0.068
-0.066
-0.05
-0.038
-0.034
-0.038
-0.049
-0.053
-0.06
-0.069
-0.065
-0.064
-0.066
-0.061
-0.034
0.0076
0.033
0.014
-0.015
-0.018
-0.0014
0.0088
-0.00044
-0.019
-0.034
-0.037
-0.021
0.012
0.038
0.057
0.072
0.074
0.064
0.053
0.036
0.027
0.039
0.051
0.048
0.036
0.037
0.053
0.067
0.088
0.1
0.1
0.088
0.074
0.061
0.061
0.084
0.1
0.12
0.1
0.08
0.083
0.082
0.081
0.078
0.075
0.071
0.075
0.087
0.09
0.1
0.11
0.11
0.12
0.1
0.083
0.081
0.09
0.1
0.11
0.12
0.11
0.11
0.11
0.11
0.1
0.12
0.13
0.1
0.055
0.025
0.027
0.061
0.095
0.1
0.1
0.1
0.097
0.096
0.093
0.085
0.069
0.051
0.036
0.029
0.042
0.074
0.12
0.12
0.089
0.04
-0.0094
-0.038
-0.04
-0.018
0.004
0.025
0.034
0.029
0.031
0.03
0.014
-0.011
-0.016
0.00084
0.0093
-0.0035
-0.023
-0.028
-0.027
-0.017
0.0069
0.018
-0.0019
-0.036
-0.049
-0.039
-0.023
-0.011
0.0093
0.019
-0.002
-0.035
-0.071
-0.099
-0.092
-0.05
-0.014
-0.0027
-0.0089
-0.019
-0.028
-0.035
-0.024
-0.0069
-0.0047
-0.016
-0.02
-0.016
-0.024
-0.039
-0.046
-0.041
-0.052
-0.064
-0.052
-0.027
0.0043
0.035
0.038
0.013
-0.0098
-0.0061
0.02
0.03
0.026
0.0021
-0.037
-0.08
-0.1
-0.095
-0.065
-0.013
0.043
0.092
0.088
0.037
-0.015
-0.058
-0.083
-0.06
-0.027
-0.016
0.0029
0.036
0.052
0.047
0.035
0.011
-1.5e-005
0.0023
-0.012
-0.053
-0.091
-0.076
-0.022
0.022
0.038
0.012
-0.038
-0.066
-0.072
-0.078
-0.067
-0.017
0.043
0.052
0.0088
-0.027
-0.029
-0.037
-0.072
-0.11
-0.1
-0.026
0.04
0.035
-0.0097
-0.045
-0.032
0.0035
-0.004
-0.04
-0.063
-0.053
-0.036
-0.036
-0.047
-0.034
0.00017
0.015
0.0097
-0.006
-0.03
-0.047
-0.045
-0.041
-0.027
-0.013
-0.0022
0.042
0.097
0.12
0.091
0.041
-0.0052
-0.038
-0.059
-0.066
-0.055
-0.038
0.00026
0.044
0.073
0.078
0.037
-0.0029
-0.013
-0.013
-0.03
-0.037
-0.019
0.0012
-0.002
-0.03
-0.054
-0.061
-0.028
0.021
0.047
0.079
0.11
0.08
-0.0095
-0.088
-0.11
-0.096
-0.068
-0.037
-0.014
0.0042
0.021
0.012
-0.03
-0.071
-0.097
-0.098
-0.073
-0.047
-0.034
-0.033
-0.033
-0.035
-0.039
-0.035
-0.0062
0.032
0.04
0.0087
-0.031
-0.05
-0.071
-0.086
-0.083
-0.081
-0.072
-0.035
0.025
0.066
0.074
0.054
0.026
0.00072
-0.017
-0.039
-0.06
-0.055
-0.025
0.0074
0.026
0.017
-0.0083
-0.025
-0.018
-0.021
-0.059
-0.084
-0.062
-0.017
0.019
0.036
0.024
-0.014
-0.055
-0.054
-0.0063
0.03
0.024
-0.017
-0.058
-0.076
-0.068
-0.032
0.007
0.023
0.014
0.0043
-0.0062
-0.011
-0.01
-0.0096
-0.017
-0.028
-0.027
-0.021
-0.0039
0.023
0.049
0.05
0.045
0.039
0.018
0.012
0.022
0.028
0.021
0.017
0.026
0.054
0.075
0.078
0.074
0.065
0.066
0.075
0.073
0.053
0.031
0.032
0.053
0.082
0.1
0.1
0.084
0.051
0.017
-0.009
-0.024
-0.00081
0.051
0.083
0.1
0.11
0.076
0.047
0.03
0.013
0.016
0.026
0.036
0.043
0.028
0.012
0.019
0.02
0.013
0.018
0.018
0.0072
0.00078
0.013
0.021
-0.003
-0.027
-0.032
-0.023
-0.01
0.00063
-0.0042
-0.028
-0.048
-0.045
-0.039
-0.052
-0.076
-0.063
-0.024
0.0053
0.0098
-0.00072
-0.013
-0.035
-0.065
-0.079
-0.081
-0.086
-0.093
-0.086
-0.062
-0.032
-0.0037
0.0075
0.011
0.0086
0.00047
-0.0002
-0.0099
-0.034
-0.056
-0.063
-0.064
-0.063
-0.054
-0.024
0.031
0.075
0.075
0.039
0.00084
-0.032
-0.069
-0.083
-0.061
-0.0082
0.044
0.059
0.048
0.031
0.015
-0.011
-0.033
-0.037
-0.019
0.004
0.017
0.019
0.022
0.027
0.02
0.013
0.023
0.033
0.03
0.024
0.027
0.024
0.011
-0.011
-0.033
-0.035
-0.019
0.0033
0.026
0.05
0.046
0.013
-0.012
-0.0027
0.025
0.055
0.071
0.066
0.037
-0.009
-0.04
-0.056
-0.056
-0.041
-0.0094
0.027
0.063
0.086
0.096
0.085
0.048
0.028
0.034
0.033
0.016
0.013
0.027
0.039
0.061
0.095
0.12
0.13
0.12
0.087
0.069
0.067
0.06
0.048
0.034
0.041
0.065
0.087
0.056
-0.011
-0.056
-0.062
0.013
0.11
0.16
0.15
0.11
0.027
-0.026
-0.04
-0.041
-0.0065
0.024
0.041
0.062
0.065
0.065
0.075
0.077
0.077
0.069
0.027
-0.01
-0.038
-0.059
-0.021
0.041
0.084
0.13
0.14
0.085
0.024
-0.035
-0.11
-0.13
-0.09
-0.047
0.0094
0.048
0.059
0.067
0.047
0.0077
-0.015
-0.048
-0.096
-0.12
-0.12
-0.099
-0.043
0.018
0.042
0.028
-0.0072
-0.055
-0.094
-0.1
-0.083
-0.041
-0.014
-0.033
-0.047
-0.046
-0.051
-0.047
-0.03
-0.0059
0.0084
-0.0067
-0.038
-0.067
-0.093
-0.1
-0.092
-0.056
-0.012
0.021
0.027
0.0084
-0.036
-0.065
-0.057
-0.047
-0.046
-0.018
0.017
0.037
0.044
0.036
0.031
0.029
0.021
0.0065
-0.0059
-0.0079
0.0072
0.028
0.057
0.096
0.11
0.082
0.043
-0.00026
-0.039
-0.049
-0.037
-0.024
0.0044
0.04
0.046
0.036
0.027
0.02
0.0088
-0.0006
-0.0059
-0.012
-0.02
-0.018
0.0043
0.014
0.032
0.053
0.051
0.037
0.018
0.00032
-0.028
-0.054
-0.049
-0.02
0.018
0.042
0.038
0.018
0.0085
0.0033
0.0083
0.021
0.022
0.016
0.007
-0.01
-0.019
-0.0039
0.02
0.028
0.024
0.026
0.023
0.0073
-0.016
-0.043
-0.049
-0.036
-0.03
-0.031
-0.037
-0.045
-0.058
-0.051
-0.028
-0.02
-0.013
0.0019
0.0067
-0.0091
-0.025
-0.031
-0.028
-0.017
-0.01
-0.011
-0.019
-0.034
-0.038
-0.029
-0.016
-0.015
-0.017
-0.011
-0.0065
0.0052
0.0095
-0.0041
-0.016
-0.0088
0.011
0.029
0.036
0.034
0.024
0.0061
-0.0024
0.014
0.044
0.062
0.047
0.025
0.026
0.04
0.05
0.054
0.055
0.053
0.055
0.05
0.051
0.065
0.071
0.066
0.059
0.043
0.04
0.051
0.052
0.046
0.038
0.027
0.024
0.021
0.0098
0.0096
0.032
0.059
0.07
0.066
0.06
0.059
0.062
0.063
0.056
0.054
0.053
0.033
0.007
-0.012
-0.024
-0.033
-0.02
0.022
0.072
0.095
0.086
0.068
0.059
0.071
0.099
0.095
0.05
-0.0018
-0.026
-0.023
0.00023
0.034
0.068
0.091
0.091
0.084
0.063
0.037
0.02
0.0021
-0.018
-0.0061
0.018
0.022
0.029
0.038
0.047
0.062
0.068
0.06
0.035
-0.0023
-0.023
-0.025
-0.01
0.013
0.019
0.0075
-0.0072
-0.013
-0.0044
-0.0011
-0.0073
-0.0075
-0.0034
-0.0027
0.0056
0.0089
-0.0079
-0.028
-0.041
-0.043
-0.021
0.0059
0.023
0.028
0.015
-0.015
-0.058
-0.087
-0.084
-0.075
-0.073
-0.05
-0.034
-0.045
-0.059
-0.066
-0.067
-0.061
-0.065
-0.08
-0.09
-0.099
-0.1
-0.089
-0.066
-0.053
-0.057
-0.052
-0.042
-0.042
-0.068
-0.087
-0.075
-0.052
-0.041
-0.046
-0.058
-0.082
-0.1
-0.096
-0.068
-0.05
-0.06
-0.077
-0.09
-0.1
-0.11
-0.087
-0.063
-0.063
-0.065
-0.046
-0.035
-0.041
-0.041
-0.034
-0.025
-0.016
-0.0067
-0.0072
-0.022
-0.041
-0.06
-0.083
-0.078
-0.056
-0.049
-0.049
-0.045
-0.042
-0.029
-0.004
0.0018
-0.0033
-0.0039
-0.0057
-0.023
-0.035
-0.025
-0.019
-0.019
-0.023
-0.015
0.00084
0.0055
0.0043
0.002
0.0042
0.0094
0.01
0.021
0.019
-0.0026
-0.016
-0.033
-0.042
-0.021
0.009
0.024
0.0098
-0.024
-0.037
-0.017
0.007
0.022
0.018
-0.0027
-0.028
-0.033
-0.0093
0.019
0.032
0.029
0.012
-0.015
-0.036
-0.053
-0.061
-0.059
-0.049
-0.025
0.0012
0.0089
-0.007
-0.02
-0.029
-0.032
-0.027
-0.032
-0.03
-0.013
0.0011
-0.0017
-0.011
-0.018
-0.014
-0.019
-0.029
-0.02
-0.011
-0.0079
-0.026
-0.05
-0.041
-0.014
0.019
0.044
0.042
0.018
-0.0035
-0.023
-0.026
-0.0087
0.017
0.047
0.057
0.046
0.042
0.046
0.055
0.059
0.06
0.064
0.073
0.074
0.061
0.048
0.033
0.044
0.064
0.064
0.066
0.074
0.063
0.039
0.029
0.031
0.057
0.084
0.086
0.083
0.082
0.079
0.074
0.059
0.057
0.065
0.067
0.061
0.041
0.023
0.017
0.017
0.037
0.057
0.039
0.0098
-0.0043
-0.016
-0.017
-0.0055
0.0014
-0.0006
0.0023
0.011
0.025
0.036
0.043
0.038
0.0016
-0.024
-0.029
-0.029
-0.031
-0.018
0.0011
0.028
0.059
0.062
0.054
0.036
-0.0061
-0.042
-0.057
-0.061
-0.04
-0.013
-0.013
-0.0077
0.019
0.04
0.039
0.038
0.036
0.027
0.028
0.032
0.018
-0.0092
-0.027
-0.032
-0.0091
0.024
0.047
0.071
0.079
0.072
0.061
0.041
0.018
0.0056
-0.0047
-0.023
-0.029
-0.0077
0.037
0.077
0.087
0.063
0.038
0.03
0.013
-0.0074
-0.013
-0.0032
0.012
0.021
0.033
0.025
0.0047
-0.0014
-0.0069
-0.022
-0.03
-0.022
-0.02
-0.026
-0.04
-0.048
-0.052
-0.049
-0.037
-0.034
-0.026
-0.023
-0.023
-0.018
-0.012
-0.018
-0.037
-0.062
-0.071
-0.045
-0.004
0.011
-0.0038
-0.031
-0.049
-0.038
-0.02
-0.024
-0.017
0.016
0.032
0.0083
-0.02
-0.042
-0.053
-0.041
-0.013
0.021
0.031
0.038
0.059
0.057
0.025
-0.018
-0.039
-0.021
-0.014
-0.027
-0.01
0.038
0.072
0.073
0.066
0.07
0.091
0.09
0.085
0.081
0.06
0.03
-0.011
-0.03
-0.016
0.011
0.041
0.068
0.098
0.12
0.13
0.15
0.17
0.15
0.041
-0.1
-0.13
-0.04
0.035
0.082
0.11
0.14
0.15
0.076
0.0058
0.043
0.094
0.055
-0.043
-0.088
-0.053
0.0094
0.061
0.084
0.088
0.057
0.036
0.036
0.021
0.0016
-0.028
-0.047
-0.029
-0.00099
0.027
0.037
0.032
0.036
0.064
0.093
0.086
0.048
-0.018
-0.093
-0.087
-0.021
0.0081
0.017
0.044
0.043
0.041
0.043
0.039
0.03
0.021
0.017
0.022
0.031
0.022
0.0013
0.0064
0.029
0.04
0.028
0.0088
-0.01
-0.024
-0.0016
0.039
0.076
0.084
0.053
0.031
0.028
0.032
0.042
0.043
0.033
0.047
0.065
0.051
0.026
0.0062
-0.0005
0.015
0.04
0.053
0.06
0.064
0.056
0.04
0.024
0.021
0.04
0.061
0.071
0.065
0.029
-0.021
-0.064
-0.071
-0.034
0.009
0.043
0.054
0.044
0.017
-0.015
-0.027
-0.0099
0.024
0.042
0.032
0.015
-0.0058
-0.031
-0.061
-0.083
-0.11
-0.11
-0.053
0.023
0.064
0.062
0.049
0.022
-0.015
-0.037
-0.037
-0.021
-0.0096
0.0028
0.013
0.01
0.0026
-0.018
-0.046
-0.045
-0.034
-0.022
-0.00038
0.022
0.018
0.016
0.035
0.045
0.032
0.019
0.024
0.035
0.046
0.056
0.061
0.055
0.044
0.031
0.017
0.032
0.064
0.094
0.11
0.085
0.056
0.044
0.023
-0.0033
-0.013
-0.014
-0.0038
0.023
0.066
0.095
0.093
0.077
0.068
0.059
0.045
0.03
0.02
0.016
0.014
0.0077
0.0076
0.0041
-0.0083
-0.019
-0.026
-0.032
-0.038
-0.049
-0.047
-0.038
-0.031
-0.034
-0.034
-0.014
-0.022
-0.052
-0.072
-0.086
-0.085
-0.082
-0.084
-0.062
-0.043
-0.035
-0.034
-0.042
-0.046
-0.058
-0.068
-0.07
-0.063
-0.055
-0.04
-0.031
-0.024
-0.019
-0.04
-0.061
-0.07
-0.063
-0.033
0.0018
0.017
0.013
-0.0053
-0.028
-0.045
-0.038
-0.014
-0.0043
-0.0083
-0.01
-0.013
-0.024
-0.034
-0.039
-0.027
-0.0011
0.019
0.021
0.011
-0.0072
-0.023
-0.029
-0.028
-0.016
-0.0082
-0.00078
0.0056
-0.0029
-0.008
-0.0048
-0.018
-0.034
-0.038
-0.033
-0.013
0.0039
0.0078
0.021
0.037
0.037
0.023
-0.0028
-0.013
-0.0075
-0.012
-0.014
-0.013
-0.0057
0.016
0.034
0.035
0.022
0.0054
-0.0037
-0.011
-0.014
-0.0015
0.022
0.03
0.017
0.0018
-0.006
-0.0015
-0.00056
-0.0045
-0.01
-0.017
-0.03
-0.037
-0.027
-0.018
-0.0036
0.01
0.021
0.024
0.018
0.0017
-0.0097
-0.0079
-0.023
-0.041
-0.034
0.00096
0.032
0.035
0.02
-0.0028
-0.021
-0.038
-0.043
-0.033
-0.018
-0.011
-0.02
-0.024
-0.031
-0.039
-0.051
-0.062
-0.068
-0.068
-0.053
-0.03
-0.015
-0.013
-0.0072
-0.015
-0.034
-0.044
-0.037
-0.031
-0.035
-0.023
-0.012
-0.022
-0.027
-0.03
-0.034
-0.042
-0.037
-0.027
-0.026
-0.025
-0.035
-0.042
-0.041
-0.038
-0.036
-0.036
-0.029
-0.035
-0.052
-0.055
-0.051
-0.051
-0.048
-0.039
-0.041
-0.04
-0.032
-0.024
-0.016
-0.019
-0.034
-0.051
-0.064
-0.069
-0.047
-0.024
-0.019
-0.034
-0.047
-0.049
-0.047
-0.042
-0.037
-0.04
-0.049
-0.055
-0.052
-0.036
-0.026
-0.037
-0.038
-0.03
-0.042
-0.059
-0.063
-0.049
-0.032
-0.021
-0.0048
0.027
0.045
0.031
0.0098
-0.0039
-0.0021
0.00029
0.0038
0.012
-0.0057
-0.04
-0.068
-0.073
-0.06
-0.041
-0.017
0.012
0.035
0.013
-0.014
-0.031
-0.046
-0.046
-0.042
-0.048
-0.069
-0.081
-0.088
-0.071
-0.026
0.021
0.037
0.02
-0.0047
-0.022
-0.022
-0.014
-0.017
-0.037
-0.049
-0.045
-0.023
0.0096
0.019
0.00035
-0.016
-0.034
-0.046
-0.063
-0.09
-0.098
-0.071
-0.034
-0.0064
0.016
0.031
0.027
0.0069
-0.0042
-0.012
-0.028
-0.037
-0.035
-0.029
-0.0061
0.023
0.031
0.016
-0.012
-0.034
-0.042
-0.041
-0.029
-0.02
-0.016
-0.011
-0.019
-0.033
-0.038
-0.045
-0.064
-0.073
-0.07
-0.072
-0.078
-0.071
-0.043
-0.029
-0.032
-0.028
-0.022
-0.017
-0.013
-0.0024
0.0065
0.021
0.032
0.023
0.019
0.025
0.031
0.033
0.035
0.034
0.036
0.041
0.037
0.027
0.024
0.025
0.024
0.045
0.066
0.058
0.042
0.034
0.033
0.027
0.017
0.012
0.028
0.042
0.049
0.059
0.077
0.092
0.08
0.055
0.029
0.01
0.0011
0.0047
0.024
0.051
0.088
0.12
0.13
0.12
0.086
0.05
0.027
0.035
0.073
0.11
0.11
0.11
0.09
0.074
0.066
0.064
0.074
0.083
0.079
0.11
0.18
0.21
0.16
0.097
0.089
0.13
0.15
0.16
0.15
0.13
0.13
0.13
0.14
0.16
0.18
0.16
0.13
0.12
0.1
0.088
0.11
0.12
0.12
0.11
0.1
0.08
0.061
0.063
0.088
0.11
0.13
0.14
0.12
0.09
0.063
0.049
0.059
0.079
0.11
0.13
0.12
0.062
0.027
0.1
0.17
0.14
0.072
0.067
0.1
0.11
0.086
0.087
0.11
0.12
0.12
0.11
0.094
0.09
0.069
0.067
0.1
0.12
0.1
0.084
0.095
0.093
0.054
0.012
0.0028
0.0074
0.017
0.036
0.047
0.048
0.049
0.037
-0.0022
-0.034
-0.055
-0.057
-0.039
-0.012
0.026
0.051
0.042
0.024
0.0018
-0.026
-0.034
-0.011
0.0079
0.0089
-0.0035
-0.019
-0.024
-0.034
-0.031
-0.014
0.0032
0.017
0.0093
-0.006
-0.014
-0.0068
0.0077
0.015
0.018
0.017
0.0019
-0.019
-0.02
0.014
0.065
0.11
0.12
0.083
0.024
-0.0083
0.0081
0.051
0.092
0.1
0.078
0.032
-0.0045
-0.016
-0.0087
0.015
0.044
0.067
0.087
0.09
0.068
0.051
0.056
0.072
0.079
0.058
0.025
-0.0099
-0.013
0.026
0.087
0.14
0.16
0.14
0.093
0.063
0.03
0.013
0.013
-0.0084
-0.035
-0.029
0.015
0.058
0.074
0.07
0.064
0.065
0.069
0.055
0.035
0.02
0.0036
0.0022
0.02
0.061
0.1
0.12
0.11
0.1
0.088
0.075
0.069
0.073
0.089
0.1
0.12
0.12
0.1
0.086
0.075
0.081
0.091
0.098
0.11
0.11
0.1
0.081
0.061
0.045
0.039
0.04
0.025
-0.0072
-0.019
-0.0064
-0.00038
-0.0044
-0.0026
0.0036
0.0037
-0.0098
-0.023
-0.033
-0.038
-0.044
-0.055
-0.06
-0.07
-0.086
-0.097
-0.078
-0.042
-0.025
-0.031
-0.053
-0.099
-0.14
-0.16
-0.13
-0.1
-0.086
-0.081
-0.089
-0.11
-0.13
-0.13
-0.13
-0.13
-0.11
-0.088
-0.082
-0.093
-0.099
-0.092
-0.083
-0.083
-0.089
-0.091
-0.086
-0.079
-0.077
-0.07
-0.064
-0.067
-0.084
-0.091
-0.088
-0.08
-0.065
-0.055
-0.051
-0.059
-0.06
-0.039
-0.016
-0.012
-0.019
-0.036
-0.063
-0.08
-0.085
-0.072
-0.051
-0.029
-0.023
-0.035
-0.051
-0.066
-0.069
-0.066
-0.051
-0.044
-0.055
-0.062
-0.076
-0.091
-0.098
-0.1
-0.1
-0.097
-0.093
-0.11
-0.13
-0.14
-0.12
-0.11
-0.097
-0.074
-0.069
-0.09
-0.12
-0.13
-0.12
-0.11
-0.11
-0.098
-0.079
-0.082
-0.11
-0.15
-0.15
-0.11
-0.081
-0.072
-0.066
-0.055
-0.074
-0.11
-0.13
-0.11
-0.078
-0.055
-0.055
-0.063
-0.064
-0.072
-0.08
-0.064
-0.038
-0.022
-0.0076
0.0023
-0.013
-0.029
-0.036
-0.033
-0.017
-0.019
-0.027
-0.025
-0.031
-0.038
-0.025
-0.024
-0.042
-0.044
-0.038
-0.021
0.0012
0.011
0.014
0.017
0.021
0.019
0.0047
-0.0098
-0.0087
-0.0069
-0.0066
0.021
0.048
0.041
0.022
-0.0079
-0.034
-0.029
-0.019
-0.014
-0.0027
0.0061
0.017
0.047
0.055
0.045
0.033
0.033
0.033
0.02
0.012
0.015
0.018
0.022
0.009
0.00066
0.0064
0.0068
0.0081
0.021
0.033
0.033
0.029
0.033
0.045
0.035
0.0038
-0.0088
0.0072
0.013
0.0095
0.011
0.0038
0.024
0.064
0.078
0.07
0.062
0.055
0.036
0.02
0.028
0.052
0.073
0.091
0.08
0.046
0.018
-0.0025
0.013
0.056
0.096
0.11
0.096
0.093
0.081
0.061
0.061
0.083
0.094
0.097
0.11
0.12
0.098
0.071
0.066
0.076
0.086
0.075
0.052
0.027
0.028
0.053
0.091
0.12
0.11
0.076
0.023
-0.023
-0.026
0.014
0.048
0.064
0.068
0.059
0.029
-0.01
-0.041
-0.046
-0.02
-0.0022
-0.016
-0.023
-0.0051
-0.005
-0.026
-0.041
-0.049
-0.064
-0.074
-0.067
-0.045
-0.023
-0.018
0.0056
0.037
0.039
0.0047
-0.048
-0.07
-0.038
0.0092
0.036
0.05
0.058
0.057
0.03
-0.0054
-0.007
0.016
0.043
0.059
0.079
0.1
0.11
0.075
0.0083
-0.054
-0.061
-0.025
0.027
0.061
0.038
-0.00072
-0.025
-0.034
-0.03
-0.011
-0.02
-0.026
-0.0083
-0.00075
-0.016
-0.026
-0.029
-0.014
0.032
0.047
0.028
-0.0091
-0.017
0.011
0.025
0.022
0.025
0.024
0.03
0.054
0.049
0.038
0.037
0.034
0.044
0.058
0.053
0.058
0.072
0.068
0.058
0.034
0.0078
-0.0043
0.0016
0.04
0.058
0.032
-0.007
-0.029
-0.025
0.0074
0.034
0.03
0.021
0.0089
-0.00099
-0.011
-0.021
-0.025
-0.034
-0.05
-0.05
-0.04
-0.022
-0.021
-0.031
-0.045
-0.053
-0.054
-0.059
-0.05
-0.033
-0.023
-0.024
-0.04
-0.063
-0.051
-0.014
0.0075
0.026
0.021
-0.011
-0.028
-0.0052
0.012
0.014
0.0077
-0.0018
0.0016
0.022
0.038
0.018
-0.0069
-0.013
-0.013
0.00087
0.018
0.021
0.014
0.0093
0.014
0.028
0.039
0.04
0.029
0.024
0.044
0.058
0.042
0.032
0.04
0.04
0.023
0.0076
0.014
0.025
0.041
0.058
0.058
0.027
-0.012
-0.029
-0.028
-0.011
-0.0082
-0.031
-0.043
-0.034
-0.031
-0.04
-0.04
-0.037
-0.051
-0.075
-0.084
-0.07
-0.059
-0.045
-0.022
-0.0098
-0.021
-0.045
-0.072
-0.091
-0.085
-0.061
-0.036
-0.03
-0.039
-0.043
-0.045
-0.057
-0.059
-0.063
-0.065
-0.04
-0.0019
0.033
0.049
0.021
-0.011
-0.025
-0.044
-0.051
-0.034
-0.018
-0.016
-0.021
-0.029
-0.0078
0.0078
-0.014
-0.028
-0.032
-0.035
-0.038
-0.036
-0.018
0.0068
0.022
0.028
0.023
0.0036
-0.0028
-0.00081
-0.0023
0.016
0.036
0.044
0.038
0.019
0.03
0.063
0.07
0.052
0.022
0.013
0.038
0.076
0.11
0.12
0.11
0.087
0.061
0.043
0.042
0.064
0.093
0.11
0.089
0.059
0.046
0.064
0.076
0.058
0.043
0.052
0.061
0.051
0.038
0.032
0.022
0.026
0.038
0.049
0.058
0.054
0.047
0.053
0.048
0.027
0.0096
-0.0022
0.018
0.056
0.09
0.11
0.096
0.058
0.017
-0.0088
-0.025
-0.015
0.017
0.042
0.067
0.071
0.045
0.0084
-0.017
-0.025
-0.015
0.013
0.036
0.021
-0.0084
-0.014
0.0051
0.027
0.029
0.0031
-0.021
-0.0099
0.018
0.035
0.02
-0.0026
-0.0011
0.023
0.042
0.041
0.022
0.016
0.03
0.031
0.029
0.036
0.04
0.043
0.046
0.046
0.043
0.046
0.046
0.061
0.083
0.096
0.088
0.07
0.049
0.038
0.043
0.066
0.1
0.12
0.11
0.08
0.057
0.052
0.055
0.058
0.064
0.082
0.099
0.1
0.077
0.042
0.018
-0.0022
-0.0084
0.0018
0.016
0.041
0.059
0.054
0.033
0.0067
-0.021
-0.033
0.00029
0.047
0.08
0.08
0.053
0.022
0.0025
0.0025
0.0086
0.021
0.035
0.041
0.04
0.033
-0.00044
-0.034
-0.037
-0.037
-0.035
-0.026
-0.018
-0.011
-0.0006
0.016
0.04
0.049
0.028
-0.015
-0.045
-0.048
-0.032
-0.027
-0.034
-0.043
-0.044
-0.043
-0.055
-0.071
-0.076
-0.068
-0.06
-0.061
-0.06
-0.045
-0.024
-0.029
-0.045
-0.06
-0.08
-0.082
-0.067
-0.06
-0.07
-0.097
-0.13
-0.11
-0.053
-0.012
-0.00084
0.0046
-0.0061
-0.035
-0.048
-0.034
0.0012
0.015
0.0035
-0.0023
-0.012
-0.029
-0.052
-0.06
-0.042
-0.0053
0.025
0.034
0.017
-0.012
-0.031
-0.032
-0.02
-0.0076
0.0009
0.023
0.045
0.047
0.031
-0.0037
-0.031
-0.026
-0.0079
-0.013
-0.035
-0.044
-0.027
-0.0041
0.0025
0.0017
-0.001
-0.0044
-0.019
-0.037
-0.041
-0.041
-0.045
-0.053
-0.056
-0.062
-0.063
-0.067
-0.071
-0.065
-0.062
-0.069
-0.07
-0.059
-0.049
-0.053
-0.063
-0.075
-0.092
-0.11
-0.12
-0.12
-0.11
-0.11
-0.14
-0.17
-0.16
-0.13
-0.12
-0.13
-0.15
-0.17
-0.17
-0.16
-0.14
-0.13
-0.11
-0.092
-0.076
-0.06
-0.033
0.011
0.051
0.084
0.11
0.15
0.18
0.21
0.24
0.28
0.31
0.31
0.3
0.27
0.24
0.2
0.17
0.15
0.12
0.089
0.051
0.0069
-0.038
-0.079
-0.11
-0.14
-0.16
-0.16
-0.14
-0.12
-0.11
-0.11
-0.11
-0.092
-0.073
-0.058
-0.03
0.014
0.049
0.076
0.085
0.087
0.1
0.12
0.14
0.16
0.17
0.17
0.15
0.13
0.1
0.096
0.1
0.092
0.075
0.072
0.081
0.08
0.071
0.068
0.077
0.089
0.087
0.086
0.092
0.095
0.1
0.12
0.13
0.13
0.13
0.12
0.11
0.11
0.13
0.15
0.16
0.15
0.13
0.12
0.13
0.12
0.1
0.097
0.099
0.11
0.12
0.12
0.11
0.1
0.098
0.095
0.087
0.085
0.092
0.11
0.13
0.11
0.083
0.06
0.055
0.066
0.083
0.094
0.084
0.063
0.051
0.062
0.07
0.069
0.062
0.053
0.044
0.033
0.029
0.031
0.029
0.016
0.018
0.029
0.022
0.0067
-0.00081
-0.002
-0.0048
-0.01
-0.023
-0.035
-0.035
-0.032
-0.034
-0.042
-0.046
-0.054
-0.06
-0.057
-0.063
-0.082
-0.11
-0.13
-0.13
-0.13
-0.13
-0.14
-0.14
-0.15
-0.17
-0.19
-0.2
-0.19
-0.18
-0.17
-0.17
-0.17
-0.17
-0.17
-0.16
-0.14
-0.12
-0.11
-0.1
-0.11
-0.11
-0.11
-0.12
-0.11
-0.11
-0.086
-0.075
-0.084
-0.12
-0.15
-0.15
-0.14
-0.12
-0.11
-0.12
-0.13
-0.11
-0.1
-0.11
-0.12
-0.12
-0.12
-0.12
-0.12
-0.11
-0.1
-0.099
-0.096
-0.093
-0.087
-0.083
-0.078
-0.077
-0.077
-0.079
-0.085
-0.086
-0.075
-0.072
-0.082
-0.085
-0.08
-0.071
-0.06
-0.054
-0.063
-0.076
-0.083
-0.089
-0.079
-0.063
-0.046
-0.035
-0.04
-0.056
-0.07
-0.074
-0.085
-0.11
-0.11
-0.089
-0.062
-0.061
-0.077
-0.097
-0.1
-0.1
-0.09
-0.082
-0.071
-0.065
-0.063
-0.054
-0.05
-0.065
-0.079
-0.067
-0.047
-0.048
-0.063
-0.076
-0.093
-0.084
-0.057
-0.035
-0.026
-0.034
-0.053
-0.051
-0.015
0.016
0.02
0.0022
-0.022
-0.034
-0.026
-0.0048
0.016
0.034
0.047
0.055
0.056
0.053
0.046
0.031
0.014
0.0076
0.009
0.0066
0.013
0.014
-0.004
-0.028
-0.033
-0.024
-0.015
-0.0058
-0.00011
-0.005
-0.0038
0.0054
0.0083
0.0098
0.0097
-0.0075
-0.022
-0.016
-0.014
-0.012
-0.015
-0.023
-0.031
-0.037
-0.034
-0.026
-0.025
-0.033
-0.033
-0.021
-0.01
-0.016
-0.026
-0.032
-0.043
-0.049
-0.058
-0.065
-0.055
-0.053
-0.072
-0.092
-0.11
-0.12
-0.1
-0.073
-0.055
-0.069
-0.091
-0.092
-0.074
-0.054
-0.049
-0.031
0.0098
0.043
0.05
0.029
0.0017
0.025
0.094
0.16
0.19
0.19
0.17
0.17
0.22
0.3
0.33
0.27
0.19
0.15
0.17
0.2
0.23
0.25
0.25
0.23
0.2
0.2
0.23
0.26
0.26
0.2
0.1
0.0061
-0.044
-0.056
-0.04
-0.011
-0.043
-0.19
-0.42
-0.61
-0.69
-0.63
-0.48
-0.34
-0.3
-0.35
-0.43
-0.49
-0.52
-0.56
-0.63
-0.72
-0.8
-0.82
-0.74
-0.59
-0.42
-0.21
0.038
0.22
0.26
0.2
0.11
0.1
0.15
0.2
0.17
0.038
-0.17
-0.37
-0.54
-0.63
-0.65
-0.61
-0.56
-0.52
-0.51
-0.52
-0.49
-0.43
-0.31
-0.15
0.039
0.2
0.31
0.38
0.41
0.41
0.41
0.39
0.36
0.34
0.34
0.35
0.35
0.33
0.32
0.32
0.33
0.33
0.31
0.3
0.32
0.38
0.45
0.52
0.54
0.51
0.46
0.41
0.39
0.4
0.43
0.44
0.43
0.41
0.41
0.39
0.34
0.26
0.16
0.067
-0.0071
-0.066
-0.11
-0.14
-0.19
-0.26
-0.37
-0.49
-0.61
-0.7
-0.72
-0.7
-0.66
-0.63
-0.58
-0.52
-0.45
-0.37
-0.28
-0.19
-0.13
-0.13
-0.13
-0.098
-0.054
-0.033
0.0011
0.056
0.1
0.11
0.085
0.055
0.012
-0.043
-0.078
-0.074
-0.053
-0.025
0.032
0.087
0.11
0.098
0.073
0.074
0.058
0.039
0.024
-0.00044
-0.038
-0.073
-0.069
-0.038
-0.0053
0.019
0.059
0.11
0.16
0.19
0.2
0.21
0.21
0.2
0.18
0.18
0.2
0.24
0.28
0.28
0.26
0.25
0.26
0.26
0.21
0.16
0.11
0.1
0.13
0.16
0.18
0.17
0.14
0.13
0.15
0.19
0.2
0.21
0.2
0.2
0.19
0.19
0.19
0.18
0.16
0.13
0.096
0.067
0.048
0.042
0.05
0.055
0.062
0.07
0.077
0.07
0.061
0.065
0.083
0.12
0.16
0.18
0.19
0.2
0.22
0.22
0.2
0.16
0.13
0.087
0.05
0.025
0.0073
0.0052
0.019
0.031
0.026
0.014
0.003
-0.0039
0.0011
0.02
0.045
0.083
0.13
0.17
0.19
0.21
0.23
0.25
0.26
0.27
0.29
0.33
0.37
0.39
0.39
0.37
0.36
0.35
0.33
0.31
0.28
0.24
0.2
0.17
0.15
0.12
0.1
0.09
0.082
0.065
0.036
0.0049
-0.0072
-0.01
-0.02
-0.026
-0.02
-0.0096
0.0069
0.035
0.069
0.095
0.11
0.12
0.14
0.16
0.18
0.19
0.2
0.21
0.22
0.23
0.24
0.23
0.22
0.21
0.2
0.18
0.15
0.12
0.078
0.034
-0.0084
-0.049
-0.082
-0.1
-0.12
-0.14
-0.17
-0.19
-0.2
-0.19
-0.15
-0.13
-0.11
-0.11
-0.099
-0.089
-0.064
-0.033
0.0061
0.043
0.068
0.091
0.11
0.13
0.15
0.15
0.13
0.12
0.12
0.14
0.15
0.14
0.11
0.062
0.011
-0.05
-0.11
-0.15
-0.16
-0.16
-0.14
-0.1
-0.069
-0.047
-0.029
-0.014
-0.0064
0.00041
0.0023
0.0006
-0.0022
-0.0086
-0.019
-0.032
-0.053
-0.077
-0.098
-0.12
-0.14
-0.16
-0.16
-0.15
-0.12
-0.086
-0.031
0.031
0.085
0.13
0.16
0.19
0.22
0.24
0.26
0.28
0.29
0.29
0.3
0.31
0.33
0.34
0.34
0.32
0.31
0.31
0.31
0.31
0.3
0.28
0.26
0.26
0.25
0.24
0.22
0.19
0.15
0.13
0.11
0.092
0.064
0.051
0.042
0.016
-0.022
-0.065
-0.086
-0.072
-0.035
-0.003
0.00069
-0.014
-0.037
-0.047
-0.053
-0.061
-0.055
-0.03
0.0097
0.044
0.051
0.031
0.0038
-0.013
-0.0042
0.024
0.047
0.062
0.083
0.11
0.12
0.14
0.15
0.16
0.17
0.16
0.16
0.15
0.14
0.14
0.15
0.15
0.14
0.12
0.097
0.093
0.1
0.12
0.14
0.14
0.12
0.11
0.11
0.098
0.095
0.091
0.091
0.089
0.081
0.064
0.049
0.046
0.052
0.052
0.041
0.017
-0.0012
0.0014
0.022
0.042
0.046
0.038
0.024
0.02
0.023
0.031
0.035
0.033
0.028
0.028
0.028
0.022
0.012
0.01
0.023
0.039
0.049
0.049
0.044
0.034
0.029
0.034
0.044
0.051
0.058
0.068
0.079
0.073
0.062
0.068
0.095
0.13
0.16
0.17
0.16
0.15
0.15
0.15
0.16
0.15
0.14
0.13
0.11
0.093
0.079
0.063
0.048
0.041
0.039
0.038
0.032
0.019
0.0044
-0.011
-0.026
-0.026
-0.018
-0.0048
0.018
0.038
0.047
0.052
0.051
0.045
0.049
0.055
0.062
0.074
0.081
0.079
0.072
0.055
0.038
0.029
0.027
0.037
0.042
0.03
0.0072
-0.028
-0.06
-0.087
-0.11
-0.12
-0.12
-0.11
-0.12
-0.13
-0.13
-0.14
-0.16
-0.17
-0.16
-0.13
-0.11
-0.11
-0.088
-0.038
0.0097
-0.0021
-0.11
-0.3
-0.44
-0.43
-0.25
-0.035
