0.0046
0.014
0.0071
-0.0018
-0.0032
0.00066
0.0063
0.0073
-0.0015
-0.0043
-0.0039
-0.0043
0.0028
0.018
0.015
0.0095
0.019
0.015
-0.00029
-0.013
0.002
0.027
0.024
0.0042
-0.0027
0.0062
0.017
0.0032
-0.024
-0.017
0.011
-0.0055
-0.02
-0.0089
0.0042
0.0046
-0.007
-0.00029
0.025
0.021
-0.0063
-0.0015
0.026
0.024
0.0013
0.0059
0.027
0.022
0.0066
0.021
0.034
0.016
-0.004
0.0051
0.01
-0.004
-0.0031
0.014
0.021
0.014
0.012
0.018
0.016
0.0089
0.018
0.02
-0.0054
-0.0072
0.022
0.032
0.012
0.0079
0.026
0.024
7.6e-005
-0.0026
0.018
0.017
0.0051
0.0098
0.018
0.028
0.022
0.012
0.0067
0.014
0.0057
-0.0057
0.0023
0.02
0.028
0.017
0.0036
0.002
0.0096
0.0065
-0.0047
-0.0041
0.0005
-0.0088
-0.031
-0.022
0.009
0.011
-0.0051
-0.0096
-0.006
-0.0014
0.0081
0.0086
0.007
0.0065
0.0005
0.0027
0.0056
0.012
0.018
0.013
0.0059
0.019
0.024
0.0016
-0.0054
0.014
0.026
0.0069
-0.013
0.0057
0.03
0.023
-0.0009
-0.0033
0.02
0.027
0.0075
-0.0043
0.0091
0.016
0.011
0.0039
0.0067
0.01
0.0096
0.004
-0.0041
-0.00069
0.00041
-0.013
-0.016
-0.0069
-0.014
-0.026
-0.013
0.01
0.011
-0.011
-0.018
-0.013
-0.021
-0.032
-0.023
0.0011
0.016
0.011
0.0039
0.0036
0.0042
-0.0097
-0.015
-0.0072
0.0081
0.028
0.034
0.024
0.004
-0.0044
-0.0046
-0.0011
0.01
0.0049
-0.012
-0.013
0.0046
0.0064
-0.0033
-0.0017
0.0079
0.0081
-0.006
-0.00044
0.017
0.043
0.051
0.041
0.031
0.027
0.024
0.0095
0.0072
0.03
0.044
0.03
0.013
0.011
-0.0036
-0.0076
0.0031
-0.00099
-0.0031
-0.00035
0.0036
0.0065
0.01
0.0042
0.0011
0.0094
0.011
0.0073
0.0059
0.0075
0.0053
0.017
0.023
0.0074
-0.013
-0.014
0.0077
0.02
0.0032
-0.008
0.0022
0.016
0.0074
-0.018
-0.031
-0.0093
0.012
-0.0012
-0.012
-0.0034
0.01
0.0073
-0.00078
0.012
0.025
-0.0053
-0.013
0.031
0.049
0.014
-0.015
0.0036
0.023
-0.0011
-0.014
0.013
0.04
0.038
0.02
0.0038
-0.0058
0.0064
0.047
0.079
0.072
0.049
0.041
0.044
0.039
0.028
0.015
-0.0094
-0.015
0.0079
0.027
0.017
0.003
0.0016
-0.0021
-0.015
-0.036
-0.037
-0.018
-0.0068
0.0083
0.0079
0.0015
-0.0015
-0.0015
-0.0016
-0.0027
0.0031
0.0033
0.0035
0.009
0.027
0.028
0.011
-0.0029
-0.0015
0.0082
0.012
0.00069
-0.0084
-0.00072
0.0013
0.0028
0.006
0.00029
0.02
0.043
0.032
0.00047
0.004
0.032
0.039
0.036
0.029
0.029
0.025
0.0089
0.0045
0.0012
-0.0078
-0.007
-0.0022
-0.014
-0.026
-0.029
-0.021
-0.0082
-0.016
-0.016
0.0059
0.019
0.021
0.011
0.012
0.024
0.029
0.013
0.0041
0.017
0.032
0.039
0.029
0.02
0.022
0.02
0.0076
0.0081
0.013
0.0062
-0.0082
-0.012
-0.009
-0.02
-0.022
-0.0014
0.0078
-0.017
-0.039
-0.027
-0.014
-0.013
-0.0085
-0.0048
0.0036
0.018
0.024
0.014
0.0024
-0.0053
-0.0091
-0.009
-0.0083
0.0026
0.018
0.025
0.013
0.0022
-0.0018
0.0009
0.0087
0.0085
0.0026
0.0079
0.02
0.029
0.0087
-0.0051
-0.00066
-0.0022
-0.016
-0.023
-0.021
-0.0038
0.021
0.024
0.0061
0.00041
0.017
0.016
-0.0055
-0.0044
0.015
0.027
0.026
0.019
0.0042
-0.0065
0.003
0.0084
0.0097
0.012
0.013
0.02
0.031
0.026
-0.00084
-0.01
0.00087
0.015
0.022
0.025
0.016
0.0026
0.0029
0.003
-0.0033
-0.01
-0.011
-0.00099
-0.0009
-0.013
-0.015
-0.0015
0.022
0.03
0.023
0.016
0.018
0.017
0.02
0.014
0.01
0.012
0.0076
0.0023
0.0071
0.0073
-0.0057
-0.00023
0.018
0.0069
-0.023
-0.02
0.0089
0.013
0.0058
0.033
0.055
0.033
-0.00041
-0.016
-0.023
-0.018
-0.013
-0.0012
0.014
0.013
-4.6e-005
-0.017
-0.028
-0.032
-0.017
-0.011
-0.02
-0.021
-0.0093
0.012
0.019
0.014
-0.00078
-0.031
-0.048
-0.036
0.0033
0.032
0.034
0.018
-0.0053
-0.011
-0.015
-0.0041
0.014
0.031
0.023
0.0089
0.0046
1.5e-005
-0.0013
0.0022
0.005
0.0036
0.009
0.022
0.029
0.025
0.03
0.028
-0.00014
-0.031
-0.034
-0.0078
0.026
0.025
-0.0023
-0.0063
0.0049
0.00053
-0.013
-0.015
-0.0049
0.011
0.011
0.01
0.021
0.023
0.014
0.0025
-0.014
-0.029
-0.02
0.011
0.033
0.03
0.019
0.022
0.022
0.0089
-0.0049
-0.0063
0.012
0.029
0.028
0.0062
-0.0081
-0.0065
0.008
0.0083
-0.012
-0.024
-0.0085
0.015
0.028
0.027
0.018
0.0012
-0.0075
-0.0027
-0.0077
-0.0071
0.022
0.051
0.046
0.022
0.0093
0.0036
-0.0083
-0.0092
0.0066
0.03
0.046
0.042
0.031
0.022
0.017
0.018
0.027
0.023
0.011
0.024
0.052
0.058
0.033
0.01
-0.0014
0.0015
0.018
0.013
0.00035
0.0096
0.049
0.065
0.038
0.0031
-0.0063
0.01
0.02
0.023
0.023
0.048
0.074
0.079
0.069
0.052
0.041
0.031
0.01
-0.014
-0.046
-0.069
-0.066
-0.069
-0.09
-0.092
-0.075
-0.069
-0.077
-0.095
-0.098
-0.084
-0.079
-0.1
-0.13
-0.13
-0.099
-0.066
-0.034
-0.0059
0.023
0.054
0.072
0.07
0.071
0.069
0.066
0.07
0.066
0.054
0.046
0.051
0.047
0.033
0.0072
0.0069
0.024
0.032
0.031
0.015
0.0071
-0.00072
-0.0041
-0.0024
-0.0085
-0.026
-0.026
-0.0053
-0.0018
-0.023
-0.033
-0.027
-0.032
-0.045
-0.032
-0.0052
0.0064
0.0036
-0.0087
-0.024
-0.018
0.014
0.036
0.049
0.055
0.054
0.038
0.0072
-0.019
-0.025
-0.014
-0.016
-0.012
-0.0053
-0.016
-0.041
-0.052
-0.045
-0.046
-0.063
-0.075
-0.073
-0.055
-0.04
-0.012
0.0042
0.022
0.041
0.05
0.049
0.048
0.045
0.038
0.043
0.044
0.038
0.024
0.017
0.031
0.053
0.069
0.075
0.059
0.037
0.017
-0.0061
-0.026
-0.033
-0.039
-0.044
-0.038
-0.042
-0.034
-0.012
0.0079
0.015
0.0099
0.0019
-0.0022
0.00023
0.0035
0.016
0.041
0.055
0.057
0.043
0.027
0.037
0.062
0.073
0.067
0.051
0.032
0.018
0.0081
0.018
0.025
0.041
0.047
0.036
0.021
0.023
0.047
0.062
0.062
0.046
0.035
0.039
0.044
0.053
0.069
0.084
0.11
0.15
0.18
0.16
0.14
0.18
0.23
0.24
0.21
0.18
0.17
0.16
0.16
0.18
0.18
0.16
0.14
0.12
0.088
0.063
0.042
0.037
0.036
0.025
0.019
0.018
-0.00035
-0.035
-0.061
-0.072
-0.073
-0.059
-0.046
-0.074
-0.15
-0.24
-0.29
-0.33
-0.33
-0.27
-0.22
-0.22
-0.26
-0.32
-0.35
-0.35
-0.36
-0.38
-0.3
-0.14
-0.026
-0.014
-0.082
-0.17
-0.23
-0.25
-0.26
-0.27
-0.23
-0.13
-0.016
0.093
0.17
0.19
0.17
0.11
-0.0017
-0.16
-0.29
-0.35
-0.31
-0.22
-0.034
0.15
0.14
-0.1
-0.48
-0.8
-0.89
-0.89
-0.83
-0.62
-0.44
-0.39
-0.47
-0.57
-0.62
-0.59
-0.47
-0.35
-0.33
-0.31
-0.17
0.12
0.45
0.71
0.88
0.95
0.96
0.87
0.63
0.21
-0.055
0.012
0.15
0.19
0.16
0.17
0.17
0.028
-0.23
-0.46
-0.7
-0.88
-0.89
-0.89
-0.88
-0.58
-0.16
0.061
0.22
0.35
0.41
0.34
0.13
-0.049
-0.016
0.19
0.39
0.51
0.57
0.59
0.55
0.42
0.23
0.07
0.018
0.086
0.19
0.28
0.33
0.33
0.24
0.1
0.0033
-0.04
-0.053
-0.071
-0.084
-0.088
-0.11
-0.17
-0.24
-0.28
-0.28
-0.29
-0.33
-0.37
-0.42
-0.47
-0.48
-0.4
-0.26
-0.14
-0.086
-0.056
0.036
0.18
0.27
0.28
0.26
0.29
0.36
0.39
0.36
0.3
0.3
0.36
0.46
0.51
0.51
0.5
0.51
0.53
0.55
0.57
0.6
0.61
0.58
0.5
0.4
0.29
0.16
0.031
-0.048
-0.048
-0.018
0.0076
0.015
0.029
0.058
0.083
0.084
0.062
0.043
0.036
0.046
0.059
0.049
4.6e-005
-0.069
-0.13
-0.2
-0.29
-0.35
-0.37
-0.33
-0.26
-0.2
-0.17
-0.12
-0.066
-0.021
-0.0075
-0.011
-0.0084
0.0095
0.059
0.11
0.13
0.13
0.12
0.11
0.083
0.067
0.063
0.082
0.12
0.14
0.13
0.12
0.11
0.087
0.069
0.061
0.072
0.089
0.08
0.048
0.029
0.061
0.1
0.12
0.1
0.062
0.045
0.069
0.11
0.13
0.13
0.11
0.095
0.066
0.045
0.063
0.095
0.11
0.096
0.059
0.021
0.0068
0.027
0.05
0.063
0.063
0.056
0.051
0.051
0.054
0.054
0.04
0.006
-0.035
-0.05
-0.03
0.0037
0.0092
-0.015
-0.03
-0.037
-0.043
-0.054
-0.05
-0.031
-0.0016
-0.0021
-0.028
-0.059
-0.078
-0.076
-0.071
-0.071
-0.066
-0.048
-0.042
-0.039
-0.035
-0.06
-0.095
-0.096
-0.071
-0.055
-0.048
-0.03
-0.012
-0.0083
-0.023
-0.043
-0.064
-0.067
-0.041
-0.0038
0.028
0.049
0.063
0.069
0.066
0.056
0.05
0.048
0.049
0.06
0.081
0.097
0.097
0.084
0.057
0.036
0.036
0.041
0.042
0.038
0.033
0.028
0.0083
-0.011
-0.038
-0.055
-0.054
-0.04
-0.036
-0.033
-0.028
-0.023
-0.019
-0.016
-0.005
0.011
0.024
0.041
0.055
0.057
0.059
0.055
0.037
0.018
0.017
0.028
0.047
0.068
0.073
0.076
0.083
0.075
0.052
0.039
0.051
0.077
0.096
0.12
0.13
0.13
0.11
0.08
0.056
0.042
0.046
0.066
0.075
0.056
0.02
0.0097
0.028
0.042
0.041
0.03
0.029
0.023
0.013
-0.009
-0.026
-0.032
-0.025
-0.025
-0.037
-0.044
-0.046
-0.044
-0.048
-0.05
-0.053
-0.055
-0.049
-0.043
-0.043
-0.039
-0.014
0.024
0.041
0.029
0.02
0.02
0.018
0.026
0.037
0.055
0.083
0.1
0.11
0.11
0.11
0.12
0.11
0.1
0.092
0.097
0.11
0.11
0.078
0.05
0.031
0.024
0.037
0.049
0.046
0.037
0.045
0.058
0.06
0.054
0.04
0.026
0.015
0.011
0.0035
0.0053
0.01
0.0092
0.0076
0.0056
0.0033
4.6e-005
0.00081
0.015
0.036
0.046
0.042
0.031
0.023
0.034
0.055
0.054
0.041
0.026
0.017
0.015
0.017
0.015
0.0053
0.006
0.018
0.037
0.046
0.041
0.035
0.041
0.058
0.085
0.11
0.13
0.14
0.16
0.18
0.22
0.27
0.31
0.3
0.17
-0.14
-0.46
-0.51
-0.43
-0.68
-0.94
-0.93
-0.93
-0.92
-0.85
-0.7
-0.49
-0.21
0.021
0.11
0.1
0.12
0.2
0.26
0.23
0.098
-0.032
-0.12
-0.19
-0.23
-0.32
-0.38
-0.33
-0.2
-0.077
0.036
0.19
0.36
0.46
0.5
0.51
0.52
0.48
0.39
0.31
0.28
0.26
0.22
0.13
0.048
0.051
0.15
0.25
0.27
0.21
0.12
0.066
0.039
-0.01
-0.085
-0.14
-0.14
-0.11
-0.071
-0.021
0.027
0.06
0.072
0.061
0.023
-0.028
-0.057
-0.064
-0.074
-0.086
-0.089
-0.096
-0.099
-0.073
-0.041
-0.029
-0.029
-0.038
-0.046
-0.04
-0.034
-0.061
-0.12
-0.16
-0.18
-0.16
-0.11
-0.072
-0.053
-0.057
-0.072
-0.085
-0.088
-0.078
-0.068
-0.05
-0.032
-0.02
-0.0096
0.0027
-0.0036
-0.0095
-0.026
-0.038
-0.051
-0.069
-0.073
-0.053
-0.013
0.027
0.042
0.036
0.043
0.065
0.083
0.088
0.084
0.077
0.068
0.059
0.045
0.02
-0.0038
0.0076
0.036
0.036
0.0036
-0.024
-0.026
-0.024
-0.023
-0.028
-0.029
-0.014
0.003
0.017
0.023
0.022
0.0054
-0.018
-0.029
-0.039
-0.041
-0.018
0.0054
-0.00038
-0.0075
-0.018
-0.026
-0.021
-0.024
-0.043
-0.068
-0.082
-0.077
-0.084
-0.11
-0.13
-0.14
-0.15
-0.15
-0.13
-0.11
-0.1
-0.1
-0.11
-0.1
-0.11
-0.11
-0.1
-0.093
-0.082
-0.078
-0.08
-0.069
-0.059
-0.055
-0.053
-0.067
-0.081
-0.081
-0.082
-0.091
-0.099
-0.11
-0.12
-0.11
-0.099
-0.085
-0.072
-0.063
-0.055
-0.042
-0.0073
0.032
0.055
0.072
0.072
0.063
0.049
0.028
0.0068
0.0015
-0.0021
-0.023
-0.037
-0.034
-0.024
-0.01
0.016
0.03
0.036
0.039
0.048
0.062
0.066
0.061
0.049
0.047
0.053
0.046
0.038
0.055
0.069
0.063
0.075
0.094
0.098
0.088
0.084
0.084
0.081
0.089
0.1
0.11
0.1
0.1
0.087
0.068
0.05
0.027
0.025
0.031
0.031
0.033
0.057
0.08
0.081
0.08
0.066
0.045
0.036
0.034
0.043
0.07
0.11
0.12
0.11
0.1
0.091
0.081
0.09
0.11
0.097
0.083
0.079
0.071
0.067
0.076
0.083
0.077
0.065
0.07
0.093
0.12
0.13
0.11
0.086
0.08
0.09
0.093
0.077
0.069
0.095
0.15
0.18
0.2
0.18
0.15
0.14
0.15
0.16
0.16
0.14
0.11
0.074
0.07
0.091
0.1
0.11
0.12
0.13
0.1
0.072
0.079
0.1
0.11
0.1
0.089
0.066
0.032
0.0075
0.0096
0.042
0.063
0.067
0.062
0.06
0.058
0.062
0.058
0.042
0.017
-0.024
-0.048
-0.05
-0.06
-0.074
-0.088
-0.089
-0.091
-0.095
-0.092
-0.084
-0.074
-0.063
-0.054
-0.07
-0.079
-0.071
-0.073
-0.1
-0.15
-0.18
-0.18
-0.15
-0.13
-0.14
-0.15
-0.15
-0.14
-0.13
-0.13
-0.14
-0.15
-0.16
-0.17
-0.18
-0.19
-0.19
-0.19
-0.19
-0.19
-0.19
-0.18
-0.17
-0.15
-0.14
-0.14
-0.14
-0.13
-0.12
-0.12
-0.11
-0.1
-0.091
-0.092
-0.1
-0.11
-0.11
-0.1
-0.11
-0.11
-0.097
-0.088
-0.07
-0.05
-0.052
-0.059
-0.054
-0.064
-0.06
-0.034
-0.016
0.0034
0.011
0.016
0.029
0.047
0.053
0.047
0.036
0.021
0.016
0.012
0.0054
-0.0087
-0.027
-0.022
-0.022
-0.016
0.0073
0.028
0.03
0.043
0.058
0.058
0.053
0.055
0.069
0.086
0.083
0.063
0.039
0.04
0.056
0.072
0.094
0.11
0.096
0.083
0.078
0.074
0.084
0.091
0.089
0.066
0.039
0.034
0.045
0.055
0.053
0.049
0.041
0.037
0.038
0.036
0.04
0.048
0.053
0.043
0.038
0.04
0.037
0.029
0.016
0.019
0.031
0.047
0.054
0.05
0.047
0.052
0.072
0.087
0.091
0.074
0.061
0.053
0.047
0.049
0.051
0.055
0.06
0.063
0.066
0.069
0.077
0.073
0.064
0.063
0.067
0.053
0.042
0.048
0.052
0.053
0.049
0.043
0.044
0.055
0.061
0.054
0.042
0.028
0.029
0.03
0.03
0.031
0.04
0.05
0.043
0.029
0.021
0.028
0.05
0.053
0.03
0.0084
0.0058
0.0063
0.0058
0.012
0.016
0.023
0.032
0.039
0.035
0.018
-0.012
-0.034
-0.034
-0.014
-0.00066
-0.003
0.002
0.013
0.003
-0.022
-0.034
-0.024
-0.023
-0.023
-0.0078
0.0093
0.012
-0.0026
-0.014
-0.023
-0.031
-0.043
-0.059
-0.069
-0.059
-0.024
0.016
0.051
0.053
0.024
-0.0064
-0.015
-0.011
-0.011
-0.02
-0.041
-0.049
-0.057
-0.057
-0.044
-0.026
-0.0013
0.028
0.052
0.059
0.039
0.0088
-0.0096
-0.0057
0.0049
0.0043
-0.017
-0.031
-0.015
0.029
0.075
0.088
0.061
0.019
-0.013
-0.035
-0.042
-0.025
-0.0041
0.022
0.03
0.029
0.024
0.00096
-0.016
-0.024
-0.037
-0.035
-0.012
-0.0061
-0.017
-0.036
-0.054
-0.055
-0.057
-0.06
-0.046
-0.026
-0.013
-0.02
-0.049
-0.059
-0.028
0.01
0.026
0.017
-0.005
-0.012
-0.0065
-0.0019
-0.013
-0.034
-0.053
-0.051
-0.044
-0.04
-0.019
-0.0033
0.0066
0.014
0.014
0.0079
-0.0095
-0.018
-0.0015
0.021
0.038
0.053
0.079
0.088
0.055
-0.0066
-0.047
-0.066
-0.074
-0.062
-0.035
0.0014
0.024
0.041
0.058
0.073
0.073
0.063
0.061
0.049
0.031
0.032
0.053
0.071
0.073
0.066
0.064
0.07
0.077
0.083
0.072
0.062
0.066
0.052
0.05
0.063
0.064
0.053
-0.011
-0.094
-0.087
-0.017
0.036
0.067
0.096
0.17
0.25
0.25
0.17
0.055
-0.025
-0.054
-0.037
0.02
0.094
0.13
0.11
0.071
0.05
0.063
0.072
0.031
-0.0037
0.015
0.03
0.021
0.019
0.023
0.035
0.037
0.021
-0.00072
-0.022
-0.045
-0.081
-0.096
-0.1
-0.089
-0.052
-0.019
-0.01
-0.031
-0.054
-0.088
-0.12
-0.083
-0.058
-0.074
-0.084
-0.045
0.0019
0.02
0.012
-0.038
-0.093
-0.11
-0.078
-0.027
-0.011
-0.041
-0.057
-0.067
-0.086
-0.091
-0.1
-0.12
-0.13
-0.1
-0.08
-0.092
-0.11
-0.13
-0.12
-0.13
-0.13
-0.12
-0.12
-0.12
-0.13
-0.12
-0.092
-0.077
-0.067
-0.069
-0.075
-0.083
-0.086
-0.086
-0.082
-0.069
-0.071
-0.1
-0.13
-0.13
-0.11
-0.071
-0.033
-0.011
0.0016
-0.015
-0.043
-0.07
-0.094
-0.12
-0.11
-0.074
-0.039
-0.022
-0.018
-0.015
-0.016
-0.012
-0.0086
-0.0083
-0.0036
-0.0048
-0.0024
-0.018
-0.036
-0.024
-0.00075
0.019
0.007
-0.016
-0.043
-0.055
-0.027
0.022
0.044
0.019
-0.0075
-0.012
0.028
0.08
0.092
0.069
0.049
0.06
0.081
0.083
0.065
0.046
0.03
0.024
0.037
0.057
0.056
0.037
0.034
0.048
0.06
0.076
0.092
0.085
0.045
0.015
0.012
0.03
0.056
0.075
0.089
0.11
0.1
0.089
0.084
0.076
0.047
0.028
0.047
0.067
0.073
0.084
0.091
0.072
0.055
0.067
0.07
0.035
0.0028
-0.0085
0.0041
0.033
0.043
0.032
0.019
0.028
0.051
0.086
0.11
0.094
0.064
0.047
0.045
0.045
0.045
0.026
-0.0017
-0.0019
0.008
0.022
0.036
0.04
0.041
0.037
0.029
0.0091
0.0072
0.013
0.026
0.036
0.044
0.05
0.037
0.024
0.041
0.074
0.074
0.046
0.032
0.024
0.019
0.033
0.047
0.053
0.058
0.069
0.061
0.035
0.015
0.01
0.02
0.037
0.046
0.027
0.0085
0.013
0.028
0.03
0.018
0.0034
-0.0016
0.0061
0.025
0.046
0.055
0.056
0.052
0.035
0.019
0.0073
0.012
0.03
0.04
0.039
0.033
0.024
0.012
0.018
0.024
0.027
0.02
0.01
0.014
0.018
0.02
0.041
0.07
0.082
0.075
0.068
0.053
0.037
0.023
0.012
0.0062
0.012
0.023
0.021
0.0085
0.0022
0.0082
0.024
0.04
0.037
0.025
0.025
0.028
0.032
0.031
0.028
0.037
0.06
0.064
0.042
0.022
0.019
0.018
0.0042
-0.0063
-0.011
-0.012
-0.0097
-0.014
-0.017
-0.03
-0.037
-0.034
-0.038
-0.048
-0.06
-0.056
-0.044
-0.042
-0.045
-0.044
-0.049
-0.051
-0.04
-0.031
-0.042
-0.066
-0.085
-0.084
-0.071
-0.066
-0.068
-0.064
-0.062
-0.064
-0.059
-0.066
-0.077
-0.076
-0.064
-0.058
-0.052
-0.054
-0.061
-0.072
-0.081
-0.077
-0.063
-0.056
-0.053
-0.048
-0.048
-0.046
-0.043
-0.046
-0.058
-0.062
-0.046
-0.046
-0.055
-0.04
-0.038
-0.04
-0.027
-0.017
-0.024
-0.034
-0.042
-0.051
-0.05
-0.027
-0.0021
0.016
0.019
0.0092
0.0091
0.018
0.02
0.019
0.028
0.029
0.0099
-0.0028
-0.0034
-0.0051
-0.017
-0.014
0.0061
0.016
0.018
0.024
0.019
0.0066
0.0042
0.011
0.024
0.039
0.032
0.025
0.026
0.012
-0.017
-0.047
-0.041
-0.013
0.028
0.075
0.11
0.12
0.11
0.085
0.064
0.049
0.052
0.043
0.023
-0.0097
-0.024
-0.012
0.014
0.05
0.079
0.095
0.092
0.077
0.065
0.063
0.043
-0.002
-0.035
-0.037
-0.014
0.031
0.074
0.085
0.083
0.086
0.074
0.05
0.029
0.0047
-0.017
-0.026
-0.015
-0.00029
0.026
0.07
0.12
0.15
0.15
0.1
0.039
-0.0034
-0.02
-0.006
0.017
0.03
0.042
0.062
0.088
0.12
0.14
0.14
0.13
0.099
0.064
0.033
-0.0037
-0.013
0.0093
0.049
0.076
0.08
0.075
0.065
0.044
0.024
0.024
0.026
0.017
0.011
0.024
0.048
0.071
0.092
0.093
0.081
0.07
0.058
0.044
0.025
0.019
0.039
0.07
0.088
0.089
0.084
0.063
0.041
0.029
0.03
0.038
0.057
0.083
0.091
0.086
0.075
0.057
0.032
0.025
0.033
0.032
0.034
0.026
0.019
0.034
0.04
0.042
0.043
0.046
0.041
0.036
0.028
0.018
0.01
0.02
0.041
0.056
0.062
0.063
0.07
0.087
0.11
0.12
0.1
0.069
0.044
0.042
0.044
0.034
0.019
0.0016
-0.0035
0.024
0.072
0.098
0.077
0.047
0.023
0.01
0.0064
0.018
0.034
0.042
0.04
0.031
0.028
0.035
0.036
0.035
0.042
0.042
0.022
-0.0088
-0.021
-0.0016
0.019
0.019
-0.00075
-0.0088
-0.0051
0.0071
0.03
0.027
0.0042
-0.022
-0.033
-0.028
-0.011
-0.0033
-0.024
-0.041
-0.033
-0.024
-0.018
-0.02
-0.038
-0.071
-0.088
-0.096
-0.099
-0.089
-0.075
-0.077
-0.094
-0.087
-0.068
-0.053
-0.028
-0.0061
-0.0021
-0.015
-0.034
-0.057
-0.063
-0.062
-0.067
-0.074
-0.074
-0.066
-0.076
-0.082
-0.083
-0.083
-0.073
-0.069
-0.076
-0.082
-0.077
-0.076
-0.081
-0.088
-0.1
-0.11
-0.11
-0.09
-0.092
-0.087
-0.076
-0.081
-0.095
-0.096
-0.095
-0.11
-0.099
-0.08
-0.082
-0.081
-0.049
-0.047
-0.07
-0.066
-0.053
-0.049
-0.06
-0.079
-0.072
-0.044
-0.021
-0.025
-0.053
-0.069
-0.059
-0.042
-0.043
-0.055
-0.059
-0.04
-0.026
-0.02
-0.0098
-0.014
-0.021
-0.04
-0.055
-0.043
-0.036
-0.021
-0.011
-0.0095
-0.018
-0.035
-0.055
-0.05
-0.029
-0.036
-0.044
-0.04
-0.021
0.00017
0.019
0.028
0.014
-0.0057
-0.024
-0.051
-0.066
-0.061
-0.039
-0.0067
0.028
0.048
0.058
0.046
0.013
-0.023
-0.041
-0.038
-0.041
-0.055
-0.072
-0.062
-0.023
0.011
0.03
0.034
0.033
0.024
0.022
0.012
-0.0036
-0.0087
-0.0079
-0.0038
0.0094
0.032
0.04
0.033
0.02
0.0016
0.0015
0.018
0.03
0.03
0.03
0.024
0.0095
0.0023
0.018
0.038
0.039
0.043
0.036
0.016
0.00053
0.0011
0.01
0.013
0.016
0.022
0.021
0.0079
0.0042
0.019
0.027
0.017
0.002
-0.021
-0.033
-0.016
0.003
-0.0057
-0.028
-0.039
-0.027
-0.01
-0.0015
0.0043
0.0077
0.035
0.055
0.043
0.025
0.015
0.018
0.031
0.028
0.015
0.017
0.017
0.011
0.012
0.0029
-0.0021
0.0066
0.017
0.017
0.014
0.0088
0.002
0.0025
0.019
0.04
0.051
0.054
0.049
0.035
0.025
0.014
0.0011
0.00014
0.0047
0.00084
0.0042
0.013
0.011
0.0095
0.017
0.02
0.004
-0.0097
-0.013
-0.015
-0.00044
0.019
0.011
-0.011
-0.023
-0.04
-0.049
-0.042
-0.046
-0.058
-0.059
-0.029
-0.00023
0.014
0.0037
-0.017
-0.026
-0.04
-0.048
-0.041
-0.032
-0.02
-0.012
-0.018
-0.037
-0.052
-0.038
-0.0081
-0.013
-0.025
-0.022
-0.027
-0.027
-0.017
-0.0013
0.0019
-0.021
-0.028
-0.0092
0.0035
0.023
0.039
0.012
-0.02
-0.038
-0.051
-0.055
-0.047
-0.026
0.005
0.029
0.029
0.0098
-0.0072
-0.03
-0.047
-0.05
-0.052
-0.056
-0.044
-0.026
-0.011
0.0027
0.0091
0.017
0.015
-0.0093
-0.036
-0.057
-0.058
-0.039
-0.01
0.021
0.038
0.028
-0.0002
-0.014
-0.015
-0.022
-0.032
-0.035
-0.029
-0.021
-0.02
-0.014
0.0042
0.014
-0.0029
-0.017
-0.014
-0.0089
-0.0094
-0.024
-0.05
-0.058
-0.045
-0.026
-0.016
-0.029
-0.041
-0.038
-0.034
-0.033
-0.025
-0.012
-0.0055
-0.0039
-0.0051
0.012
0.036
0.053
0.056
0.037
0.018
0.017
0.02
0.0077
0.0029
0.0054
0.0075
0.023
0.02
0.01
-0.0026
-0.0094
0.003
0.025
0.039
0.04
0.038
0.036
0.042
0.051
0.076
0.11
0.11
0.097
0.09
0.081
0.069
0.062
0.068
0.074
0.076
0.09
0.12
0.14
0.15
0.16
0.15
0.12
0.11
0.098
0.064
0.028
0.026
0.067
0.12
0.15
0.17
0.17
0.15
0.13
0.11
0.088
0.066
0.043
0.042
0.061
0.078
0.095
0.1
0.094
0.094
0.09
0.071
0.058
0.049
0.039
0.035
0.028
0.019
0.026
0.046
0.08
0.11
0.1
0.071
0.017
-0.012
0.0098
0.036
0.06
0.078
0.072
0.058
0.07
0.088
0.096
0.084
0.063
0.034
0.0006
-0.014
-0.021
-0.021
-0.015
-0.0078
-0.0005
-0.0013
-0.0078
-0.016
-0.0088
-0.0025
-0.0039
-0.01
-0.011
0.00084
0.0089
0.012
0.0026
-0.01
-0.029
-0.041
-0.033
-0.023
-0.0086
0.0049
0.0062
-0.0055
-0.0036
0.012
0.029
0.029
0.019
0.029
0.039
0.035
0.03
0.021
0.0079
0.0015
0.019
0.036
0.029
0.012
0.015
0.021
0.012
0.0037
-0.0046
0.0047
0.03
0.036
0.036
0.043
0.041
0.019
-0.013
-0.032
-0.033
-0.016
0.0041
0.014
0.015
0.022
0.045
0.064
0.047
0.0097
-0.011
-0.0086
0.01
0.02
0.013
0.012
0.0091
0.007
0.018
0.027
0.0034
-0.019
-0.021
-0.0018
0.022
0.031
0.036
0.041
0.051
0.056
0.046
0.039
0.024
0.0014
-0.012
-0.012
-0.016
-0.015
-0.013
-0.026
-0.03
-0.032
-0.034
-0.046
-0.063
-0.062
-0.04
-0.019
-0.03
-0.05
-0.051
-0.024
0.0083
0.013
-0.0043
-0.027
-0.037
-0.035
-0.022
-0.013
-0.017
-0.016
-0.0049
0.009
-0.00035
-0.017
-0.032
-0.036
-0.028
-0.03
-0.03
-0.033
-0.027
-0.02
-0.019
-0.018
-0.01
0.0016
0.01
0.012
0.011
0.011
0.018
0.018
0.016
0.019
0.027
0.037
0.04
0.031
0.026
0.029
0.024
0.026
0.024
0.014
0.018
0.035
0.049
0.046
0.039
0.024
0.021
0.027
0.033
0.03
0.013
0.0053
0.017
0.027
0.021
0.0071
0.002
0.0068
0.0044
0.0015
0.011
0.0061
-0.0011
0.0019
0.0048
0.02
0.039
0.044
0.033
0.016
-0.0044
-0.013
-0.02
-0.028
-0.019
-0.00063
0.015
0.011
-0.0028
0.00072
0.02
0.045
0.052
0.044
0.017
-0.013
-0.029
-0.021
-0.0094
-0.013
-0.014
-0.014
-0.028
-0.047
-0.052
-0.041
-0.032
-0.02
-0.0022
0.024
0.033
0.021
0.011
0.004
-0.0033
-0.007
-0.0062
-0.028
-0.061
-0.081
-0.062
-0.0093
0.038
0.071
0.072
0.053
0.026
0.012
-0.00096
-0.027
-0.049
-0.059
-0.048
-0.028
0.014
0.054
0.071
0.065
0.054
0.036
-0.0015
-0.046
-0.075
-0.073
-0.051
-0.033
-0.023
-0.017
-0.0075
0.0025
-0.00011
-0.0049
-0.014
-0.017
-0.0093
-0.0015
-0.015
-0.028
-0.019
-0.0076
0.0098
0.038
0.059
0.044
0.0068
-0.021
-0.043
-0.055
-0.061
-0.06
-0.047
-0.03
-0.011
-0.0081
-0.0031
-0.0006
-0.0047
-0.017
-0.031
-0.042
-0.033
-0.011
0.0084
0.026
0.025
0.0066
-0.01
-0.034
-0.064
-0.09
-0.11
-0.12
-0.1
-0.058
-0.004
0.02
0.0072
-0.0031
-0.018
-0.029
-0.036
-0.053
-0.068
-0.07
-0.065
-0.043
-0.0065
0.016
0.011
-0.0034
-0.014
-0.022
-0.033
-0.037
-0.03
-0.016
0.0065
0.037
0.047
0.043
0.05
0.064
0.08
0.085
0.061
0.029
0.0033
-7.6e-005
0.014
0.035
0.059
0.089
0.094
0.089
0.087
0.086
0.092
0.086
0.077
0.066
0.052
0.038
0.04
0.043
0.047
0.053
0.053
0.043
0.022
0.0041
0.0092
0.029
0.056
0.073
0.061
0.046
0.061
0.08
0.074
0.051
0.021
-0.007
-0.012
0.0053
0.03
0.039
0.036
0.03
0.025
0.023
0.015
-0.0052
-0.023
-0.026
-0.02
-0.012
-0.0064
-0.0092
-0.01
-0.017
-0.025
-0.025
-0.021
-0.023
-0.04
-0.06
-0.059
-0.042
-0.022
-0.013
-0.019
-0.035
-0.045
-0.048
-0.057
-0.059
-0.05
-0.052
-0.064
-0.06
-0.048
-0.046
-0.056
-0.071
-0.077
-0.078
-0.074
-0.068
-0.066
-0.07
-0.068
-0.055
-0.048
-0.048
-0.047
-0.042
-0.033
-0.014
-0.00011
-0.0076
-0.017
-0.014
-0.016
-0.014
-0.0098
-0.01
-0.0051
-0.0033
-0.0033
0.0002
-0.001
-0.00044
0.00029
-0.0061
-0.025
-0.041
-0.049
-0.032
-0.0044
0.018
0.03
0.031
0.029
0.027
0.024
0.015
0.016
0.026
0.024
0.012
0.00075
-0.0096
-0.023
-0.019
0.0046
0.0079
-0.015
-0.034
-0.035
-0.022
-0.02
-0.045
-0.086
-0.097
-0.076
-0.046
-0.011
0.011
0.01
-0.017
-0.045
-0.056
-0.054
-0.048
-0.04
-0.025
-0.025
-0.022
-0.0046
0.03
0.051
0.041
0.024
0.0075
-0.0087
-0.02
-0.012
0.0058
0.016
0.0056
-0.02
-0.025
-0.00026
0.0087
-0.0083
-0.024
-0.021
0.011
0.061
0.096
0.098
0.08
0.055
0.027
0.005
0.0021
0.019
0.027
0.043
0.088
0.13
0.16
0.15
0.14
0.12
0.097
0.084
0.081
0.08
0.063
0.045
0.054
0.088
0.12
0.12
0.097
0.068
0.048
0.05
0.047
0.037
0.038
0.058
0.073
0.084
0.098
0.1
0.1
0.083
0.053
0.023
0.009
0.0069
0.017
0.028
0.038
0.049
0.055
0.05
0.039
0.034
0.029
0.024
0.014
0.0031
-0.0078
-0.0066
-0.0046
-0.0052
-0.012
-0.028
-0.035
-0.039
-0.05
-0.059
-0.049
-0.018
0.013
0.016
0.0068
-0.0039
-0.02
-0.027
-0.022
-0.023
-0.037
-0.041
-0.027
-0.017
-0.02
-0.028
-0.035
-0.046
-0.043
-0.035
-0.037
-0.047
-0.032
-0.0049
-0.0017
-0.017
-0.028
-0.023
-0.014
-0.0051
0.0025
0.00087
-0.00014
-0.0058
-0.024
-0.027
-0.011
0.018
0.038
0.036
0.019
0.0088
0.013
0.015
0.019
0.023
0.019
0.017
0.013
0.0082
0.017
0.04
0.055
0.051
0.042
0.035
0.034
0.036
0.034
0.023
0.02
0.033
0.046
0.048
0.052
0.06
0.053
0.027
0.0052
0.015
0.03
0.037
0.038
0.047
0.046
0.038
0.032
0.034
0.038
0.027
0.031
0.037
0.03
0.025
0.039
0.054
0.037
0.02
0.014
0.0088
0.017
0.03
0.027
0.01
-0.0041
-0.0014
0.0079
0.02
0.035
0.046
0.045
0.039
0.024
0.0052
-0.0062
-0.014
-0.0037
0.025
0.041
0.042
0.036
0.031
0.034
0.036
0.024
0.013
0.0019
0.0096
0.022
0.023
0.021
0.0094
0.014
0.03
0.039
0.03
0.015
0.0028
-0.00041
0.0051
0.02
0.033
0.046
0.049
0.054
0.071
0.065
0.048
0.041
0.042
0.048
0.053
0.047
0.034
0.022
0.018
0.025
0.045
0.051
0.036
0.012
0.0049
0.014
0.026
0.043
0.051
0.045
0.029
0.0088
-0.011
-0.0098
0.0069
0.022
0.045
0.049
0.04
0.03
0.011
0.0057
-0.0051
-0.019
-0.014
-0.0028
0.016
0.024
0.0062
-0.022
-0.022
-0.017
-0.023
-0.045
-0.057
-0.027
0.02
0.047
0.057
0.058
0.043
0.022
0.00063
-0.026
-0.053
-0.062
-0.061
-0.058
-0.027
0.0078
0.027
0.034
0.02
-0.018
-0.055
-0.072
-0.079
-0.079
-0.063
-0.031
0.0049
0.026
0.031
0.032
0.026
0.01
0.0035
0.00063
-0.024
-0.039
-0.024
-0.017
0.0052
0.03
0.054
0.062
0.031
-0.011
-0.037
-0.043
-0.045
-0.034
-0.015
-0.0036
-0.011
-0.024
-0.026
-0.024
-0.024
-0.018
-0.016
-0.013
-0.014
-0.0021
0.01
0.0042
-0.018
-0.025
-0.032
-0.047
-0.034
-0.0084
-0.0056
-0.041
-0.073
-0.079
-0.058
-0.03
-0.0069
0.0011
-0.0062
-0.013
-0.0095
-0.019
-0.042
-0.054
-0.061
-0.045
-0.012
-0.0051
-0.016
-0.027
-0.042
-0.053
-0.053
-0.034
-0.028
-0.026
-0.024
-0.035
-0.039
-0.032
-0.031
-0.044
-0.061
-0.074
-0.071
-0.049
-0.025
-0.013
-0.017
-0.033
-0.049
-0.054
-0.053
-0.045
-0.043
-0.044
-0.026
0.00032
0.02
0.016
-0.0023
-0.016
-0.019
-0.019
-0.025
-0.032
-0.035
-0.025
-0.0069
0.019
0.038
0.039
0.025
0.016
0.022
0.032
0.04
0.031
0.025
0.024
0.019
0.02
0.042
0.064
0.067
0.066
0.079
0.071
0.046
0.014
-0.015
-0.019
0.017
0.066
0.077
0.061
0.044
0.035
0.032
0.03
0.028
0.025
0.019
0.013
0.025
0.046
0.057
0.06
0.073
0.098
0.1
0.076
0.035
0.016
0.012
0.029
0.055
0.063
0.065
0.052
0.037
0.026
0.025
0.033
0.035
0.042
0.046
0.042
0.038
0.032
0.028
0.021
0.012
0.0014
0.0049
0.012
0.0087
0.012
0.019
0.025
0.019
0.016
0.0096
-0.0058
-0.026
-0.041
-0.023
-0.0083
-0.021
-0.043
-0.05
-0.052
-0.037
-0.013
-0.0066
-0.024
-0.051
-0.062
-0.063
-0.047
-0.023
-0.015
-0.028
-0.063
-0.085
-0.084
-0.081
-0.063
-0.025
-0.0039
-0.028
-0.077
-0.11
-0.098
-0.064
-0.032
-0.016
-0.026
-0.041
-0.059
-0.067
-0.081
-0.086
-0.067
-0.044
-0.029
-0.028
-0.056
-0.079
-0.083
-0.065
-0.043
-0.039
-0.049
-0.056
-0.06
-0.059
-0.046
-0.028
-0.018
-0.025
-0.027
-0.041
-0.061
-0.072
-0.091
-0.099
-0.09
-0.069
-0.046
-0.027
-0.013
-0.012
-0.013
-0.0089
-0.0052
-0.01
-0.032
-0.072
-0.1
-0.11
-0.09
-0.057
-0.019
0.0036
-0.00038
-0.024
-0.038
-0.04
-0.028
-0.035
-0.061
-0.068
-0.055
-0.036
-0.017
-0.0081
-0.011
0.0015
0.013
0.0095
0.013
0.0055
-0.016
-0.022
-0.0097
-0.0037
0.014
0.041
0.059
0.065
0.08
0.1
0.1
0.078
0.034
-0.00099
-0.0024
0.025
0.052
0.061
0.062
0.069
0.092
0.1
0.1
0.11
0.11
0.1
0.079
0.058
0.054
0.065
0.07
0.069
0.079
0.089
0.087
0.075
0.077
0.099
0.11
0.1
0.1
0.091
0.083
0.078
0.076
0.074
0.073
0.076
0.092
0.11
0.1
0.078
0.053
0.039
0.047
0.08
0.093
0.083
0.069
0.072
0.089
0.095
0.069
0.044
0.047
0.065
0.077
0.08
0.074
0.055
0.04
0.043
0.057
0.051
0.038
0.048
0.06
0.061
0.061
0.04
0.016
0.016
0.024
0.043
0.065
0.07
0.047
0.026
0.022
0.024
0.025
0.033
0.057
0.064
0.052
0.038
0.022
0.0075
-0.01
-0.017
-0.0093
0.0071
0.024
0.033
0.027
0.015
0.00029
-0.016
-0.017
-0.0094
0.0077
0.013
-0.0002
-0.027
-0.056
-0.065
-0.052
-0.037
-0.024
-0.033
-0.048
-0.048
-0.047
-0.063
-0.083
-0.082
-0.082
-0.086
-0.087
-0.097
-0.1
-0.08
-0.048
-0.041
-0.051
-0.068
-0.098
-0.14
-0.17
-0.15
-0.12
-0.095
-0.081
-0.083
-0.087
-0.093
-0.11
-0.14
-0.15
-0.14
-0.13
-0.13
-0.14
-0.14
-0.13
-0.13
-0.13
-0.11
-0.11
-0.1
-0.1
-0.1
-0.1
-0.11
-0.12
-0.11
-0.088
-0.089
-0.11
-0.1
-0.082
-0.066
-0.066
-0.079
-0.1
-0.11
-0.11
-0.1
-0.088
-0.083
-0.074
-0.045
-0.02
-0.022
-0.041
-0.047
-0.046
-0.043
-0.043
-0.049
-0.046
-0.028
-0.02
-0.043
-0.069
-0.074
-0.064
-0.044
-0.025
-0.023
-0.026
-0.033
-0.051
-0.051
-0.031
-0.021
-0.028
-0.03
-0.027
-0.023
-0.021
-0.03
-0.038
-0.032
0.0073
0.044
0.049
0.045
0.04
0.016
-0.006
0.0019
0.031
0.056
0.065
0.07
0.072
0.065
0.056
0.052
0.037
0.019
0.038
0.075
0.11
0.13
0.14
0.13
0.12
0.092
0.063
0.045
0.048
0.073
0.096
0.11
0.13
0.15
0.16
0.15
0.12
0.098
0.091
0.093
0.094
0.074
0.042
0.029
0.037
0.06
0.096
0.11
0.099
0.075
0.05
0.039
0.041
0.048
0.06
0.079
0.1
0.12
0.12
0.12
0.12
0.11
0.11
0.099
0.064
0.028
0.014
0.022
0.045
0.075
0.1
0.095
0.079
0.071
0.081
0.1
0.12
0.11
0.073
0.036
0.011
0.0039
0.0059
0.017
0.035
0.051
0.057
0.031
0.0074
-0.0084
-0.018
-0.0041
0.0031
0.0047
0.0064
0.01
0.022
0.035
0.024
0.0094
-0.0023
-0.016
-0.0024
0.017
0.024
0.018
-0.0025
-0.02
-0.041
-0.05
-0.04
-0.034
-0.018
0.0086
0.02
-0.0074
-0.05
-0.078
-0.081
-0.068
-0.055
-0.044
-0.043
-0.052
-0.078
-0.1
-0.11
-0.097
-0.084
-0.081
-0.079
-0.066
-0.07
-0.089
-0.11
-0.12
-0.11
-0.088
-0.079
-0.09
-0.11
-0.13
-0.12
-0.1
-0.081
-0.061
-0.06
-0.08
-0.094
-0.1
-0.11
-0.1
-0.094
-0.072
-0.067
-0.084
-0.084
-0.082
-0.087
-0.099
-0.1
-0.081
-0.055
-0.057
-0.07
-0.076
-0.083
-0.081
-0.065
-0.047
-0.049
-0.063
-0.085
-0.098
-0.095
-0.089
-0.076
-0.059
-0.048
-0.05
-0.065
-0.07
-0.06
-0.045
-0.039
-0.031
-0.018
-0.015
-0.024
-0.031
-0.043
-0.05
-0.027
0.016
0.058
0.067
0.059
0.053
0.038
0.011
-0.019
-0.018
0.018
0.056
0.074
0.084
0.098
0.095
0.061
0.021
-0.006
7.6e-005
0.039
0.074
0.093
0.099
0.089
0.076
0.071
0.066
0.055
0.032
0.0078
0.013
0.056
0.1
0.14
0.14
0.13
0.11
0.097
0.086
0.09
0.1
0.11
0.14
0.16
0.18
0.19
0.18
0.16
0.16
0.14
0.14
0.14
0.15
0.16
0.15
0.14
0.15
0.16
0.17
0.17
0.17
0.18
0.18
0.18
0.16
0.16
0.17
0.17
0.15
0.15
0.15
0.15
0.13
0.1
0.082
0.098
0.13
0.14
0.13
0.12
0.12
0.12
0.14
0.15
0.13
0.11
0.09
0.1
0.14
0.16
0.17
0.17
0.13
0.084
0.06
0.043
0.055
0.073
0.091
0.12
0.15
0.13
0.1
0.074
0.044
0.02
0.0086
0.018
0.031
0.039
0.029
0.026
0.042
0.055
0.062
0.05
0.015
-0.032
-0.071
-0.079
-0.076
-0.059
-0.02
0.0014
-0.0082
-0.025
-0.051
-0.08
-0.078
-0.061
-0.051
-0.038
-0.034
-0.06
-0.086
-0.081
-0.06
-0.027
-0.0036
-0.015
-0.061
-0.1
-0.1
-0.087
-0.081
-0.068
-0.032
0.0051
0.026
0.034
0.01
-0.031
-0.073
-0.1
-0.08
-0.048
-0.027
-0.0098
-0.0016
-0.017
-0.029
-0.039
-0.045
-0.042
-0.037
-0.036
-0.041
-0.05
-0.034
0.0018
0.027
0.036
0.022
0.0067
-0.011
-0.034
-0.056
-0.061
-0.044
-0.0064
0.023
0.029
0.029
0.02
0.0067
0.02
0.042
0.052
0.054
0.026
-0.0021
0.0062
0.039
0.091
0.13
0.12
0.083
0.041
0.017
1.5e-005
-0.0073
0.0016
0.031
0.047
0.047
0.043
0.038
0.056
0.082
0.094
0.082
0.053
0.025
0.033
0.062
0.082
0.097
0.1
0.091
0.071
0.056
0.058
0.07
0.084
0.11
0.13
0.14
0.14
0.13
0.1
0.085
0.085
0.098
0.11
0.1
0.088
0.096
0.13
0.15
0.16
0.15
0.12
0.089
0.06
0.076
0.1
0.096
0.051
0.0038
0.013
0.072
0.13
0.18
0.18
0.12
0.042
-0.0084
-0.0067
0.024
0.034
0.032
0.038
0.042
0.045
0.054
0.034
0.0022
-0.0062
-0.014
-0.027
-0.02
0.0041
0.019
0.019
0.024
0.027
0.015
-0.012
-0.041
-0.076
-0.091
-0.066
-0.038
-0.02
-0.014
-0.026
-0.068
-0.11
-0.12
-0.089
-0.029
0.016
0.042
0.033
-0.018
-0.048
-0.037
-0.024
-0.029
-0.035
-0.019
0.01
0.035
0.033
0.005
-0.035
-0.062
-0.06
-0.037
-0.01
0.02
0.032
0.025
0.024
0.031
0.023
-0.019
-0.057
-0.073
-0.076
-0.068
-0.051
-0.027
-0.011
-0.017
-0.043
-0.066
-0.078
-0.087
-0.077
-0.033
0.017
0.05
0.055
0.031
-0.018
-0.057
-0.054
-0.023
0.0022
0.019
0.024
0.015
0.012
0.01
-0.0054
-0.046
-0.07
-0.046
0.0031
0.055
0.091
0.084
0.037
-0.027
-0.069
-0.065
-0.028
-0.012
-0.0093
-0.0051
-0.0025
-0.013
-0.035
-0.075
-0.11
-0.096
-0.05
0.0041
0.045
0.061
0.053
0.031
0.003
-0.024
-0.038
-0.045
-0.072
-0.094
-0.085
-0.051
-0.019
0.00096
0.0087
-0.0046
-0.031
-0.054
-0.067
-0.067
-0.051
-0.028
-0.021
-0.047
-0.068
-0.061
-0.05
-0.038
-0.032
-0.041
-0.054
-0.06
-0.048
-0.027
-0.018
-0.0076
0.0062
0.0012
-0.012
-0.022
-0.044
-0.062
-0.073
-0.068
-0.055
-0.044
-0.026
0.0005
0.012
-0.0018
-0.028
-0.072
-0.089
-0.069
-0.036
-0.014
-0.017
-0.0089
0.023
0.04
0.038
0.03
-0.0026
-0.046
-0.068
-0.065
-0.042
-0.0092
0.0064
0.022
0.03
0.029
0.051
0.044
-0.0043
-0.06
-0.11
-0.1
-0.024
0.032
0.063
0.074
0.064
0.041
0.013
0.0009
0.011
0.025
0.029
0.036
0.026
0.0093
-0.0075
-0.035
-0.018
0.013
0.014
0.015
0.012
-0.02
-0.04
-0.03
-0.0035
0.033
0.052
0.055
0.061
0.058
0.055
0.059
0.056
0.052
0.046
0.039
0.036
0.032
0.034
0.052
0.067
0.076
0.086
0.071
0.034
0.01
0.018
0.037
0.055
0.075
0.099
0.11
0.082
0.042
0.018
0.004
-0.006
-0.017
-0.032
-0.015
0.0037
-0.0025
-0.018
-0.03
-0.028
-0.043
-0.067
-0.068
-0.052
-0.034
-0.036
-0.039
-0.039
-0.042
-0.051
-0.069
-0.084
-0.11
-0.12
-0.11
-0.08
-0.07
-0.073
-0.077
-0.083
-0.076
-0.059
-0.045
-0.042
-0.051
-0.062
-0.077
-0.098
-0.11
-0.1
-0.088
-0.079
-0.078
-0.079
-0.072
-0.074
-0.074
-0.074
-0.084
-0.093
-0.093
-0.071
-0.035
-0.02
-0.03
-0.052
-0.073
-0.079
-0.06
-0.046
-0.042
-0.035
-0.026
-0.0083
-0.00047
-0.0094
-0.014
-0.017
-0.029
-0.026
-0.015
0.0022
0.018
0.018
0.0072
7.6e-005
-0.0077
-0.0083
0.009
0.027
0.024
0.016
0.025
0.047
0.057
0.053
0.047
0.026
0.011
0.003
0.0017
0.0027
-0.0022
0.004
0.021
0.03
0.039
0.055
0.055
0.052
0.044
0.033
0.046
0.069
0.077
0.062
0.04
0.026
0.015
0.014
0.016
0.021
0.03
0.049
0.057
0.04
0.019
-0.0033
-0.014
-0.0084
0.017
0.027
0.031
0.034
0.026
0.016
0.0028
0.00063
0.0086
0.018
0.028
0.027
0.02
0.032
0.046
0.04
0.02
-0.007
-0.014
0.0069
0.021
0.033
0.025
-0.0049
-0.02
-0.02
-0.0077
0.0042
-0.005
-0.024
-0.026
-0.023
-0.013
0.014
0.044
0.053
0.034
-0.0055
-0.047
-0.079
-0.098
-0.097
-0.07
-0.027
0.026
0.07
0.086
0.066
0.021
-0.023
-0.055
-0.079
-0.078
-0.037
0.014
0.05
0.071
0.065
0.047
0.037
0.022
0.0062
-0.0014
0.0085
0.043
0.077
0.094
0.091
0.069
0.045
0.03
0.014
0.02
0.045
0.042
0.018
0.0033
0.012
0.038
0.063
0.066
0.05
0.036
0.037
0.04
0.05
0.045
0.029
0.027
0.028
0.043
0.066
0.069
0.054
0.042
0.028
-0.0016
-0.023
-0.028
-0.016
0.0064
0.026
0.036
0.04
0.036
0.0087
-0.028
-0.052
-0.069
-0.081
-0.068
-0.03
0.016
0.045
0.034
0.0034
-0.025
-0.054
-0.083
-0.084
-0.054
-0.024
-0.0094
-0.014
-0.039
-0.049
-0.034
-0.0086
0.015
0.025
0.02
0.02
0.037
0.048
0.034
0.005
-0.018
-0.018
0.0027
0.036
0.07
0.088
0.083
0.072
0.051
0.023
0.00056
-0.012
0.02
0.057
0.074
0.082
0.095
0.094
0.073
0.045
0.013
-0.0032
0.0073
0.048
0.096
0.12
0.11
0.072
0.032
0.0051
0.017
0.065
0.097
0.077
0.048
0.042
0.035
0.025
0.026
0.041
0.052
0.031
0.0054
0.016
0.045
0.046
0.04
0.032
0.011
-0.0052
-0.0087
0.01
0.03
0.031
0.0093
-0.014
-0.031
-0.042
-0.048
-0.066
-0.083
-0.099
-0.099
-0.073
-0.043
-0.015
-0.014
-0.047
-0.09
-0.12
-0.13
-0.12
-0.088
-0.052
-0.0067
0.017
0.011
-0.011
-0.036
-0.046
-0.052
-0.051
-0.033
-0.0062
0.019
0.026
0.017
-0.0086
-0.026
-0.032
-0.03
-0.019
-0.018
-0.024
-0.024
-0.018
-0.03
-0.042
-0.047
-0.042
-0.02
-0.0043
0.0063
0.018
0.0065
-0.032
-0.062
-0.05
-0.018
-0.0028
-0.0039
0.013
0.049
0.062
0.046
0.019
0.0025
-0.0046
-0.014
-0.012
0.0072
0.013
0.0027
-0.01
-0.011
0.0091
0.029
0.039
0.03
-0.0046
-0.037
-0.062
-0.06
-0.018
0.02
0.015
-0.014
-0.047
-0.077
-0.085
-0.082
-0.06
-0.028
-0.0054
-0.011
-0.051
-0.097
-0.12
-0.091
-0.075
-0.054
-0.034
-0.019
-0.013
-0.013
-0.0078
-0.02
-0.034
-0.051
-0.076
-0.11
-0.13
-0.13
-0.11
-0.049
0.0072
0.028
0.019
-0.0053
-0.044
-0.085
-0.098
-0.091
-0.079
-0.077
-0.057
-0.017
0.0087
0.018
0.011
0.0031
0.0063
0.017
0.02
0.01
-0.0023
-0.011
-0.0017
0.033
0.065
0.086
0.1
0.11
0.077
0.033
-0.0023
-0.01
0.0039
0.035
0.064
0.078
0.095
0.1
0.1
0.083
0.062
0.059
0.072
0.069
0.069
0.092
0.11
0.1
0.088
0.068
0.057
0.044
0.041
0.039
0.023
-0.0033
-0.0075
0.0092
0.04
0.073
0.074
0.056
0.03
0.016
0.0091
-0.0076
-0.027
-0.026
0.0041
0.027
0.026
0.0049
-0.018
-0.035
-0.055
-0.051
-0.029
-0.037
-0.071
-0.096
-0.089
-0.071
-0.061
-0.046
-0.03
-0.044
-0.084
-0.11
-0.11
-0.1
-0.1
-0.084
-0.055
-0.045
-0.059
-0.073
-0.062
-0.057
-0.067
-0.077
-0.08
-0.082
-0.098
-0.1
-0.094
-0.075
-0.057
-0.047
-0.037
-0.036
-0.044
-0.057
-0.064
-0.056
-0.028
0.0017
-0.0029
-0.032
-0.049
-0.05
-0.043
-0.021
-0.0051
-0.018
-0.044
-0.057
-0.034
-0.0038
0.0083
0.025
0.032
0.018
-0.016
-0.043
-0.035
0.0027
0.026
0.033
0.038
0.036
0.029
0.0083
-0.0087
-0.0072
-0.0083
-0.017
-0.02
-0.018
-0.0082
0.01
0.016
0.0053
-0.0012
-0.009
-0.025
-0.034
-0.029
-0.028
-0.052
-0.068
-0.048
-0.022
-0.0039
0.0055
-0.00072
-0.024
-0.039
-0.034
-0.031
-0.042
-0.042
-0.013
0.027
0.045
0.048
0.034
-0.0016
-0.028
-0.018
0.026
0.069
0.07
0.043
0.0061
-0.022
-0.027
-0.0038
0.02
0.033
0.047
0.052
0.035
0.013
0.02
0.034
0.052
0.07
0.066
0.051
0.03
0.015
0.033
0.062
0.085
0.11
0.11
0.069
0.025
0.015
0.039
0.06
0.076
0.073
0.057
0.052
0.053
0.064
0.1
0.15
0.19
0.21
0.18
0.13
0.074
0.028
0.031
0.074
0.11
0.15
0.19
0.22
0.21
0.16
0.11
0.078
0.074
0.073
0.061
0.072
0.12
0.17
0.19
0.2
0.17
0.14
0.098
0.081
0.085
0.088
0.088
0.098
0.091
0.071
0.07
0.088
0.1
0.092
0.084
0.083
0.07
0.048
0.029
0.0051
-0.011
0.014
0.047
0.06
0.05
0.03
0.0094
-0.0073
-0.0053
0.0037
-0.0045
-0.017
-0.029
-0.028
-0.0037
0.014
0.00047
-0.028
-0.046
-0.041
-0.027
-0.015
-0.014
-0.018
-0.0058
0.0059
0.0051
0.0091
-0.0031
-0.045
-0.11
-0.17
-0.16
-0.099
-0.025
0.017
0.029
0.016
-0.0067
-0.037
-0.06
-0.065
-0.058
-0.041
-0.048
-0.063
-0.066
-0.056
-0.008
0.034
0.031
0.0028
-0.022
-0.049
-0.079
-0.11
-0.12
-0.091
-0.063
-0.032
0.014
0.034
-0.00066
-0.054
-0.08
-0.082
-0.08
-0.072
-0.049
-0.032
-0.024
-0.027
-0.048
-0.072
-0.088
-0.079
-0.044
-0.013
-0.016
-0.04
-0.054
-0.053
-0.026
0.0017
0.0078
0.015
0.018
0.0084
-0.011
-0.033
-0.041
-0.031
-0.012
0.00038
0.011
0.025
0.027
0.023
0.014
-0.0035
-0.014
-0.012
0.0046
0.03
0.061
0.085
0.072
0.043
0.022
0.0051
-0.0014
0.0058
0.018
0.044
0.072
0.085
0.089
0.082
0.048
0.012
-0.0053
-0.011
0.005
0.022
0.04
0.06
0.055
0.054
0.064
0.059
0.032
0.015
0.013
0.023
0.041
0.044
0.029
0.011
0.0006
-0.017
-0.019
0.017
0.06
0.061
0.029
-0.0018
-0.017
-0.0093
-0.006
-0.0057
0.0096
0.024
0.03
0.031
0.029
0.012
-0.012
-0.034
-0.039
-0.018
0.032
0.082
0.1
0.1
0.076
0.04
0.0018
-0.02
-0.018
-0.0087
0.0051
0.03
0.065
0.081
0.072
0.057
0.044
0.035
0.045
0.069
0.082
0.08
0.076
0.08
0.1
0.12
0.11
0.081
0.047
0.022
0.021
0.042
0.067
0.079
0.062
0.036
0.017
0.015
0.036
0.052
0.056
0.052
0.045
0.044
0.041
0.028
0.031
0.037
0.038
0.046
0.042
0.022
0.007
0.0038
0.00066
-0.0076
-0.0042
0.01
0.021
0.031
0.039
0.039
0.028
0.014
0.0038
-0.0074
-0.021
-0.011
0.012
0.031
0.042
0.037
0.022
-0.0048
-0.036
-0.042
-0.027
-0.019
-0.02
-0.014
-0.0049
0.0062
0.0071
0.012
0.028
0.017
-0.013
-0.043
-0.043
-0.032
-0.027
-0.0088
0.009
0.027
0.037
0.015
-0.035
-0.067
-0.075
-0.079
-0.078
-0.061
-0.011
0.045
0.054
0.03
0.011
-0.025
-0.062
-0.073
-0.06
-0.048
-0.043
-0.032
-0.036
-0.046
-0.032
-0.023
-0.031
-0.046
-0.072
-0.077
-0.062
-0.054
-0.066
-0.08
-0.08
-0.064
-0.042
-0.026
-0.019
-0.019
-0.032
-0.05
-0.05
-0.034
-0.011
-0.0036
-0.021
-0.044
-0.056
-0.055
-0.041
-0.046
-0.06
-0.066
-0.063
-0.065
-0.059
-0.039
-0.025
-0.028
-0.037
-0.032
-0.035
-0.061
-0.074
-0.048
-0.0031
0.015
0.0026
-0.0081
-0.011
-0.026
-0.064
-0.095
-0.11
-0.12
-0.094
-0.052
-0.011
0.011
0.015
-0.002
-0.033
-0.067
-0.078
-0.062
-0.031
0.0042
0.015
0.0071
-0.0034
-0.0063
-0.019
-0.04
-0.059
-0.056
-0.018
0.022
0.038
0.033
0.036
0.034
0.013
0.0025
0.0093
0.013
0.0071
-0.0021
-0.017
-0.019
-0.018
-0.0094
-0.0029
-0.003
0.00038
0.002
0.002
0.0041
1.5e-005
-0.0071
-0.0083
-0.0014
0.0083
0.022
0.023
0.017
0.0076
-0.028
-0.056
-0.053
-0.033
-0.006
0.016
0.024
0.034
0.04
0.025
0.022
0.03
0.025
0.003
-0.028
-0.043
-0.041
-0.022
0.011
0.038
0.033
0.016
0.013
0.014
0.021
0.026
0.026
0.024
0.023
0.034
0.031
0.0087
0.0075
0.03
0.04
0.027
-0.011
-0.052
-0.051
-0.017
0.011
0.044
0.074
0.073
0.035
-0.013
-0.034
-0.025
-0.019
-0.0045
0.013
0.017
0.016
0.024
0.031
0.021
0.014
0.015
0.019
0.027
0.021
0.016
0.028
0.043
0.043
0.036
0.028
0.016
0.0046
-0.0021
0.0015
0.0061
0.0027
-0.014
-0.025
-0.021
-0.018
-0.0006
0.016
0.02
0.012
-0.0033
-0.016
-0.029
-0.048
-0.069
-0.073
-0.061
-0.038
-0.011
0.0026
-0.0073
-0.013
-0.012
-0.023
-0.046
-0.068
-0.08
-0.072
-0.039
0.0044
0.023
0.011
-0.019
-0.05
-0.065
-0.068
-0.072
-0.058
-0.018
0.012
0.014
0.0063
-0.0036
-0.013
-0.02
-0.023
-0.019
-0.0018
0.0093
0.00014
-0.014
0.0018
0.036
0.046
0.023
-0.00063
-0.013
-0.014
-0.019
-0.023
-0.011
-0.0077
-0.018
-0.026
-0.0034
0.028
0.038
0.0079
-0.038
-0.057
-0.047
-0.02
0.021
0.064
0.064
0.022
-0.017
-0.035
-0.054
-0.07
-0.062
-0.037
-0.0094
0.0013
0.0053
0.025
0.058
0.076
0.073
0.055
0.015
-0.032
-0.063
-0.064
-0.03
0.0042
0.037
0.069
0.088
0.083
0.07
0.059
0.035
0.0012
-0.024
-0.033
-0.035
-0.02
0.011
0.045
0.086
0.11
0.1
0.044
-0.019
-0.056
-0.075
-0.082
-0.076
-0.03
0.03
0.08
0.11
0.1
0.072
0.03
-0.0075
-0.036
-0.048
-0.031
0.016
0.061
0.083
0.091
0.081
0.054
0.042
0.029
0.025
0.051
0.061
0.048
0.046
0.045
0.052
0.074
0.082
0.07
0.05
0.037
0.029
0.023
0.026
0.034
0.036
0.041
0.058
0.066
0.048
0.02
0.01
0.022
0.026
0.027
0.043
0.057
0.05
0.04
0.031
0.018
0.012
0.012
0.021
0.038
0.032
0.016
0.012
0.015
0.025
0.042
0.062
0.073
0.062
0.027
-0.0045
-0.011
0.0098
0.053
0.081
0.068
0.044
0.025
0.015
0.022
0.042
0.061
0.061
0.042
0.0017
-0.032
-0.033
-0.019
0.0086
0.018
0.017
0.027
0.034
0.027
0.016
0.015
0.0055
-0.0093
-0.021
-0.029
-0.018
-0.0029
-0.0012
-0.012
-0.017
-0.01
0.008
0.027
0.029
0.024
0.025
0.015
-0.0031
-0.0058
-0.011
-0.019
-0.0023
0.024
0.03
0.021
0.013
-0.0042
-0.03
-0.037
-0.023
-0.0082
0.0022
0.0073
0.0066
0.0055
0.001
-0.012
-0.011
0.013
0.036
0.046
0.056
0.065
0.074
0.076
0.066
0.061
0.067
0.079
0.094
0.1
0.094
0.075
0.054
0.049
0.06
0.1
0.14
0.12
0.038
-0.025
-0.024
0.027
0.067
0.069
0.07
0.081
0.085
0.088
0.09
0.07
0.018
-0.014
-0.012
-0.018
-0.035
-0.031
-0.014
0.018
0.059
0.062
0.045
0.024
-0.0034
-0.02
-0.015
0.0018
0.013
0.019
0.011
0.013
0.042
0.05
0.027
-0.0083
-0.06
-0.09
-0.071
-0.034
0.02
0.063
0.084
0.09
0.057
0.0038
-0.044
-0.076
-0.066
-0.034
0.0023
0.044
0.08
0.087
0.062
0.0058
-0.052
-0.096
-0.11
-0.071
-0.0074
0.049
0.072
0.071
0.051
0.014
-0.017
-0.014
0.0042
0.018
0.034
0.057
0.052
0.026
-0.019
-0.068
-0.074
-0.037
0.011
0.058
0.099
0.11
0.11
0.091
0.046
0.0043
-0.027
-0.041
-0.033
0.0047
0.056
0.081
0.074
0.056
0.028
0.00078
-0.013
-0.011
0.017
0.048
0.047
0.023
-0.013
-0.053
-0.066
-0.049
-0.019
0.016
0.044
0.04
0.021
0.0078
-0.011
-0.027
-0.032
-0.024
-0.0027
0.031
0.064
0.071
0.066
0.073
0.069
0.036
-0.011
-0.045
-0.068
-0.066
-0.029
0.019
0.06
0.074
0.056
0.033
0.028
0.044
0.048
0.044
0.04
0.039
0.038
0.045
0.063
0.062
0.046
0.032
0.035
0.04
0.033
0.043
0.065
0.077
0.065
0.051
0.049
0.051
0.052
0.049
0.03
0.0024
-0.0055
0.0027
0.012
0.015
0.018
0.013
0.0073
0.025
0.044
0.035
0.0077
-0.0044
-0.0025
-0.013
-0.025
-0.029
-0.027
-0.026
-0.031
-0.025
-0.012
-0.01
-0.045
-0.097
-0.12
-0.11
-0.089
-0.058
-0.014
0.015
0.015
0.0063
-0.019
-0.057
-0.076
-0.077
-0.07
-0.056
-0.035
-0.034
-0.039
-0.036
-0.03
-0.034
-0.042
-0.059
-0.076
-0.093
-0.1
-0.088
-0.076
-0.069
-0.067
-0.089
-0.12
-0.12
-0.1
-0.085
-0.075
-0.052
-0.031
-0.035
-0.058
-0.067
-0.063
-0.05
-0.036
-0.037
-0.041
-0.049
-0.052
-0.044
-0.038
-0.039
-0.022
0.0059
0.021
0.033
0.033
0.013
-0.015
-0.037
-0.058
-0.048
-0.0065
0.03
0.039
0.03
0.024
0.026
0.022
0.0006
-0.041
-0.063
-0.063
-0.045
-0.0042
0.043
0.071
0.06
0.03
0.013
0.015
0.025
0.047
0.06
0.052
0.039
0.038
0.044
0.048
0.046
0.037
0.038
0.039
0.031
0.016
0.00053
0.003
0.014
0.0052
-0.00099
0.022
0.038
0.014
-0.023
-0.047
-0.047
-0.043
-0.056
-0.059
-0.046
-0.035
-0.03
-0.03
-0.035
-0.057
-0.1
-0.14
-0.14
-0.12
-0.1
-0.082
-0.063
-0.039
-0.043
-0.067
-0.078
-0.083
-0.081
-0.069
-0.063
-0.057
-0.046
-0.034
-0.021
-0.0066
0.003
0.0058
-0.0022
-0.0088
-0.015
-0.02
-0.024
-0.024
-0.026
-0.024
-0.02
-0.037
-0.049
-0.037
-0.033
-0.05
-0.059
-0.047
-0.026
-0.0042
0.011
0.028
0.038
0.019
-0.033
-0.078
-0.089
-0.084
-0.076
-0.067
-0.037
0.00099
0.018
0.02
0.029
0.031
0.0027
-0.033
-0.05
-0.047
-0.035
-0.011
0.015
0.037
0.04
0.014
-0.016
-0.032
-0.043
-0.039
0.0046
0.04
0.04
0.025
-0.0045
-0.012
0.0027
0.0098
0.018
0.036
0.051
0.044
0.015
-0.014
-0.019
-0.013
-0.024
-0.035
-0.028
-0.0075
0.017
0.021
0.029
0.034
0.025
0.012
-0.0016
0.0021
0.015
0.029
0.036
0.038
0.043
0.053
0.057
0.042
0.032
0.024
0.028
0.042
0.044
0.032
0.0099
-0.025
-0.044
-0.038
-0.0099
0.021
0.031
0.032
0.034
0.024
0.0026
-0.014
-0.026
-0.043
-0.045
-0.023
0.0099
0.03
0.022
0.016
0.011
-0.0036
-0.013
-0.0034
-0.007
-0.028
-0.036
-0.025
-0.0041
0.01
0.011
0.012
0.015
0.0099
0.0054
0.0088
0.0077
-0.0042
-0.03
-0.038
-0.023
-0.015
-0.015
-0.022
-0.032
-0.013
0.026
0.042
0.028
0.002
-0.00026
-0.0035
-0.022
-0.016
-0.012
0.0019
0.018
-0.0056
0.0035
0.04
0.047
0.056
0.045
0.0045
-0.016
-0.024
-0.019
0.0039
0.038
0.069
0.067
0.032
-0.0059
-0.042
-0.065
-0.055
-0.032
-0.01
0.027
0.075
0.086
0.064
0.048
0.044
0.035
0.025
0.04
0.06
0.064
0.055
0.039
0.031
0.035
0.042
0.048
0.062
0.079
0.091
0.095
0.086
0.078
0.064
0.052
0.058
0.068
0.078
0.096
0.11
0.1
0.094
0.073
0.041
0.021
0.031
0.057
0.074
0.081
0.087
0.091
0.077
0.051
0.032
0.02
0.024
0.021
0.018
0.035
0.054
0.055
0.049
0.042
0.023
0.013
0.011
0.0014
-0.006
0.0024
0.028
0.049
0.05
0.027
0.016
0.027
0.046
0.062
0.053
0.029
0.012
0.014
0.022
0.022
0.026
0.05
0.065
0.045
0.035
0.035
0.023
0.0014
-0.025
-0.036
-0.019
0.016
0.052
0.072
0.068
0.062
0.044
0.027
0.032
0.037
0.035
0.036
0.047
0.054
0.038
0.027
0.045
0.06
0.041
0.025
0.026
0.027
0.029
0.031
0.039
0.04
0.05
0.062
0.064
0.072
0.077
0.066
0.054
0.061
0.083
0.09
0.088
0.086
0.077
0.051
0.03
0.028
0.029
0.039
0.063
0.076
0.065
0.058
0.059
0.065
0.082
0.11
0.13
0.095
0.032
-0.011
-0.014
0.0082
0.044
0.094
0.14
0.15
0.11
0.056
0.038
0.036
0.032
0.027
0.019
0.0041
0.0021
0.012
0.031
0.061
0.084
0.086
0.067
0.028
-0.027
-0.057
-0.044
-0.02
-0.0044
0.01
0.033
0.043
0.026
-0.0075
-0.019
0.011
0.026
0.011
-0.0083
-0.012
-0.01
-0.017
-0.017
-0.0041
0.007
-0.0027
-0.011
-0.00035
0.014
0.013
0.0054
-0.011
-0.03
-0.043
-0.057
-0.057
-0.027
0.0092
0.017
-0.0055
-0.027
-0.044
-0.067
-0.087
-0.099
-0.1
-0.096
-0.085
-0.069
-0.037
-0.023
-0.059
-0.1
-0.12
-0.1
-0.086
-0.07
-0.048
-0.027
-0.025
-0.037
-0.053
-0.063
-0.073
-0.091
-0.1
-0.096
-0.083
-0.073
-0.07
-0.078
-0.08
-0.075
-0.075
-0.075
-0.069
-0.059
-0.046
-0.051
-0.059
-0.036
-0.008
-0.00063
-0.0023
-0.011
-0.024
-0.033
-0.021
0.0036
0.028
0.03
0.032
0.033
0.025
0.022
0.017
0.027
0.051
0.057
0.041
0.027
0.01
0.0064
0.029
0.049
0.068
0.066
0.048
0.039
0.036
0.036
0.036
0.034
0.042
0.07
0.084
0.07
0.046
0.032
0.029
0.023
0.016
0.03
0.047
0.034
0.0043
-0.017
-0.024
-0.023
-0.0089
-0.0035
-0.026
-0.053
-0.064
-0.061
-0.055
-0.049
-0.049
-0.064
-0.06
-0.035
-0.027
-0.036
-0.044
-0.04
-0.048
-0.067
-0.07
-0.071
-0.079
-0.07
-0.045
-0.023
-0.0051
-0.023
-0.046
-0.049
-0.055
-0.06
-0.055
-0.037
-0.018
-0.01
-0.014
-0.011
0.007
0.019
0.012
-0.0025
-0.0047
-0.0018
-0.006
-0.0065
-0.018
-0.016
0.0085
0.031
0.029
0.017
0.019
0.022
0.016
0.021
0.053
0.072
0.061
0.055
0.052
0.045
0.038
0.042
0.061
0.073
0.057
0.038
0.041
0.047
0.044
0.048
0.064
0.073
0.07
0.078
0.092
0.086
0.073
0.079
0.098
0.12
0.12
0.091
0.082
0.093
0.11
0.11
0.12
0.13
0.11
0.065
0.012
0.0077
0.11
0.21
0.14
0.0015
0.01
0.11
0.15
0.12
0.068
0.021
0.034
0.076
0.088
0.087
0.084
0.07
0.1
0.19
0.17
-0.0051
-0.14
-0.1
0.01
0.078
0.082
0.058
0.044
0.022
-0.011
0.0018
0.043
0.044
0.0032
-0.022
-0.021
-0.027
-0.04
-0.037
0.014
0.07
0.09
0.056
-0.022
-0.082
-0.094
-0.077
-0.058
-0.034
-0.025
-0.038
-0.046
-0.032
-0.0094
0.011
0.036
0.053
0.023
-0.036
-0.092
-0.13
-0.12
-0.07
-0.022
-0.012
-0.031
-0.063
-0.089
-0.082
-0.056
-0.025
-0.0009
0.024
0.043
0.028
-0.024
-0.067
-0.062
-0.042
-0.027
-0.025
-0.017
-0.006
-0.018
-0.039
-0.03
-0.0099
-0.021
-0.03
-0.014
0.011
0.034
0.033
0.016
0.015
0.025
0.022
0.018
0.009
0.018
0.037
0.053
0.05
0.034
0.028
0.027
0.03
0.035
0.048
0.053
0.029
-0.01
-0.055
-0.067
-0.057
-0.05
-0.041
-0.03
-0.018
-0.0033
0.0054
0.016
0.013
-0.026
-0.071
-0.094
-0.1
-0.084
-0.041
0.013
0.052
0.032
-0.011
-0.059
-0.12
-0.15
-0.14
-0.11
-0.06
-0.025
0.0072
0.041
0.041
0.025
0.0081
-0.012
-0.023
-0.0029
0.058
0.1
0.043
-0.16
-0.3
-0.21
-0.017
0.087
0.089
0.09
0.13
0.078
-0.054
-0.092
-0.034
-0.0044
-0.051
-0.13
-0.15
-0.11
-0.09
-0.066
-0.028
0.011
0.085
0.12
0.039
-0.058
-0.1
-0.098
-0.061
-0.044
-0.0094
0.037
0.028
-0.0034
-0.015
-0.011
-0.0054
0.009
0.017
-0.012
-0.011
0.044
0.094
0.12
0.14
0.14
0.093
0.035
0.0059
-0.0054
-0.048
-0.043
0.023
0.064
0.053
0.032
0.022
0.012
0.027
0.064
0.094
0.081
0.034
-0.009
-0.048
-0.055
-0.026
-0.0063
-0.009
0.0036
0.032
0.026
-0.0047
-0.03
-0.032
0.0058
0.03
0.016
-0.0087
-0.012
0.0069
0.023
0.027
0.025
0.023
-0.0012
-0.032
-0.051
-0.07
-0.064
-0.0083
0.054
0.078
0.06
0.015
-0.035
-0.081
-0.091
-0.047
0.033
0.093
0.11
0.079
0.02
-0.037
-0.057
-0.041
-0.016
0.005
0.028
0.043
0.042
0.026
-0.019
-0.075
-0.097
-0.083
-0.071
-0.065
-0.055
-0.048
-0.051
-0.076
-0.095
-0.11
-0.13
-0.16
-0.19
-0.18
-0.13
-0.092
-0.1
-0.12
-0.13
-0.12
-0.13
-0.14
-0.11
-0.093
-0.1
-0.12
-0.13
-0.14
-0.14
-0.12
-0.1
-0.055
-0.024
0.0027
0.028
0.014
-0.03
-0.094
-0.16
-0.17
-0.11
-0.052
-0.015
0.0023
-0.0036
-0.026
-0.046
-0.058
-0.063
-0.078
-0.11
-0.12
-0.14
-0.13
-0.1
-0.055
-0.015
-0.0052
-0.016
-0.044
-0.088
-0.11
-0.1
-0.08
-0.044
-0.0039
0.01
-0.015
-0.035
-0.034
-0.035
-0.048
-0.046
-0.0056
0.012
-0.03
-0.086
-0.088
-0.046
-0.0051
-0.0045
-0.013
-0.024
-0.062
-0.1
-0.12
-0.11
-0.095
-0.078
-0.066
-0.053
-0.044
-0.06
-0.087
-0.11
-0.11
-0.086
-0.064
-0.048
-0.047
-0.045
-0.045
-0.052
-0.071
-0.07
-0.051
-0.029
-0.022
-0.024
-0.025
-0.023
-0.00078
0.053
0.1
0.11
0.077
0.049
0.037
0.041
0.04
0.027
0.031
0.037
0.035
0.054
0.087
0.088
0.063
0.046
0.047
0.073
0.086
0.09
0.098
0.1
0.1
0.083
0.082
0.1
0.11
0.11
0.11
0.092
0.086
0.082
0.068
0.084
0.11
0.13
0.14
0.14
0.13
0.13
0.13
0.11
0.09
0.087
0.1
0.12
0.13
0.13
0.12
0.11
0.12
0.12
0.12
0.13
0.12
0.1
0.094
0.073
0.059
0.054
0.033
0.033
0.044
0.031
0.022
0.027
0.041
0.052
0.047
0.023
0.0043
-0.0054
-0.0084
-0.012
0.017
0.059
0.057
0.015
-0.022
-0.038
-0.048
-0.043
-0.03
-0.029
-0.019
-0.011
-0.018
-0.043
-0.072
-0.073
-0.071
-0.071
-0.069
-0.075
-0.099
-0.096
-0.075
-0.077
-0.081
-0.11
-0.15
-0.14
-0.11
-0.09
-0.1
-0.13
-0.14
-0.12
-0.13
-0.14
-0.12
-0.11
-0.072
-0.061
-0.094
-0.12
-0.13
-0.13
-0.099
-0.073
-0.069
-0.054
-0.053
-0.056
-0.052
-0.056
-0.048
-0.035
-0.041
-0.048
-0.041
-0.016
0.02
0.037
0.041
0.035
0.0085
-0.016
-0.031
-0.029
0.0039
0.036
0.049
0.04
0.017
0.015
0.02
0.023
0.033
0.023
0.021
0.053
0.089
0.11
0.1
0.081
0.069
0.072
0.089
0.11
0.11
0.089
0.081
0.068
0.047
0.057
0.075
0.085
0.096
0.12
0.13
0.13
0.13
0.14
0.17
0.21
0.21
0.16
0.13
0.12
0.13
0.13
0.15
0.17
0.19
0.21
0.21
0.21
0.21
0.19
0.17
0.15
0.15
0.15
0.13
0.11
0.087
0.11
0.13
0.13
0.12
0.098
0.088
0.088
0.094
0.088
0.054
0.022
0.021
0.046
0.071
0.062
0.017
-0.028
-0.065
-0.087
-0.082
-0.077
-0.063
-0.045
-0.034
-0.041
-0.046
-0.049
-0.057
-0.061
-0.076
-0.1
-0.14
-0.16
-0.15
-0.12
-0.085
-0.046
-0.023
-0.051
-0.11
-0.16
-0.17
-0.14
-0.12
-0.12
-0.096
-0.039
-0.015
-0.033
-0.082
-0.13
-0.15
-0.15
-0.14
-0.13
-0.11
-0.068
-0.038
-0.021
-0.011
-0.02
-0.053
-0.057
-0.037
-0.031
-0.04
-0.046
-0.045
-0.03
-0.026
-0.052
-0.078
-0.068
-0.042
-0.025
-0.012
0.0029
-0.011
-0.042
-0.054
-0.042
-0.015
0.01
0.028
0.035
0.033
0.016
-0.00035
-0.018
-0.0081
0.03
0.051
0.056
0.071
0.065
0.07
0.074
0.064
0.056
0.054
0.063
0.076
0.095
0.11
0.11
0.12
0.13
0.13
0.1
0.11
0.14
0.17
0.17
0.14
0.15
0.19
0.22
0.2
0.15
0.11
0.11
0.11
0.1
0.099
0.11
0.12
0.12
0.094
0.08
0.093
0.11
0.11
0.12
0.12
0.12
0.12
0.14
0.15
0.15
0.14
0.12
0.13
0.14
0.12
0.083
0.059
0.08
0.11
0.12
0.11
0.094
0.079
0.083
0.071
0.064
0.066
0.07
0.063
0.045
0.018
0.002
0.034
0.087
0.1
0.068
0.032
0.023
0.021
0.014
-0.018
-0.03
0.0067
0.05
0.075
0.054
0.0012
-0.028
-0.026
-0.016
-0.0097
-0.018
-0.044
-0.047
-0.029
0.001
0.032
0.037
0.012
-0.012
-0.029
-0.028
-0.017
-0.022
-0.023
-0.013
-0.004
0.017
0.031
0.012
-0.027
-0.066
-0.059
0.0076
0.052
0.035
0.011
0.0078
0.019
0.034
0.039
0.032
0.028
0.033
0.058
0.068
0.044
0.0057
-0.018
-0.011
0.013
0.0074
-0.00032
0.025
0.057
0.084
0.088
0.085
0.076
0.052
0.012
-0.0028
0.04
0.094
0.11
0.085
0.032
-0.0099
0.012
0.058
0.075
0.075
0.062
0.05
0.037
0.023
0.024
0.061
0.1
0.11
0.1
0.075
0.042
0.0075
-0.0075
-0.0088
0.0039
0.024
0.052
0.09
0.11
0.12
0.11
0.096
0.051
-0.02
-0.033
0.0082
0.054
0.091
0.11
0.094
0.079
0.06
0.016
-0.025
-0.035
-0.019
0.027
0.076
0.083
0.047
0.023
0.012
0.016
0.04
0.04
0.024
0.013
0.029
0.053
0.054
0.04
0.038
0.025
0.0044
0.006
0.029
0.054
0.081
0.1
0.1
0.06
-0.00011
-0.03
-0.019
-0.0018
0.026
0.061
0.064
0.034
-0.0087
-0.041
-0.037
-0.041
-0.04
0.012
0.071
0.096
0.075
0.037
0.0053
-0.007
0.0054
0.022
0.027
0.044
0.057
0.045
0.038
0.024
-0.018
-0.069
-0.095
-0.074
0.0047
0.078
0.084
0.066
0.028
-0.031
-0.07
-0.073
-0.055
-0.022
0.021
0.041
0.019
-0.025
-0.061
-0.085
-0.11
-0.14
-0.13
-0.08
-0.038
-0.039
-0.078
-0.12
-0.16
-0.17
-0.14
-0.11
-0.089
-0.043
0.025
0.062
0.033
-0.035
-0.09
-0.12
-0.11
-0.069
-0.012
0.031
0.055
0.054
0.025
-0.018
-0.052
-0.055
-0.04
-0.026
0.0035
0.043
0.064
0.077
0.074
0.052
0.01
-0.048
-0.087
-0.086
-0.061
-0.044
-0.011
0.045
0.094
0.13
0.15
0.16
0.14
0.1
0.082
0.049
0.024
0.017
0.024
0.045
0.045
0.014
0.0094
-0.0046
-0.039
-0.039
0.0055
0.03
0.0051
-0.051
-0.09
-0.096
-0.094
-0.097
-0.089
-0.069
-0.052
-0.036
-0.028
-0.054
-0.093
-0.11
-0.071
-0.0056
0.062
0.12
0.16
0.17
0.15
0.089
0.0033
-0.063
-0.1
-0.1
-0.072
-0.017
0.034
0.08
0.12
0.16
0.17
0.17
0.16
0.12
0.041
-0.055
-0.1
-0.058
0.055
0.18
0.26
0.32
0.33
0.29
0.19
0.091
0.044
0.058
0.14
0.24
0.27
0.18
0.073
0.094
0.22
0.35
0.42
0.41
0.3
0.12
-0.021
-0.055
-0.017
0.023
0.028
0.029
0.052
0.059
0.06
0.076
0.093
0.095
0.085
0.096
0.12
0.11
0.051
-0.0083
-0.094
-0.19
-0.25
-0.26
-0.22
-0.13
-0.024
0.036
0.015
-0.062
-0.19
-0.35
-0.44
-0.41
-0.3
-0.16
-0.085
-0.19
-0.34
-0.37
-0.31
-0.29
-0.35
-0.46
-0.53
-0.49
-0.41
-0.35
-0.34
-0.31
-0.27
-0.28
-0.31
-0.28
-0.2
-0.13
-0.13
-0.22
-0.33
-0.42
-0.49
-0.51
-0.48
-0.43
-0.34
-0.27
-0.23
-0.22
-0.24
-0.25
-0.23
-0.2
-0.17
-0.14
-0.11
-0.09
-0.098
-0.11
-0.11
-0.15
-0.24
-0.33
-0.33
-0.23
-0.075
0.047
0.09
0.058
-0.0031
-0.054
-0.099
-0.14
-0.18
-0.2
-0.17
-0.1
-0.054
-0.017
-0.0082
-0.035
-0.078
-0.12
-0.12
-0.12
-0.15
-0.18
-0.17
-0.14
-0.12
-0.14
-0.19
-0.23
-0.2
-0.15
-0.089
-0.051
-0.029
-0.018
-0.024
-0.019
-0.0043
0.0018
-0.02
-0.065
-0.098
-0.09
-0.049
-0.012
0.0009
-0.012
-0.036
-0.036
-0.0062
0.046
0.096
0.13
0.15
0.16
0.14
0.13
0.13
0.13
0.12
0.12
0.12
0.13
0.11
0.064
0.021
-0.0059
-0.0055
0.031
0.093
0.15
0.15
0.13
0.13
0.12
0.09
0.056
0.03
0.017
0.021
0.045
0.069
0.073
0.067
0.04
-0.0054
-0.05
-0.077
-0.087
-0.076
-0.065
-0.066
-0.074
-0.074
-0.077
-0.096
-0.12
-0.14
-0.12
-0.09
-0.093
-0.12
-0.15
-0.14
-0.11
-0.088
-0.089
-0.12
-0.16
-0.17
-0.15
-0.11
-0.071
-0.031
-0.016
-0.02
-0.025
-0.031
-0.041
-0.034
-0.013
-0.0049
-0.0038
-0.0054
-0.022
-0.045
-0.053
-0.048
-0.034
-0.011
-0.0074
-0.011
-0.013
-0.016
-0.038
-0.069
-0.081
-0.068
-0.043
-0.029
-0.029
-0.031
-0.027
-0.024
-0.019
-0.015
-0.01
0.0092
0.03
0.032
0.016
-0.0094
-0.03
-0.031
-0.026
-0.026
-0.027
-0.029
-0.015
0.0094
0.029
0.026
-0.00047
-0.023
-0.03
-0.012
0.018
0.045
0.069
0.084
0.079
0.064
0.033
-0.013
-0.046
-0.045
-0.032
-0.026
-0.026
-0.02
-0.0063
0.009
0.028
0.026
0.002
-0.021
-0.02
-0.0043
0.018
0.042
0.052
0.057
0.062
0.058
0.044
0.039
0.051
0.076
0.095
0.098
0.091
0.074
0.058
0.054
0.063
0.081
0.1
0.096
0.074
0.069
0.076
0.083
0.081
0.072
0.07
0.087
0.12
0.16
0.16
0.15
0.14
0.12
0.12
0.11
0.11
0.14
0.17
0.18
0.17
0.15
0.14
0.15
0.14
0.14
0.16
0.18
0.17
0.17
0.17
0.18
0.18
0.17
0.18
0.18
0.16
0.16
0.15
0.14
0.16
0.17
0.17
0.15
0.12
0.098
0.086
0.092
0.1
0.1
0.081
0.059
0.046
0.046
0.055
0.059
0.073
0.079
0.08
0.086
0.084
0.069
0.054
0.062
0.09
0.11
0.11
0.12
0.13
0.13
0.12
0.11
0.11
0.11
0.11
0.11
0.1
0.11
0.11
0.12
0.12
0.12
0.13
0.13
0.12
0.12
0.21
0.28
0.16
0.0024
-0.0083
0.1
0.2
0.21
0.18
0.14
0.13
0.12
0.11
0.093
0.087
0.095
0.11
0.12
0.12
0.1
0.069
0.058
0.052
0.047
0.057
0.064
0.062
0.069
0.092
0.11
0.095
0.083
0.086
0.096
0.11
0.12
0.11
0.11
0.11
0.11
0.12
0.12
0.11
0.11
0.12
0.11
0.086
0.05
0.02
0.016
0.038
0.063
0.081
0.093
0.091
0.079
0.065
0.061
0.063
0.055
0.042
0.034
0.035
0.047
0.055
0.056
0.056
0.048
0.014
-0.019
-0.02
0.00044
0.019
0.018
0.011
0.0038
-0.0011
-0.0053
-0.0039
0.013
0.032
0.031
0.011
-0.0056
-0.022
-0.036
-0.029
-0.012
0.00072
0.0079
0.01
0.015
0.016
0.012
0.00069
-0.019
-0.033
-0.029
-0.0074
0.016
0.033
0.033
0.028
0.021
0.015
-0.0072
-0.027
-0.031
-0.021
-0.012
-0.012
-0.0062
0.0006
-0.0009
-0.0017
0.00099
0.00087
-0.0054
-0.011
-0.014
-0.012
-0.018
-0.024
-0.019
-0.017
-0.015
-0.018
-0.0096
0.0093
0.018
0.015
0.0058
-0.016
-0.037
-0.045
-0.041
-0.019
-0.0013
-0.012
-0.033
-0.057
-0.076
-0.066
-0.054
-0.053
-0.043
-0.033
-0.031
-0.026
-0.022
-0.017
-0.013
-0.02
-0.018
-0.011
-0.011
-0.008
-0.009
-0.016
-0.022
-0.022
-0.0077
0.016
0.028
0.023
0.0067
-0.01
-0.007
-0.002
-0.0038
-0.0067
-0.012
-0.019
-0.017
-0.019
-0.023
-0.018
-0.0078
-0.0014
-0.0015
-0.0098
-0.015
-0.015
-0.0067
0.013
0.027
0.028
0.03
0.043
0.059
0.079
0.081
0.061
0.052
0.045
0.046
0.065
0.083
0.082
0.08
0.081
0.079
0.075
0.07
0.062
0.055
0.066
0.076
0.077
0.071
0.058
0.03
0.017
0.022
0.025
0.032
