-0.0065
0.0083
0.024
0.013
-0.0062
-0.0071
0.0038
-0.0087
-0.017
0.00069
0.021
0.012
1.5e-005
0.0061
0.016
0.013
0.00044
4.6e-005
0.012
0.0062
-0.012
0.0036
0.031
0.018
-0.015
-0.012
0.0064
0.0026
-0.0091
0.0094
0.027
0.013
0.0011
0.01
0.0074
-0.0045
-0.0044
0.0055
0.012
0.0081
0.0084
0.015
0.014
0.0049
-0.00072
-0.0061
-0.021
-0.014
0.0062
0.0099
0.00035
0.0037
0.014
0.0053
-0.015
-0.015
0.0047
4.6e-005
-0.015
-0.0045
0.011
0.017
0.0068
0.0046
0.0056
0.0015
-0.006
-0.0022
0.013
0.027
0.035
0.031
0.021
0.015
0.021
0.016
-0.0035
0.00035
0.022
0.028
0.012
0.0045
0.018
0.019
0.012
0.01
0.0051
0.0014
0.012
0.018
0.017
0.014
0.013
0.017
0.012
0.0076
0.019
0.023
0.0086
0.0051
0.011
0.0055
-0.0013
0.0045
0.02
0.018
-0.0067
-0.0097
0.0096
0.015
0.0013
-0.012
-0.0036
0.0023
-0.0076
-0.018
-0.0082
-0.003
-0.0066
-0.012
-0.011
-0.0015
0.0058
0.0022
-0.0085
-0.0058
-0.0019
-0.014
-0.016
0.0048
0.0098
-0.0043
0.0048
0.031
0.029
-0.00096
-0.0077
0.0051
0.0017
-0.0019
0.012
0.033
0.041
0.031
0.019
0.015
0.011
0.0022
0.0016
0.0093
0.011
0.01
0.014
0.018
0.013
0.0089
0.0022
-0.0033
0.0077
0.0066
-0.0078
0.0017
0.028
0.025
-0.00081
-0.0063
-0.0016
-0.00066
-0.0058
0.0015
0.0014
0.0099
0.026
0.019
0.0035
0.0095
0.021
0.0082
0.00017
0.02
0.026
0.0049
-0.0045
0.012
0.0041
-0.009
0.0023
0.0057
-0.0058
-0.012
-0.0038
0.0061
0.0086
-0.0058
-0.016
-0.0063
-0.0013
-0.0002
0.0086
0.0087
-0.0024
0.003
0.0057
-0.014
-0.023
-0.0098
0.0047
0.009
-0.0039
-0.0077
-0.0011
0.0062
0.0081
0.0013
-0.0018
0.013
0.022
0.0022
-0.011
-0.0092
0.00099
0.0014
-0.004
0.0064
0.025
0.0086
-0.0074
0.015
0.023
-0.0073
-0.017
0.013
0.028
0.0055
0.0021
0.027
0.04
0.031
0.023
0.014
0.00038
-0.0092
-7.6e-005
0.022
0.03
0.025
0.02
0.015
0.013
0.013
0.014
0.0093
0.0065
0.015
0.027
0.024
0.014
0.017
0.016
0.0087
0.0072
0.015
0.026
0.021
0.02
0.028
0.036
0.033
0.02
0.012
0.014
0.018
0.013
0.021
0.033
0.039
0.031
0.017
0.0053
0.0015
0.01
0.016
0.0049
0.0049
0.016
0.012
-0.009
-0.0071
0.0087
0.0063
-0.0043
-0.01
-0.0021
0.018
0.02
0.0034
-0.0039
0.0072
0.026
0.032
0.018
0.013
0.022
0.019
0.012
0.013
0.0087
0.0053
0.0062
0.016
0.023
0.0063
-0.015
-0.0081
0.0022
-0.00078
-0.0094
-0.0043
0.01
0.011
-0.0055
-0.011
-0.0096
0.0091
0.076
0.072
0.0082
0.0025
0.036
0.03
0.0029
0.015
0.02
0.029
0.064
0.058
0.024
0.028
0.054
0.052
0.016
-0.0069
0.0081
0.02
0.011
0.0084
0.032
0.05
0.029
0.0029
0.00044
0.0019
-0.01
-0.011
0.0024
-0.0024
-0.0064
0.0024
0.0087
-0.0071
-0.021
-0.017
-0.019
-0.018
-0.011
-0.011
0.0034
0.025
0.031
0.013
0.0087
0.011
0.008
0.0018
0.0078
0.018
0.02
0.034
0.042
0.028
0.021
0.019
0.012
0.00044
0.0015
0.014
0.0019
-0.012
-0.0029
-0.00053
-0.0075
-0.0036
-0.0063
-0.014
-0.022
-0.026
-0.018
-0.0048
-0.0076
-0.021
-0.015
-0.0013
0.0043
0.004
0.0038
-0.00099
-0.0016
0.0077
0.0072
0.0061
0.0094
0.01
0.021
0.023
0.0068
-4.6e-005
0.01
0.028
0.025
0.0099
0.0041
0.018
0.022
0.019
0.011
-0.0048
-0.013
-0.0083
0.0054
0.032
0.028
-0.015
-0.031
-0.013
-0.011
-0.037
-0.045
-0.021
-0.0061
-0.0073
-0.0062
-0.011
-0.016
-0.012
-0.0087
-0.0094
-0.00081
0.0072
0.016
0.027
0.029
0.019
0.0028
0.0033
0.009
0.018
0.022
0.011
0.014
0.029
0.036
0.02
0.0021
-0.0038
-0.0061
-0.00011
0.011
0.018
0.01
-0.0079
-0.022
-0.027
-0.0085
-0.0094
-0.019
-0.017
-0.016
-0.027
-0.032
-0.031
-0.032
-0.024
-0.009
-0.0059
-0.0088
0.0011
0.02
0.019
0.0037
0.0027
0.0076
-0.0043
-0.016
-0.0069
0.01
0.022
0.018
-0.01
-0.022
-0.014
-0.0074
-0.01
-0.021
-0.012
0.013
0.016
0.0018
-0.0087
-0.0078
0.0043
0.022
0.026
0.0091
-0.016
-0.013
0.022
0.044
0.023
0.011
0.021
0.028
0.026
0.013
0.02
0.025
0.02
0.0069
0.0012
-0.021
-0.034
-0.011
0.012
0.014
0.0016
-0.0065
-0.016
-0.018
0.0009
0.0082
0.0055
-0.0093
-0.023
-0.017
0.0033
0.02
0.0065
-0.019
-0.018
-0.0076
-0.011
-0.0031
0.015
0.031
0.031
0.018
0.013
0.015
0.0048
-0.0096
0.00047
0.0042
-0.0067
-0.0036
0.019
0.033
0.019
0.013
0.015
0.003
0.0047
0.022
0.031
0.015
0.018
0.026
0.017
0.025
0.046
0.065
0.057
0.036
0.016
0.017
0.018
-0.0083
-0.022
-0.013
-0.011
0.0025
0.013
-0.0042
-0.018
-0.0076
0.018
0.037
0.026
0.0092
-0.0011
0.0049
0.031
0.031
-0.01
-0.047
-0.053
-0.034
-0.03
-0.033
-0.017
0.015
0.048
0.059
0.047
0.029
0.011
-0.0053
-0.0071
-0.013
-0.018
-0.022
-0.05
-0.057
-0.044
-0.0028
0.028
0.022
0.0099
0.02
0.034
0.023
-1.5e-005
-0.016
0.0075
0.049
0.063
0.04
0.021
-0.0011
-0.029
-0.017
-0.0043
-0.022
-0.023
-0.0051
0.0016
0.0084
0.034
0.058
0.055
0.033
-0.00014
-0.034
-0.059
-0.074
-0.072
-0.049
-0.025
-0.0021
0.0049
-0.011
-0.033
-0.03
0.01
0.027
0.019
0.008
0.011
0.018
0.002
-0.029
-0.054
-0.066
-0.054
-0.0077
0.058
0.081
0.063
0.014
-0.0058
0.014
0.029
0.033
0.041
0.064
0.064
0.05
0.039
0.039
0.03
0.021
0.024
0.03
0.029
0.017
0.0063
0.0072
0.027
0.03
0.017
0.011
0.014
0.029
0.034
0.023
0.0027
-0.0084
-0.0068
-0.0086
-0.0082
-0.0018
0.0022
-0.008
-0.026
-0.025
-0.021
-0.03
-0.036
-0.028
-0.014
-0.001
-0.00035
-0.011
-0.013
-0.014
-0.0084
0.0027
-0.014
-0.033
-0.045
-0.035
-0.024
-0.033
-0.051
-0.077
-0.1
-0.11
-0.1
-0.089
-0.084
-0.082
-0.074
-0.07
-0.071
-0.078
-0.075
-0.079
-0.086
-0.091
-0.1
-0.09
-0.062
-0.054
-0.07
-0.09
-0.081
-0.055
-0.037
-0.022
-0.011
-0.00087
0.0051
0.031
0.058
0.07
0.065
0.053
0.053
0.053
0.053
0.026
-0.039
-0.11
-0.17
-0.21
-0.25
-0.28
-0.29
-0.31
-0.32
-0.31
-0.26
-0.23
-0.23
-0.16
-0.055
-0.057
-0.14
-0.21
-0.23
-0.24
-0.28
-0.32
-0.34
-0.36
-0.39
-0.42
-0.39
-0.26
-0.16
-0.18
-0.45
-0.82
-0.89
-0.85
-0.34
0.29
0.56
0.65
0.63
0.54
0.27
-0.18
-0.64
-0.81
-0.62
-0.33
-0.19
-0.22
-0.27
-0.25
-0.24
-0.28
-0.32
-0.28
-0.12
0.13
0.4
0.61
0.72
0.78
0.79
0.78
0.79
0.86
0.91
0.92
0.88
0.84
0.79
0.69
0.21
-0.57
-0.69
-0.17
0.18
0.081
-0.3
-0.53
-0.43
-0.24
-0.29
-0.51
-0.52
-0.22
0.039
0.0079
-0.17
-0.17
0.063
0.22
0.15
-0.024
-0.086
-0.052
-0.041
0.0087
0.057
0.019
-0.13
-0.27
-0.24
-0.046
0.14
0.15
0.026
-0.012
0.14
0.35
0.46
0.42
0.38
0.46
0.61
0.68
0.64
0.6
0.65
0.73
0.74
0.62
0.48
0.45
0.52
0.57
0.53
0.46
0.38
0.33
0.32
0.27
0.16
0.016
-0.085
-0.083
-0.013
0.052
0.063
0.03
-0.027
-0.11
-0.17
-0.17
-0.15
-0.16
-0.23
-0.31
-0.36
-0.36
-0.3
-0.26
-0.24
-0.26
-0.27
-0.24
-0.15
-0.015
0.069
0.071
0.033
0.013
0.052
0.096
0.11
0.087
0.076
0.091
0.094
0.054
-0.036
-0.12
-0.17
-0.14
-0.095
-0.063
-0.061
-0.079
-0.084
-0.059
-0.016
0.013
0.013
0.0051
-0.0059
-0.012
-0.017
-0.025
-0.06
-0.13
-0.21
-0.24
-0.24
-0.22
-0.21
-0.21
-0.19
-0.13
-0.046
0.031
0.091
0.13
0.17
0.22
0.27
0.31
0.35
0.37
0.37
0.36
0.36
0.34
0.31
0.28
0.24
0.2
0.17
0.15
0.15
0.15
0.11
0.063
0.045
0.038
0.03
0.0067
-0.007
-0.012
-0.021
-0.032
-0.046
-0.056
-0.065
-0.056
-0.031
-0.0093
-0.0099
-0.028
-0.055
-0.076
-0.069
-0.053
-0.047
-0.04
-0.013
0.025
0.044
0.052
0.051
0.051
0.049
0.059
0.088
0.12
0.14
0.15
0.17
0.17
0.17
0.16
0.15
0.15
0.14
0.13
0.1
0.086
0.098
0.1
0.08
0.037
-0.005
-0.049
-0.076
-0.07
-0.056
-0.054
-0.061
-0.059
-0.058
-0.057
-0.072
-0.082
-0.065
-0.056
-0.065
-0.072
-0.085
-0.12
-0.12
-0.091
-0.055
-0.029
-0.045
-0.092
-0.14
-0.14
-0.11
-0.078
-0.076
-0.095
-0.1
-0.1
-0.091
-0.084
-0.078
-0.083
-0.11
-0.13
-0.11
-0.072
-0.041
-0.028
-0.035
-0.06
-0.063
-0.039
-0.024
-0.033
-0.054
-0.068
-0.082
-0.083
-0.077
-0.057
-0.047
-0.045
-0.036
-0.015
0.016
0.033
0.028
0.016
0.011
0.014
0.028
0.05
0.062
0.049
0.032
0.035
0.036
0.029
0.042
0.054
0.056
0.065
0.08
0.099
0.12
0.13
0.1
0.079
0.071
0.072
0.065
0.06
0.064
0.075
0.078
0.063
0.034
0.007
-0.0064
0.002
0.01
0.00099
-0.014
-0.022
-0.024
-0.026
-0.027
-0.037
-0.034
-0.03
-0.028
-0.027
-0.029
-0.036
-0.047
-0.057
-0.054
-0.041
-0.044
-0.037
-0.018
-0.012
-0.014
-0.017
-0.021
-0.027
-0.023
-0.015
-0.004
0.017
0.04
0.049
0.041
0.042
0.049
0.055
0.058
0.07
0.088
0.1
0.1
0.083
0.077
0.073
0.058
0.052
0.064
0.07
0.075
0.074
0.047
0.024
0.0097
-0.0029
0.0077
0.026
0.031
0.025
0.017
0.027
0.038
0.037
0.028
0.022
0.011
0.022
0.048
0.074
0.086
0.071
0.051
0.05
0.058
0.048
0.028
0.0037
-0.006
-0.0009
-0.0027
-0.0042
-0.0039
-0.011
-0.02
-0.031
-0.045
-0.037
-0.00014
0.02
0.0089
-0.012
-0.026
-0.02
-0.017
-0.019
-0.0098
-0.0043
-0.012
-0.014
-0.015
-0.021
-0.03
-0.032
-0.018
-0.0022
0.0016
0.0077
0.016
0.026
0.032
0.03
0.032
0.036
0.024
-0.00084
-0.014
-0.0078
0.0076
0.0086
0.0072
0.019
0.031
0.024
0.0061
-0.00066
-0.0013
-0.0092
-0.009
0.011
0.033
0.04
0.04
0.038
0.024
0.0094
0.013
0.017
0.01
0.0071
0.0095
0.013
0.02
0.033
0.039
0.035
0.03
0.021
0.021
0.016
0.011
0.015
0.041
0.064
0.057
0.039
0.02
-0.00078
-0.0096
-0.0029
0.012
0.028
0.046
0.044
0.039
0.039
0.042
0.044
0.047
0.063
0.069
0.057
0.035
0.02
0.022
0.032
0.031
0.024
0.027
0.03
0.02
0.017
0.034
0.037
0.024
0.021
0.017
0.009
0.0039
0.016
0.044
0.076
0.081
0.044
-0.011
-0.039
-0.02
0.012
0.037
0.048
0.03
-0.0061
-0.032
-0.032
-0.019
-0.012
-0.012
-0.0026
-0.0091
-0.035
-0.058
-0.053
-0.039
-0.026
-0.031
-0.037
-0.015
0.025
0.048
0.043
0.034
0.032
0.032
0.027
0.024
0.036
0.051
0.045
0.022
-0.012
-0.031
-0.0082
0.026
0.033
0.022
0.028
0.064
0.098
0.11
0.1
0.083
0.06
0.051
0.052
0.059
0.076
0.087
0.079
0.047
0.0095
-0.0049
0.0034
0.022
0.027
0.03
0.043
0.061
0.066
0.057
0.04
0.026
0.021
0.014
0.00056
-0.0054
-0.012
-0.017
-0.033
-0.054
-0.071
-0.078
-0.081
-0.069
-0.047
-0.024
0.0077
0.022
0.014
-0.0055
-0.02
-0.023
-0.021
-0.025
-0.022
-0.02
-0.027
-0.034
-0.048
-0.058
-0.052
-0.043
-0.043
-0.034
-0.017
0.0034
0.026
0.036
0.03
0.018
-0.0025
-0.023
-0.022
-0.017
-0.023
-0.029
-0.033
-0.036
-0.038
-0.042
-0.029
0.0042
0.037
0.067
0.092
0.11
0.12
0.097
0.096
0.11
0.12
0.088
0.056
0.037
0.034
0.038
0.043
0.056
0.066
0.076
0.08
0.082
0.086
0.077
0.068
0.073
0.072
0.055
0.05
0.053
0.05
0.041
0.035
0.032
0.034
0.039
0.049
0.065
0.079
0.091
0.099
0.1
0.1
0.096
0.096
0.094
0.073
0.055
0.058
0.069
0.069
0.064
0.051
0.036
0.035
0.035
0.031
0.032
0.048
0.064
0.049
0.016
-0.012
-0.014
-0.014
-0.004
0.0011
0.0044
0.011
0.012
-0.00014
-0.0068
0.00063
0.011
0.026
0.027
0.016
-0.0034
-0.0079
-0.0052
-0.025
-0.035
-0.029
-0.021
-0.014
-0.013
-0.023
-0.022
-0.018
-0.033
-0.062
-0.089
-0.096
-0.093
-0.094
-0.091
-0.09
-0.093
-0.1
-0.11
-0.11
-0.1
-0.097
-0.098
-0.1
-0.11
-0.14
-0.15
-0.15
-0.17
-0.18
-0.17
-0.15
-0.14
-0.13
-0.13
-0.14
-0.14
-0.12
-0.12
-0.13
-0.14
-0.16
-0.18
-0.19
-0.19
-0.17
-0.15
-0.12
-0.09
-0.083
-0.096
-0.09
-0.077
-0.088
-0.11
-0.13
-0.14
-0.16
-0.15
-0.14
-0.12
-0.1
-0.095
-0.11
-0.12
-0.12
-0.12
-0.11
-0.1
-0.11
-0.11
-0.09
-0.049
-0.024
-0.019
-0.019
-0.017
-0.02
-0.033
-0.051
-0.064
-0.071
-0.071
-0.068
-0.067
-0.06
-0.038
-0.019
0.0013
0.0039
-0.012
-0.035
-0.055
-0.059
-0.047
-0.036
-0.043
-0.06
-0.064
-0.043
-0.011
0.0034
0.012
0.021
0.04
0.055
0.047
0.031
0.029
0.041
0.048
0.063
0.066
0.057
0.064
0.071
0.07
0.051
0.029
0.029
0.044
0.046
0.046
0.053
0.053
0.065
0.077
0.072
0.067
0.063
0.072
0.069
0.063
0.065
0.07
0.067
0.065
0.065
0.059
0.054
0.052
0.055
0.061
0.058
0.039
0.016
0.0064
-0.0066
-0.023
-0.021
-0.00032
0.017
0.03
0.042
0.034
0.023
0.026
0.041
0.042
0.035
0.036
0.033
0.038
0.049
0.055
0.054
0.053
0.055
0.054
0.051
0.037
0.031
0.042
0.065
0.076
0.062
0.053
0.042
0.035
0.045
0.056
0.053
0.041
0.042
0.033
0.028
0.028
0.036
0.043
0.052
0.063
0.065
0.074
0.071
0.056
0.046
0.039
0.028
0.017
0.019
0.021
0.017
0.023
0.037
0.031
0.012
0.0091
0.0089
0.0022
0.001
0.0029
0.0025
0.014
0.025
0.0091
-0.023
-0.048
-0.049
-0.03
-0.019
-0.019
-0.017
-0.0039
-0.0016
-0.02
-0.038
-0.042
-0.031
-0.018
-0.015
-0.029
-0.042
-0.036
-0.038
-0.036
-0.03
-0.027
-0.023
-0.0039
0.013
0.02
0.018
0.015
0.01
0.0037
-0.0036
-0.0036
0.019
0.046
0.049
0.042
0.045
0.051
0.04
0.029
0.028
0.018
0.013
0.013
0.015
0.02
0.043
0.062
0.07
0.08
0.074
0.066
0.055
0.058
0.064
0.072
0.083
0.081
0.092
0.1
0.1
0.085
0.079
0.082
0.073
0.061
0.058
0.072
0.09
0.11
0.11
0.087
0.079
0.079
0.1
0.11
0.097
0.065
0.043
0.046
0.063
0.078
0.08
0.061
0.041
0.05
0.064
0.066
0.081
0.1
0.11
0.1
0.082
0.046
0.0024
-0.009
0.021
0.043
0.05
0.057
0.029
-0.012
-0.025
-0.021
-0.0027
0.0058
-0.0033
-0.014
-0.033
-0.047
-0.045
-0.053
-0.075
-0.075
-0.064
-0.062
-0.059
-0.057
-0.05
-0.036
-0.02
-0.033
-0.069
-0.095
-0.1
-0.083
-0.057
-0.043
-0.058
-0.079
-0.086
-0.065
-0.035
-0.033
-0.052
-0.085
-0.099
-0.072
-0.045
-0.039
-0.049
-0.062
-0.077
-0.061
-0.023
-0.012
-0.02
-0.027
-0.048
-0.082
-0.093
-0.07
-0.033
-0.0073
-0.011
-0.025
-0.041
-0.044
-0.041
-0.045
-0.064
-0.093
-0.1
-0.073
-0.033
-0.016
-0.013
-0.02
-0.027
-0.011
0.0011
0.0085
0.013
0.014
0.018
0.013
-0.0096
-0.035
-0.047
-0.059
-0.061
-0.06
-0.059
-0.047
-0.031
-0.025
-0.021
-0.021
-0.021
-0.024
-0.02
-0.013
-0.00017
0.018
0.024
0.013
0.013
0.02
0.02
0.015
0.015
0.017
0.037
0.06
0.066
0.051
0.035
0.036
0.055
0.074
0.076
0.072
0.073
0.065
0.049
0.047
0.056
0.065
0.066
0.058
0.057
0.06
0.077
0.082
0.073
0.064
0.069
0.081
0.096
0.12
0.11
0.097
0.09
0.09
0.087
0.08
0.077
0.073
0.066
0.058
0.058
0.071
0.082
0.096
0.1
0.097
0.074
0.057
0.058
0.059
0.069
0.082
0.086
0.08
0.077
0.063
0.037
0.021
0.032
0.067
0.084
0.074
0.048
0.034
0.037
0.048
0.063
0.061
0.041
0.014
-0.0048
-0.0075
0.0057
0.022
0.012
-0.0092
-0.028
-0.022
-0.0086
0.0022
0.0018
-0.011
-0.018
-0.019
-0.013
-0.00011
0.0028
-0.022
-0.052
-0.054
-0.042
-0.037
-0.055
-0.074
-0.075
-0.058
-0.025
-0.0025
-0.0062
-0.027
-0.038
-0.031
-0.029
-0.036
-0.038
-0.033
-0.026
-0.022
-0.028
-0.021
0.0051
0.016
-0.0022
-0.037
-0.056
-0.046
-0.029
-0.02
-0.011
-0.0011
-0.0002
-0.0084
-0.014
-0.019
-0.016
-0.0052
-0.00017
-0.022
-0.038
-0.036
-0.034
-0.041
-0.039
-0.021
-0.013
-0.022
-0.044
-0.067
-0.064
-0.026
0.005
0.011
0.00096
-0.024
-0.05
-0.054
-0.05
-0.04
-0.015
0.0059
0.0021
-0.0097
-0.024
-0.04
-0.026
0.019
0.047
0.038
0.019
-0.011
-0.043
-0.045
-0.025
-0.01
0.0074
0.019
-0.00093
-0.0085
0.02
0.052
0.052
0.041
0.028
-0.0072
-0.038
-0.04
-0.017
0.018
0.054
0.083
0.072
0.026
-0.033
-0.051
-0.04
-0.028
-0.019
-0.012
-0.00078
0.008
0.014
0.03
0.041
0.033
0.011
-0.0054
-0.034
-0.057
-0.031
0.017
0.048
0.058
0.053
0.021
-0.012
-0.019
-0.019
-0.022
-0.023
-0.031
-0.054
-0.061
-0.049
-0.032
-0.019
-0.011
-0.0063
0.0029
0.0019
-0.017
-0.034
-0.031
-0.011
0.016
0.024
0.0025
-0.02
-0.024
-0.021
-0.04
-0.066
-0.073
-0.083
-0.11
-0.1
-0.079
-0.074
-0.077
-0.073
-0.066
-0.062
-0.068
-0.071
-0.066
-0.056
-0.051
-0.045
-0.044
-0.055
-0.057
-0.058
-0.065
-0.077
-0.086
-0.086
-0.079
-0.067
-0.062
-0.054
-0.03
-0.015
-0.016
-0.02
-0.036
-0.042
-0.035
-0.029
-0.028
-0.02
-0.0079
-0.0065
-0.019
-0.03
-0.041
-0.054
-0.048
-0.024
-0.013
-0.0087
-0.0028
0.0087
0.025
0.038
0.042
0.029
0.0085
-0.024
-0.044
-0.041
-0.027
-0.015
-0.0034
-0.01
-0.025
-0.026
-0.02
-0.016
-0.0031
0.014
0.019
0.0089
-0.0036
-0.016
-0.016
-0.0057
0.0033
0.013
0.014
0.019
0.036
0.051
0.04
0.023
0.02
0.021
0.038
0.069
0.094
0.092
0.074
0.068
0.071
0.072
0.073
0.07
0.058
0.057
0.065
0.067
0.059
0.052
0.055
0.041
0.02
0.0068
-0.0049
-0.008
-0.0026
0.019
0.034
0.04
0.043
0.035
0.017
0.0029
0.0012
0.0014
0.0037
0.0019
-0.011
-0.011
0.014
0.033
0.039
0.066
0.091
0.081
0.061
0.047
0.035
0.03
0.025
0.012
0.0094
0.014
0.013
0.017
0.026
0.03
0.025
0.025
0.018
-0.0043
-0.017
-0.0053
0.011
0.026
0.042
0.044
0.04
0.029
-0.0079
-0.051
-0.072
-0.056
-0.022
0.0048
0.0084
0.0039
-0.0015
-0.012
-0.025
-0.034
-0.024
-0.0016
0.011
0.015
0.019
0.00029
-0.029
-0.03
-0.0068
0.0098
0.019
0.033
0.014
-0.036
-0.076
-0.094
-0.088
-0.064
-0.019
0.042
0.1
0.11
0.067
0.024
-0.0025
-0.019
-0.027
-0.043
-0.079
-0.11
-0.094
-0.05
0.0049
0.05
0.037
-0.0096
-0.054
-0.078
-0.074
-0.057
-0.032
-0.029
-0.028
-0.019
-0.0089
-0.015
-0.026
-0.029
-0.025
-0.0096
-0.0029
-0.0056
0.00072
-0.0044
-0.022
-0.018
-0.0067
-0.0025
0.01
0.031
0.041
0.029
0.02
0.022
0.019
0.018
0.026
0.034
0.028
0.009
-0.0057
-0.008
-0.0099
-0.012
-0.0016
0.024
0.05
0.062
0.054
0.02
-0.019
-0.04
-0.059
-0.059
-0.041
-0.009
0.02
0.031
0.029
0.014
0.0016
-0.0045
-0.015
-0.011
-0.0011
0.012
0.019
0.029
0.022
0.0012
-0.011
-0.0073
0.0033
0.016
0.035
0.033
0.018
0.0016
-0.012
-0.0079
0.0049
0.016
0.026
0.034
0.034
0.018
-0.0081
-0.023
-0.026
-0.037
-0.065
-0.069
-0.034
0.008
0.028
0.02
-0.0011
-0.012
-0.015
-0.017
-0.01
0.0074
0.041
0.064
0.057
0.022
-0.0076
-0.0018
0.027
0.042
0.041
0.032
0.02
0.014
0.024
0.034
0.042
0.039
0.022
-0.0025
-0.017
-0.026
-0.029
-0.031
-0.031
-0.025
-0.014
0.0096
0.032
0.035
0.037
0.029
0.0022
-0.017
-0.022
-0.021
0.0061
0.044
0.071
0.084
0.082
0.068
0.045
0.032
0.026
0.0054
0.0062
0.024
0.031
0.034
0.027
0.015
0.022
0.038
0.044
0.035
0.022
0.011
-0.00075
0.0081
0.017
0.017
0.02
0.02
0.024
0.03
0.027
0.024
0.014
0.00096
-0.0029
0.0058
0.0097
0.011
0.011
0.022
0.03
0.021
0.011
0.0073
0.0065
-0.0068
-0.016
0.0029
0.024
0.032
0.042
0.045
0.035
0.029
0.03
0.025
0.013
0.013
0.035
0.059
0.068
0.048
0.0055
-0.024
-0.021
0.0058
0.03
0.039
0.034
0.028
0.027
0.025
0.027
0.025
0.012
0.009
0.0096
0.012
0.021
0.044
0.067
0.071
0.072
0.076
0.062
0.044
0.04
0.036
0.036
0.033
0.033
0.04
0.047
0.046
0.043
0.043
0.04
0.039
0.045
0.065
0.085
0.087
0.083
0.075
0.063
0.046
0.044
0.055
0.058
0.058
0.055
0.069
0.095
0.098
0.084
0.047
0.013
0.0078
0.017
0.031
0.054
0.044
0.002
-0.0038
0.023
0.054
0.081
0.097
0.093
0.072
0.056
0.022
-0.017
-0.05
-0.052
-0.015
0.031
0.079
0.11
0.12
0.1
0.07
0.045
0.034
0.026
0.026
0.027
0.029
0.038
0.062
0.1
0.13
0.14
0.13
0.082
0.016
-0.031
-0.046
-0.023
-0.00056
0.0079
0.028
0.051
0.066
0.061
0.03
-0.01
-0.027
-0.021
-0.0044
0.0083
0.02
0.033
0.028
0.0037
-0.0027
0.0069
0.0068
-0.0064
-0.024
-0.036
-0.041
-0.028
0.0043
0.022
0.024
0.027
0.021
-0.0013
-0.023
-0.026
-0.027
-0.032
-0.038
-0.041
-0.042
-0.046
-0.042
-0.054
-0.071
-0.072
-0.067
-0.065
-0.072
-0.085
-0.081
-0.063
-0.058
-0.07
-0.087
-0.093
-0.094
-0.087
-0.08
-0.088
-0.097
-0.095
-0.078
-0.052
-0.038
-0.049
-0.073
-0.08
-0.085
-0.089
-0.09
-0.077
-0.073
-0.075
-0.067
-0.049
-0.029
-0.021
-0.027
-0.039
-0.04
-0.031
-0.026
-0.035
-0.057
-0.07
-0.063
-0.037
-0.014
-0.0024
0.0079
-0.00096
-0.025
-0.032
-0.024
-0.02
-0.044
-0.059
-0.056
-0.045
-0.027
-0.0068
-0.0054
-0.018
-0.035
-0.05
-0.046
-0.035
-0.017
0.0062
0.022
0.034
0.024
-0.0042
-0.019
-0.019
-0.016
-0.01
4.6e-005
-0.0042
-0.0069
-0.015
-0.031
-0.039
-0.051
-0.049
-0.044
-0.042
-0.047
-0.055
-0.046
-0.029
-0.018
-0.0091
-0.0096
-0.023
-0.028
-0.027
-0.025
-0.021
-0.012
-0.0033
0.0017
0.002
-0.0099
-0.037
-0.068
-0.082
-0.065
-0.042
-0.038
-0.055
-0.066
-0.078
-0.088
-0.086
-0.083
-0.061
-0.047
-0.061
-0.08
-0.08
-0.07
-0.068
-0.075
-0.078
-0.062
-0.044
-0.041
-0.042
-0.041
-0.039
-0.03
-0.021
-0.016
-0.038
-0.076
-0.092
-0.093
-0.073
-0.039
-0.018
0.0038
0.006
-0.0047
-0.011
-0.017
-0.018
-0.026
-0.041
-0.05
-0.056
-0.053
-0.036
-0.03
-0.023
-0.019
-0.011
-0.0028
-0.01
-0.021
-0.032
-0.051
-0.071
-0.087
-0.078
-0.052
-0.036
-0.024
-0.02
-0.025
-0.024
-0.025
-0.038
-0.048
-0.043
-0.026
-0.0066
0.011
0.03
0.048
0.066
0.098
0.12
0.11
0.09
0.074
0.064
0.055
0.062
0.077
0.096
0.099
0.12
0.14
0.16
0.16
0.16
0.14
0.1
0.085
0.074
0.063
0.05
0.048
0.061
0.092
0.15
0.2
0.22
0.19
0.14
0.097
0.073
0.063
0.047
0.039
0.047
0.067
0.086
0.1
0.11
0.11
0.12
0.11
0.081
0.056
0.037
0.026
0.0046
-0.019
-0.017
0.017
0.067
0.096
0.079
0.05
0.027
0.0068
-0.0067
-0.018
-0.023
-0.023
-0.021
-0.011
-0.0058
0.0083
0.023
0.02
0.00069
-0.025
-0.054
-0.061
-0.045
-0.048
-0.052
-0.036
-0.037
-0.051
-0.047
-0.035
-0.03
-0.031
-0.03
-0.036
-0.039
-0.037
-0.038
-0.05
-0.072
-0.081
-0.073
-0.059
-0.053
-0.05
-0.058
-0.057
-0.062
-0.1
-0.13
-0.13
-0.12
-0.098
-0.083
-0.083
-0.093
-0.11
-0.12
-0.12
-0.1
-0.076
-0.082
-0.11
-0.13
-0.14
-0.12
-0.091
-0.071
-0.051
-0.041
-0.054
-0.066
-0.062
-0.051
-0.041
-0.046
-0.047
-0.043
-0.035
-0.021
-0.032
-0.045
-0.037
-0.029
-0.023
-0.0087
0.0035
0.0082
0.023
0.036
0.046
0.047
0.031
0.012
0.0027
0.015
0.032
0.038
0.033
0.031
0.038
0.052
0.06
0.054
0.055
0.064
0.069
0.065
0.062
0.071
0.069
0.064
0.057
0.057
0.062
0.063
0.055
0.043
0.052
0.06
0.061
0.046
0.037
0.027
0.02
0.012
0.006
0.017
0.044
0.075
0.085
0.078
0.068
0.044
0.016
0.012
0.014
0.021
0.053
0.08
0.077
0.066
0.048
0.028
0.02
0.0099
0.0038
0.0086
0.02
0.028
0.021
0.013
0.034
0.061
0.07
0.071
0.054
0.038
0.047
0.057
0.053
0.061
0.079
0.088
0.093
0.091
0.09
0.094
0.099
0.11
0.11
0.11
0.099
0.094
0.091
0.095
0.094
0.091
0.094
0.1
0.11
0.13
0.13
0.13
0.13
0.13
0.14
0.14
0.14
0.14
0.13
0.12
0.13
0.14
0.13
0.12
0.11
0.11
0.14
0.16
0.16
0.14
0.12
0.11
0.12
0.13
0.11
0.096
0.088
0.093
0.1
0.1
0.11
0.11
0.11
0.094
0.071
0.063
0.071
0.081
0.097
0.11
0.11
0.087
0.063
0.049
0.036
0.019
0.0094
-0.012
-0.031
-0.03
-0.026
-0.026
-0.0016
0.034
0.057
0.051
0.013
-0.028
-0.063
-0.072
-0.052
-0.036
-0.042
-0.045
-0.034
-0.015
0.0096
0.035
0.041
0.021
-0.0063
-0.037
-0.056
-0.07
-0.07
-0.047
-0.023
0.0036
0.026
0.026
0.00093
-0.035
-0.063
-0.054
-0.015
0.0078
0.0053
-0.02
-0.03
-0.015
-0.014
-0.028
-0.037
-0.053
-0.074
-0.076
-0.083
-0.096
-0.094
-0.073
-0.044
-0.019
-0.019
-0.038
-0.056
-0.051
-0.022
-0.0031
0.0043
0.014
0.00078
-0.032
-0.051
-0.052
-0.059
-0.058
-0.037
-0.019
-0.013
-0.007
0.007
0.02
0.033
0.032
0.019
0.0087
0.0063
0.012
0.029
0.052
0.074
0.078
0.062
0.037
0.0089
-0.0081
0.0021
0.03
0.044
0.053
0.054
0.054
0.045
0.028
0.0063
-0.015
-0.036
-0.049
-0.041
-0.04
-0.032
-0.01
0.0027
0.0014
-0.0035
-0.0058
7.6e-005
0.0031
0.0079
0.014
0.0098
0.0049
0.014
0.025
0.017
0.0093
0.0011
0.003
0.052
0.11
0.15
0.1
-0.029
-0.12
-0.11
-0.051
0.027
0.077
0.099
0.071
-0.022
-0.061
-0.0077
0.063
0.12
0.13
0.14
0.14
0.12
0.065
0.006
-0.033
-0.018
0.038
0.08
0.09
0.086
0.057
0.061
0.095
0.09
0.067
0.042
0.0034
-0.019
-0.024
-0.015
0.00014
-0.0068
-0.037
-0.053
-0.038
-0.015
-0.0005
-0.0047
0.011
0.037
0.034
0.0023
-0.043
-0.059
-0.02
0.037
0.054
0.046
0.043
0.021
-0.0076
-0.01
0.016
0.043
0.048
0.043
0.032
0.027
0.04
0.042
0.0087
-0.02
-0.031
-0.04
-0.044
-0.037
-0.011
0.0062
0.022
0.022
-0.0054
-0.034
-0.04
-0.035
-0.048
-0.041
-0.025
-0.011
0.024
0.041
0.013
-0.036
-0.079
-0.095
-0.064
-0.014
0.012
-0.0049
-0.039
-0.05
-0.037
-0.00038
0.029
0.019
-0.0092
-0.014
-0.0075
-0.0096
-0.0041
0.0059
0.02
0.032
0.026
0.028
0.029
0.024
0.0045
-0.036
-0.051
-0.019
0.029
0.052
0.046
0.018
-0.0078
-0.007
0.0054
0.021
0.0075
-0.038
-0.057
-0.044
-0.018
0.00069
-0.014
-0.045
-0.061
-0.053
-0.04
-0.036
-0.037
-0.04
-0.041
-0.024
0.00032
0.012
0.0091
-0.0079
-0.034
-0.05
-0.038
-0.022
-0.032
-0.035
-0.018
-0.0096
0.00084
0.029
0.057
0.063
0.052
0.026
-0.027
-0.061
-0.047
-0.014
0.024
0.071
0.1
0.11
0.092
0.043
-0.018
-0.048
-0.05
-0.033
-0.023
-0.036
-0.042
-0.024
0.014
0.035
0.029
0.0047
-0.016
-0.036
-0.019
0.0078
0.019
0.024
0.016
0.0069
0.011
0.022
0.028
0.031
0.03
0.026
0.02
0.0085
-0.0011
-0.00099
-0.0079
-0.015
-0.033
-0.058
-0.062
-0.073
-0.07
-0.045
-0.0075
0.014
0.018
0.013
-0.0093
-0.022
-0.015
-0.0021
-0.018
-0.052
-0.053
-0.044
-0.052
-0.061
-0.056
-0.054
-0.055
-0.065
-0.091
-0.096
-0.074
-0.047
-0.03
-0.036
-0.052
-0.059
-0.055
-0.043
-0.048
-0.067
-0.072
-0.052
-0.029
-0.018
-0.018
-0.032
-0.047
-0.043
-0.026
-0.011
-0.0074
-0.0036
-0.0044
-0.015
-0.015
-0.03
-0.063
-0.072
-0.062
-0.056
-0.062
-0.083
-0.1
-0.084
-0.042
-0.031
-0.049
-0.067
-0.069
-0.055
-0.035
-0.017
-0.015
-0.017
-0.011
-0.01
-0.015
-0.021
-0.024
-0.026
-0.033
-0.032
-0.045
-0.062
-0.069
-0.064
-0.06
-0.053
-0.042
-0.041
-0.028
-0.016
-0.015
-0.015
-0.013
-0.015
-0.019
-0.022
-0.037
-0.04
-0.032
-0.0078
0.028
0.044
0.039
0.0085
-0.017
-0.015
-0.013
-0.015
-0.0087
0.0091
0.021
0.028
0.036
0.032
0.024
0.023
0.033
0.039
0.029
0.02
0.014
0.022
0.032
0.033
0.026
0.029
0.048
0.062
0.065
0.053
0.051
0.057
0.043
0.019
0.011
0.015
0.018
0.032
0.052
0.054
0.031
0.0096
0.0053
0.018
0.04
0.06
0.07
0.067
0.053
0.034
0.015
0.0052
0.003
0.018
0.038
0.047
0.035
0.014
0.0029
0.014
0.043
0.064
0.068
0.067
0.065
0.06
0.058
0.061
0.063
0.062
0.058
0.039
0.0075
-0.0049
0.0023
0.0064
0.0055
-0.0002
-0.0067
-0.0079
-0.015
-0.02
-0.019
-0.0017
0.023
0.039
0.032
0.0044
-0.027
-0.044
-0.044
-0.029
-0.0036
0.015
0.0098
-0.012
-0.026
-0.029
-0.025
-0.027
-0.027
-0.021
-0.025
-0.019
-0.00044
0.0094
0.0073
-0.0058
-0.025
-0.043
-0.049
-0.049
-0.05
-0.044
-0.04
-0.052
-0.071
-0.08
-0.095
-0.11
-0.096
-0.069
-0.039
-0.0052
0.02
0.017
-0.0072
-0.023
-0.037
-0.07
-0.11
-0.15
-0.15
-0.12
-0.084
-0.038
-0.0034
-0.0098
-0.032
-0.058
-0.078
-0.081
-0.061
-0.045
-0.042
-0.054
-0.057
-0.043
-0.035
-0.034
-0.036
-0.027
-0.023
-0.017
-0.01
-0.016
-0.023
-0.025
-0.02
-0.023
-0.029
-0.033
-0.032
-0.025
-0.014
-0.011
-0.01
0.0014
-0.001
-0.02
-0.037
-0.041
-0.046
-0.055
-0.042
-0.0081
0.027
0.048
0.046
0.028
0.009
-0.0017
-0.0012
0.0036
-0.009
-0.025
-0.031
-0.022
-0.00056
0.017
0.0076
-0.0025
0.0052
0.024
0.035
0.032
0.027
0.011
-0.015
-0.02
0.00066
0.012
0.016
0.015
0.011
0.013
0.0027
-0.015
-0.033
-0.044
-0.044
-0.038
-0.034
-0.035
-0.037
-0.036
-0.036
-0.038
-0.031
-0.013
0.00029
-0.0023
-0.0094
-0.017
-0.021
-0.021
-0.017
-0.0025
0.012
0.0094
-0.0067
-0.017
-0.021
-0.011
0.014
0.049
0.064
0.055
0.043
0.032
0.026
0.017
0.013
0.017
0.013
0.0077
0.011
0.026
0.047
0.056
0.064
0.069
0.065
0.041
0.012
0.0043
0.011
0.015
0.024
0.034
0.047
0.055
0.053
0.054
0.06
0.072
0.073
0.061
0.056
0.058
0.075
0.092
0.091
0.067
0.049
0.034
0.015
0.0064
0.0084
0.017
0.031
0.041
0.031
0.015
0.016
0.025
0.039
0.056
0.071
0.066
0.047
0.026
0.0091
0.014
0.027
0.041
0.045
0.041
0.045
0.056
0.06
0.055
0.046
0.044
0.043
0.042
0.05
0.069
0.084
0.082
0.066
0.051
0.042
0.041
0.044
0.052
0.065
0.079
0.094
0.091
0.068
0.053
0.052
0.055
0.056
0.061
0.059
0.049
0.038
0.04
0.043
0.034
0.031
0.045
0.05
0.047
0.045
0.053
0.065
0.059
0.049
0.042
0.03
0.023
0.032
0.04
0.047
0.046
0.029
0.013
0.013
0.031
0.043
0.039
0.038
0.036
0.03
0.03
0.027
0.014
0.00044
-0.0085
-0.012
-0.0076
-0.011
-0.02
-0.033
-0.043
-0.037
-0.028
-0.042
-0.066
-0.064
-0.038
-0.013
-0.015
-0.027
-0.04
-0.057
-0.067
-0.059
-0.042
-0.032
-0.019
-0.007
-0.023
-0.049
-0.052
-0.034
-0.04
-0.06
-0.067
-0.041
7.6e-005
0.014
0.013
0.0036
-0.014
-0.043
-0.083
-0.12
-0.15
-0.13
-0.09
-0.055
-0.024
-0.014
-0.029
-0.035
-0.029
-0.0091
0.0083
0.0055
-0.011
-0.038
-0.042
-0.023
-0.024
-0.026
0.00084
0.02
0.0061
-0.03
-0.062
-0.076
-0.084
-0.096
-0.096
-0.077
-0.057
-0.059
-0.079
-0.086
-0.063
-0.034
-0.026
-0.032
-0.041
-0.044
-0.036
-0.016
0.0037
0.0015
-0.011
-0.026
-0.038
-0.05
-0.056
-0.041
-0.031
-0.032
-0.024
-0.0093
-0.002
-0.011
-0.042
-0.068
-0.074
-0.063
-0.038
-0.023
-0.017
-0.01
0.0066
0.029
0.035
0.018
0.0068
0.0082
0.0071
0.0094
0.014
0.014
0.024
0.035
0.038
0.034
0.017
0.0025
0.0063
0.029
0.046
0.046
0.033
0.015
0.0081
0.02
0.03
0.025
0.012
0.0031
0.032
0.078
0.086
0.064
0.039
0.027
0.018
0.01
0.0039
0.019
0.053
0.074
0.073
0.063
0.049
0.032
0.016
0.005
0.019
0.056
0.073
0.068
0.058
0.061
0.067
0.066
0.07
0.073
0.064
0.05
0.04
0.039
0.044
0.038
0.016
-0.0076
-0.016
-0.0035
0.0083
0.018
0.037
0.043
0.048
0.064
0.078
0.077
0.054
0.033
0.03
0.05
0.069
0.076
0.075
0.061
0.048
0.046
0.04
0.012
-0.012
-0.017
-0.0051
-0.0014
-0.016
-0.037
-0.045
-0.04
-0.019
0.0047
0.018
0.019
0.0024
-0.0083
-0.0028
0.017
0.034
0.034
0.025
0.019
0.017
0.024
0.022
0.0054
0.0034
0.016
0.027
0.02
0.003
-0.014
-0.035
-0.052
-0.048
-0.024
-0.0036
-0.011
-0.029
-0.027
-0.011
0.002
1.5e-005
-0.0099
-0.013
-0.011
-0.015
-0.024
-0.028
-0.016
-0.004
0.0035
0.0036
-0.004
-0.02
-0.031
-0.031
-0.031
-0.032
-0.027
-0.012
-0.0017
-0.0082
-0.028
-0.044
-0.041
-0.029
-0.025
-0.036
-0.053
-0.063
-0.059
-0.052
-0.047
-0.035
-0.029
-0.045
-0.049
-0.027
-0.007
0.0011
0.00014
-0.015
-0.031
-0.049
-0.062
-0.054
-0.035
-0.015
-0.0088
-0.023
-0.044
-0.058
-0.057
-0.046
-0.04
-0.044
-0.042
-0.035
-0.019
0.0085
0.027
0.037
0.04
0.034
0.0083
-0.022
-0.04
-0.047
-0.042
-0.03
0.0024
0.045
0.078
0.085
0.063
0.041
0.02
0.01
0.012
0.0079
-0.0047
0.0087
0.036
0.036
0.031
0.042
0.049
0.046
0.036
0.024
0.019
0.021
0.021
0.011
-0.0035
0.00056
0.016
0.031
0.038
0.038
0.034
0.033
0.047
0.073
0.088
0.078
0.066
0.064
0.068
0.074
0.077
0.084
0.095
0.1
0.096
0.087
0.074
0.042
0.02
0.032
0.066
0.097
0.12
0.11
0.092
0.084
0.09
0.1
0.12
0.12
0.11
0.094
0.068
0.041
0.027
0.03
0.04
0.063
0.087
0.087
0.075
0.073
0.07
0.063
0.068
0.068
0.054
0.037
0.047
0.062
0.062
0.061
0.059
0.064
0.061
0.052
0.042
0.022
0.0095
0.0058
0.017
0.033
0.041
0.036
0.031
0.024
0.021
0.0014
-0.024
-0.032
-0.032
-0.022
0.003
0.029
0.048
0.051
0.044
0.025
-0.01
-0.034
-0.04
-0.046
-0.044
-0.039
-0.043
-0.06
-0.078
-0.079
-0.067
-0.075
-0.092
-0.11
-0.13
-0.13
-0.12
-0.11
-0.11
-0.13
-0.15
-0.15
-0.15
-0.12
-0.1
-0.094
-0.088
-0.1
-0.13
-0.15
-0.14
-0.11
-0.1
-0.11
-0.13
-0.12
-0.085
-0.038
-0.00032
0.019
0.0035
-0.021
-0.035
-0.046
-0.042
-0.03
-0.009
0.027
0.044
0.03
0.0089
-0.0065
-0.0079
-0.0036
-0.0024
0.0014
0.0038
-0.0025
-0.0064
-0.011
-0.0048
0.012
0.014
0.0061
0.011
0.011
-0.00078
-0.0088
-0.012
-0.0045
0.0077
0.003
0.0043
0.0087
0.0056
0.0012
-0.0071
-0.0071
0.012
0.033
0.039
0.038
0.024
0.0073
0.006
0.029
0.059
0.066
0.071
0.076
0.058
0.026
0.015
0.026
0.046
0.055
0.066
0.084
0.094
0.089
0.084
0.085
0.08
0.066
0.048
0.037
0.042
0.055
0.076
0.1
0.096
0.07
0.046
0.017
0.0011
-0.00029
0.0019
0.0066
0.014
0.014
0.013
0.0056
-0.0069
-0.0085
-0.0064
-0.0066
-0.016
-0.028
-0.034
-0.029
-0.029
-0.025
-0.017
-0.0034
0.014
0.022
0.03
0.03
0.0064
-0.011
-0.014
-0.014
-0.0047
0.014
0.029
0.046
0.058
0.063
0.066
0.07
0.066
0.07
0.078
0.079
0.08
0.094
0.11
0.1
0.092
0.076
0.052
0.025
0.032
0.051
0.063
0.072
0.085
0.11
0.12
0.11
0.085
0.041
-0.0066
-0.035
-0.024
0.017
0.065
0.083
0.071
0.058
0.047
0.037
0.027
0.028
0.016
-0.014
-0.052
-0.048
-0.017
-0.005
0.009
0.042
0.055
0.038
0.0075
-0.036
-0.071
-0.086
-0.074
-0.041
-0.0057
0.014
0.015
0.0013
-0.012
-0.013
-0.013
-0.0039
-0.0065
-0.034
-0.043
-0.041
-0.037
-0.029
-0.013
0.0021
0.0022
0.0006
0.0085
0.018
0.0092
-0.014
-0.03
-0.05
-0.056
-0.044
-0.033
-0.022
-0.024
-0.032
-0.033
-0.029
-0.036
-0.044
-0.046
-0.045
-0.045
-0.07
-0.1
-0.12
-0.11
-0.079
-0.048
-0.04
-0.044
-0.064
-0.11
-0.14
-0.14
-0.12
-0.087
-0.069
-0.066
-0.07
-0.073
-0.081
-0.099
-0.11
-0.1
-0.1
-0.1
-0.1
-0.12
-0.14
-0.15
-0.14
-0.11
-0.08
-0.082
-0.092
-0.11
-0.12
-0.11
-0.095
-0.075
-0.057
-0.036
-0.016
-0.0088
-0.025
-0.039
-0.031
-0.0024
0.021
0.016
0.0009
-0.0025
-0.0036
-0.005
0.0049
0.0088
0.011
0.014
0.024
0.041
0.048
0.029
-0.00099
-0.014
0.0043
0.038
0.068
0.088
0.089
0.071
0.058
0.061
0.073
0.089
0.087
0.062
0.042
0.046
0.062
0.089
0.1
0.098
0.091
0.077
0.07
0.066
0.054
0.047
0.044
0.04
0.032
0.022
0.011
0.0058
0.016
0.029
0.022
0.0067
0.011
0.033
0.05
0.052
0.044
0.036
0.044
0.054
0.057
0.074
0.086
0.069
0.028
-0.0005
-0.014
-0.019
-0.013
-0.004
0.012
0.023
0.03
0.033
0.027
0.026
0.029
0.028
0.018
0.0078
0.013
0.026
0.038
0.044
0.048
0.038
0.0098
-0.011
-0.02
-0.015
0.00093
0.023
0.041
0.049
0.039
0.026
0.033
0.037
0.042
0.055
0.057
0.047
0.027
0.017
0.02
0.031
0.041
0.049
0.048
0.04
0.031
0.028
0.047
0.056
0.055
0.058
0.048
0.024
0.0076
0.0034
0.015
0.035
0.044
0.045
0.045
0.036
0.028
0.033
0.04
0.035
0.022
0.011
0.00029
-0.025
-0.038
-0.021
0.0002
0.0028
-0.012
-0.037
-0.063
-0.07
-0.058
-0.032
-0.012
-0.01
-0.011
-0.022
-0.049
-0.064
-0.059
-0.038
-0.015
0.009
0.03
0.035
0.024
0.0076
-0.0084
-0.028
-0.048
-0.079
-0.1
-0.086
-0.053
-0.021
0.0076
0.013
-0.013
-0.038
-0.063
-0.087
-0.099
-0.097
-0.081
-0.061
-0.053
-0.072
-0.1
-0.097
-0.049
0.0036
0.033
0.014
-0.029
-0.046
-0.044
-0.03
-0.0053
0.0011
-0.0061
0.0068
0.021
0.022
0.03
0.038
0.012
-0.022
-0.03
-0.024
-0.014
-0.0011
0.0069
0.0088
0.0092
0.012
0.018
0.035
0.051
0.058
0.048
0.039
0.04
0.041
0.038
0.041
0.057
0.065
0.063
0.058
0.044
0.029
0.028
0.036
0.039
0.037
0.034
0.041
0.059
0.079
0.097
0.095
0.076
0.056
0.034
0.0083
-0.0013
-0.001
0.012
0.036
0.048
0.046
0.045
0.032
0.013
0.0056
0.0026
0.0078
0.031
0.043
0.03
0.0022
-0.024
-0.028
-0.014
-0.0026
-0.0011
-0.003
-0.0011
-0.00072
-1.5e-005
0.014
0.032
0.031
0.028
0.023
0.023
0.027
0.032
0.03
0.026
0.018
0.0028
0.0056
0.013
0.022
0.03
0.044
0.067
0.088
0.092
0.083
0.065
0.037
0.0087
-0.0005
0.027
0.067
0.081
0.075
0.054
0.028
0.026
0.033
0.033
0.034
0.043
0.046
0.041
0.036
0.033
0.037
0.036
0.023
0.008
0.0016
-0.00053
0.0009
0.00053
-0.0094
-0.027
-0.04
-0.037
-0.021
-0.026
-0.037
-0.038
-0.023
-0.0069
-0.017
-0.037
-0.039
-0.045
-0.052
-0.047
-0.045
-0.049
-0.044
-0.028
-0.0048
0.0081
0.0042
-0.0045
-0.011
-0.017
-0.027
-0.029
-0.025
-0.03
-0.027
-0.0041
0.0069
0.0011
4.6e-005
0.0052
4.6e-005
-0.019
-0.03
-0.02
-0.013
-0.02
-0.025
-0.022
-0.023
-0.023
-0.028
-0.031
-0.029
-0.032
-0.033
-0.031
-0.034
-0.028
-0.01
-0.0014
-0.0054
-0.021
-0.037
-0.024
-0.0014
0.013
0.019
0.0092
-0.02
-0.036
-0.025
-0.011
-0.00066
-0.0023
0.0017
0.012
0.012
-0.0015
-0.0081
-0.0057
-0.0017
0.007
0.019
0.029
0.035
0.044
0.048
0.04
0.029
0.013
-0.00063
-0.0058
-0.011
-0.012
-0.0064
0.0048
-0.0098
-0.035
-0.028
0.0047
0.035
0.029
-0.0024
-0.018
-0.02
-0.0068
0.0065
0.0098
0.018
0.021
0.012
-0.0033
-0.016
-0.023
-0.015
-0.0028
0.018
0.05
0.066
0.06
0.051
0.04
0.032
0.023
0.0013
-0.022
-0.034
-0.04
-0.027
-0.004
0.015
0.022
0.026
0.046
0.066
0.074
0.071
0.063
0.042
0.03
0.025
0.011
0.0036
0.011
0.036
0.066
0.082
0.073
0.061
0.042
0.019
0.0093
0.0023
0.00081
0.022
0.05
0.052
0.043
0.045
0.064
0.071
0.055
0.034
0.0076
-0.013
-0.018
-0.017
0.00087
0.028
0.057
0.073
0.077
0.063
0.046
0.037
0.037
0.044
0.046
0.043
0.029
-0.0017
-0.019
-0.011
-0.013
-0.025
-0.029
0.0066
0.071
0.12
0.15
0.13
0.043
0.0013
0.0068
0.016
0.039
0.037
0.021
0.024
0.018
0.0009
0.0066
0.0092
-0.0061
-0.0047
0.0084
0.022
0.028
0.021
0.01
0.00047
-0.0093
-0.0064
0.0025
-0.0055
-0.021
-0.042
-0.055
-0.048
-0.041
-0.041
-0.037
-0.038
-0.049
-0.049
-0.038
-0.021
-0.0036
0.003
-0.011
-0.039
-0.073
-0.1
-0.11
-0.084
-0.052
-0.037
-0.048
-0.069
-0.092
-0.094
-0.07
-0.049
-0.037
-0.014
0.015
0.026
0.016
-0.0092
-0.02
-0.012
-0.012
-0.0085
0.0019
0.0061
-0.0014
-0.013
-0.019
-0.013
0.0069
0.032
0.05
0.051
0.043
0.034
0.037
0.066
0.083
0.083
0.077
0.074
0.067
0.054
0.044
0.03
0.027
0.034
0.043
0.035
0.02
0.019
0.041
0.074
0.095
0.09
0.058
0.025
0.0091
0.01
0.019
0.034
0.05
0.051
0.044
0.043
0.046
0.047
0.041
0.026
0.016
0.027
0.041
0.041
0.032
0.024
0.024
0.016
0.0029
0.0019
0.0054
0.0059
0.01
0.013
0.0091
0.0073
0.0031
-0.0087
-0.011
-0.012
-0.01
0.00056
0.014
0.018
0.0053
-0.016
-0.029
-0.027
-0.016
-0.0013
0.0049
0.0096
0.019
0.0072
-0.017
-0.022
-0.0093
-0.00047
-0.013
-0.023
-0.012
-0.0045
-0.013
-0.012
-0.012
-0.014
-0.00053
0.0047
0.0011
-0.0019
0.0055
0.023
0.037
0.04
0.046
0.054
0.044
0.033
0.024
0.0079
-0.0055
-0.0036
0.00047
0.0054
0.017
0.026
0.022
0.011
0.011
0.015
0.0064
0.0034
0.012
0.022
0.034
0.039
0.029
0.027
0.035
0.045
0.059
0.059
0.06
0.052
0.048
0.055
0.064
0.072
0.089
0.11
0.13
0.15
0.14
0.11
0.094
0.094
0.11
0.11
0.092
0.056
0.03
0.025
0.045
0.078
0.1
0.11
0.087
0.047
0.019
0.026
0.058
0.085
0.097
0.089
0.073
0.07
0.081
0.091
0.097
0.094
0.08
0.056
0.03
0.013
0.027
0.049
0.053
0.057
0.058
0.051
0.046
0.043
0.028
0.0058
-0.004
0.00047
0.0055
0.012
0.03
0.043
0.041
0.024
0.013
0.0023
-0.018
-0.019
0.0079
0.036
0.045
0.053
0.048
0.017
-0.012
-0.018
-0.025
-0.049
-0.052
-0.042
-0.027
-0.011
0.004
0.034
0.018
-0.056
-0.11
-0.14
-0.13
-0.032
0.077
0.12
0.05
-0.11
-0.2
-0.16
-0.095
-0.053
0.0078
0.064
0.028
-0.062
-0.13
-0.14
-0.099
-0.037
0.015
0.029
-0.012
-0.072
-0.16
-0.21
-0.16
-0.077
-0.02
-0.02
-0.071
-0.13
-0.14
-0.11
-0.082
-0.093
-0.11
-0.11
-0.13
-0.14
-0.12
-0.086
-0.038
-0.031
-0.082
-0.12
-0.15
-0.15
-0.12
-0.11
-0.093
-0.045
-0.024
-0.053
-0.11
-0.16
-0.2
-0.2
-0.17
-0.11
-0.069
-0.078
-0.11
-0.13
-0.14
-0.15
-0.14
-0.098
-0.054
-0.023
-0.051
-0.12
-0.18
-0.2
-0.17
-0.13
-0.084
-0.063
-0.077
-0.12
-0.17
-0.19
-0.18
-0.18
-0.17
-0.15
-0.11
-0.044
-0.0052
-0.015
-0.063
-0.11
-0.11
-0.062
-0.033
-0.061
-0.11
-0.11
-0.042
0.068
0.13
0.12
0.049
-0.023
-0.11
-0.16
-0.13
-0.053
0.032
0.091
0.1
0.065
0.005
-0.035
-0.069
-0.09
-0.065
-0.018
0.021
0.043
0.02
0.0095
0.041
0.067
0.092
0.098
0.056
0.009
-0.022
-0.05
-0.051
-0.023
0.021
0.083
0.13
0.12
0.061
-0.029
-0.068
-0.047
0.0045
0.048
0.055
0.055
0.07
0.071
0.068
0.073
0.071
0.08
0.091
0.086
0.069
0.058
0.079
0.13
0.15
0.12
0.054
0.0031
-0.011
0.015
0.036
-0.0079
-0.063
-0.051
0.014
0.079
0.11
0.11
0.081
0.043
0.02
0.028
0.05
0.079
0.11
0.13
0.12
0.091
0.071
0.058
0.056
0.076
0.1
0.087
0.044
0.024
0.064
0.14
0.19
0.18
0.11
-0.01
-0.12
-0.16
-0.16
-0.13
-0.089
-0.029
0.04
0.07
0.038
-0.037
-0.097
-0.13
-0.15
-0.16
-0.12
-0.047
-0.0073
-0.027
-0.073
-0.065
-0.00099
0.049
0.048
0.01
-0.023
-0.023
0.0089
0.045
0.078
0.093
0.083
0.076
0.095
0.14
0.17
0.16
0.1
0.048
0.0021
-0.049
-0.069
-0.048
-0.0077
0.032
0.05
0.042
0.015
-0.024
-0.089
-0.17
-0.23
-0.25
-0.21
-0.12
-0.019
0.034
0.0022
-0.04
-0.066
-0.092
-0.14
-0.15
-0.14
-0.12
-0.082
-0.02
-0.0075
-0.019
-0.017
-0.027
-0.052
-0.047
0.011
0.046
0.042
0.035
0.064
0.11
0.085
-0.0046
-0.11
-0.17
-0.1
0.02
0.086
0.077
0.067
0.054
0.023
0.0097
0.0047
-0.0051
0.032
0.087
0.063
-0.027
-0.08
-0.066
-0.028
0.0089
0.038
0.039
0.043
0.059
0.063
0.049
0.023
0.049
0.12
0.15
0.14
0.085
0.064
0.087
0.12
0.13
0.12
0.11
0.085
0.07
0.079
0.12
0.15
0.13
0.088
0.028
-0.0094
0.013
0.055
0.054
0.011
-0.013
0.018
0.051
0.041
-0.0067
-0.048
-0.056
-0.054
-0.055
-0.056
-0.049
-0.026
0.0097
0.037
0.036
0.014
0.0022
0.012
0.026
0.022
-0.0013
-0.029
-0.038
-0.0056
0.041
0.025
-0.034
-0.06
-0.043
0.011
0.063
0.082
0.086
0.081
0.064
0.03
-0.0037
-0.0063
0.031
0.067
0.083
0.096
0.092
0.067
0.036
0.033
0.057
0.055
0.032
0.02
0.033
0.048
0.059
0.065
0.071
0.081
0.089
0.075
0.039
0.014
0.024
0.05
0.053
0.043
0.047
0.056
0.066
0.084
0.092
0.084
0.059
0.041
0.052
0.075
0.099
0.11
0.086
0.04
0.024
0.032
0.051
0.079
0.1
0.1
0.1
0.11
0.097
0.067
0.059
0.11
0.16
0.16
0.13
0.11
0.14
0.16
0.15
0.1
0.066
0.069
0.1
0.12
0.1
0.061
0.046
0.062
0.079
0.087
0.083
0.07
0.059
0.067
0.07
0.044
0.013
0.011
0.02
0.016
-0.0054
-0.027
-0.035
-0.047
-0.06
-0.068
-0.066
-0.058
-0.041
-0.023
0.0069
0.027
0.021
0.019
0.013
-0.0073
-0.023
-0.015
0.019
0.065
0.11
0.12
0.098
0.063
0.039
0.026
0.0028
-0.0053
0.0054
0.013
0.0088
0.015
0.057
0.11
0.13
0.096
0.045
-0.016
-0.069
-0.11
-0.12
-0.079
-0.012
0.031
0.05
0.042
0.011
-0.017
-0.02
-0.00087
0.012
-0.008
-0.03
-0.061
-0.092
-0.084
-0.047
-0.0094
0.009
-4.6e-005
-0.018
-0.034
-0.064
-0.085
-0.073
-0.031
0.028
0.056
0.046
0.022
0.0065
-0.0072
-0.0088
-0.00017
-0.004
-0.024
-0.053
-0.068
-0.063
-0.038
0.0006
0.012
0.01
0.0087
-0.019
-0.064
-0.087
-0.079
-0.055
-0.044
-0.071
-0.11
-0.12
-0.12
-0.11
-0.097
-0.084
-0.088
-0.092
-0.076
-0.043
-0.0053
0.0031
-0.017
-0.05
-0.083
-0.085
-0.058
-0.041
-0.056
-0.075
-0.072
-0.064
-0.063
-0.054
-0.048
-0.037
-0.019
-0.02
-0.03
-0.032
-0.028
-0.0044
0.01
0.011
0.026
0.033
0.0097
-0.027
-0.047
-0.04
-0.019
-0.002
0.0044
-0.015
-0.048
-0.049
-0.025
0.0081
0.051
0.081
0.068
0.019
-0.045
-0.067
-0.01
0.078
0.13
0.1
0.023
-0.04
-0.05
-0.019
0.032
0.072
0.082
0.081
0.074
0.055
0.044
0.054
0.069
0.067
0.032
-0.025
-0.063
-0.072
-0.067
-0.032
0.023
0.047
0.056
0.091
0.13
0.15
0.14
0.11
0.066
0.028
0.016
0.029
0.052
0.057
0.05
0.049
0.062
0.071
0.042
0.0054
-0.0063
-0.011
-0.043
-0.064
-0.032
0.035
0.11
0.14
0.11
0.037
-0.038
-0.09
-0.1
-0.082
-0.043
-0.015
0.0025
0.0098
0.015
0.015
-0.00047
-0.035
-0.076
-0.097
-0.098
-0.085
-0.052
-0.012
-0.0096
-0.027
-0.043
-0.067
-0.096
-0.094
-0.058
-0.02
0.002
0.0081
0.016
0.017
0.0078
-0.0014
-0.0052
-0.005
-0.005
-0.0054
-0.015
-0.034
-0.047
-0.043
-0.024
-0.01
-0.0097
-0.027
-0.049
-0.044
-0.019
0.0073
0.022
0.02
0.022
0.039
0.041
0.021
0.0076
-0.0022
0.0013
0.0096
0.024
0.029
0.01
0.00084
0.0098
0.018
0.016
0.014
0.024
0.045
0.072
0.076
0.064
0.045
0.035
0.022
0.0054
0.0032
0.0085
0.015
0.0082
0.0075
0.022
0.034
0.03
0.019
0.0047
-0.008
0.0019
0.03
0.059
0.076
0.079
0.062
0.024
-0.0079
-0.04
-0.052
-0.031
0.024
0.1
0.15
0.13
0.09
0.064
0.043
0.028
0.047
0.077
0.092
0.095
0.082
0.052
0.038
0.057
0.071
0.078
0.066
0.041
0.032
0.042
0.034
-0.0061
-0.029
-0.015
0.014
0.0094
-0.0035
0.01
0.03
0.038
0.013
-0.029
-0.036
-0.015
-0.011
-0.021
-0.021
-0.02
-0.019
-0.016
-0.018
-0.038
-0.079
-0.098
-0.086
-0.061
-0.031
-0.016
-0.015
-0.021
-0.024
-0.028
-0.035
-0.035
-0.016
0.0072
0.015
0.017
0.011
0.0018
-0.0092
-0.01
0.012
0.045
0.052
0.039
0.028
0.025
0.029
0.036
0.041
0.037
0.027
0.0098
-0.0044
0.0027
0.017
0.028
0.021
0.0031
-0.021
-0.042
-0.042
-0.026
-0.0093
-0.01
-0.021
-0.033
-0.026
-0.0077
-0.019
-0.047
-0.054
-0.037
-0.018
-0.015
-0.026
-0.036
-0.045
-0.069
-0.079
-0.074
-0.053
-0.032
-0.032
-0.031
-0.033
-0.048
-0.068
-0.072
-0.045
-0.0078
0.012
0.0053
-0.021
-0.061
-0.094
-0.1
-0.1
-0.11
-0.13
-0.13
-0.11
-0.078
-0.061
-0.066
-0.075
-0.091
-0.1
-0.1
-0.084
-0.076
-0.087
-0.11
-0.12
-0.13
-0.12
-0.11
-0.1
-0.094
-0.085
-0.076
-0.052
-0.034
-0.033
-0.039
-0.053
-0.066
-0.064
-0.057
-0.072
-0.11
-0.13
-0.12
-0.097
-0.073
-0.065
-0.067
-0.066
-0.066
-0.067
-0.067
-0.068
-0.064
-0.052
-0.021
-0.0024
-0.0073
-0.024
-0.045
-0.059
-0.055
-0.035
-0.02
-0.0065
0.0068
0.017
0.029
0.033
0.03
0.0093
-0.0077
-0.0017
0.011
0.019
0.027
0.026
0.014
0.0017
0.0045
0.03
0.051
0.039
0.029
0.032
0.04
0.047
0.058
0.058
0.043
0.025
0.0076
0.0011
0.0048
0.023
0.044
0.05
0.05
0.04
0.022
0.013
0.0077
0.01
0.024
0.04
0.05
0.061
0.056
0.043
0.025
0.012
0.009
-0.0033
-0.011
0.0034
0.03
0.034
0.014
-0.0042
-1.5e-005
0.012
0.013
0.017
0.022
0.022
0.023
0.031
0.038
0.05
0.058
0.058
0.056
0.047
0.03
0.025
0.033
0.051
0.063
0.056
0.034
0.018
0.016
0.024
0.03
0.029
0.032
0.032
0.023
0.016
0.029
0.06
0.073
0.064
0.046
0.016
-0.02
-0.045
-0.051
-0.038
-0.0084
0.024
0.065
0.094
0.084
0.052
0.041
0.049
0.05
0.047
0.021
-0.026
-0.053
-0.048
-0.021
0.014
0.046
0.05
0.02
-0.027
-0.054
-0.059
-0.055
-0.045
-0.046
-0.043
-0.049
-0.066
-0.06
-0.034
-0.011
0.0016
0.0055
-0.016
-0.058
-0.11
-0.12
-0.1
-0.065
-0.022
-0.017
-0.047
-0.083
-0.099
-0.099
-0.088
-0.075
-0.07
-0.074
-0.085
-0.076
-0.047
-0.036
-0.04
-0.044
-0.052
-0.053
-0.026
0.013
0.024
0.015
-0.011
-0.024
-0.012
0.012
0.027
0.019
0.0006
-0.015
-0.017
-0.0031
0.0063
0.00081
0.0011
-0.0055
-0.016
-0.0086
-0.017
-0.043
-0.064
-0.07
-0.06
-0.045
-0.033
-0.015
0.015
0.022
0.0025
-0.023
-0.029
-0.011
0.01
0.024
0.03
0.02
0.011
0.014
0.032
0.044
0.034
0.016
0.011
0.0026
-0.02
-0.025
0.0056
0.051
0.073
0.053
0.0092
0.0023
0.032
0.071
0.11
0.13
0.11
0.054
0.0051
0.012
0.059
0.11
0.13
0.12
0.1
0.081
0.071
0.09
0.13
0.14
0.12
0.097
0.083
0.083
0.087
0.083
0.076
0.078
0.077
0.073
0.071
0.079
0.09
0.096
0.095
0.095
0.099
0.087
0.059
0.033
0.022
0.02
0.027
0.04
0.043
0.036
0.04
0.043
0.043
0.042
0.047
0.064
0.081
0.083
0.074
0.071
0.078
0.095
0.1
0.1
0.11
0.11
0.087
0.065
0.058
0.063
0.064
0.064
0.06
0.063
0.059
0.059
0.062
0.061
0.068
0.064
0.048
0.042
0.048
0.053
0.041
0.015
0.017
0.043
0.052
0.049
0.039
0.021
0.01
0.022
0.051
0.072
0.065
0.039
0.035
0.053
0.069
0.078
0.089
0.088
0.061
0.037
0.032
0.052
0.063
0.063
0.077
0.08
0.078
0.073
0.063
0.06
0.068
0.07
0.064
0.053
0.037
0.035
0.033
0.037
0.045
0.046
0.049
0.056
0.061
0.055
0.047
0.041
0.044
0.04
0.026
0.013
0.0093
0.02
0.025
0.031
0.032
0.029
0.028
0.022
0.0047
-0.02
-0.036
-0.045
-0.036
-0.0077
0.016
0.03
0.028
0.0099
-0.00066
-0.012
-0.029
-0.016
0.015
0.033
0.028
0.0047
-0.0084
-0.0058
-0.0058
-0.0066
-0.0083
-0.0032
-0.002
-0.0047
0.0037
0.021
0.024
0.0014
-0.03
-0.056
-0.06
-0.049
-0.032
-0.0091
-0.00056
0.0078
0.021
0.032
0.038
0.04
0.032
0.02
0.015
0.022
0.029
0.019
0.0078
0.0095
0.012
0.018
0.028
0.037
0.041
0.041
0.038
0.038
0.046
0.051
0.048
0.045
0.051
0.051
0.056
0.064
0.057
0.051
0.049
0.049
0.064
0.075
0.064
0.04
0.032
0.038
0.053
0.069
0.079
0.078
0.072
0.059
0.049
0.068
0.094
0.1
0.1
0.1
0.1
0.099
0.1
0.11
0.12
0.11
0.11
0.11
0.11
0.12
0.12
0.13
0.13
0.11
0.093
0.069
0.069
0.088
0.1
0.11
0.099
0.09
0.068
0.05
0.037
0.023
0.015
0.014
0.013
0.022
0.039
0.045
0.043
0.041
0.037
0.025
0.015
0.021
0.033
0.02
-0.0037
-0.016
-0.013
0.0043
0.01
-0.00017
-0.0039
-0.0097
-0.0092
-0.0016
0.0012
-0.0071
-0.017
-0.024
-0.021
-0.0079
-0.0069
-0.015
-0.025
-0.023
-0.0068
0.0059
0.0028
-0.0025
-0.0083
-0.017
-0.018
-0.014
-0.015
-0.027
-0.041
-0.033
-0.016
-0.019
-0.038
-0.045
-0.047
-0.048
-0.042
-0.046
-0.056
-0.064
-0.073
-0.07
-0.063
-0.057
-0.046
-0.044
-0.051
-0.052
-0.044
-0.037
-0.023
-0.016
-0.014
-0.033
-0.068
-0.079
-0.069
-0.053
-0.047
-0.041
-0.03
-0.021
-0.026
-0.045
-0.051
-0.048
-0.044
-0.047
-0.042
-0.026
-0.012
-0.004
-0.011
-0.018
-0.021
-0.046
-0.07
-0.068
-0.055
-0.038
-0.024
-0.029
-0.048
-0.065
-0.076
-0.072
-0.054
-0.045
-0.044
-0.039
-0.04
-0.048
-0.059
-0.068
-0.062
-0.05
-0.046
-0.041
-0.032
-0.029
-0.045
-0.071
-0.078
-0.062
-0.054
-0.053
-0.057
-0.069
-0.086
-0.092
-0.078
-0.064
-0.062
-0.065
-0.064
-0.068
-0.07
-0.066
-0.073
-0.081
-0.082
-0.076
-0.074
-0.073
-0.062
-0.048
-0.05
-0.06
-0.058
-0.035
-0.017
-0.015
-0.024
-0.022
-0.019
-0.023
-0.025
-0.025
-0.037
-0.045
-0.041
-0.036
-0.025
-0.013
-0.002
0.0076
0.0021
-0.011
-0.0074
0.022
0.055
0.058
0.03
-0.0081
-0.033
-0.044
-0.041
-0.028
-0.0092
0.011
0.027
0.045
0.062
0.068
0.048
0.017
0.004
-0.00081
-0.014
-0.026
-0.015
0.0067
0.038
0.085
0.12
0.12
0.084
0.025
-0.033
-0.044
-0.0075
0.021
0.017
0.0036
0.0029
0.0075
0.019
0.038
0.055
0.063
0.047
0.012
-0.016
-0.034
-0.055
-0.062
-0.042
-0.0084
0.022
0.029
0.019
0.015
0.00078
-0.016
-0.014
-0.014
-0.021
-0.02
-0.0048
0.012
0.0048
-0.029
-0.053
-0.065
-0.062
-0.05
-0.045
-0.06
-0.067
-0.059
-0.054
-0.048
-0.048
-0.061
-0.087
-0.1
-0.094
-0.069
-0.052
-0.053
-0.056
-0.041
-0.0036
0.01
-0.015
-0.036
-0.063
-0.082
-0.07
-0.023
0.022
0.022
-0.0041
-0.02
-0.012
-0.0016
0.0018
0.0043
0.0032
0.0067
0.013
0.0077
0.00023
0.0048
0.0098
0.025
0.041
0.036
0.016
-0.017
-0.051
-0.076
-0.082
-0.061
-0.013
0.038
0.057
0.046
0.017
-0.0067
-0.011
-0.0039
0.0088
0.021
0.03
0.016
0.0034
0.01
0.024
0.042
0.051
0.053
0.055
0.053
0.046
0.056
0.081
0.097
0.099
0.092
0.082
0.073
0.059
0.042
0.045
0.056
0.057
0.052
0.052
0.051
0.044
0.029
0.027
0.039
0.053
0.06
0.055
0.048
0.047
0.055
0.069
0.082
0.072
0.045
0.021
0.026
0.045
0.052
0.065
0.094
0.12
0.097
0.068
0.057
0.071
0.11
0.13
0.13
0.13
0.12
0.11
0.085
0.067
0.076
0.099
0.12
0.14
0.15
0.11
0.068
0.035
0.027
0.057
0.1
0.11
0.08
0.051
0.043
0.057
0.07
0.068
0.059
0.054
0.042
0.02
0.022
0.041
0.058
0.077
0.086
0.069
0.042
0.021
0.023
0.045
0.055
0.035
0.0013
-0.015
-0.011
-0.0027
-0.0056
-0.011
-4.6e-005
0.024
0.053
0.061
0.047
0.032
0.021
0.016
0.021
0.036
0.038
0.018
0.008
0.03
0.07
0.1
0.11
0.084
0.041
0.016
0.015
0.024
0.026
0.035
0.051
0.071
0.085
0.078
0.061
0.043
0.04
0.048
0.058
0.059
0.039
0.025
0.041
0.073
0.096
0.1
0.099
0.079
0.078
0.1
0.13
0.15
0.14
0.12
0.087
0.054
0.024
0.021
0.036
0.072
0.12
0.16
0.15
0.11
0.062
0.045
0.062
0.079
0.072
0.064
0.07
0.074
0.06
0.055
0.064
0.061
0.061
0.052
0.023
0.01
0.023
0.03
0.019
-0.0021
-0.0071
0.016
0.016
-0.0062
-0.013
0.0043
0.043
0.064
0.031
-0.031
-0.077
-0.087
-0.078
-0.046
0.018
0.068
0.07
0.038
-0.01
-0.049
-0.061
-0.046
-0.019
0.0029
0.013
0.0046
-0.01
-0.031
-0.051
-0.052
-0.023
0.0074
0.013
-0.0089
-0.029
-0.032
-0.031
-0.025
-0.019
-0.027
-0.055
-0.082
-0.08
-0.063
-0.043
-0.021
-0.018
-0.039
-0.061
-0.062
-0.062
-0.058
-0.026
0.017
0.048
0.037
-0.016
-0.062
-0.073
-0.065
-0.052
-0.033
-0.0049
0.021
0.029
0.014
-0.024
-0.056
-0.069
-0.074
-0.056
-0.042
-0.034
-0.019
-0.016
-0.041
-0.069
-0.087
-0.11
-0.11
-0.096
-0.065
-0.032
-0.015
-0.013
-0.026
-0.033
-0.033
-0.03
-0.031
-0.046
-0.054
-0.049
-0.028
-0.018
-0.013
-0.011
-0.024
-0.04
-0.053
-0.059
-0.053
-0.037
-0.02
0.0035
0.015
-0.0012
-0.027
-0.034
-0.016
-0.015
-0.033
-0.043
-0.041
-0.042
-0.03
-0.015
-0.027
-0.038
-0.046
-0.034
-0.0088
-0.0058
-0.0066
-0.027
-0.055
-0.077
-0.088
-0.079
-0.064
-0.052
-0.039
-0.025
-0.026
-0.043
-0.059
-0.05
-0.043
-0.067
-0.089
-0.073
-0.034
0.01
0.041
0.022
-0.028
-0.065
-0.074
-0.06
-0.035
0.00017
0.022
0.018
0.031
0.046
0.044
0.027
-0.005
-0.033
-0.036
-0.0069
0.022
0.027
0.0051
-0.012
-0.021
-0.03
-0.022
-0.0031
0.016
0.029
0.023
0.011
-0.0016
0.00017
0.011
0.0026
-0.025
-0.033
-0.022
-0.0099
-0.00029
-0.00056
-0.0065
-0.017
-0.043
-0.058
-0.056
-0.055
-0.052
-0.025
0.014
0.035
0.031
0.014
0.0006
-0.017
-0.033
-0.025
0.005
0.036
0.055
0.065
0.063
0.053
0.03
0.014
0.011
0.016
0.021
0.025
0.039
0.061
0.074
0.064
0.04
0.028
0.034
0.048
0.05
0.041
0.017
-0.0098
-0.016
-0.0022
0.015
0.013
-0.0081
-0.019
-0.019
-0.026
-0.025
-0.027
-0.029
-0.023
-0.013
-0.0035
-0.0072
-0.013
-0.038
-0.081
-0.096
-0.082
-0.062
-0.047
-0.026
-0.0052
-0.01
-0.023
-0.036
-0.036
-0.037
-0.068
-0.099
-0.11
-0.11
-0.11
-0.11
-0.072
-0.011
0.032
0.029
0.0094
-0.0088
-0.038
-0.056
-0.056
-0.044
-0.041
-0.068
-0.096
-0.088
-0.047
-0.0062
0.0048
-0.0089
-0.036
-0.065
-0.075
-0.087
-0.096
-0.082
-0.056
-0.044
-0.045
-0.028
-0.02
-0.026
-0.041
-0.073
-0.1
-0.12
-0.11
-0.086
-0.061
-0.031
-0.012
-0.022
-0.049
-0.054
-0.057
-0.052
-0.045
-0.068
-0.097
-0.099
-0.073
-0.05
-0.032
-0.023
-0.0079
0.01
-0.0039
-0.045
-0.062
-0.049
-0.027
-0.002
0.038
0.076
0.073
0.046
0.025
0.016
0.022
0.013
-0.0044
-0.0068
0.021
0.063
0.081
0.08
0.071
0.046
0.021
0.022
0.038
0.061
0.092
0.098
0.071
0.05
0.047
0.055
0.061
0.08
0.087
0.081
0.085
0.083
0.084
0.1
0.095
0.07
0.054
0.042
0.047
0.055
0.055
0.059
0.055
0.045
0.029
0.0012
-0.011
0.021
0.055
0.062
0.059
0.053
0.032
0.014
0.011
0.016
0.033
0.046
0.038
0.027
0.019
0.012
0.0069
-0.012
-0.024
-0.014
0.0059
0.032
0.041
0.039
0.041
0.032
0.012
-0.0067
-0.01
-0.019
-0.017
0.0083
0.05
0.07
0.042
0.01
0.013
0.026
0.018
0.014
0.027
0.045
0.042
0.024
0.0032
-0.0012
0.0068
0.019
0.03
0.028
0.019
0.014
0.021
0.025
0.0054
-0.034
-0.054
-0.04
-0.0077
0.027
0.041
0.036
0.031
0.011
-0.024
-0.056
-0.047
-0.014
0.017
0.037
0.05
0.061
0.057
0.047
0.022
-0.015
-0.039
-0.035
0.0025
0.037
0.028
-0.0031
-0.018
0.0087
0.025
0.0033
-0.036
-0.069
-0.094
-0.087
-0.06
-0.037
-0.015
0.004
0.00078
-0.0019
-0.0047
-0.035
-0.083
-0.087
-0.023
0.04
0.054
0.03
-0.0072
-0.03
-0.028
-0.023
-0.022
-0.0091
0.0056
-0.002
-0.0082
-4.6e-005
0.0049
-0.002
-0.011
-0.019
-0.023
-0.026
-0.027
-0.03
-0.035
-0.027
-0.018
-0.035
-0.066
-0.069
-0.061
-0.045
-0.014
0.025
0.042
0.027
0.019
0.012
-0.0022
-0.018
-0.024
-0.013
0.02
0.054
0.056
0.04
0.034
0.02
0.018
0.022
0.01
0.013
0.026
0.032
0.048
0.074
0.089
0.1
0.13
0.12
0.085
0.054
0.059
0.077
0.086
0.087
0.077
0.058
0.043
0.052
0.072
0.1
0.12
0.084
0.029
-0.004
0.02
0.065
0.11
0.13
0.11
0.072
0.052
0.035
0.029
0.034
0.024
0.0087
0.016
0.029
0.025
0.0065
0.0055
0.026
0.04
0.065
0.07
0.029
-0.0037
0.00066
0.021
0.035
0.037
0.035
0.039
0.048
0.046
0.023
0.0011
0.0042
0.018
0.018
0.017
0.019
0.031
0.046
0.047
0.048
0.035
0.0031
-0.0086
0.011
0.036
0.042
0.03
0.015
0.0099
0.015
-0.0033
-0.032
-0.041
-0.024
0.012
0.047
0.055
0.05
0.044
0.02
-0.0064
-0.0093
0.011
0.032
0.014
-0.017
-0.027
-0.025
-0.015
0.0099
0.026
0.031
0.031
0.019
0.016
0.026
0.036
0.038
0.034
0.053
0.065
0.059
0.054
0.054
0.055
0.036
0.023
0.017
0.013
0.0066
0.0073
0.043
0.082
0.1
0.1
0.082
0.066
0.059
0.055
0.051
0.036
0.018
0.019
0.04
0.076
0.11
0.099
0.064
0.048
0.063
0.087
0.084
0.059
0.042
0.047
0.074
0.1
0.097
0.059
0.025
0.0078
0.0063
0.015
0.015
0.016
0.026
0.029
0.011
-0.011
-0.019
-0.017
-0.017
-0.026
-0.019
-0.0094
-0.0088
-0.013
-0.019
-0.024
-0.027
-0.025
-0.028
-0.028
-0.027
-0.018
-0.0067
-0.0041
-0.02
-0.048
-0.048
-0.029
-0.012
-0.004
0.0061
0.014
0.012
0.0029
-0.0079
-0.0047
0.0093
0.021
0.035
0.038
0.036
0.045
0.046
0.035
0.025
0.016
0.0063
-0.012
-0.035
-0.025
-0.0022
0.0014
-0.012
-0.022
-0.026
-0.03
-0.035
-0.051
-0.055
-0.05
-0.044
-0.038
-0.0092
0.019
0.016
0.0029
-0.011
-0.018
-0.022
-0.027
-0.03
-0.022
-0.0038
0.0026
-0.0094
-0.012
0.0067
0.017
0.019
0.0018
-0.016
-0.01
-0.0065
0.0024
0.0072
0.0092
0.0026
0.0024
0.012
0.035
0.059
0.05
0.04
0.031
0.011
-0.0027
-0.0013
0.009
0.0069
0.024
0.06
0.087
0.091
0.076
0.04
-0.0038
-0.011
-0.013
-0.016
0.0092
0.039
0.052
0.046
0.014
-0.012
-0.011
-0.012
-0.03
-0.042
-0.036
-0.016
0.0026
0.02
0.031
0.019
0.0085
-0.0022
-0.022
-0.028
-0.03
-0.044
-0.049
-0.048
-0.049
-0.048
-0.028
-0.0051
-0.0041
-0.017
-0.038
-0.053
-0.044
-0.046
-0.055
-0.054
-0.045
-0.032
-0.019
0.0092
0.025
0.01
-0.012
-0.025
-0.043
-0.063
-0.069
-0.059
-0.018
0.012
0.016
0.0075
-0.016
-0.029
-0.052
-0.066
-0.062
-0.041
-0.014
0.0046
0.018
0.035
0.046
0.031
0.0093
-0.0081
-0.022
-0.029
-0.016
-0.0041
-0.016
-0.039
-0.055
-0.05
-0.037
-0.021
-0.024
-0.043
-0.046
-0.048
-0.045
-0.033
-0.025
-0.039
-0.058
-0.059
-0.064
-0.074
-0.072
-0.074
-0.093
-0.11
-0.11
-0.1
-0.095
-0.077
-0.071
-0.08
-0.075
-0.063
-0.071
-0.084
-0.083
-0.07
-0.04
-0.019
-0.024
-0.033
-0.043
-0.051
-0.061
-0.065
-0.052
-0.038
-0.027
-0.017
-0.019
-0.032
-0.034
-0.033
-0.029
-0.011
0.017
0.045
0.052
0.045
0.038
0.024
0.0046
0.0045
0.0067
-0.0014
-0.0019
-0.0042
-0.016
-0.044
-0.055
-0.054
-0.053
-0.063
-0.09
-0.11
-0.11
-0.095
-0.074
-0.043
-0.013
0.0042
0.011
0.0069
-0.016
-0.049
-0.054
-0.026
0.0087
0.025
0.012
-0.017
-0.037
-0.045
-0.053
-0.043
-0.028
-0.011
-0.0049
-0.011
-0.023
-0.033
-0.032
-0.041
-0.065
-0.086
-0.083
-0.069
-0.073
-0.078
-0.15
-0.27
-0.23
-0.12
-0.063
-0.1
-0.15
-0.12
-0.08
-0.079
-0.1
-0.15
-0.18
-0.19
-0.22
-0.24
-0.22
-0.16
-0.11
-0.11
-0.14
-0.13
-0.089
-0.089
-0.13
-0.17
-0.17
-0.13
-0.093
-0.068
-0.072
-0.099
-0.13
-0.14
-0.15
-0.17
-0.21
-0.25
-0.23
-0.18
-0.11
-0.068
-0.073
-0.1
-0.12
-0.1
-0.087
-0.095
-0.097
-0.076
-0.058
-0.042
-0.005
0.053
0.095
0.1
0.098
0.095
0.1
0.087
0.057
0.039
0.026
-0.0067
-0.042
-0.055
-0.047
-0.033
-0.021
-0.022
-0.032
-0.028
-0.0029
0.017
0.017
0.022
0.027
0.034
0.047
0.055
0.066
0.068
0.057
0.046
0.043
0.025
-0.018
-0.055
-0.063
-0.049
-0.035
-0.03
-0.041
-0.053
-0.048
-0.044
-0.04
-0.031
-0.018
0.0018
0.018
0.014
0.019
0.041
0.071
0.096
0.11
0.11
0.12
0.13
0.13
0.12
0.12
0.11
0.1
0.098
0.088
0.081
0.08
0.074
0.066
0.068
0.088
0.089
0.065
0.041
0.03
0.038
0.052
0.051
0.039
0.039
0.056
0.073
0.073
0.057
0.047
0.036
0.023
0.02
0.019
0.017
0.021
0.035
0.059
0.071
0.055
0.023
-0.0079
-0.023
-0.025
-0.0095
0.011
0.023
0.014
-0.0029
-0.0069
-0.0058
-0.0088
-0.019
-0.031
-0.031
-0.031
-0.028
-0.018
-0.0047
0.005
-0.0009
-0.013
-0.03
-0.036
-0.028
-0.012
0.0079
0.013
0.0095
0.0072
-0.0031
-0.0063
-0.0094
-0.016
-0.0094
0.0018
0.008
0.013
0.0091
0.0029
0.0023
0.0089
0.012
0.0057
0.0098
0.024
0.031
0.032
0.033
0.037
0.045
0.041
0.029
0.027
0.037
0.05
0.06
0.063
0.056
0.043
0.047
0.061
0.059
0.053
0.054
0.061
0.065
0.062
0.059
0.046
0.029
0.017
0.0098
0.012
0.022
0.025
0.025
0.018
0.0072
0.0026
-0.0021
0.0059
0.028
0.047
0.049
0.033
0.0039
-0.0076
0.0005
-0.0035
-0.017
-0.032
-0.034
-0.02
-0.0055
0.0016
-0.0032
-0.019
-0.038
-0.037
-0.025
-0.012
-0.00096
0.016
0.031
0.023
0.011
0.0084
0.011
0.008
0.019
0.042
0.056
0.053
0.055
0.063
0.074
0.079
0.08
0.088
0.1
0.1
0.093
0.093
0.1
0.097
0.092
0.1
0.11
0.11
0.1
0.11
0.1
0.11
0.12
0.13
0.14
0.14
0.13
0.13
0.14
0.14
0.13
0.13
0.13
0.12
0.1
0.11
0.13
0.14
0.14
0.12
0.11
0.096
0.093
0.1
0.12
0.14
0.15
0.15
0.12
0.1
0.1
0.11
0.11
0.12
0.14
0.14
0.14
0.12
0.1
0.097
0.093
0.093
0.098
0.097
0.09
0.076
0.064
0.055
0.049
0.044
0.041
0.044
0.039
0.037
0.064
0.093
0.1
0.088
0.068
0.055
0.046
0.046
0.052
0.048
0.044
0.053
0.077
0.097
0.1
0.093
0.076
0.065
0.053
0.05
0.062
0.087
0.1
0.11
0.12
0.12
0.076
0.024
0.013
0.037
0.063
0.078
0.088
0.085
0.071
0.059
0.064
0.047
0.02
0.026
0.041
0.046
0.042
0.031
0.015
0.009
0.0047
-0.0043
0.0025
0.006
0.0023
-0.0051
-0.019
-0.022
-0.014
-0.0089
-0.016
-0.036
-0.053
-0.063
-0.069
-0.077
-0.088
-0.088
-0.086
-0.092
-0.11
-0.13
-0.13
-0.13
-0.12
-0.12
-0.13
-0.12
-0.099
-0.085
-0.084
-0.099
-0.12
-0.14
-0.13
-0.1
-0.08
-0.049
-0.02
-0.0068
-0.012
-0.013
-0.016
-0.0082
0.02
0.057
0.095
0.11
0.11
0.11
0.092
0.073
0.079
0.09
0.1
0.14
0.17
0.17
0.16
0.15
0.15
0.17
0.2
0.23
0.25
0.26
0.25
0.24
0.24
0.24
0.25
0.25
0.25
0.26
0.25
0.25
0.24
0.25
0.25
0.24
0.23
0.22
0.2
0.2
0.2
0.2
0.18
0.14
0.13
0.14
0.15
0.14
0.12
0.094
0.08
0.077
0.096
0.12
0.13
0.13
0.12
0.12
0.12
0.18
0.2
0.15
0.07
-0.014
0.0047
0.14
0.23
0.27
0.26
0.24
0.21
0.12
0.053
0.035
0.057
0.12
0.17
0.18
0.16
0.11
0.052
0.016
0.034
0.041
0.087
0.17
0.19
0.19
0.15
0.085
0.085
0.1
0.095
0.07
0.036
0.036
0.085
0.15
0.17
0.1
-0.024
-0.12
-0.1
-0.0083
0.069
0.099
0.089
0.062
0.038
0.011
0.0031
0.0085
-0.0074
-0.023
-0.035
-0.026
-0.0075
-0.027
-0.073
-0.089
-0.074
-0.056
-0.026
-0.015
-0.022
0.00066
0.02
0.0098
-0.026
-0.082
-0.1
-0.076
-0.02
0.027
0.046
0.045
0.039
0.021
-0.021
-0.066
-0.081
-0.045
0.0079
0.047
0.046
0.026
0.0018
-0.035
-0.05
-0.044
-0.03
-0.00099
0.017
0.022
0.026
0.0095
-0.018
-0.038
-0.046
-0.033
0.0022
0.02
-0.00096
-0.056
-0.12
-0.15
-0.12
-0.071
-0.049
-0.057
-0.094
-0.12
-0.12
-0.12
-0.12
-0.15
-0.17
-0.17
-0.14
-0.11
-0.085
-0.13
-0.2
-0.23
-0.22
-0.17
-0.14
-0.14
-0.15
-0.13
-0.11
-0.084
-0.095
-0.16
-0.22
-0.23
-0.18
-0.13
-0.12
-0.14
-0.18
-0.2
-0.18
-0.16
-0.16
