0.01
0.019
0.021
0.006
0.002
0.012
0.0049
-0.0098
-0.0055
0.0019
-0.0065
-0.0028
0.018
0.029
0.009
-0.0095
-0.0093
-0.013
-0.015
-0.0083
0.011
0.032
0.031
0.019
0.0098
0.0058
0.00066
-0.0025
0.0025
0.017
0.027
0.028
0.029
0.022
0.019
0.013
-0.0033
0.0045
0.014
0.0029
0.00026
0.021
0.029
0.011
-0.00063
-0.0012
0.006
0.0063
0.0058
0.005
0.02
0.038
0.029
0.0017
-0.0015
0.013
0.011
0.00023
0.0098
0.019
0.0062
0.0043
0.021
0.018
0.0053
0.0095
0.01
0.0067
0.0015
0.00035
0.0024
0.0084
0.0031
-0.011
-0.0084
0.00087
0.0033
-0.0022
-0.0066
-0.014
-0.013
-0.012
-0.016
-0.022
-0.025
-0.014
0.0073
0.0077
-0.0073
-0.019
-0.0039
0.013
0.005
-0.0081
-0.0026
0.019
0.021
0.015
0.017
0.022
0.017
0.012
0.015
0.025
0.026
0.02
0.028
0.027
0.003
-0.013
-0.0076
0.0058
0.0047
-0.0021
0.0062
0.016
0.013
0.0036
-0.013
-0.021
-0.014
-0.01
-0.005
0.0037
0.014
0.016
-0.0016
-0.012
-0.015
-0.019
-0.027
-0.018
-0.0011
0.011
0.0097
-0.0019
-0.00035
-0.00041
-0.0073
-0.012
-0.0051
0.019
0.021
0.018
0.02
0.022
0.018
0.00017
-0.011
-0.0056
0.0061
0.0078
0.016
0.022
0.025
0.021
0.01
0.0022
0.013
0.027
0.021
0.0015
-0.0042
0.017
0.022
-0.0011
-0.0088
-0.009
-0.013
-0.016
-0.017
-0.014
-0.011
0.0048
0.014
-0.0038
-0.021
-0.0067
0.018
0.014
0.018
0.039
0.037
0.01
-0.0012
-0.0038
0.0025
0.014
0.022
0.025
0.005
-0.019
-0.0069
0.021
0.03
0.019
0.015
0.017
0.016
0.0089
0.0069
0.013
0.0092
0.0083
0.00014
-0.0076
-0.01
-0.0043
0.0032
0.0082
0.014
0.01
-0.014
-0.029
-0.017
-0.005
0.0055
0.023
0.024
0.0097
-0.0061
-0.0018
-0.0011
-0.017
-0.021
-0.025
-0.019
0.00075
0.016
0.015
0.0093
0.0054
0.0019
-0.0057
-0.025
-0.023
0.00023
0.021
0.015
-0.0059
-0.014
-0.026
-0.027
-0.016
-0.027
-0.043
-0.029
0.015
0.03
0.026
0.0097
0.0022
0.012
0.018
0.017
0.013
0.034
0.052
0.037
0.015
0.0035
0.0018
0.0054
0.0077
0.012
0.026
0.034
0.038
0.028
-0.0049
-0.026
-0.036
-0.041
-0.04
-0.034
-0.012
0.0098
0.02
0.013
-0.0086
-0.0055
0.019
0.027
0.018
0.0013
0.0058
0.032
0.055
0.047
0.016
-0.0079
-0.031
0.013
0.04
0.049
0.023
0.0027
0.047
0.068
0.0094
-0.033
-0.012
0.034
0.03
-0.041
-0.066
-0.009
0.021
-0.0039
-0.081
-0.12
-0.065
0.0021
0.021
-0.004
-0.00038
0.031
0.046
0.032
0.041
0.092
0.081
0.015
-0.014
0.012
0.055
0.049
-0.01
-0.027
0.021
0.064
0.04
-0.016
-0.041
-0.021
-0.00072
-0.028
-0.064
-0.056
-0.017
0.0012
0.0057
0.0061
-0.013
-0.041
-0.031
-0.00017
0.0024
-0.012
-0.0036
0.011
0.024
0.03
0.042
0.057
0.057
0.013
-0.03
-0.02
0.024
0.077
0.088
0.063
0.05
0.071
0.099
0.098
0.082
0.074
0.098
0.1
0.077
0.054
0.039
0.052
0.065
0.074
0.075
0.083
0.11
0.12
0.13
0.15
0.15
0.15
0.15
0.18
0.2
0.2
0.17
0.13
0.064
0.0031
-0.034
-0.059
-0.084
-0.13
-0.19
-0.21
-0.23
-0.22
-0.21
-0.21
-0.23
-0.24
-0.26
-0.24
-0.2
-0.17
-0.14
-0.13
-0.13
-0.12
-0.1
-0.094
-0.061
-0.015
-0.0017
-0.0042
-0.0065
-0.0075
0.0068
0.029
0.06
0.075
0.07
0.086
0.12
0.12
0.11
0.084
0.053
0.049
0.047
0.037
0.053
0.074
0.056
0.031
0.01
-0.019
-0.026
0.0027
0.042
0.041
0.011
0.002
-0.0067
0.0094
0.045
0.047
0.019
0.012
0.025
0.016
0.018
0.016
-0.0054
-0.045
-0.063
-0.05
-0.015
0.028
0.014
-0.034
-0.066
-0.097
-0.13
-0.14
-0.11
-0.067
-0.025
-0.001
-0.0022
-0.043
-0.078
-0.061
-0.029
-0.018
-0.023
-0.03
-0.025
-0.0037
0.028
0.063
0.091
0.081
0.043
0.014
0.011
0.024
0.05
0.075
0.071
0.05
0.044
0.058
0.076
0.079
0.082
0.07
0.029
-0.016
-0.053
-0.074
-0.065
-0.038
-0.034
-0.028
-0.023
7.6e-005
0.026
0.019
-0.011
-0.04
-0.055
-0.056
-0.046
-0.046
-0.067
-0.06
-0.029
-0.021
-0.044
-0.068
-0.072
-0.077
-0.086
-0.08
-0.06
-0.037
0.0043
0.027
0.0031
-0.038
-0.075
-0.1
-0.13
-0.15
-0.17
-0.21
-0.27
-0.32
-0.32
-0.28
-0.27
-0.29
-0.34
-0.41
-0.46
-0.43
-0.4
-0.33
-0.24
-0.18
-0.16
-0.22
-0.39
-0.56
-0.65
-0.67
-0.63
-0.6
-0.55
-0.41
-0.15
0.17
0.33
0.29
0.17
0.021
-0.23
-0.51
-0.59
-0.36
-0.06
-0.1
-0.42
-0.54
-0.06
0.6
0.89
0.85
0.75
0.75
0.79
0.75
0.63
0.51
0.48
0.5
0.52
0.49
0.47
0.55
0.65
0.62
0.48
0.34
0.3
0.27
0.23
0.22
0.31
0.41
0.4
0.25
0.087
0.071
0.12
0.065
-0.11
-0.26
-0.27
-0.19
-0.22
-0.35
-0.48
-0.49
-0.44
-0.49
-0.63
-0.72
-0.68
-0.59
-0.54
-0.56
-0.54
-0.44
-0.33
-0.29
-0.3
-0.25
-0.18
-0.16
-0.22
-0.31
-0.32
-0.27
-0.24
-0.28
-0.32
-0.29
-0.2
-0.088
0.0014
0.083
0.2
0.33
0.44
0.51
0.56
0.6
0.66
0.72
0.74
0.72
0.68
0.64
0.57
0.49
0.44
0.42
0.43
0.4
0.35
0.33
0.34
0.33
0.27
0.17
0.097
0.061
0.028
-0.0096
-0.046
-0.089
-0.15
-0.23
-0.3
-0.34
-0.34
-0.35
-0.38
-0.41
-0.39
-0.33
-0.29
-0.3
-0.34
-0.37
-0.35
-0.33
-0.31
-0.31
-0.29
-0.25
-0.2
-0.17
-0.15
-0.12
-0.051
0.031
0.077
0.083
0.1
0.15
0.2
0.23
0.25
0.25
0.27
0.26
0.24
0.25
0.28
0.32
0.33
0.32
0.31
0.29
0.26
0.25
0.25
0.26
0.24
0.22
0.19
0.16
0.13
0.15
0.16
0.14
0.096
0.057
0.014
-0.01
-0.0074
0.0047
0.014
0.017
0.0066
-0.015
-0.025
-0.034
-0.02
-0.00011
-0.011
-0.041
-0.057
-0.064
-0.076
-0.081
-0.07
-0.063
-0.076
-0.11
-0.13
-0.11
-0.086
-0.071
-0.079
-0.089
-0.11
-0.13
-0.12
-0.097
-0.075
-0.074
-0.075
-0.094
-0.11
-0.1
-0.081
-0.068
-0.075
-0.081
-0.077
-0.07
-0.046
-0.014
-0.01
-0.03
-0.03
-0.014
0.012
0.039
0.049
0.063
0.089
0.1
0.11
0.12
0.13
0.15
0.15
0.14
0.14
0.14
0.15
0.16
0.16
0.14
0.13
0.13
0.15
0.14
0.12
0.11
0.096
0.072
0.046
0.025
0.035
0.042
0.033
-0.0041
-0.047
-0.068
-0.069
-0.07
-0.075
-0.077
-0.089
-0.091
-0.089
-0.097
-0.11
-0.11
-0.12
-0.12
-0.12
-0.12
-0.11
-0.089
-0.087
-0.1
-0.12
-0.12
-0.093
-0.063
-0.043
-0.035
-0.025
-0.0091
0.0037
-0.0044
-0.01
-0.015
-0.01
0.014
0.041
0.049
0.046
0.047
0.041
0.036
0.026
0.0083
0.019
0.05
0.079
0.098
0.1
0.11
0.1
0.1
0.11
0.13
0.14
0.14
0.15
0.16
0.17
0.17
0.15
0.13
0.11
0.092
0.078
0.08
0.095
0.1
0.08
0.039
0.0069
-0.00093
0.012
0.012
0.011
0.023
0.032
0.026
0.015
0.0079
0.0023
-0.0043
-0.0048
0.022
0.055
0.068
0.059
0.05
0.039
0.028
0.025
0.025
0.026
0.029
0.021
0.015
0.015
0.02
0.018
0.0011
-0.003
0.019
0.041
0.043
0.041
0.041
0.046
0.052
0.064
0.084
0.092
0.084
0.076
0.091
0.11
0.093
0.073
0.071
0.071
0.064
0.073
0.092
0.09
0.066
0.045
0.042
0.043
0.045
0.044
0.044
0.044
0.044
0.04
0.021
-0.0011
-0.006
0.0079
0.0071
-0.012
-0.02
-0.0045
0.0056
-0.0024
0.002
0.0029
-0.0082
-0.0027
0.0053
-0.0047
-0.022
0.00093
0.027
0.03
0.011
-0.016
-0.015
0.017
0.067
0.067
0.041
0.033
0.034
0.031
0.035
0.044
0.051
0.051
0.051
0.057
0.068
0.086
0.087
0.071
0.067
0.063
0.054
0.041
0.027
0.04
0.087
0.11
0.097
0.062
0.027
0.027
0.068
0.1
0.1
0.079
0.056
0.027
0.012
0.0076
-7.6e-005
-0.0033
0.0047
0.0035
-0.027
-0.066
-0.062
-0.026
0.016
0.036
0.04
0.039
0.037
0.046
0.064
0.098
0.12
0.12
0.091
0.075
0.086
0.11
0.13
0.14
0.14
0.14
0.14
0.18
0.23
0.27
0.28
0.29
0.27
0.22
0.15
0.045
-0.093
-0.26
-0.43
-0.56
-0.64
-0.65
-0.64
-0.6
-0.52
-0.39
-0.23
-0.064
0.061
0.14
0.18
0.18
0.13
0.066
0.0025
-0.078
-0.15
-0.18
-0.21
-0.2
-0.11
0.022
0.13
0.2
0.23
0.24
0.26
0.27
0.27
0.25
0.22
0.17
0.11
0.059
0.014
-0.014
-0.049
-0.08
-0.11
-0.14
-0.15
-0.13
-0.094
-0.063
-0.031
-0.0081
-0.012
-0.022
-0.021
-0.0063
-0.00072
-0.0012
-0.0095
-0.012
-0.017
-0.023
-0.016
0.0052
0.03
0.043
0.061
0.084
0.11
0.15
0.18
0.18
0.16
0.12
0.083
0.058
0.043
0.004
-0.045
-0.072
-0.077
-0.089
-0.11
-0.12
-0.11
-0.086
-0.055
-0.018
0.02
0.047
0.048
0.036
0.038
0.031
0.018
0.024
0.026
-0.0048
-0.021
-0.015
-0.015
-0.03
-0.039
-0.024
-0.012
-0.0067
0.0086
0.028
0.051
0.067
0.065
0.053
0.033
0.00066
-0.025
-0.04
-0.049
-0.06
-0.062
-0.037
-0.02
-0.018
-0.024
-0.044
-0.051
-0.043
-0.032
-0.0065
0.032
0.061
0.054
0.046
0.039
0.033
0.033
0.05
0.065
0.063
0.061
0.052
0.039
0.039
0.048
0.06
0.073
0.089
0.1
0.1
0.096
0.086
0.066
0.048
0.037
0.033
0.029
0.029
0.034
0.039
0.045
0.048
0.04
0.023
0.0098
0.0071
0.023
0.047
0.058
0.062
0.061
0.054
0.05
0.047
0.034
0.021
0.018
0.02
0.01
-0.0056
-0.024
-0.053
-0.066
-0.06
-0.031
-0.018
-0.016
-0.022
-0.029
-0.027
-0.025
-0.037
-0.06
-0.088
-0.11
-0.099
-0.06
-0.059
-0.088
-0.093
-0.092
-0.12
-0.13
-0.13
-0.12
-0.097
-0.068
-0.065
-0.06
-0.061
-0.057
-0.045
-0.068
-0.096
-0.1
-0.11
-0.12
-0.092
-0.056
-0.03
-0.013
-0.00078
0.0077
0.014
0.0032
-0.014
-0.033
-0.041
-0.062
-0.097
-0.1
-0.086
-0.076
-0.073
-0.052
-0.015
-0.013
-0.057
-0.1
-0.099
-0.089
-0.078
-0.067
-0.067
-0.09
-0.12
-0.12
-0.098
-0.076
-0.081
-0.084
-0.078
-0.078
-0.069
-0.057
-0.049
-0.059
-0.076
-0.086
-0.1
-0.13
-0.12
-0.085
-0.058
-0.058
-0.064
-0.061
-0.043
-0.035
-0.047
-0.059
-0.069
-0.058
-0.023
-0.019
-0.051
-0.078
-0.082
-0.057
-0.027
-0.019
-0.033
-0.065
-0.075
-0.068
-0.063
-0.054
-0.045
-0.05
-0.05
-0.043
-0.053
-0.077
-0.095
-0.089
-0.057
-0.031
-0.033
-0.048
-0.06
-0.061
-0.061
-0.051
-0.034
-0.042
-0.066
-0.058
-0.037
-0.041
-0.06
-0.067
-0.068
-0.076
-0.067
-0.056
-0.056
-0.053
-0.049
-0.05
-0.035
-0.023
-0.031
-0.028
-0.033
-0.05
-0.055
-0.044
-0.042
-0.057
-0.063
-0.065
-0.061
-0.037
-0.013
-0.0033
-0.0023
0.0052
0.0054
0.011
0.022
0.012
-0.012
-0.022
-0.02
-0.018
-0.0053
0.0031
-0.0023
-0.0052
0.0049
0.027
0.048
0.062
0.071
0.077
0.082
0.082
0.068
0.04
0.04
0.044
0.039
0.04
0.045
0.055
0.079
0.1
0.092
0.076
0.062
0.054
0.063
0.067
0.061
0.047
0.046
0.053
0.057
0.064
0.067
0.068
0.071
0.065
0.051
0.04
0.039
0.03
0.031
0.03
0.034
0.047
0.057
0.057
0.048
0.036
0.025
0.023
0.026
0.037
0.044
0.039
0.039
0.037
0.027
0.033
0.05
0.048
0.042
0.049
0.04
0.03
0.031
0.042
0.038
0.022
0.023
0.033
0.047
0.054
0.057
0.048
0.045
0.041
0.024
0.021
0.022
0.021
0.024
0.041
0.049
0.049
0.047
0.048
0.055
0.057
0.048
0.051
0.062
0.072
0.067
0.063
0.061
0.043
0.018
0.0095
0.01
0.026
0.059
0.074
0.079
0.075
0.064
0.056
0.055
0.059
0.053
0.05
0.053
0.051
0.041
0.039
0.044
0.04
0.044
0.056
0.059
0.05
0.048
0.048
0.036
0.025
0.027
0.043
0.044
0.026
0.013
0.015
0.026
0.038
0.044
0.034
0.022
0.022
0.026
0.026
0.025
0.023
0.026
0.027
0.018
0.0044
-0.0034
-0.015
-0.012
-0.0049
-0.0049
-0.012
-0.014
-0.011
-0.015
-0.011
-0.0068
-0.0045
-0.00056
0.002
0.0033
-0.0006
-0.0014
-0.006
-0.012
-0.025
-0.015
0.012
0.0093
-0.013
-0.03
-0.023
-0.014
-0.0071
0.004
0.0033
-0.0064
-0.015
-0.0065
-0.0071
-0.0048
0.0034
0.0023
0.0035
-0.0037
-0.017
-0.014
0.012
0.021
0.026
0.026
0.0074
0.006
0.017
0.015
0.014
0.02
0.034
0.033
0.024
0.0094
0.0011
-0.0067
-0.013
-0.016
-0.018
-0.0014
0.012
0.019
0.025
0.024
0.0056
-0.012
-0.0012
0.011
0.02
0.017
0.0092
-0.0029
-0.011
-0.015
-0.017
-0.0033
0.012
0.012
0.0029
-0.0031
-0.013
-0.031
-0.026
1.5e-005
0.025
0.024
0.0074
-0.011
-0.024
-0.03
-0.02
0.0093
0.016
0.011
0.024
0.03
0.028
0.0099
0.00081
0.0091
0.009
0.013
0.027
0.035
0.033
0.048
0.051
0.038
0.028
0.028
0.033
0.034
0.028
0.03
0.038
0.058
0.069
0.065
0.063
0.063
0.069
0.082
0.082
0.073
0.07
0.066
0.066
0.065
0.067
0.073
0.086
0.094
0.085
0.081
0.087
0.1
0.11
0.11
0.11
0.11
0.1
0.094
0.087
0.083
0.086
0.1
0.12
0.12
0.11
0.11
0.11
0.095
0.09
0.085
0.088
0.079
0.066
0.054
0.049
0.049
0.052
0.059
0.066
0.074
0.079
0.079
0.072
0.05
0.032
0.019
0.022
0.041
0.058
0.051
0.042
0.039
0.034
0.037
0.023
0.0014
0.0083
0.031
0.037
0.017
-0.0015
0.0075
0.039
0.047
0.037
0.023
0.0025
-0.0027
0.0055
0.016
0.019
0.009
0.004
0.0081
0.017
0.022
0.031
0.028
0.021
0.011
0.0047
0.0095
0.0025
0.0026
0.0077
0.0072
0.0033
0.0086
0.0033
-0.0064
0.0013
0.01
0.01
0.014
0.019
0.025
0.025
0.028
0.023
0.014
0.0056
0.0049
0.012
0.0033
-0.012
-0.016
-0.0053
-0.00035
-0.0025
-0.0077
0.0037
0.03
0.041
0.036
0.015
-0.013
-0.025
-0.011
0.0065
0.018
0.0095
-0.0017
0.006
0.005
-0.0099
-0.033
-0.042
-0.034
-0.017
0.025
0.068
0.094
0.095
0.077
0.044
-0.0024
-0.024
-0.034
-0.044
-0.044
-0.0039
0.047
0.065
0.077
0.085
0.06
0.013
-0.024
-0.049
-0.065
-0.063
-0.046
-0.03
-0.027
-0.0097
0.0013
0.0026
0.014
0.021
0.0058
-0.032
-0.061
-0.085
-0.089
-0.064
-0.032
-0.0033
0.02
0.04
0.053
0.054
0.024
-0.034
-0.084
-0.11
-0.1
-0.087
-0.07
-0.049
-0.03
0.00096
0.033
0.042
0.019
-0.016
-0.052
-0.071
-0.081
-0.092
-0.083
-0.073
-0.062
-0.051
-0.057
-0.086
-0.1
-0.11
-0.12
-0.13
-0.12
-0.11
-0.11
-0.1
-0.08
-0.091
-0.1
-0.088
-0.057
-0.051
-0.069
-0.082
-0.089
-0.075
-0.05
-0.046
-0.078
-0.1
-0.088
-0.07
-0.05
-0.068
-0.086
-0.08
-0.067
-0.05
-0.053
-0.071
-0.082
-0.068
-0.055
-0.059
-0.068
-0.058
-0.037
-0.038
-0.013
0.005
0.01
0.02
0.028
0.04
0.033
0.024
0.015
-0.0044
-0.029
-0.04
-0.024
-0.0074
-0.00026
-0.0064
-0.018
-0.02
-0.016
-0.014
-0.016
-0.016
-0.022
-0.02
-0.016
-0.031
-0.036
-0.023
-0.012
-0.02
-0.028
-0.032
-0.03
-0.015
-0.0078
-0.015
-0.014
-0.005
7.6e-005
0.0016
-0.014
-0.022
-0.014
-0.018
-0.023
-0.034
-0.049
-0.037
-0.025
-0.022
-0.033
-0.047
-0.059
-0.06
-0.059
-0.063
-0.063
-0.057
-0.036
-0.018
-0.014
-0.017
-0.011
-0.0029
-0.00041
-1.5e-005
-0.017
-0.029
-0.022
-0.02
-0.023
-0.013
0.0049
0.0072
0.001
0.00017
0.0091
0.02
0.018
0.007
0.00066
0.0062
0.017
0.024
0.025
0.025
0.021
0.026
0.035
0.013
-0.011
-0.0032
0.001
-0.0054
0.0061
0.019
0.017
0.019
0.022
0.022
0.021
0.0045
-0.013
-0.025
-0.028
-0.041
-0.049
-0.044
-0.041
-0.037
-0.011
0.028
0.047
0.035
0.015
0.0022
0.0059
0.019
0.035
0.046
0.055
0.062
0.056
0.047
0.038
0.037
0.031
0.023
0.025
0.04
0.055
0.058
0.058
0.053
0.055
0.061
0.058
0.056
0.059
0.053
0.047
0.036
0.019
0.017
0.034
0.057
0.071
0.073
0.073
0.065
0.047
0.049
0.073
0.09
0.099
0.099
0.083
0.073
0.056
0.038
0.04
0.052
0.069
0.099
0.13
0.14
0.14
0.12
0.087
0.06
0.053
0.034
0.013
0.022
0.052
0.076
0.089
0.12
0.14
0.11
0.079
0.055
0.038
0.035
0.038
0.035
0.033
0.039
0.061
0.089
0.089
0.067
0.049
0.044
0.034
0.0084
-0.0034
-0.011
-0.019
-0.004
0.013
0.033
0.066
0.099
0.1
0.065
0.0077
-0.04
-0.049
-0.05
-0.04
-0.017
0.022
0.07
0.094
0.086
0.064
0.029
0.0024
0.0014
0.00023
-0.024
-0.042
-0.027
0.0072
0.034
0.054
0.056
0.023
-0.013
-0.024
-0.023
-0.015
-0.0042
-0.011
-0.021
-0.018
-0.0075
0.00053
-0.0019
0.0091
0.025
0.042
0.045
0.019
-0.012
-0.037
-0.041
-0.021
-0.00032
0.013
0.026
0.053
0.061
0.041
4.6e-005
-0.035
-0.048
-0.055
-0.037
-0.016
-0.0059
-0.0097
-0.012
-0.0099
-0.0082
-0.011
-0.0072
0.0099
0.013
0.0064
-0.0089
-0.037
-0.051
-0.046
-0.034
-0.034
-0.035
-0.041
-0.066
-0.077
-0.076
-0.069
-0.055
-0.051
-0.06
-0.062
-0.057
-0.063
-0.056
-0.052
-0.052
-0.056
-0.052
-0.057
-0.075
-0.082
-0.08
-0.085
-0.091
-0.091
-0.083
-0.066
-0.052
-0.052
-0.047
-0.04
-0.023
-0.0047
-0.0077
-0.028
-0.051
-0.058
-0.051
-0.054
-0.051
-0.03
-0.016
-0.0096
-0.0036
-0.0086
-0.025
-0.035
-0.028
-0.015
-0.014
-0.021
-0.018
-0.011
-0.0043
0.019
0.03
0.012
-0.012
-0.029
-0.03
-0.023
-0.0088
0.0046
0.019
0.04
0.047
0.037
0.021
0.0039
-0.019
-0.036
-0.038
-0.033
-0.018
-0.002
0.0062
0.0067
0.0019
-0.0011
0.017
0.043
0.032
0.0045
-0.0029
0.0028
0.0069
0.021
0.027
0.013
-0.0047
-0.009
-0.0028
0.0033
0.0093
0.0012
-0.023
-0.026
-0.019
-0.023
-0.026
-0.025
-0.024
-0.0078
0.017
0.022
0.0098
-0.0028
-0.0067
-0.017
-0.024
-0.017
-0.0029
0.019
0.044
0.048
0.031
0.018
0.0037
0.00087
0.019
0.034
0.037
0.041
0.05
0.05
0.062
0.083
0.087
0.079
0.066
0.049
0.03
0.016
0.03
0.039
0.036
0.027
0.017
0.0011
-0.0097
-0.0039
0.017
0.042
0.057
0.054
0.037
0.031
0.034
0.034
0.037
0.034
0.012
-0.0033
1.5e-005
-0.003
-0.0018
0.019
0.04
0.056
0.07
0.067
0.049
0.036
0.033
0.026
0.021
0.011
-0.0054
-0.025
-0.023
0.00081
0.023
0.047
0.065
0.066
0.053
0.039
0.024
0.00084
-0.02
-0.031
-0.027
-0.0041
0.022
0.049
0.061
0.063
0.048
0.029
0.011
-0.016
-0.043
-0.055
-0.045
-0.012
0.016
0.041
0.084
0.11
0.097
0.065
0.038
0.024
0.0046
-0.0091
-0.016
-0.011
0.014
0.033
0.046
0.057
0.058
0.055
0.047
0.03
0.0085
-0.0033
-0.011
-0.009
-0.0042
0.00078
0.0062
0.015
0.029
0.025
0.019
0.016
0.00093
-0.019
-0.028
-0.03
-0.028
-0.016
-0.0059
0.00081
0.015
0.032
0.044
0.037
0.033
0.021
0.0012
-0.018
-0.024
-0.021
0.0069
0.046
0.054
0.033
0.0094
-0.0077
-0.022
-0.022
0.00078
0.026
0.032
0.024
0.019
0.01
0.0061
0.014
0.0099
-0.0035
-0.012
-0.0094
-0.0071
-0.014
-0.019
-0.015
0.014
0.04
0.037
0.016
-0.0061
-0.014
-0.0044
-0.0042
-0.014
0.0049
0.034
0.024
-0.0032
-0.011
0.00047
0.024
0.05
0.048
0.016
-0.018
-0.038
-0.024
-0.0065
-0.0073
0.0049
0.018
0.0034
-0.0067
-0.0092
-0.019
-0.022
-0.019
-0.0071
0.017
0.023
0.023
0.037
0.04
0.027
0.033
0.04
0.03
0.015
0.0084
0.01
0.0054
0.0025
-0.0011
0.0039
0.022
0.025
0.0088
0.0087
0.018
0.016
0.022
0.019
-0.00035
-0.014
-0.013
-0.011
-0.01
0.0084
0.024
0.027
0.021
0.0034
-0.0047
-0.00026
0.0027
0.0034
0.0092
0.014
0.0051
0.0019
0.0069
0.011
0.0073
0.0011
-0.005
-0.024
-0.038
-0.022
0.0033
0.015
0.021
0.023
0.011
0.00093
0.0051
0.0018
-0.027
-0.027
-0.016
-0.028
-0.038
-0.041
-0.029
-0.0062
0.013
0.011
-0.014
-0.048
-0.069
-0.062
-0.042
-0.015
-0.0065
-0.014
-0.023
-0.042
-0.05
-0.05
-0.045
-0.028
-0.024
-0.024
-0.026
-0.021
-0.019
-0.02
-0.014
0.0025
-0.0017
-0.014
0.0019
0.0078
0.012
0.017
0.01
0.0014
0.00056
0.0012
0.0017
0.0011
-0.0015
0.0013
0.0052
0.0087
0.012
0.0076
0.00063
-0.0087
0.0029
0.026
0.043
0.038
0.0069
-0.021
-0.022
-0.0061
-0.0051
-0.016
-0.017
-0.017
-0.023
-0.029
-0.022
-0.017
-0.009
0.0021
0.014
0.024
0.02
0.011
0.017
0.026
0.028
0.019
-0.01
-0.052
-0.069
-0.063
-0.04
-0.013
0.0092
0.026
0.033
0.023
0.0056
0.0081
0.02
0.014
-0.02
-0.056
-0.052
-0.022
0.0071
0.036
0.059
0.065
0.06
0.045
0.013
-0.035
-0.09
-0.1
-0.083
-0.063
-0.029
0.011
0.033
0.026
0.0083
0.0044
0.0018
-0.011
-0.038
-0.063
-0.084
-0.083
-0.06
-0.032
-0.002
0.027
0.051
0.052
0.021
-0.013
-0.023
-0.024
-0.035
-0.036
-0.041
-0.035
-0.014
0.0083
0.027
0.032
0.02
0.0017
-0.017
-0.032
-0.036
-0.025
0.0018
0.025
0.029
0.044
0.056
0.053
0.048
0.029
-0.0095
-0.031
-0.025
-0.013
0.00096
0.015
0.037
0.045
0.033
0.022
0.011
0.00099
-0.0085
-0.0065
0.0097
0.024
0.041
0.059
0.086
0.09
0.056
0.0091
-0.022
-0.022
-0.022
-0.021
0.0014
0.036
0.058
0.07
0.069
0.053
0.03
0.0093
-0.0076
-0.04
-0.065
-0.05
-0.0019
0.025
0.031
0.03
0.027
0.038
0.046
0.032
-0.0075
-0.054
-0.06
-0.028
4.6e-005
0.018
0.031
0.019
0.01
0.016
-0.0076
-0.053
-0.11
-0.14
-0.12
-0.071
-0.043
-0.036
-0.026
-0.0097
0.013
0.027
0.019
0.0023
-0.034
-0.067
-0.084
-0.091
-0.084
-0.058
-0.018
0.0017
-0.0079
-0.029
-0.045
-0.064
-0.083
-0.06
-0.014
0.011
0.019
0.035
0.035
0.013
-0.012
-0.01
0.005
-0.0011
-0.011
-0.023
-0.026
-0.014
0.0049
0.024
0.027
0.016
0.0063
0.0079
0.0037
-0.012
-0.027
-0.035
-0.016
0.015
0.029
0.03
0.033
0.036
0.041
0.033
0.013
0.0019
-0.0037
-0.011
-0.00014
0.018
0.037
0.062
0.078
0.073
0.052
0.03
0.024
0.021
0.011
0.012
0.025
0.042
0.051
0.045
0.0079
-0.039
-0.044
-0.0015
0.062
0.097
0.099
0.083
0.073
0.069
0.063
0.057
0.028
-0.016
-0.023
0.021
0.079
0.098
0.088
0.072
0.071
0.076
0.069
0.057
0.039
0.036
0.067
0.1
0.11
0.081
0.055
0.049
0.065
0.08
0.096
0.11
0.12
0.12
0.12
0.11
0.084
0.051
0.048
0.055
0.065
0.079
0.086
0.073
0.068
0.065
0.047
0.031
0.023
0.036
0.06
0.079
0.084
0.074
0.06
0.055
0.061
0.062
0.048
0.037
0.035
0.042
0.043
0.033
0.0098
-0.0096
-0.0061
0.023
0.069
0.084
0.067
0.05
0.044
0.028
0.0028
-0.031
-0.055
-0.048
-0.022
0.012
0.025
0.028
0.028
0.03
0.023
-0.0054
-0.03
-0.027
-0.004
-0.0009
-0.0083
-0.0094
-0.012
-0.023
-0.031
-0.017
-0.0063
-0.014
-0.033
-0.058
-0.074
-0.061
-0.04
-0.037
-0.035
-0.048
-0.049
-0.026
-0.018
-0.043
-0.065
-0.067
-0.078
-0.085
-0.074
-0.069
-0.058
-0.023
0.024
0.045
0.035
0.0043
-0.027
-0.034
-0.025
-0.022
-0.033
-0.042
-0.046
-0.043
-0.03
-0.023
-0.022
-0.017
-0.018
-0.037
-0.054
-0.039
-0.011
0.0053
0.0074
-0.0039
-0.034
-0.048
-0.029
-0.027
-0.046
-0.082
-0.097
-0.04
0.038
0.043
-0.01
-0.073
-0.089
-0.063
-0.036
-0.013
-0.012
-0.02
-0.027
-0.033
-0.019
0.018
0.05
0.03
-0.03
-0.074
-0.055
0.022
0.04
-0.038
-0.1
-0.11
-0.1
-0.095
-0.031
0.047
0.047
-0.045
-0.13
-0.14
-0.096
-0.013
0.052
0.062
0.018
-0.026
-0.04
-0.021
-0.0012
-0.0036
0.0093
0.041
0.068
0.036
-0.052
-0.098
-0.068
-0.019
-0.022
-0.07
-0.11
-0.091
-0.067
-0.04
-0.013
-0.012
-0.019
-0.022
-0.0011
0.0088
-0.0052
-0.0095
-0.014
-0.029
-0.035
-0.037
-0.033
-0.008
0.015
0.007
0.014
0.035
0.049
0.059
0.034
-0.0032
-0.004
0.009
-0.0021
-0.025
-0.042
-0.038
-0.011
0.0074
0.0076
0.0019
0.02
0.045
0.051
0.035
0.014
0.012
0.034
0.069
0.097
0.098
0.062
0.002
-0.038
-0.047
-0.034
-0.019
0.0078
0.023
0.018
0.012
0.011
0.015
0.0083
0.0097
0.048
0.095
0.13
0.14
0.1
0.063
0.031
0.021
0.029
0.041
0.047
0.062
0.073
0.071
0.062
0.039
0.022
0.03
0.062
0.1
0.13
0.13
0.11
0.098
0.065
0.04
0.031
0.031
0.029
0.034
0.046
0.088
0.14
0.15
0.13
0.088
0.045
0.021
0.044
0.084
0.088
0.082
0.075
0.035
-0.01
-0.0021
0.021
0.011
-0.0022
0.016
0.053
0.071
0.042
0.0098
0.012
0.027
0.037
0.022
-0.023
-0.071
-0.071
-0.029
0.0098
0.027
0.031
0.023
0.0014
-0.017
-0.014
-0.003
-0.0075
-0.016
-0.024
-0.017
0.0071
0.042
0.067
0.061
0.045
0.027
0.011
0.0012
-0.0065
-0.027
-0.047
-0.047
-0.052
-0.052
-0.046
-0.035
-0.015
-0.0072
-0.0058
-0.0015
-0.014
-0.059
-0.095
-0.098
-0.077
-0.065
-0.074
-0.059
-0.023
-0.0065
-0.015
-0.044
-0.059
-0.05
-0.04
-0.036
-0.024
0.00044
0.02
0.016
-0.015
-0.057
-0.073
-0.058
-0.034
-0.024
-0.03
-0.037
-0.025
-0.013
-0.018
-0.027
-0.038
-0.037
-0.023
-0.0098
-0.0013
0.0029
0.015
0.041
0.042
0.026
0.018
0.024
0.032
0.025
0.028
0.042
0.061
0.077
0.085
0.087
0.08
0.074
0.065
0.074
0.077
0.073
0.078
0.086
0.074
0.059
0.049
0.039
0.047
0.059
0.068
0.061
0.047
0.039
0.035
0.038
0.047
0.047
0.044
0.037
0.013
-0.00066
0.0079
0.0067
-0.0046
-0.0076
-0.015
-0.02
-0.017
-0.0057
0.007
0.0089
0.0018
0.0043
0.019
0.028
0.02
0.015
0.026
0.028
0.0066
-0.013
-0.027
-0.03
-0.0092
0.0095
0.0027
-0.012
-0.00072
0.018
0.034
0.038
0.029
0.024
0.033
0.044
0.043
0.027
0.026
0.035
0.039
0.036
0.028
0.039
0.063
0.079
0.087
0.091
0.076
0.036
0.0097
0.0033
0.013
0.03
0.026
0.018
0.024
0.031
0.038
0.025
0.011
0.0074
0.0073
0.011
0.01
0.011
0.015
0.015
0.005
-0.0068
-0.016
-0.023
-0.023
-0.018
-0.0052
-0.0024
-0.0044
-0.0018
0.014
0.019
0.013
0.0076
-0.01
-0.023
-0.03
-0.024
0.0053
0.036
0.046
0.033
0.015
-0.0029
-0.0081
-0.0049
-0.00069
-0.0035
-0.016
-0.017
-0.00038
0.024
0.049
0.039
0.0013
-0.0098
-0.0011
0.0054
0.011
-0.0062
-0.024
-0.012
0.0015
0.015
0.02
0.01
-0.0067
-0.0091
0.0082
0.026
0.021
-0.009
-0.034
-0.05
-0.056
-0.054
-0.04
-0.0095
-0.013
-0.04
-0.042
-0.024
-0.02
-0.03
-0.045
-0.056
-0.058
-0.05
-0.04
-0.041
-0.038
-0.028
-0.029
-0.028
-0.025
-0.044
-0.069
-0.062
-0.03
0.0088
0.032
0.044
0.061
0.065
0.044
0.012
-0.027
-0.069
-0.095
-0.075
-0.028
0.023
0.074
0.094
0.079
0.052
0.02
-0.01
-0.035
-0.061
-0.068
-0.056
-0.04
-0.016
0.016
0.047
0.056
0.039
0.0051
-0.052
-0.079
-0.07
-0.046
-0.017
0.0042
0.0044
0.0031
0.019
0.034
0.035
0.014
-0.017
-0.044
-0.063
-0.081
-0.089
-0.065
-0.016
0.015
0.019
0.015
-0.0078
-0.041
-0.064
-0.072
-0.077
-0.085
-0.078
-0.056
-0.042
-0.037
-0.046
-0.054
-0.046
-0.034
-0.029
-0.035
-0.047
-0.054
-0.039
-0.0088
0.026
0.034
0.021
0.016
0.016
0.026
0.036
0.036
0.031
0.027
0.028
0.036
0.051
0.049
0.047
0.046
0.044
0.037
0.029
0.019
0.022
0.037
0.045
0.043
0.037
0.04
0.055
0.062
0.06
0.049
0.03
0.019
0.024
0.035
0.049
0.059
0.05
0.034
0.022
0.014
0.0069
-0.0065
-0.0076
-0.0062
-0.0009
0.019
0.035
0.05
0.062
0.052
0.027
0.00066
-0.023
-0.031
-0.033
-0.037
-0.023
0.0039
0.031
0.042
0.032
0.016
-0.0094
-0.016
-0.01
0.00047
0.0097
0.011
0.0045
0.02
0.06
0.092
0.097
0.072
0.047
0.04
0.038
0.039
0.045
0.051
0.048
0.042
0.039
0.041
0.035
0.019
0.0075
-0.0026
-0.038
-0.065
-0.052
-0.024
-0.0088
-0.0021
-0.01
-0.028
-0.049
-0.062
-0.063
-0.067
-0.069
-0.071
-0.072
-0.068
-0.055
-0.037
-0.03
-0.039
-0.059
-0.076
-0.082
-0.058
-0.034
-0.041
-0.065
-0.074
-0.053
-0.026
-0.013
-0.019
-0.036
-0.051
-0.051
-0.036
-0.016
0.0036
0.012
0.012
0.023
0.04
0.051
0.041
0.014
-0.0033
-0.0075
-0.015
-0.017
-0.0093
0.00026
0.008
0.024
0.042
0.047
0.035
0.018
0.016
0.027
0.032
0.026
0.014
0.019
0.027
0.019
0.02
0.035
0.042
0.036
0.026
0.019
0.035
0.048
0.029
0.0041
-0.012
-0.012
-0.0062
-0.0027
0.0049
0.0077
-0.0051
-0.03
-0.043
-0.042
-0.033
-0.02
-7.6e-005
0.014
0.025
0.016
-0.023
-0.05
-0.042
-0.019
-0.0018
0.0058
0.015
0.0084
-0.012
-0.038
-0.063
-0.07
-0.068
-0.044
0.0045
0.05
0.054
0.024
0.0054
0.0039
-0.0022
-0.024
-0.056
-0.096
-0.11
-0.075
-0.021
0.024
0.036
0.03
0.024
0.012
0.0063
-0.0092
-0.019
-0.018
-0.018
-0.0065
0.015
0.027
0.031
0.049
0.067
0.081
0.076
0.04
0.0018
-0.018
-0.019
0.011
0.051
0.076
0.09
0.11
0.11
0.099
0.087
0.08
0.066
0.057
0.06
0.068
0.084
0.095
0.1
0.11
0.1
0.089
0.073
0.05
0.041
0.049
0.054
0.057
0.071
0.08
0.068
0.057
0.061
0.061
0.066
0.066
0.057
0.053
0.042
0.031
0.027
0.037
0.043
0.044
0.048
0.063
0.075
0.068
0.051
0.037
0.047
0.064
0.069
0.065
0.057
0.055
0.059
0.054
0.045
0.049
0.048
0.038
0.035
0.039
0.041
0.027
0.021
0.025
0.0051
-0.028
-0.04
-0.029
-0.021
-0.019
-0.016
-0.011
-0.0054
-0.012
-0.021
-0.034
-0.042
-0.043
-0.051
-0.063
-0.076
-0.076
-0.064
-0.049
-0.039
-0.043
-0.06
-0.083
-0.091
-0.092
-0.083
-0.071
-0.064
-0.068
-0.082
-0.091
-0.094
-0.091
-0.096
-0.1
-0.097
-0.099
-0.1
-0.088
-0.057
-0.033
-0.031
-0.035
-0.039
-0.049
-0.065
-0.064
-0.062
-0.071
-0.074
-0.082
-0.097
-0.11
-0.099
-0.078
-0.053
-0.038
-0.029
-0.024
-0.048
-0.099
-0.13
-0.11
-0.081
-0.06
-0.04
-0.025
-0.018
-0.0046
0.0072
-0.0072
-0.037
-0.066
-0.067
-0.039
-0.016
0.0035
0.019
0.022
0.013
0.0022
-0.016
-0.038
-0.052
-0.039
-0.016
-0.0044
-0.005
-0.017
-0.024
-0.024
-0.011
0.003
-0.0064
-0.027
-0.035
-0.021
-0.014
-0.017
-0.0087
0.00014
0.0042
0.0024
0.0062
0.016
0.022
0.029
0.022
0.0069
-0.0071
-0.015
-0.013
0.0083
0.04
0.057
0.06
0.067
0.076
0.073
0.06
0.052
0.043
0.046
0.057
0.071
0.089
0.085
0.058
0.036
0.023
0.01
0.015
0.025
0.037
0.054
0.072
0.093
0.097
0.078
0.06
0.051
0.038
0.028
0.043
0.078
0.098
0.084
0.067
0.055
0.041
0.034
0.033
0.028
0.026
0.04
0.051
0.064
0.092
0.096
0.085
0.077
0.072
0.072
0.074
0.086
0.095
0.09
0.074
0.067
0.065
0.062
0.08
0.12
0.17
0.2
0.18
0.16
0.12
0.094
0.068
0.034
0.011
0.016
0.035
0.071
0.11
0.15
0.15
0.13
0.084
0.04
-0.0011
-0.025
-0.036
-0.027
0.0042
0.046
0.088
0.11
0.093
0.074
0.068
0.037
-0.021
-0.068
-0.09
-0.07
-0.0092
0.043
0.062
0.069
0.058
0.031
-0.015
-0.059
-0.07
-0.063
-0.061
-0.056
-0.029
0.0014
0.022
0.027
0.017
0.0029
-0.026
-0.058
-0.086
-0.1
-0.1
-0.088
-0.062
-0.043
-0.024
-0.018
-0.053
-0.11
-0.14
-0.14
-0.14
-0.13
-0.12
-0.11
-0.089
-0.093
-0.094
-0.095
-0.097
-0.1
-0.12
-0.13
-0.15
-0.15
-0.15
-0.12
-0.091
-0.066
-0.063
-0.082
-0.11
-0.13
-0.13
-0.14
-0.13
-0.12
-0.12
-0.12
-0.1
-0.082
-0.083
-0.086
-0.092
-0.11
-0.13
-0.12
-0.14
-0.16
-0.16
-0.14
-0.11
-0.074
-0.056
-0.038
-0.032
-0.039
-0.048
-0.059
-0.072
-0.07
-0.052
-0.027
-0.0075
0.011
0.03
0.038
0.028
0.012
0.00093
0.0033
0.0095
0.011
0.007
0.016
0.032
0.045
0.051
0.046
0.04
0.037
0.04
0.026
0.0036
-0.017
-0.017
0.025
0.072
0.097
0.093
0.068
0.037
0.018
0.021
0.03
0.029
0.015
0.0061
0.014
0.035
0.055
0.06
0.062
0.044
0.0054
-0.026
-0.029
-0.013
0.02
0.053
0.071
0.077
0.069
0.063
0.066
0.067
0.061
0.049
0.043
0.047
0.054
0.071
0.09
0.09
0.077
0.073
0.056
0.031
0.015
0.011
0.015
0.014
0.018
0.028
0.053
0.083
0.085
0.075
0.059
0.039
0.017
0.031
0.068
0.07
0.042
0.023
0.02
0.017
0.017
0.017
0.018
0.016
-0.0058
-0.021
-0.0072
0.019
0.036
0.04
0.029
0.019
0.0022
-0.028
-0.032
-0.014
0.00053
0.01
0.0083
-0.0006
0.0015
0.017
0.038
0.052
0.061
0.052
0.028
0.011
0.024
0.046
0.052
0.043
0.032
0.045
0.057
0.049
0.038
0.03
0.015
-0.00096
0.0023
0.023
0.035
0.033
0.038
0.045
0.035
0.011
-0.01
-0.016
-0.0043
0.021
0.035
0.028
0.0036
-0.014
-0.00038
0.01
0.0061
0.00084
-0.0058
-0.025
-0.042
-0.033
-0.013
-0.0061
0.00053
0.014
0.032
0.043
0.04
0.034
0.017
-0.0053
-0.019
-0.03
-0.046
-0.065
-0.06
-0.041
-0.029
0.00035
0.022
0.014
-0.0047
-0.049
-0.095
-0.1
-0.095
-0.1
-0.1
-0.083
-0.049
-0.027
-0.023
-0.012
0.0021
-0.0067
-0.048
-0.09
-0.11
-0.11
-0.1
-0.074
-0.036
-0.018
-0.0038
-0.0063
-0.026
-0.032
-0.037
-0.054
-0.074
-0.088
-0.092
-0.073
-0.053
-0.038
-0.025
-0.022
-0.022
-0.034
-0.054
-0.066
-0.069
-0.066
-0.06
-0.053
-0.029
0.0027
0.022
0.016
-0.0063
-0.041
-0.064
-0.058
-0.042
-0.015
0.013
0.023
0.021
0.014
-0.0017
0.004
0.013
0.01
0.017
0.016
0.011
0.017
0.038
0.054
0.054
0.041
0.04
0.055
0.05
0.027
-0.005
-0.0024
0.032
0.057
0.074
0.086
0.076
0.048
0.039
0.037
0.037
0.047
0.048
0.041
0.031
0.017
0.012
0.031
0.063
0.084
0.088
0.078
0.059
0.025
0.0022
0.0065
0.016
0.025
0.045
0.067
0.084
0.098
0.09
0.072
0.071
0.063
0.039
0.02
0.023
0.047
0.079
0.11
0.12
0.12
0.11
0.11
0.092
0.072
0.049
0.038
0.052
0.07
0.099
0.14
0.17
0.17
0.14
0.095
0.06
0.064
0.08
0.093
0.097
0.098
0.097
0.11
0.12
0.14
0.14
0.13
0.096
0.076
0.067
0.068
0.09
0.13
0.16
0.16
0.13
0.099
0.074
0.061
0.052
0.054
0.072
0.084
0.068
0.046
0.037
0.048
0.056
0.055
0.046
0.022
-0.00087
-0.0094
-0.01
-0.012
-0.0096
-0.0025
0.01
0.02
0.015
0.015
0.009
-0.015
-0.036
-0.037
-0.033
-0.031
-0.014
0.0061
0.014
0.0066
0.004
0.0038
-0.0055
-0.014
-0.011
-0.01
-0.013
-0.016
-0.016
-0.019
-0.033
-0.042
-0.031
-0.02
-0.0042
0.01
0.0015
-0.014
-0.021
-0.016
0.003
0.016
0.0073
0.014
0.034
0.043
0.05
0.037
0.011
-0.0077
-0.013
-0.0056
0.014
0.044
0.07
0.081
0.07
0.057
0.033
-0.0051
-0.017
-0.0079
0.024
0.054
0.062
0.054
0.032
0.0054
-0.014
-0.011
-0.0048
0.015
0.033
0.038
0.04
0.033
0.027
0.03
0.034
0.029
0.018
0.0063
0.0058
0.018
0.022
0.026
0.024
0.02
0.043
0.061
0.066
0.077
0.083
0.072
0.057
0.028
-0.0098
-0.022
-0.012
0.026
0.081
0.1
0.092
0.073
0.044
0.018
-0.0074
-0.039
-0.059
-0.062
-0.032
0.026
0.084
0.13
0.14
0.089
0.027
-0.018
-0.051
-0.05
-0.026
-0.0033
0.018
0.04
0.069
0.09
0.074
0.029
-0.027
-0.062
-0.073
-0.062
-0.037
-0.0066
0.0076
-0.0061
-0.0068
0.0054
0.02
0.04
0.033
-0.016
-0.069
-0.088
-0.084
-0.055
-0.0022
0.045
0.069
0.057
0.01
-0.026
-0.037
-0.051
-0.072
-0.077
-0.043
-0.0055
0.0074
0.017
0.012
0.00047
-0.015
-0.047
-0.067
-0.071
-0.057
-0.032
-0.018
-0.023
-0.022
-0.018
-0.026
-0.029
-0.028
-0.033
-0.052
-0.063
-0.066
-0.062
-0.064
-0.079
-0.079
-0.067
-0.073
-0.091
-0.11
-0.11
-0.12
-0.1
-0.069
-0.05
-0.049
-0.067
-0.089
-0.087
-0.059
-0.038
-0.046
-0.066
-0.08
-0.096
-0.091
-0.064
-0.046
-0.038
-0.048
-0.071
-0.099
-0.11
-0.088
-0.054
-0.033
-0.033
-0.035
-0.02
-0.019
-0.021
-0.018
-0.021
-0.035
-0.041
-0.058
-0.085
-0.094
-0.072
-0.023
0.017
0.035
0.052
0.061
0.033
-0.021
-0.055
-0.041
-0.01
-0.0026
-0.0041
0.013
0.039
0.043
0.023
0.0094
0.00075
-0.018
-0.026
-0.012
-0.00017
-0.0099
-0.025
-0.022
0.0079
0.034
0.043
0.048
0.045
0.03
0.0067
-0.0036
-0.0037
-0.0064
-0.00029
0.014
0.03
0.027
0.019
0.017
0.01
0.0053
-0.0036
-0.00066
0.0094
0.022
0.017
0.0059
0.0094
0.015
0.0097
-0.0096
-0.021
-0.023
-0.024
-0.013
0.0083
0.028
0.042
0.056
0.049
0.038
0.03
0.009
-0.011
-0.031
-0.038
-0.036
-0.046
-0.037
0.0016
0.037
0.044
0.02
-0.023
-0.056
-0.067
-0.056
-0.019
0.02
0.04
0.048
0.033
0.0034
-0.026
-0.048
-0.059
-0.052
-0.041
-0.034
-0.026
-0.011
0.0011
-0.0064
-0.022
-0.05
-0.085
-0.1
-0.076
-0.032
0.0057
0.018
-0.017
-0.069
-0.11
-0.12
-0.11
-0.086
-0.065
-0.04
-0.02
-0.023
-0.049
-0.088
-0.11
-0.097
-0.077
-0.047
-0.012
-0.0071
-0.017
-0.04
-0.078
-0.11
-0.12
-0.1
-0.035
0.043
0.081
0.071
0.04
-0.00041
-0.037
-0.057
-0.07
-0.087
-0.09
-0.047
0.019
0.082
0.12
0.11
0.066
0.0051
-0.039
-0.039
-0.0016
0.04
0.048
0.049
0.047
0.05
0.06
0.075
0.1
0.12
0.11
0.074
0.04
0.0072
-0.0092
-0.0034
0.014
0.033
0.043
0.064
0.093
0.11
0.094
0.054
0.018
0.0024
-0.00075
-0.01
-0.011
-0.0014
0.0089
0.027
0.036
0.026
0.0065
-0.019
-0.043
-0.061
-0.074
-0.069
-0.057
-0.047
-0.028
-0.0033
0.0091
0.019
0.025
0.02
-0.0043
-0.039
-0.05
-0.034
-0.027
-0.023
-0.017
-0.033
-0.047
-0.042
-0.032
-0.026
-0.026
-0.023
0.00081
0.016
-0.002
-0.035
-0.05
-0.051
-0.046
-0.048
-0.047
-0.046
-0.049
-0.041
-0.023
-0.021
-0.036
-0.049
-0.057
-0.053
-0.049
-0.042
-0.016
0.0086
0.0028
-0.042
-0.094
-0.13
-0.12
-0.078
-0.0047
0.05
0.056
0.029
-0.014
-0.056
-0.088
-0.093
-0.045
0.015
0.062
0.091
0.11
0.099
0.058
0.011
-0.03
-0.033
-0.0078
0.02
0.046
0.074
0.087
0.08
0.059
0.043
0.05
0.077
0.1
0.11
0.11
0.098
0.092
0.1
0.11
0.11
0.11
0.11
0.1
0.12
0.14
0.14
0.11
0.081
0.048
0.029
0.026
0.051
0.095
0.11
0.11
0.099
0.077
0.046
0.02
0.011
0.026
0.044
0.046
0.053
0.059
0.046
0.021
-0.0023
-0.0078
0.016
0.053
0.073
0.068
0.048
0.037
0.033
0.022
0.015
0.014
0.015
0.02
0.015
0.0024
-0.0044
0.0016
0.01
0.017
0.0047
-0.0069
-0.0045
0.00063
0.014
0.024
0.021
0.009
-0.0089
-0.026
-0.023
-0.0015
0.024
0.04
0.038
0.025
0.014
0.0028
-0.015
-0.022
-0.0054
0.016
0.03
0.035
0.04
0.035
0.022
0.0084
-0.01
-0.023
-0.022
-0.0017
0.03
0.058
0.06
0.041
0.027
0.034
0.053
0.061
0.061
0.061
0.061
0.068
0.082
0.08
0.075
0.075
0.071
0.065
0.064
0.063
0.069
0.072
0.071
0.053
0.018
0.013
0.031
0.022
0.015
0.029
0.014
0.021
0.061
0.058
0.05
0.063
0.042
0.013
0.011
0.011
0.029
0.053
0.059
0.082
0.1
0.094
0.094
0.11
0.12
0.11
0.057
-0.015
-0.063
-0.072
-0.032
0.04
0.1
0.13
0.12
0.12
0.11
0.098
0.082
0.077
0.069
0.056
0.064
0.089
0.097
0.091
0.089
0.1
0.12
0.1
0.073
0.043
0.029
0.044
0.077
0.11
0.13
0.12
0.11
0.088
0.067
0.045
0.025
0.031
0.059
0.072
0.063
0.064
0.069
0.075
0.071
0.055
0.048
0.041
0.025
0.012
0.01
0.038
0.094
0.13
0.11
0.056
-0.01
-0.056
-0.063
-0.042
-0.014
0.018
0.043
0.054
0.053
0.053
0.05
0.023
-0.0049
-0.014
-0.0026
0.019
0.028
0.019
0.0071
0.00026
0.0057
0.028
0.026
0.0077
0.014
0.0078
-0.028
-0.053
-0.064
-0.059
-0.046
-0.032
-0.015
-0.015
-0.033
-0.046
-0.051
-0.053
-0.05
-0.039
-0.057
-0.092
-0.12
-0.12
-0.097
-0.072
-0.048
-0.036
-0.051
-0.086
-0.12
-0.14
-0.14
-0.13
-0.11
-0.088
-0.087
-0.095
-0.1
-0.11
-0.12
-0.11
-0.09
-0.086
-0.1
-0.12
-0.1
-0.079
-0.077
-0.073
-0.062
-0.068
-0.088
-0.083
-0.069
-0.084
-0.13
-0.14
-0.086
-0.029
0.028
0.06
0.03
0.00072
-0.013
-0.033
-0.037
-0.029
-0.02
0.0047
0.018
0.032
0.046
0.023
-0.024
-0.057
-0.053
-0.032
-0.028
-0.033
-0.026
-0.027
-0.016
0.0086
0.0045
-0.0035
-0.0028
-0.0036
-0.0019
-0.013
-0.039
-0.06
-0.071
-0.055
-0.0083
0.037
0.07
0.08
0.06
0.04
0.032
0.012
-0.0055
-0.023
-0.036
-0.013
0.036
0.071
0.081
0.071
0.065
0.069
0.053
0.034
0.033
0.038
0.045
0.052
0.056
0.057
0.064
0.07
0.07
0.064
0.039
0.0089
-0.0028
0.014
0.029
0.031
0.042
0.061
0.069
0.07
0.07
0.054
0.021
0.012
0.032
0.063
0.079
0.063
0.043
0.048
0.07
0.083
0.078
0.049
0.013
0.0041
0.024
0.057
0.078
0.085
0.092
0.093
0.087
0.072
0.044
0.032
0.038
0.056
0.073
0.085
0.092
0.088
0.086
0.091
0.11
0.11
0.1
0.11
0.11
0.088
0.071
0.09
0.13
0.16
0.15
0.13
0.11
0.085
0.061
0.043
0.029
0.034
0.079
0.14
0.17
0.16
0.13
0.096
0.065
0.05
0.035
0.0072
-0.011
-0.0078
0.017
0.055
0.097
0.1
0.088
0.07
0.05
0.048
0.055
0.039
-0.0081
-0.053
-0.041
0.0064
0.048
0.068
0.067
0.046
0.035
0.047
0.056
0.038
-0.011
-0.051
-0.068
-0.062
-0.03
0.0047
0.026
0.03
0.028
0.022
-1.5e-005
-0.035
-0.072
-0.092
-0.1
-0.11
-0.096
-0.087
-0.068
-0.044
-0.015
0.021
0.03
0.0053
-0.047
-0.11
-0.14
-0.14
-0.12
-0.097
-0.078
-0.071
-0.074
-0.086
-0.083
-0.073
-0.083
-0.098
-0.11
-0.12
-0.12
-0.1
-0.1
-0.078
-0.04
-0.018
-0.031
-0.063
-0.08
-0.079
-0.069
-0.071
-0.073
-0.068
-0.06
-0.052
-0.044
-0.034
-0.056
-0.083
-0.097
-0.1
-0.094
-0.079
-0.058
-0.034
-0.018
-0.039
-0.063
-0.067
-0.06
-0.05
-0.042
-0.016
0.012
0.01
-0.0064
-0.0025
0.002
-0.00038
-0.0023
-0.014
-0.017
-0.013
-0.0097
0.0059
0.019
0.019
0.013
0.0057
0.002
0.0097
0.031
0.049
0.066
0.079
0.092
0.09
0.072
0.062
0.063
0.074
0.074
0.063
0.075
0.11
0.11
0.1
0.11
0.11
0.077
0.031
0.022
0.055
0.083
0.1
0.11
0.11
0.088
0.08
0.075
0.066
0.05
0.044
0.049
0.045
0.031
0.03
0.045
0.049
0.04
0.044
0.055
0.051
0.027
0.012
0.021
0.025
0.0092
-0.011
-0.033
-0.054
-0.061
-0.05
-0.018
0.017
0.019
-0.0094
-0.053
-0.083
-0.08
-0.048
-0.012
0.0027
-0.0011
-0.017
-0.035
-0.041
-0.027
-0.017
-0.015
-0.027
-0.059
-0.079
-0.079
-0.062
-0.034
-0.017
-0.024
-0.049
-0.064
-0.062
-0.051
-0.041
-0.026
-0.019
-0.026
-0.052
-0.077
-0.071
-0.062
-0.067
-0.067
-0.062
-0.05
-0.042
-0.051
-0.066
-0.076
-0.076
-0.076
-0.078
-0.088
-0.098
-0.092
-0.073
-0.048
-0.041
-0.053
-0.078
-0.086
-0.069
-0.045
-0.018
-0.006
-0.021
-0.038
-0.041
-0.042
-0.041
-0.029
-0.022
-0.024
-0.028
-0.02
-0.00096
0.017
0.031
0.042
0.029
0.0029
0.011
0.032
0.046
0.063
0.091
0.12
0.11
0.072
0.051
0.038
0.033
0.046
0.08
0.1
0.1
0.096
0.11
0.14
0.15
0.14
0.11
0.065
0.022
0.028
0.068
0.11
0.16
0.18
0.19
0.2
0.2
0.17
0.13
0.1
0.091
0.092
0.093
0.096
0.092
0.086
0.099
0.13
0.15
0.14
0.099
0.05
0.022
0.0082
0.00029
0.013
0.031
0.042
0.056
0.079
0.099
0.1
0.074
0.018
-0.046
-0.089
-0.095
-0.074
-0.039
0.0013
0.04
0.049
0.023
-0.0048
-0.027
-0.046
-0.055
-0.066
-0.084
-0.1
-0.1
-0.09
-0.077
-0.073
-0.069
-0.076
-0.11
-0.15
-0.18
-0.17
-0.13
-0.078
-0.03
-0.012
-0.036
-0.11
-0.17
-0.17
-0.12
-0.078
-0.058
-0.07
-0.09
-0.11
-0.15
-0.15
-0.12
-0.085
-0.039
-0.042
-0.1
-0.16
-0.17
-0.13
-0.062
-0.01
0.018
0.02
0.0067
-0.013
-0.039
-0.038
-0.019
-0.0034
0.017
0.014
0.0045
-0.0037
-0.0054
0.017
0.043
0.052
0.073
0.12
0.14
0.1
-4.6e-005
-0.076
-0.06
0.02
0.12
0.21
0.26
0.23
0.17
0.11
0.067
0.072
0.13
0.2
0.2
0.11
0.017
-0.031
-0.027
0.013
0.056
0.078
0.1
0.13
0.15
0.15
0.17
0.19
0.15
0.081
0.03
0.019
0.033
0.075
0.11
0.1
0.092
0.089
0.067
0.037
0.014
0.039
0.083
0.11
0.12
0.096
0.055
0.0034
-0.035
-0.035
-0.0052
0.0072
0.019
0.055
0.078
0.08
0.064
0.032
-0.0011
-0.014
-0.0051
0.0011
-0.0035
-0.0065
0.01
0.04
0.071
0.067
0.0076
-0.048
-0.079
-0.1
-0.13
-0.14
-0.11
-0.059
-0.0078
0.011
0.01
-0.0014
-0.015
-0.026
-0.049
-0.062
-0.075
-0.091
-0.11
-0.11
-0.071
-0.027
-0.0018
0.013
0.014
-0.023
-0.071
-0.097
-0.11
-0.11
-0.098
-0.062
-0.029
-0.015
-0.025
-0.044
-0.061
-0.082
-0.085
-0.068
-0.049
-0.045
-0.045
-0.038
-0.019
0.0071
0.014
-0.0044
-0.03
-0.038
-0.042
-0.068
-0.087
-0.082
-0.047
-0.0019
0.024
0.0071
-0.023
-0.065
-0.099
-0.11
-0.099
-0.083
-0.056
-0.023
0.012
0.024
-0.0044
-0.029
-0.034
-0.034
-0.031
-0.036
-0.046
-0.067
-0.084
-0.071
-0.06
-0.059
-0.047
-0.023
-0.0068
-0.0021
-0.015
-0.026
-0.021
-0.011
0.00084
-0.014
-0.059
-0.094
-0.095
-0.075
-0.046
-0.014
0.0033
0.0046
-0.0032
-0.015
-0.026
-0.022
-0.013
-0.02
-0.036
-0.041
-0.044
-0.045
-0.046
-0.035
-0.017
-0.0057
-0.012
-0.021
-0.016
-0.022
-0.043
-0.061
-0.066
-0.041
-0.0079
0.027
0.045
0.032
-0.0071
-0.048
-0.063
-0.056
-0.039
-0.036
-0.028
-0.0069
-0.013
-0.02
0.0012
0.03
0.052
0.069
0.064
0.032
-0.0031
-0.0098
0.0037
0.025
0.048
0.043
0.015
-0.015
-0.014
-0.00096
0.0098
0.033
0.062
0.067
0.02
-0.026
-0.049
-0.045
-0.027
-0.021
-0.013
-0.01
-0.021
-0.046
-0.039
-0.0073
0.013
0.025
0.027
0.021
0.011
-0.0029
-0.0021
0.015
0.033
0.039
0.032
0.019
0.016
0.0099
-0.0037
0.00081
0.0079
0.00096
-0.015
-0.02
-0.0021
0.02
0.035
0.037
0.038
0.028
0.021
0.026
0.038
0.054
0.048
0.021
0.018
0.045
0.069
0.071
0.061
0.051
0.041
0.027
0.031
0.041
0.029
0.016
0.019
0.027
0.041
0.064
0.085
0.095
0.069
0.026
0.00026
-0.0067
1.5e-005
0.012
0.035
0.063
0.083
0.11
0.11
0.08
0.045
0.034
0.043
0.056
0.079
0.084
0.067
0.038
0.017
0.0089
0.0023
0.0038
0.019
0.034
0.017
-0.021
-0.044
-0.027
0.014
0.054
0.078
0.085
0.08
0.051
0.018
0.0072
0.025
0.044
0.029
0.016
0.018
0.025
0.029
0.022
0.014
0.0065
-0.012
-0.033
-0.02
0.0071
0.022
0.03
0.025
0.01
-0.0083
-0.033
-0.062
-0.09
-0.1
-0.1
-0.097
-0.084
-0.071
-0.078
-0.1
-0.11
-0.12
-0.1
-0.087
-0.073
-0.051
-0.015
-0.015
-0.052
-0.086
-0.11
-0.12
-0.13
-0.12
-0.078
-0.042
-0.045
-0.06
-0.065
-0.06
-0.068
-0.091
-0.1
-0.097
-0.11
-0.11
-0.09
-0.037
0.01
-0.00096
-0.051
-0.077
-0.079
-0.066
-0.053
-0.047
-0.024
0.011
0.02
0.012
0.0087
0.0051
-0.0027
-0.018
-0.023
-0.0026
0.015
0.011
0.015
0.022
0.03
0.039
0.032
0.014
-0.0083
-0.00026
0.037
0.065
0.068
0.051
0.013
-0.028
-0.044
-0.047
-0.025
0.025
0.076
0.11
0.12
0.12
0.098
0.064
0.048
0.06
0.061
0.037
0.012
-0.0039
-0.00084
0.025
0.074
0.12
0.14
0.13
0.1
0.063
0.04
0.027
0.012
0.022
0.047
0.05
0.042
0.036
0.03
0.026
0.011
-0.011
-0.025
-0.033
-0.032
-0.038
-0.066
-0.087
-0.08
-0.069
-0.058
-0.038
-0.015
-0.02
-0.041
-0.072
-0.095
-0.089
-0.076
-0.073
-0.081
-0.088
-0.092
-0.093
-0.087
-0.076
-0.068
-0.063
-0.055
-0.048
-0.045
-0.05
-0.065
-0.059
-0.049
-0.049
-0.042
-0.032
-0.022
-0.013
-0.024
-0.048
-0.06
-0.062
-0.053
-0.04
-0.038
-0.035
-0.034
-0.035
-0.038
-0.036
-0.02
0.0046
0.0036
-0.009
-0.016
-0.027
-0.024
-0.011
-0.013
-0.031
-0.046
-0.05
-0.05
-0.045
-0.039
-0.02
-0.0061
0.0086
0.016
-0.0025
-0.025
-0.046
-0.053
-0.044
-0.019
0.011
0.021
0.0063
-0.0039
-0.0025
-0.0033
0.0041
0.018
0.017
0.0091
0.0014
-0.0023
0.0016
-0.00063
-0.028
-0.041
-0.012
0.028
0.06
0.078
0.084
0.073
0.038
0.00053
-0.016
-0.016
-0.005
0.0042
0.0023
0.01
0.029
0.04
0.053
0.071
0.074
0.066
0.05
0.036
0.039
0.058
0.06
0.062
0.082
0.11
0.11
0.092
0.075
0.081
0.11
0.14
0.15
0.15
0.14
0.14
0.12
0.1
0.11
0.13
0.16
0.16
0.17
0.17
0.15
0.13
0.11
0.11
0.11
0.11
0.11
0.15
0.17
0.15
0.1
0.063
0.038
0.048
0.098
0.13
0.13
0.11
0.1
0.11
0.083
0.062
0.077
0.094
0.091
0.084
0.076
0.08
0.086
0.077
0.072
0.063
0.055
0.056
0.049
0.043
0.051
0.055
0.064
0.08
0.083
0.079
0.059
0.037
0.043
0.05
0.048
0.038
0.029
0.028
0.013
-0.015
-0.04
-0.048
-0.052
-0.052
-0.047
-0.023
0.005
0.0022
-0.015
-0.028
-0.035
-0.044
-0.055
-0.05
-0.028
-0.014
-0.019
-0.024
-0.028
-0.042
-0.049
-0.052
-0.049
-0.047
-0.055
-0.052
-0.039
-0.034
-0.045
-0.065
-0.073
-0.056
-0.053
-0.071
-0.086
-0.08
-0.059
-0.036
-0.021
-0.017
-0.027
-0.056
-0.082
-0.085
-0.083
-0.076
-0.06
-0.029
-0.0028
-0.002
-0.0094
-0.015
-0.026
-0.029
-0.03
-0.055
-0.094
-0.11
-0.095
-0.054
-0.013
0.02
0.036
0.028
0.021
0.026
0.03
0.021
0.00069
-0.028
-0.053
-0.057
-0.048
-0.019
0.014
0.026
0.035
0.058
0.072
0.074
0.074
0.058
0.041
0.036
0.028
0.016
0.027
0.051
0.069
0.082
0.085
0.078
0.058
0.032
0.01
0.012
0.034
0.043
0.052
0.065
0.078
0.094
0.12
0.13
0.11
0.066
0.016
-0.019
-0.05
-0.055
-0.03
0.00035
0.022
0.044
0.05
0.038
0.033
0.038
0.036
0.013
-0.012
-0.02
-0.038
-0.054
-0.053
-0.039
-0.016
0.0034
0.011
0.0028
-0.0039
-0.032
-0.071
-0.069
-0.048
-0.03
-0.017
-0.0061
0.015
0.029
0.027
0.025
0.026
0.0055
-0.039
-0.073
-0.077
-0.06
-0.035
0.0094
0.048
0.062
0.064
0.058
0.035
0.019
0.013
0.0055
0.0062
0.021
0.027
0.017
0.0014
0.013
0.039
0.04
0.019
-0.0069
-0.025
-0.027
-0.033
-0.023
0.012
0.042
0.051
0.042
0.023
-0.0057
-0.035
-0.055
-0.048
-0.021
-0.02
-0.041
-0.036
-0.0025
0.033
0.038
0.028
0.01
-0.0072
-0.022
-0.024
-0.021
-0.023
-0.02
-0.024
-0.034
-0.035
-0.023
-0.016
-0.033
-0.039
-0.037
-0.045
-0.055
-0.054
-0.061
-0.08
-0.089
-0.074
-0.045
-0.03
-0.031
-0.035
-0.05
-0.078
-0.1
-0.11
-0.1
-0.061
-0.026
-0.013
-0.009
-0.025
-0.039
-0.047
-0.072
-0.1
-0.12
-0.13
-0.1
-0.068
-0.06
-0.06
-0.074
-0.091
-0.09
-0.085
-0.064
-0.05
-0.053
-0.043
-0.033
-0.041
-0.046
-0.047
-0.045
-0.044
-0.066
-0.089
-0.079
-0.052
-0.028
-0.03
-0.046
-0.052
-0.056
-0.067
-0.077
-0.081
-0.066
-0.034
-0.02
-0.045
-0.069
-0.069
-0.07
-0.078
-0.085
-0.069
-0.033
-0.021
-0.036
-0.056
-0.067
-0.059
-0.047
-0.029
-0.0016
0.0029
-0.011
-0.022
-0.025
-0.026
-0.015
-0.011
-0.0054
0.0087
0.0068
-0.012
-0.024
-0.0096
0.0014
-0.0022
-0.013
-0.012
0.0076
0.024
0.019
0.0069
-0.0027
-0.0058
0.011
0.043
0.048
0.023
0.0099
0.025
0.044
0.063
0.067
0.042
0.0022
-0.016
-0.0036
0.021
0.031
0.03
0.039
0.055
0.065
0.077
0.09
0.088
0.076
0.076
0.061
0.014
-0.0047
0.015
0.03
0.041
0.066
0.086
0.076
0.048
0.0042
-0.0059
0.023
0.05
0.047
0.033
0.032
0.026
0.015
0.0094
0.028
0.067
0.089
0.089
0.068
0.031
-0.015
-0.049
-0.048
-0.011
0.035
0.065
0.058
0.037
0.045
0.057
0.055
0.047
0.038
0.036
0.042
0.043
0.037
0.036
0.037
0.043
0.046
0.047
0.052
0.039
0.047
0.068
0.047
0.011
-0.0014
-0.0011
-0.0059
-0.023
-0.031
-0.02
-0.0085
-0.0078
0.0049
0.004
-0.0052
-0.0072
-0.011
-0.0078
-0.0036
-0.002
-0.0046
0.0019
0.022
0.03
0.013
0.00063
0.016
0.0059
-0.019
-0.022
0.0094
0.046
0.049
0.04
0.024
0.005
-0.0073
-0.014
-0.019
-0.01
-0.0023
-0.0074
-0.011
-0.0065
0.0062
0.014
0.016
0.0082
-0.02
-0.052
-0.065
-0.048
-0.027
-0.027
-0.032
-0.028
-0.014
-0.0099
-0.029
-0.038
-0.025
-0.02
-0.028
-0.025
-0.017
-0.017
-0.029
-0.03
-0.023
-0.022
-0.012
0.01
0.016
0.0005
-0.025
-0.048
-0.052
-0.033
-0.019
-0.0027
0.011
0.018
0.03
0.04
0.053
0.054
0.038
0.016
-0.0085
-0.022
-0.01
0.027
0.058
0.074
0.071
0.058
0.036
-0.0042
-0.023
-0.014
0.012
0.035
0.053
0.056
0.043
0.036
0.028
0.029
0.041
0.053
0.059
0.06
0.06
0.056
0.051
0.038
0.049
0.069
0.064
0.039
0.019
0.018
0.023
0.041
0.06
0.075
0.07
0.044
0.0069
-0.03
-0.017
0.052
0.11
0.083
0.0065
-0.044
-0.047
-0.031
-0.024
-0.023
-0.016
0.014
0.039
0.032
0.025
0.027
0.022
0.027
0.015
-0.033
-0.075
-0.055
0.031
0.1
0.08
0.0054
-0.043
-0.052
-0.045
-0.046
-0.029
0.012
0.048
0.059
0.055
0.041
0.0061
-0.029
-0.051
-0.05
-0.025
0.0063
0.016
0.0078
0.0043
-0.00066
-0.015
-0.037
-0.039
-0.043
-0.063
-0.071
-0.066
-0.04
-0.0046
0.019
0.02
0.0009
-0.031
-0.039
-0.021
-0.015
-0.018
-0.021
-0.034
-0.044
-0.042
-0.014
0.027
0.049
0.057
0.056
0.038
0.01
-0.0096
-0.013
0.014
0.042
0.055
0.05
0.03
-0.00063
-0.024
-0.027
-0.018
0.027
0.062
0.068
0.075
0.082
0.081
0.059
0.041
0.033
0.024
0.016
0.026
0.035
0.029
0.048
0.089
0.13
0.14
0.12
0.085
0.061
0.051
0.046
0.028
0.0056
0.022
0.072
0.1
0.11
0.098
0.095
0.083
0.058
0.038
0.033
0.03
0.017
-0.0025
-0.015
0.00047
0.024
0.041
0.042
0.012
-0.022
-0.047
-0.082
-0.12
-0.11
-0.062
0.0022
0.044
0.046
0.013
-0.036
-0.066
-0.074
-0.076
-0.066
-0.037
-0.0099
-0.0079
-0.024
-0.049
-0.069
-0.088
-0.11
-0.092
-0.058
-0.042
-0.051
-0.057
-0.055
-0.056
-0.045
-0.04
-0.056
-0.072
-0.068
-0.064
-0.081
-0.092
-0.089
-0.069
-0.03
-0.0044
-0.0048
-0.023
-0.031
-0.026
-0.023
-0.024
-0.026
-0.019
-0.028
-0.039
-0.036
-0.034
-0.041
-0.052
-0.049
-0.028
-0.027
-0.052
-0.065
-0.065
-0.047
-0.024
-0.013
-0.0017
0.015
0.024
0.0067
-0.013
-0.011
0.011
0.04
0.053
0.044
0.016
-0.0025
0.013
0.022
0.022
0.014
-0.0075
-0.036
-0.045
-0.043
-0.027
0.014
0.049
0.048
0.014
-0.016
-0.028
-0.034
-0.02
0.0027
0.013
0.0077
-0.0038
-0.017
-0.018
-0.0035
0.021
0.045
0.04
0.034
0.03
0.022
0.024
0.024
0.015
0.018
0.028
0.027
0.037
0.058
0.079
0.093
0.092
0.077
0.053
0.044
0.054
0.071
0.083
0.092
0.1
0.11
0.11
0.096
0.072
0.045
0.029
0.025
0.05
0.087
0.1
0.1
0.1
0.087
0.058
0.045
0.068
0.084
0.073
0.06
0.051
0.055
0.067
0.07
0.06
0.038
0.0084
-0.0023
0.011
0.027
0.043
0.071
0.084
0.08
0.078
0.067
0.045
0.028
-0.0021
-0.012
0.018
0.044
0.049
0.053
0.056
0.045
0.02
-0.0006
0.0088
0.021
0.028
0.035
0.029
0.019
0.011
0.0066
0.00053
0.013
0.027
0.016
-0.0076
-0.026
-0.024
-0.027
-0.023
-0.0082
0.0012
0.0052
-0.0009
-0.007
-0.0024
0.0015
-0.016
-0.029
-0.015
0.0011
0.0014
-0.0081
-0.017
-0.021
-0.012
-0.0077
-0.043
-0.076
-0.074
-0.065
-0.075
-0.073
-0.05
-0.0056
0.044
0.05
0.027
-0.0066
-0.0087
0.023
0.036
0.016
-0.017
-0.044
-0.039
0.0022
0.049
0.07
0.07
0.051
0.019
-0.0018
-0.0078
-0.011
-0.0027
0.0095
0.02
0.043
0.057
0.032
-0.0016
-0.014
0.0005
0.017
0.027
0.059
0.088
0.074
0.04
0.039
0.064
0.073
0.033
0.015
0.018
0.019
0.036
0.055
0.091
0.12
0.13
0.12
0.071
0.02
0.0083
0.063
0.11
0.12
0.096
0.066
0.062
0.096
0.14
0.16
0.16
0.16
0.16
0.17
0.15
0.14
0.13
0.14
0.16
0.18
0.2
0.23
0.22
0.19
0.15
0.1
0.086
0.085
0.1
0.14
0.17
0.19
0.18
0.18
0.17
0.15
0.12
0.11
0.11
0.13
0.15
0.16
0.15
0.14
0.1
0.072
0.068
0.083
0.11
0.12
0.12
0.11
0.1
0.098
0.094
0.069
0.052
0.048
0.054
0.056
0.039
0.013
-0.0035
-0.0058
-0.0045
-0.0068
-0.019
-0.012
0.0025
0.0021
-0.0063
-0.016
-0.026
-0.029
-0.021
-0.014
0.011
0.031
0.011
-0.0041
-0.0082
-0.033
-0.051
-0.033
-0.0098
0.015
0.019
0.0044
0.017
0.032
0.017
0.011
-0.0089
-0.056
-0.064
-0.051
-0.045
-0.025
-0.024
-0.044
-0.042
-0.064
-0.085
-0.083
-0.096
-0.084
-0.045
-0.034
-0.029
-0.023
-0.068
-0.11
-0.097
-0.07
-0.042
-0.043
-0.086
-0.12
-0.13
-0.14
-0.14
-0.13
-0.14
-0.13
-0.13
-0.15
-0.17
-0.16
-0.15
-0.15
-0.15
-0.14
-0.1
-0.07
-0.08
-0.1
-0.1
-0.1
-0.099
-0.061
-0.043
-0.059
-0.07
-0.068
-0.046
-0.043
-0.051
-0.049
-0.055
-0.05
-0.025
-0.004
0.0045
0.0093
-0.015
-0.027
-0.017
-0.0037
0.0029
-0.0015
0.0054
0.0013
-0.02
-0.031
-0.029
-0.027
-0.019
0.0081
0.035
0.061
0.065
0.039
0.0041
-0.035
-0.055
-0.047
-0.023
0.011
0.036
0.043
0.045
0.031
-0.005
-0.039
-0.059
-0.054
-0.041
-0.032
-0.0098
-0.0044
-0.0058
0.003
-0.002
-0.031
-0.047
-0.045
-0.046
-0.05
-0.053
-0.033
-0.0068
-0.0083
-0.022
-0.034
-0.034
-0.033
-0.038
-0.053
-0.066
-0.084
-0.11
-0.11
-0.088
-0.064
-0.053
-0.041
-0.032
-0.035
-0.05
-0.062
-0.06
-0.058
-0.038
0.019
0.06
0.054
0.012
-0.035
-0.072
-0.096
-0.12
-0.13
-0.12
-0.078
-0.012
0.055
0.078
0.051
0.0031
-0.044
-0.073
-0.069
-0.051
-0.058
-0.074
-0.069
-0.046
-0.022
0.0018
-0.0099
-0.026
-0.025
-0.043
-0.066
-0.058
-0.022
-0.0072
-0.018
-0.022
0.011
0.05
0.055
0.03
0.0043
-0.014
-0.022
-0.014
0.011
0.049
0.073
0.087
0.1
0.087
0.052
0.013
-0.012
-0.029
-0.052
-0.066
-0.068
-0.059
-0.017
0.051
0.076
0.056
0.038
0.025
0.0086
-0.021
-0.04
-0.0034
0.049
0.07
0.06
0.041
0.017
-0.01
-0.027
-0.019
-0.0062
-0.015
-0.0021
0.042
0.08
0.076
0.041
0.0014
-0.017
-0.0045
0.006
-0.0042
-0.0058
0.0012
-0.015
-0.026
-0.015
0.015
0.048
0.076
0.087
0.076
0.061
0.048
0.04
0.023
0.0063
0.0042
0.018
0.038
0.049
0.049
0.027
-0.007
-0.041
-0.072
-0.072
-0.049
-0.015
0.018
0.032
0.024
0.0074
-0.009
-0.037
-0.071
-0.079
-0.057
-0.043
-0.046
-0.043
-0.031
-0.032
-0.049
-0.075
-0.1
-0.14
-0.16
-0.15
-0.14
-0.14
-0.14
-0.12
-0.094
-0.067
-0.067
-0.099
-0.13
-0.15
-0.14
-0.13
-0.13
-0.12
-0.12
-0.12
-0.12
-0.11
-0.11
-0.098
-0.089
-0.1
-0.12
-0.11
-0.099
-0.089
-0.089
-0.091
-0.086
-0.084
-0.078
-0.061
-0.054
-0.057
-0.054
-0.049
-0.046
-0.044
-0.025
0.011
0.032
0.028
0.028
0.032
0.015
-0.027
-0.059
-0.055
-0.029
0.016
0.058
0.072
0.056
0.032
0.018
0.0036
-0.0039
-0.016
-0.024
0.0033
0.05
0.069
0.052
0.025
0.018
0.025
0.03
0.04
0.043
0.039
0.046
0.053
0.061
0.068
0.068
0.067
0.063
0.055
0.058
0.076
0.089
0.093
0.092
0.087
0.086
0.097
0.11
0.1
0.087
0.082
0.084
0.091
0.1
0.11
0.11
0.12
0.11
0.082
0.08
0.094
0.098
0.098
0.089
0.074
0.07
0.075
0.086
0.096
0.078
0.061
0.071
0.08
0.078
0.077
0.073
0.067
0.074
0.089
0.098
0.11
0.13
0.14
0.13
0.11
0.078
0.07
0.09
0.1
0.081
0.089
0.12
0.13
0.12
0.11
0.1
0.11
0.12
0.13
0.14
0.13
0.12
0.11
0.093
0.08
0.078
0.08
0.086
0.083
0.082
0.1
0.13
0.14
0.12
0.11
0.1
0.11
0.13
0.14
0.14
0.15
0.14
0.11
0.088
0.08
0.081
0.1
0.13
0.15
0.13
0.096
0.074
0.07
0.052
0.03
0.043
0.072
0.073
0.044
0.028
0.034
0.061
0.091
0.1
0.088
0.047
0.019
0.034
0.061
0.08
0.096
0.09
0.073
0.052
0.03
0.0092
-0.013
-0.019
0.01
0.036
0.028
-0.0044
-0.047
-0.081
-0.09
-0.072
-0.035
-0.0056
-0.00044
0.003
-0.0043
-0.027
-0.045
-0.039
-0.014
0.0015
-0.012
-0.036
-0.059
-0.067
-0.05
-0.025
-0.019
-0.027
-0.035
-0.032
-0.022
-0.0024
0.027
0.053
0.042
-0.006
-0.041
-0.053
-0.039
-0.012
0.013
0.042
0.071
0.089
0.084
0.057
0.019
-0.0023
0.0095
0.036
0.067
0.072
0.069
0.094
0.1
0.092
0.08
0.068
0.05
0.041
0.055
0.07
0.084
0.084
0.075
0.072
0.065
0.056
0.058
0.074
0.085
0.082
0.076
0.079
0.082
0.075
0.047
0.011
-0.0072
-0.024
-0.031
-0.019
0.0071
0.018
0.022
0.023
-0.00047
-0.033
-0.067
-0.089
-0.092
-0.11
-0.11
-0.1
-0.087
-0.057
-0.036
-0.028
-0.041
-0.067
-0.076
-0.046
-0.0061
-0.012
-0.08
-0.14
-0.13
-0.084
-0.035
0.0033
0.011
-0.0046
-0.013
-0.025
-0.058
-0.098
-0.12
-0.11
-0.088
-0.073
-0.053
-0.013
0.012
0.01
-0.012
-0.027
-0.0094
-7.6e-005
-0.035
-0.083
-0.097
-0.083
-0.054
-0.034
-0.028
-0.011
0.0092
0.0091
-0.0028
-0.0038
-0.00047
0.0056
0.021
0.039
0.042
0.049
0.059
0.054
0.057
0.062
0.082
0.085
0.063
0.026
-0.0082
-0.021
-0.022
-0.013
-0.0043
0.02
0.043
0.045
0.049
0.065
0.069
0.037
0.0012
-0.022
-0.025
-0.012
-0.0072
-0.0047
0.0067
0.021
0.045
0.076
0.078
0.039
-0.02
-0.057
-0.069
-0.061
-0.046
-0.049
-0.053
-0.044
-0.03
-0.024
-0.03
-0.067
-0.13
-0.19
-0.24
-0.27
-0.27
-0.22
-0.15
-0.12
-0.14
-0.2
-0.28
-0.35
-0.39
-0.39
-0.36
-0.31
-0.23
-0.18
-0.18
-0.25
-0.3
-0.34
-0.38
-0.4
-0.4
-0.37
-0.32
-0.27
-0.22
-0.19
-0.19
-0.22
-0.24
-0.24
-0.23
-0.21
-0.19
-0.18
-0.15
-0.12
-0.11
-0.13
-0.14
-0.15
-0.14
-0.11
-0.081
-0.069
-0.082
-0.11
-0.13
-0.12
-0.079
-0.043
-0.041
-0.051
-0.068
-0.084
-0.097
-0.1
-0.079
-0.046
-0.029
-0.032
-0.03
-0.025
-0.028
-0.042
-0.057
-0.084
-0.13
-0.17
-0.17
-0.16
-0.13
-0.078
-0.045
-0.029
-0.042
-0.075
-0.1
-0.11
-0.1
-0.088
-0.066
-0.056
-0.063
-0.064
-0.048
-0.035
-0.041
-0.051
-0.072
-0.083
-0.082
-0.081
-0.087
-0.089
-0.074
-0.067
-0.069
-0.073
-0.071
-0.064
-0.049
-0.029
-0.0034
0.046
0.097
0.12
0.1
0.057
0.0077
-0.025
-0.022
0.0091
0.046
0.071
0.078
0.076
0.064
0.048
0.031
0.0042
-0.02
-0.035
-0.046
-0.049
-0.018
0.015
0.031
0.036
0.029
0.019
0.0065
-0.016
-0.035
-0.042
-0.04
-0.046
-0.057
-0.053
-0.049
-0.058
-0.065
-0.082
-0.1
-0.11
-0.11
-0.13
-0.16
-0.16
-0.15
-0.13
-0.11
-0.11
-0.12
-0.13
-0.13
-0.13
-0.13
-0.13
-0.1
-0.073
-0.036
-0.00099
0.02
0.0064
-0.027
-0.061
-0.07
-0.057
-0.035
-0.026
-0.015
0.011
0.029
0.043
0.038
0.0022
-0.038
-0.048
-0.04
-0.031
-0.009
0.022
0.044
0.049
0.033
-0.0089
-0.039
-0.043
-0.026
0.0048
0.022
0.03
0.026
0.022
0.013
0.0086
0.019
0.036
0.053
0.056
0.048
0.033
0.031
0.044
0.064
0.086
0.1
0.11
0.1
0.091
0.086
0.099
0.1
0.099
0.089
0.097
0.11
0.11
0.096
0.095
0.1
0.11
0.15
0.16
0.16
0.14
0.12
0.11
0.11
0.1
0.11
0.13
0.14
0.14
0.14
0.13
0.15
0.17
0.19
0.19
0.17
0.15
0.13
0.1
0.082
0.077
0.11
0.15
0.15
0.11
0.095
0.091
0.08
0.078
0.093
0.1
0.1
0.093
0.077
0.076
0.085
0.095
0.096
0.083
0.073
0.072
0.065
0.052
0.05
0.083
0.12
0.11
0.079
0.056
0.036
0.029
0.056
0.087
0.1
0.097
0.077
0.074
0.092
0.091
0.071
0.065
0.092
0.12
0.11
0.074
0.039
0.073
0.21
0.29
0.18
-0.0027
-0.089
-0.053
0.011
0.059
0.09
0.087
0.084
0.083
0.092
0.11
0.1
0.063
0.043
0.04
0.027
0.0073
0.01
0.05
0.079
0.074
0.058
0.039
0.027
0.03
0.039
0.051
0.069
0.091
0.084
0.059
0.043
0.048
0.082
0.12
0.13
0.11
0.083
0.063
0.051
0.064
0.1
0.14
0.14
0.11
0.077
0.068
0.076
0.089
0.1
0.12
0.13
0.13
0.14
0.14
0.14
0.13
0.14
0.14
0.12
0.11
0.12
0.13
0.13
0.11
0.1
0.11
0.12
0.14
0.15
0.14
0.14
0.14
0.13
0.12
0.097
0.09
0.1
0.12
0.12
0.1
0.083
0.077
0.079
0.067
0.029
-0.0071
-0.0087
0.03
0.073
0.11
0.15
0.15
0.1
0.023
-0.042
-0.037
0.016
0.076
0.1
0.088
0.047
-0.022
-0.088
-0.11
-0.076
0.015
0.11
0.15
0.13
0.081
0.017
-0.038
-0.038
0.00011
0.046
0.084
0.1
0.12
0.13
0.11
0.11
0.11
0.083
0.056
0.048
0.071
0.11
0.13
0.15
0.14
0.082
0.025
-0.016
-0.026
-0.0053
0.025
0.044
0.054
0.051
0.042
0.031
0.0069
-0.013
-0.025
-0.029
-0.016
-0.002
0.0087
0.014
0.0034
-0.025
-0.045
-0.058
-0.069
-0.073
-0.058
-0.031
-0.033
-0.064
-0.081
-0.062
-0.041
-0.023
-0.019
-0.033
-0.05
-0.06
-0.063
-0.063
-0.067
-0.078
-0.074
-0.052
-0.022
0.011
0.037
0.038
4.6e-005
-0.048
-0.062
-0.063
-0.066
-0.069
-0.076
-0.079
-0.069
-0.052
-0.042
-0.025
-0.0088
-0.015
-0.031
-0.048
-0.054
-0.036
0.0033
0.024
0.017
0.0023
-0.00023
0.0043
0.017
0.029
0.025
0.017
0.008
0.0068
0.018
0.033
0.047
0.046
0.032
0.0088
0.0022
0.0067
0.017
0.025
0.024
0.032
0.04
0.034
0.02
0.019
0.029
0.035
0.03
0.011
-0.015
-0.033
-0.039
-0.033
-0.014
0.016
0.038
0.034
0.022
0.014
0.0011
-0.021
-0.053
-0.077
-0.089
-0.08
-0.046
-0.012
0.0012
-0.015
-0.052
-0.097
-0.12
-0.11
-0.11
-0.11
-0.097
-0.083
-0.068
-0.074
-0.069
-0.051
-0.059
-0.085
-0.11
-0.13
-0.15
-0.15
-0.12
-0.089
-0.073
-0.079
-0.063
-0.021
-0.0069
-0.028
-0.053
-0.061
-0.068
-0.063
-0.042
-0.0099
0.017
0.024
0.02
-0.0071
-0.05
-0.071
-0.062
-0.037
-0.01
0.011
0.019
0.016
0.01
0.014
0.014
0.0087
-0.00078
-0.014
-0.014
0.0013
0.012
0.011
0.017
0.03
0.046
0.048
0.028
0.011
0.011
0.025
0.039
0.041
0.031
0.0062
-0.017
-0.027
-0.012
0.0076
0.022
0.027
0.018
0.013
0.015
0.019
0.027
0.049
0.063
0.057
0.037
0.016
0.011
0.025
0.051
0.075
0.087
0.085
0.053
0.014
-0.0046
0.00011
0.025
0.07
0.096
0.092
0.082
0.069
0.056
0.037
0.018
0.019
0.032
0.046
0.063
0.066
0.068
0.075
0.082
0.08
0.073
0.067
0.07
0.08
0.089
0.087
0.073
0.065
0.065
0.061
0.055
0.051
0.05
0.053
0.057
0.061
0.071
0.084
0.092
0.088
0.063
0.033
0.023
0.041
0.067
0.081
0.076
0.066
0.05
0.032
0.029
0.031
0.027
0.027
0.043
0.05
0.041
0.038
0.027
0.013
0.0076
0.012
0.013
0.0057
-0.0085
-0.026
-0.032
-0.032
-0.028
-0.024
-0.023
-0.032
-0.038
-0.029
-0.027
-0.033
-0.049
-0.064
-0.068
-0.072
-0.079
-0.093
-0.11
-0.12
-0.12
-0.11
-0.11
-0.066
-0.041
-0.044
-0.025
-0.039
-0.1
-0.14
-0.13
-0.1
-0.083
-0.091
-0.11
-0.095
-0.067
-0.071
-0.095
-0.11
-0.1
-0.087
-0.076
-0.064
-0.05
-0.047
-0.023
0.006
-0.0017
-0.024
-0.029
-0.024
-0.035
-0.062
-0.087
-0.08
-0.046
-0.0098
0.02
0.03
0.022
0.006
-0.018
-0.051
-0.087
-0.096
-0.064
-0.028
-0.011
0.0039
0.025
0.029
0.013
0.0047
-0.012
-0.045
-0.055
-0.039
-0.011
0.016
0.037
0.038
0.0096
-0.015
-0.011
0.0011
0.01
0.023
0.04
0.042
0.027
0.016
0.0039
-0.0026
0.024
0.061
0.065
0.031
-0.0091
-0.027
-0.019
-0.021
-0.025
-0.022
-0.015
0.014
0.042
0.058
0.072
0.077
0.069
0.052
0.035
0.027
0.034
0.047
0.06
0.072
0.077
0.074
0.051
0.015
-0.004
0.006
0.043
0.08
0.093
0.1
0.13
0.16
0.15
0.081
-0.0089
-0.067
-0.05
0.032
0.11
0.13
0.083
0.016
0.0011
0.051
0.11
0.13
0.11
0.053
-0.0099
-0.02
0.036
0.1
