-0.021
-0.018
0.004
0.0068
0.004
0.011
0.0047
-0.008
-0.0072
-0.0079
-0.0094
-0.008
-0.005
-0.00096
0.0052
0.0035
-0.00056
-0.0017
-0.013
-0.017
-0.0019
0.011
0.0066
0.0053
0.019
0.024
0.0054
-0.00099
0.019
0.026
0.0058
0.00072
0.02
0.032
0.014
0.00023
0.0077
0.014
0.0046
0.0014
0.016
0.013
0.015
0.027
0.026
0.013
0.0074
0.0038
-0.012
-0.02
-0.005
0.012
0.0051
-0.0051
0.0019
0.002
0.00032
0.00041
-0.0063
-0.014
-0.0099
-1.5e-005
0.0018
0.006
0.011
0.01
-0.002
-0.017
-0.0093
0.002
-0.0046
-0.0036
0.016
0.014
-0.0043
-0.002
0.015
0.0098
-0.021
-0.036
-0.012
0.011
0.0077
-0.0026
0.0039
0.009
0.00026
-0.017
-0.013
0.0025
0.0087
0.012
0.012
0.012
0.016
0.021
0.0084
-0.0082
-0.0033
-0.0054
-0.019
-0.0091
0.0086
0.0048
0.0065
0.024
0.023
7.6e-005
-0.016
-0.01
-0.0087
-0.012
-0.0084
-0.00072
0.012
0.012
-0.0073
-0.019
-0.011
-0.011
-0.02
-0.012
-0.0041
-0.0025
0.0056
0.018
0.012
0.0033
0.006
0.0043
0.0095
0.011
-0.0031
0.0015
0.026
0.027
0.0034
0.0033
0.0098
0.0075
-0.00017
-0.00011
0.007
0.011
0.024
0.03
0.019
0.0087
0.0081
0.002
-0.0011
0.016
0.018
-0.0028
-0.0028
0.017
0.015
-0.0092
-0.007
0.0024
-0.0091
-0.017
-0.0056
0.008
0.014
0.0071
-0.0062
-0.0027
-0.0028
-0.011
-0.00041
0.015
0.0087
-0.00063
-0.0021
-0.011
-0.015
-0.009
0.00075
0.012
0.0054
-0.011
-0.0099
0.0015
0.004
-0.0087
-0.0059
0.0096
0.016
0.002
0.00017
0.0044
0.0065
0.013
0.0095
0.011
0.032
0.03
0.0066
0.018
0.038
0.014
-0.014
0.0047
0.028
0.0068
-0.015
0.01
0.032
0.014
-0.0023
-0.0012
-0.0056
-0.0065
0.0033
0.018
0.025
0.02
0.021
0.022
0.015
0.0082
0.01
0.005
-0.0082
-0.0076
0.0021
0.0069
0.0061
0.01
0.0044
-0.011
-0.019
-0.017
-0.0026
0.0041
0.0069
0.022
0.024
0.018
0.0093
0.0033
-0.0063
-0.0074
-0.0069
-0.0013
0.014
0.024
0.024
0.018
0.0094
0.0029
0.0043
0.0067
0.0028
0.002
0.011
0.018
-0.00084
-0.011
0.01
0.0071
-0.015
-0.022
-0.033
-0.038
-0.027
-0.025
-0.038
-0.043
-0.037
-0.032
-0.036
-0.031
-0.0034
0.009
-0.002
-0.0034
-0.0059
-0.019
-0.025
-0.018
-0.0076
-0.0018
-0.0038
0.0086
0.029
0.019
-0.009
-0.019
-0.01
-0.014
-0.029
-0.022
0.011
0.019
0.0026
0.00038
0.012
0.0011
-0.023
-0.025
-0.013
-0.012
-0.015
-0.019
-0.017
-0.0053
-0.0027
-0.017
-0.012
0.014
0.024
0.00096
-0.018
-0.012
-0.016
-0.021
-0.017
-0.0043
0.0051
-0.005
-0.013
-0.0041
0.0049
-0.011
-0.023
-0.021
-0.025
-0.024
-0.009
0.012
0.0097
-0.012
-0.031
-0.037
-0.035
-0.05
-0.055
-0.032
-0.012
-0.01
-0.011
-0.011
-0.014
-0.0076
-0.016
-0.037
-0.053
-0.023
0.02
0.011
-0.015
-0.0061
0.012
0.0024
-0.016
-0.021
-0.028
-0.034
-0.021
-0.0032
-0.0075
-0.0057
0.0069
-0.0076
-0.031
-0.038
-0.026
-0.0089
0.00041
-0.0016
-0.012
-0.016
-0.015
-0.016
-0.014
-0.017
-0.02
-0.011
-0.012
-0.026
-0.031
-0.019
-0.01
-0.012
-0.03
-0.035
-0.021
-0.0063
-0.0046
-0.016
-0.024
-0.013
-0.0062
-0.024
-0.036
-0.03
-0.009
-0.0043
-0.012
0.00014
0.0096
-0.021
-0.042
-0.021
-0.0099
-0.033
-0.038
-0.012
-0.0055
-0.029
-0.023
0.002
-0.0029
-0.024
-0.032
-0.04
-0.041
-0.029
-0.013
0.0043
0.005
-0.0042
-0.0085
-0.014
-0.023
-0.026
-0.023
-0.031
-0.039
-0.036
-0.023
-0.014
-0.016
-0.022
-0.03
-0.031
-0.033
-0.039
-0.03
-0.02
-0.014
-0.019
-0.017
-0.0069
-0.01
-0.016
-0.023
-0.019
-0.016
-0.011
-0.008
-0.0085
-0.016
-0.022
-0.023
-0.019
-0.0097
-0.0092
-0.021
-0.021
-0.005
-0.0036
-0.018
-0.011
0.0054
0.0032
0.00093
-0.002
-0.0068
0.0039
0.011
-0.0029
-0.018
-0.018
-0.0033
0.012
0.0027
-0.0071
-0.0011
0.012
0.13
0.22
0.17
0.14
0.18
0.22
0.19
0.15
0.16
0.2
0.18
0.15
0.13
0.14
0.15
0.13
0.094
0.09
0.079
0.04
0.0082
-0.0024
0.0006
0.0033
0.0024
-0.0037
0.0041
0.032
0.053
0.062
0.066
0.073
0.083
0.1
0.12
0.13
0.11
0.1
0.11
0.11
0.11
0.12
0.14
0.14
0.14
0.12
0.089
0.066
0.064
0.061
0.041
0.022
0.012
0.0051
0.0043
0.013
0.024
0.023
0.0052
0.0035
0.021
0.032
0.04
0.039
0.036
0.024
0.01
-1.5e-005
1.5e-005
0.003
0.025
0.063
0.091
0.11
0.11
0.088
0.086
0.092
0.081
0.045
0.022
0.028
0.038
0.033
0.024
0.013
0.0025
0.013
0.021
0.014
0.012
0.028
0.059
0.082
0.09
0.081
0.064
0.057
0.058
0.083
0.11
0.1
0.073
0.06
0.057
0.041
0.023
0.016
0.023
0.012
-0.006
0.0087
0.033
0.022
-0.021
-0.047
-0.035
-0.014
-0.022
-0.017
0.0018
0.0092
-0.0018
-0.024
-0.043
-0.047
-0.036
-0.032
-0.032
-0.034
-0.037
-0.04
-0.039
-0.044
-0.076
-0.095
-0.064
-0.034
-0.034
-0.047
-0.057
-0.056
-0.028
0.0051
0.0066
-0.0076
-0.014
-0.0043
0.0061
0.016
0.03
0.037
0.024
-0.0029
-0.01
-0.0006
0.0065
-0.00053
0.001
0.016
0.014
0.0046
-0.016
-0.041
-0.044
-0.034
-0.024
-0.03
-0.038
-0.055
-0.067
-0.068
-0.061
-0.064
-0.07
-0.06
-0.049
-0.036
-0.019
-0.011
-0.021
-0.04
-0.049
-0.045
-0.049
-0.045
-0.03
-0.023
-0.024
-0.029
-0.046
-0.067
-0.07
-0.069
-0.056
-0.037
-0.021
-0.014
-0.025
-0.032
-0.02
-0.018
-0.017
-0.0095
0.065
0.28
0.45
0.46
0.33
0.18
0.1
0.046
-0.02
-0.11
-0.15
-0.11
-0.03
0.059
0.096
0.11
0.13
0.15
0.17
0.16
0.11
0.079
0.057
0.028
-0.0044
-0.024
-0.033
-0.054
-0.065
-0.04
0.0015
0.037
0.041
0.0082
-0.026
-0.022
-0.005
-0.034
-0.085
-0.096
-0.06
-0.032
-0.036
-0.052
-0.042
-0.015
-0.016
-0.036
-0.052
-0.041
-0.011
0.032
0.043
0.0086
-0.02
-0.029
-0.039
-0.045
-0.022
-0.0021
0.0011
0.0075
0.014
0.023
0.041
0.066
0.074
0.05
0.03
0.024
0.031
0.038
0.037
0.032
0.051
0.075
0.054
0.005
-0.047
-0.063
-0.049
-0.051
-0.067
-0.1
-0.15
-0.2
-0.23
-0.25
-0.25
-0.24
-0.22
-0.2
-0.16
-0.11
-0.051
-0.017
-0.0061
-0.015
-0.058
-0.15
-0.27
-0.37
-0.44
-0.47
-0.43
-0.34
-0.23
-0.12
-0.015
0.05
0.05
0.023
0.063
0.15
0.21
0.21
0.16
0.15
0.19
0.21
0.18
0.17
0.18
0.18
0.13
0.1
0.17
0.29
0.38
0.41
0.43
0.43
0.4
0.33
0.29
0.34
0.29
0.082
-0.19
-0.39
-0.53
-0.65
-0.76
-0.78
-0.62
-0.31
-0.05
0.07
0.071
0.031
0.0012
-0.039
-0.12
-0.22
-0.31
-0.36
-0.39
-0.35
-0.23
-0.23
-0.35
-0.5
-0.58
-0.57
-0.56
-0.53
-0.45
-0.27
-0.059
0.1
0.17
0.2
0.22
0.25
0.27
0.24
0.22
0.24
0.26
0.25
0.27
0.31
0.33
0.33
0.34
0.35
0.32
0.29
0.27
0.23
0.2
0.21
0.21
0.21
0.19
0.17
0.17
0.17
0.086
-0.04
-0.11
-0.087
-0.066
-0.1
-0.17
-0.23
-0.22
-0.18
-0.15
-0.17
-0.19
-0.15
-0.095
-0.075
-0.096
-0.11
-0.064
0.0024
0.029
0.0054
-0.0073
0.00081
0.00056
0.0085
0.034
0.074
0.11
0.16
0.21
0.25
0.25
0.24
0.22
0.19
0.18
0.17
0.16
0.15
0.14
0.15
0.17
0.18
0.15
0.1
0.06
0.049
0.05
0.037
0.017
0.015
0.066
0.095
0.054
0.0023
-0.0049
0.03
0.063
0.08
0.053
-0.0088
-0.044
-0.035
-0.049
-0.077
-0.098
-0.13
-0.16
-0.18
-0.19
-0.16
-0.1
-0.023
0.023
0.024
-0.0042
-0.0034
0.063
0.15
0.22
0.25
0.24
0.18
0.15
0.17
0.2
0.2
0.15
0.082
0.011
-0.02
-0.012
0.017
0.039
0.018
-0.0063
-0.011
-0.023
-0.039
-0.027
0.0093
0.01
-0.029
-0.07
-0.066
-0.024
0.03
0.052
0.028
0.0016
-0.00075
0.021
0.045
0.07
0.085
0.092
0.1
0.097
0.088
0.088
0.12
0.16
0.13
0.08
0.052
0.051
0.051
0.06
0.078
0.11
0.13
0.11
0.094
0.09
0.098
0.087
0.051
0.023
-0.0066
-0.032
-0.03
-0.013
-0.0021
0.0093
0.018
0.004
-0.016
-0.015
0.014
0.034
0.028
-0.0015
-0.045
-0.069
-0.06
-0.023
0.00075
-0.014
-0.048
-0.062
-0.058
-0.053
-0.057
-0.071
-0.066
-0.043
-0.0048
0.019
0.013
0.0045
0.0073
0.021
0.039
0.058
0.073
0.077
0.077
0.073
0.078
0.072
0.065
0.061
0.064
0.09
0.11
0.086
0.055
0.033
0.0067
-0.015
-0.018
-0.029
-0.056
-0.077
-0.094
-0.11
-0.1
-0.073
-0.067
-0.075
-0.075
-0.062
-0.033
-1.5e-005
0.013
-0.018
-0.051
-0.059
-0.032
0.014
0.058
0.085
0.085
0.059
0.038
0.042
0.042
0.026
0.038
0.071
0.081
0.068
0.055
0.05
0.043
0.041
0.036
0.015
-0.043
-0.081
-0.07
-0.025
0.0083
0.00096
-0.032
-0.058
-0.062
-0.043
-0.0034
0.018
-0.005
-0.047
-0.069
-0.072
-0.068
-0.042
-0.01
-0.0052
-0.019
-0.023
-0.016
-0.024
-0.04
-0.049
-0.052
-0.066
-0.061
-0.021
0.0097
0.00035
-0.034
-0.055
-0.068
-0.071
-0.063
-0.047
-0.039
-0.017
0.028
0.052
0.043
0.01
-0.028
-0.045
-0.041
-0.0033
0.071
0.13
0.14
0.12
0.095
0.057
0.016
-0.019
-0.015
0.026
0.086
0.12
0.11
0.086
0.07
0.057
0.035
0.0036
-0.015
-0.0033
0.026
0.045
0.046
0.049
0.044
0.024
-0.0066
-0.033
-0.024
-0.0026
-0.0054
-0.023
-0.029
-0.029
-0.029
-0.045
-0.057
-0.059
-0.055
-0.052
-0.047
-0.045
-0.037
-0.023
-0.004
0.0086
0.0058
0.00087
0.016
0.024
0.019
0.0056
-0.016
-0.01
0.018
0.048
0.058
0.053
0.055
0.072
0.08
0.082
0.079
0.079
0.09
0.094
0.1
0.1
0.089
0.09
0.093
0.064
0.017
0.0022
0.026
0.039
0.027
0.014
0.0041
-0.0043
0.0075
0.016
0.017
0.016
0.022
0.018
-0.0074
-0.036
-0.047
-0.034
-0.016
-0.0073
-0.0086
-0.016
-0.037
-0.059
-0.061
-0.056
-0.048
-0.04
-0.046
-0.053
-0.047
-0.022
0.0047
0.0037
-0.023
-0.05
-0.052
-0.036
-0.016
-0.016
-0.0061
0.0054
0.0061
0.004
0.00032
-0.0041
-0.015
-0.02
-0.011
-0.0052
-0.01
-0.013
-0.015
-0.024
-0.026
-0.025
-0.032
-0.032
-0.022
0.0069
0.018
0.011
-0.00053
-0.0042
-0.0062
-0.019
-0.02
0.0011
0.013
0.0053
-0.0022
-0.018
-0.036
-0.048
-0.047
-0.021
0.0052
7.6e-005
-0.019
-0.026
-0.0013
0.024
0.023
0.015
0.027
0.042
0.053
0.054
0.038
0.014
-0.008
-0.012
0.00044
0.023
0.024
0.011
0.023
0.037
0.031
0.012
-0.00056
0.001
0.018
0.046
0.058
0.048
0.026
0.024
0.033
0.023
-0.0016
-0.027
-0.043
-0.044
-0.011
0.023
0.028
-0.0065
-0.039
-0.04
-0.026
-0.0014
0.026
0.051
0.054
0.037
0.0041
-0.031
-0.047
-0.035
-0.0058
0.027
0.038
0.038
0.011
-0.012
-0.003
0.022
0.026
0.018
0.018
0.0099
0.012
0.025
0.045
0.049
0.044
0.044
0.031
-0.011
-0.048
-0.049
-0.015
0.02
0.024
-0.0066
-0.037
-0.047
-0.041
-0.014
-0.0036
-0.014
-0.022
-0.03
-0.038
-0.046
-0.046
-0.035
-0.026
-0.027
-0.018
0.0054
0.016
0.0081
0.0029
-0.00044
-0.00066
-0.0032
-0.0021
-0.0042
-0.017
-0.027
-0.029
-0.039
-0.048
-0.052
-0.024
-0.0063
-0.02
-0.044
-0.053
-0.045
-0.027
-0.022
-0.044
-0.061
-0.074
-0.069
-0.052
-0.049
-0.054
-0.063
-0.08
-0.092
-0.092
-0.078
-0.057
-0.043
-0.029
-0.018
-0.023
-0.036
-0.057
-0.059
-0.034
-0.0095
0.005
0.0046
-0.0042
-0.025
-0.034
-0.032
-0.028
-0.033
-0.034
-0.027
-0.014
0.012
0.015
0.0021
-0.0086
-0.022
-0.014
0.015
0.04
0.056
0.05
0.032
0.012
-0.0033
-0.017
-0.01
0.0063
0.03
0.041
0.042
0.054
0.061
0.06
0.053
0.048
0.046
0.045
0.044
0.046
0.057
0.069
0.071
0.057
0.043
0.038
0.039
0.03
0.024
0.034
0.044
0.048
0.055
0.052
0.043
0.029
0.017
0.018
0.029
0.034
0.033
0.018
-0.0058
-0.012
-0.0013
0.013
0.031
0.027
0.0058
-0.00075
0.013
0.026
0.024
0.018
0.027
0.045
0.044
0.044
0.05
0.06
0.06
0.051
0.045
0.044
0.041
0.029
0.029
0.035
0.026
0.017
0.031
0.044
0.04
0.049
0.072
0.08
0.066
0.064
0.063
0.053
0.056
0.061
0.055
0.048
0.054
0.066
0.071
0.058
0.041
0.045
0.05
0.042
0.042
0.066
0.093
0.093
0.085
0.067
0.048
0.062
0.095
0.11
0.1
0.11
0.13
0.14
0.14
0.13
0.13
0.13
0.16
0.18
0.2
0.21
0.22
0.25
0.28
0.3
0.33
0.37
0.4
0.42
0.37
0.21
-0.0098
-0.18
-0.27
-0.36
-0.44
-0.44
-0.37
-0.32
-0.37
-0.51
-0.6
-0.64
-0.78
-0.92
-0.92
-0.91
-0.77
-0.61
-0.61
-0.68
-0.64
-0.41
-0.087
0.2
0.38
0.49
0.54
0.51
0.41
0.29
0.19
0.11
0.059
0.055
0.055
0.089
0.12
0.082
-0.021
-0.06
-0.007
0.054
0.1
0.11
0.041
-0.056
-0.1
-0.11
-0.13
-0.16
-0.19
-0.18
-0.18
-0.16
-0.13
-0.12
-0.13
-0.14
-0.15
-0.14
-0.13
-0.12
-0.15
-0.17
-0.12
-0.022
0.024
-0.0047
-0.094
-0.16
-0.16
-0.14
-0.12
-0.079
-0.026
0.016
0.064
0.09
0.089
0.083
0.075
0.075
0.085
0.099
0.07
-0.0042
-0.075
-0.11
-0.096
-0.067
-0.063
-0.097
-0.12
-0.11
-0.081
-0.053
-0.048
-0.063
-0.076
-0.069
-0.053
-0.046
-0.05
-0.038
0.00096
0.024
0.02
0.0029
-0.017
-0.041
-0.053
-0.03
-0.0036
-0.01
-0.045
-0.069
-0.059
-0.044
-0.034
-0.012
0.024
0.074
0.12
0.13
0.082
0.029
-0.024
-0.049
-0.051
-0.055
-0.053
-0.057
-0.052
-0.047
-0.027
0.013
0.062
0.08
0.071
0.074
0.094
0.11
0.098
0.088
0.085
0.081
0.064
0.052
0.061
0.072
0.071
0.074
0.084
0.073
0.046
0.024
0.008
-0.0064
-0.012
0.00029
-0.0056
-0.026
-0.032
-0.025
-0.011
0.015
0.041
0.046
0.052
0.066
0.069
0.062
0.049
0.054
0.066
0.074
0.077
0.079
0.086
0.092
0.11
0.13
0.14
0.15
0.13
0.11
0.093
0.07
0.061
0.049
0.035
0.039
0.046
0.028
0.0032
-0.0094
-0.0072
0.004
0.011
0.0073
0.0054
0.01
0.0062
-0.0068
-0.012
-0.005
-0.0071
-0.027
-0.047
-0.053
-0.027
0.009
0.031
0.031
0.022
0.03
0.039
0.048
0.068
0.065
0.046
0.028
0.021
0.022
0.024
0.014
-0.001
-0.011
-0.018
-0.022
-0.028
-0.028
-0.037
-0.051
-0.046
-0.056
-0.076
-0.089
-0.066
-0.029
-0.014
-0.021
-0.029
-0.03
-0.023
-0.015
-0.021
-0.032
-0.04
-0.043
-0.035
-0.022
-0.01
-0.0031
-0.0026
-0.0067
-0.0024
0.021
0.044
0.056
0.057
0.051
0.034
0.018
0.025
0.043
0.053
0.038
0.0079
-0.012
7.6e-005
0.031
0.049
0.05
0.036
0.018
0.0064
0.012
0.011
0.0053
0.0012
0.0061
0.024
0.039
0.049
0.053
0.067
0.086
0.079
0.057
0.019
-0.021
-0.045
-0.044
-0.034
-0.013
0.017
0.038
0.041
0.021
0.0064
0.0089
0.014
0.01
-0.0055
-0.024
-0.035
-0.03
-0.031
-0.024
-0.014
-0.012
-0.0088
-0.0096
-0.023
-0.051
-0.06
-0.048
-0.044
-0.039
-0.037
-0.027
-0.0016
0.011
0.0091
0.0048
0.0025
0.0016
-0.0027
-0.013
-0.0064
0.002
0.0099
0.032
0.038
0.028
0.028
0.025
0.011
-0.01
-0.031
-0.037
-0.024
-0.014
-0.0039
0.0025
0.01
0.02
0.036
0.061
0.082
0.083
0.069
0.049
0.027
0.011
-0.0029
-0.019
-0.029
-0.021
0.015
0.047
0.046
0.021
0.0035
0.0089
0.019
0.035
0.055
0.068
0.071
0.061
0.052
0.027
-0.0054
-0.027
-0.034
-0.02
0.0039
0.034
0.062
0.081
0.077
0.07
0.056
0.036
0.028
0.012
-0.0096
-0.014
0.0046
0.027
0.031
0.021
0.0072
0.014
0.021
0.024
0.019
0.024
0.054
0.082
0.093
0.091
0.077
0.058
0.044
0.042
0.041
0.04
0.051
0.065
0.056
0.046
0.046
0.032
0.0051
-0.017
-0.025
-0.017
0.0098
0.027
0.014
-0.0015
0.0048
0.032
0.047
0.047
0.044
0.042
0.046
0.056
0.066
0.066
0.055
0.056
0.063
0.065
0.061
0.071
0.087
0.082
0.065
0.049
0.043
0.045
0.071
0.098
0.12
0.13
0.14
0.15
0.14
0.12
0.11
0.11
0.099
0.082
0.077
0.078
0.076
0.078
0.08
0.075
0.07
0.058
0.047
0.045
0.045
0.049
0.051
0.058
0.058
0.037
0.029
0.033
0.054
0.074
0.073
0.064
0.071
0.081
0.082
0.081
0.075
0.053
0.025
0.021
0.036
0.046
0.056
0.056
0.063
0.075
0.077
0.07
0.06
0.046
0.037
0.04
0.04
0.035
0.03
0.036
0.045
0.046
0.05
0.051
0.04
0.031
0.034
0.043
0.035
0.021
0.018
0.022
0.021
0.019
0.032
0.044
0.046
0.047
0.05
0.044
0.033
0.027
0.028
0.034
0.02
-0.0018
-0.0048
0.0094
0.024
0.026
0.003
-0.029
-0.041
-0.034
-0.018
-0.0035
-0.0042
-0.0045
-0.0021
0.00044
-0.023
-0.06
-0.076
-0.069
-0.041
-0.0017
0.023
0.016
0.0048
-0.0046
-0.012
-0.0061
0.0043
-0.0073
-0.042
-0.047
-0.037
-0.042
-0.039
-0.026
-0.035
-0.046
-0.021
0.0014
0.003
-0.0068
-0.022
-0.041
-0.069
-0.075
-0.067
-0.058
-0.046
-0.042
-0.042
-0.058
-0.085
-0.1
-0.089
-0.068
-0.062
-0.057
-0.046
-0.042
-0.043
-0.04
-0.047
-0.045
-0.034
-0.042
-0.057
-0.061
-0.049
-0.038
-0.039
-0.061
-0.078
-0.087
-0.095
-0.09
-0.064
-0.021
-0.0036
-0.026
-0.045
-0.034
-0.024
-0.034
-0.04
-0.044
-0.057
-0.052
-0.034
-0.041
-0.071
-0.082
-0.072
-0.061
-0.048
-0.043
-0.043
-0.039
-0.039
-0.054
-0.072
-0.065
-0.042
-0.022
-0.011
-0.008
0.00078
0.013
0.016
0.015
0.015
0.018
0.023
0.025
0.018
0.027
0.04
0.054
0.048
0.034
0.013
-0.014
-0.038
-0.042
-0.03
-0.023
-0.017
-0.011
-0.0074
0.0026
0.0022
0.0012
0.011
0.014
0.02
0.034
0.049
0.055
0.042
0.012
-0.014
-0.03
-0.037
-0.031
-0.021
-0.01
-0.0026
0.0051
0.013
0.012
0.0033
-0.00029
-4.6e-005
0.0014
-7.6e-005
-0.0077
-0.012
-0.0038
0.006
-0.002
-0.0058
-0.0043
-0.0054
0.0031
0.026
0.048
0.053
0.052
0.035
0.00053
-0.023
-0.032
-0.022
-0.0086
0.0083
0.013
0.0048
-0.00093
-0.0058
-0.0062
-0.00041
0.0043
0.0037
0.00014
-0.0049
-0.0073
-0.0042
0.0036
0.0085
0.014
0.026
0.02
-0.0018
-0.004
0.01
0.019
0.013
-0.0028
-0.0068
0.01
0.028
0.025
0.00044
-0.026
-0.021
4.6e-005
0.004
-0.0074
-0.012
-0.0034
0.00023
-0.003
-0.0018
-0.00011
0.0097
0.022
0.031
0.038
0.03
0.016
0.0037
-0.0078
-0.024
-0.023
-0.01
0.0015
0.0094
0.0046
-0.007
-0.016
-0.014
-0.0051
0.0077
0.022
0.027
0.014
-0.0058
-0.011
-0.016
-0.021
-0.02
-0.031
-0.043
-0.031
-0.0072
0.00014
-0.0081
-0.014
-0.012
-0.022
-0.04
-0.047
-0.035
-0.0052
0.018
0.024
0.02
-0.00096
-0.025
-0.025
-0.0036
0.0065
0.0006
0.0052
0.017
0.012
-0.0022
-0.018
-0.026
-0.021
-0.022
-0.033
-0.043
-0.038
-0.019
-0.013
-0.022
-0.037
-0.041
-0.03
-0.015
-0.0033
0.017
0.037
0.034
0.023
0.014
0.0095
-0.0042
-0.023
-0.017
-0.0022
0.0086
0.028
0.033
0.015
-0.0055
-0.013
-0.01
-0.00017
0.035
0.076
0.085
0.071
0.033
-0.023
-0.048
-0.036
-0.011
0.0075
0.016
0.012
0.0079
0.031
0.061
0.071
0.05
0.00035
-0.055
-0.087
-0.077
-0.047
-0.0072
0.024
0.032
0.03
0.03
0.012
-0.018
-0.024
-0.02
-0.017
-0.026
-0.049
-0.049
-0.0095
0.036
0.046
0.031
0.018
0.0062
-0.0043
-0.02
-0.061
-0.085
-0.046
-0.011
-0.023
-0.048
-0.045
-0.026
0.0039
0.035
0.04
0.032
0.027
0.0064
-0.013
-0.012
-0.016
-0.032
-0.027
-0.0036
0.025
0.042
0.055
0.054
0.036
0.015
-0.0051
-0.013
-0.00069
0.0098
0.031
0.052
0.062
0.06
0.042
0.027
0.019
0.0072
-0.0035
0.0043
0.019
0.031
0.032
0.029
0.024
0.02
0.017
0.0086
-0.00026
-0.0044
-0.0086
-0.0016
0.029
0.051
0.05
0.047
0.041
0.027
0.011
0.022
0.039
0.057
0.069
0.066
0.06
0.059
0.066
0.084
0.1
0.11
0.095
0.081
0.077
0.072
0.061
0.061
0.071
0.077
0.07
0.066
0.068
0.065
0.052
0.048
0.039
0.029
0.034
0.047
0.064
0.065
0.052
0.044
0.043
0.041
0.033
0.022
0.024
0.044
0.052
0.05
0.05
0.035
0.019
0.016
0.017
0.017
0.026
0.026
0.014
0.0081
0.019
0.035
0.044
0.049
0.034
0.011
0.0064
0.0012
0.0049
0.025
0.044
0.047
0.044
0.027
0.01
0.024
0.058
0.07
0.066
0.073
0.077
0.066
0.047
0.015
-0.0098
-0.014
0.012
0.045
0.05
0.031
0.0045
-0.0058
0.0083
0.032
0.059
0.091
0.096
0.07
0.041
0.015
-0.012
-0.029
-0.013
0.027
0.053
0.061
0.06
0.06
0.052
0.035
-0.0012
-0.033
-0.046
-0.017
0.038
0.067
0.063
0.034
-0.0022
-0.021
-0.032
-0.045
-0.055
-0.034
0.0022
0.038
0.048
0.032
0.0047
-0.026
-0.038
-0.025
0.0046
0.028
0.036
0.05
0.059
0.06
0.043
0.017
-0.011
-0.026
-0.015
0.0088
0.024
0.026
0.019
0.0044
-0.0082
-0.0082
0.015
0.047
0.05
0.035
0.026
0.011
-0.011
-0.014
0.0061
0.035
0.056
0.055
0.041
0.0047
-0.029
-0.031
-0.036
-0.046
-0.031
0.0054
0.037
0.058
0.074
0.088
0.088
0.057
-0.016
-0.11
-0.16
-0.16
-0.12
-0.08
-0.046
-0.024
-0.013
-0.014
-0.0087
0.00066
0.0044
-0.015
-0.043
-0.082
-0.11
-0.098
-0.08
-0.072
-0.063
-0.042
-0.02
-0.028
-0.065
-0.093
-0.096
-0.082
-0.074
-0.07
-0.069
-0.044
0.0075
0.035
0.02
-0.019
-0.056
-0.077
-0.094
-0.083
-0.034
-0.0013
-0.018
-0.059
-0.097
-0.11
-0.087
-0.067
-0.048
-0.036
-0.049
-0.042
-0.024
-0.02
-0.016
-0.011
-0.0081
-0.019
-0.039
-0.049
-0.052
-0.054
-0.055
-0.049
-0.047
-0.023
0.019
0.041
0.026
-0.0045
-0.036
-0.065
-0.075
-0.064
-0.045
-0.02
0.0057
0.013
0.0023
-0.0076
-0.0095
-0.02
-0.035
-0.035
-0.023
-0.016
0.0005
0.014
-0.0029
-0.023
-0.033
-0.045
-0.053
-0.063
-0.07
-0.046
-0.022
-0.0066
-0.0018
-0.01
-0.017
-0.0054
0.0098
0.0079
0.0089
0.017
0.028
0.022
0.02
0.026
0.024
0.028
0.033
0.037
0.04
0.035
0.029
0.011
-0.0088
-0.029
-0.031
-0.012
0.024
0.05
0.064
0.068
0.047
0.0066
-0.044
-0.073
-0.057
-0.022
0.019
0.051
0.07
0.079
0.081
0.068
0.035
0.026
0.031
0.04
0.058
0.07
0.065
0.052
0.04
0.031
0.029
0.022
0.012
0.015
0.031
0.052
0.07
0.085
0.096
0.1
0.09
0.076
0.069
0.076
0.082
0.072
0.063
0.048
0.019
-0.0018
0.00023
0.02
0.025
0.017
0.018
0.029
0.038
0.038
0.042
0.051
0.052
0.035
0.013
0.0082
0.0051
0.0043
0.012
0.012
0.00044
-0.0046
-0.002
0.0034
0.0033
0.0083
0.017
0.0086
0.0071
0.011
0.0074
0.0048
0.0041
-0.0058
-0.0071
0.0059
0.017
0.035
0.035
0.0081
-0.017
-0.017
-0.0022
-0.0014
-0.006
-0.0072
7.6e-005
0.0084
0.0028
-0.0064
-0.012
-0.01
-0.0046
0.00026
0.0057
0.0051
0.0031
-0.0021
-0.0038
-0.0072
-0.01
-0.011
-0.019
-0.033
-0.035
-0.029
-0.025
-0.016
0.012
0.036
0.038
0.034
0.024
-0.0074
-0.026
-0.02
-0.015
-0.025
-0.041
-0.038
-0.025
-0.022
-0.024
-0.033
-0.033
-0.01
0.013
0.016
0.014
0.0064
-0.012
-0.026
-0.037
-0.049
-0.065
-0.063
-0.035
-0.0014
0.016
0.0066
0.0068
0.013
0.0098
-0.0006
-0.029
-0.077
-0.12
-0.12
-0.1
-0.081
-0.059
-0.051
-0.063
-0.072
-0.065
-0.044
-0.019
-0.016
-0.032
-0.038
-0.033
-0.031
-0.019
0.0014
0.0049
0.013
0.025
0.012
-0.02
-0.062
-0.088
-0.082
-0.054
-0.035
-0.019
0.0019
0.027
0.056
0.059
0.045
0.01
-0.035
-0.082
-0.1
-0.079
-0.044
-0.028
-0.025
-0.011
0.0029
-0.0021
-0.011
-0.013
-0.00099
0.0045
0.0095
0.018
0.023
0.027
0.024
0.012
-0.0091
-0.032
-0.038
-0.014
0.0031
0.0088
0.012
0.0082
0.0056
0.0015
-0.015
-0.022
-0.011
0.0052
0.0026
-0.011
-0.029
-0.038
-0.036
-0.048
-0.064
-0.049
-0.022
-0.016
-0.023
-0.036
-0.05
-0.054
-0.05
-0.038
-0.029
-0.014
-0.0057
-0.0051
0.0018
0.012
0.0067
-0.0097
-0.029
-0.044
-0.036
-0.023
-0.014
0.01
0.029
0.033
0.033
0.031
0.012
-0.022
-0.041
-0.035
-0.02
-0.0043
0.02
0.034
0.038
0.039
0.027
0.017
0.011
0.0061
0.014
0.019
0.013
0.013
0.029
0.04
0.038
0.035
0.033
0.02
0.0082
0.012
0.0052
-0.0054
-0.00035
0.015
0.037
0.055
0.053
0.034
0.027
0.025
0.025
0.037
0.067
0.075
0.057
0.037
0.021
0.02
0.025
0.026
0.033
0.031
0.02
0.0014
-0.017
-0.02
0.0036
0.031
0.06
0.076
0.074
0.072
0.064
0.044
0.029
0.029
0.031
0.018
0.015
0.026
0.032
0.037
0.04
0.023
-0.0089
-0.015
-0.0012
0.0033
-0.0063
-0.014
-0.01
-0.0026
-0.0048
-0.012
-0.017
-0.024
-0.013
0.0048
0.013
0.011
-0.0014
-0.01
-0.016
-0.012
0.00075
0.0092
0.0093
0.0064
0.0072
0.0081
0.015
0.027
0.017
-0.0076
-0.033
-0.048
-0.053
-0.045
-0.046
-0.055
-0.051
-0.047
-0.051
-0.048
-0.038
-0.022
-0.012
0.0091
0.023
0.017
0.014
0.0098
-0.0061
-0.02
-0.031
-0.045
-0.052
-0.048
-0.036
-0.031
-0.033
-0.029
-0.014
0.00044
0.0072
0.014
0.02
0.022
0.018
0.021
0.041
0.058
0.069
0.074
0.074
0.071
0.072
0.074
0.082
0.096
0.095
0.088
0.084
0.097
0.1
0.09
0.089
0.087
0.077
0.053
0.045
0.048
0.064
0.091
0.13
0.17
0.19
0.18
0.17
0.13
0.083
0.051
0.062
0.097
0.13
0.15
0.15
0.14
0.13
0.12
0.11
0.098
0.09
0.083
0.069
0.056
0.052
0.05
0.073
0.11
0.12
0.11
0.077
0.05
0.046
0.055
0.061
0.055
0.043
0.031
0.017
0.011
0.018
0.021
0.031
0.042
0.029
0.0091
0.002
-0.0038
-0.02
-0.028
-0.02
-0.012
-0.03
-0.05
-0.056
-0.053
-0.046
-0.034
-0.028
-0.031
-0.034
-0.028
-0.02
-0.017
-0.026
-0.037
-0.045
-0.066
-0.089
-0.094
-0.068
-0.034
-0.014
-0.02
-0.045
-0.071
-0.077
-0.054
-0.03
-0.02
-0.032
-0.047
-0.05
-0.057
-0.065
-0.07
-0.072
-0.081
-0.078
-0.074
-0.07
-0.06
-0.056
-0.049
-0.053
-0.075
-0.08
-0.064
-0.051
-0.053
-0.057
-0.058
-0.041
-0.019
0.0071
0.023
0.023
0.016
0.019
0.024
0.019
0.0055
-0.0027
0.0086
0.017
0.025
0.041
0.045
0.03
0.018
0.0094
0.0024
0.011
0.029
0.033
0.024
0.0087
-0.0046
0.0057
0.029
0.036
0.027
0.014
0.0029
-0.011
-0.028
-0.037
-0.031
-0.018
0.0042
0.018
0.022
0.036
0.042
0.038
0.031
0.023
0.02
0.027
0.029
0.025
0.017
0.0038
0.0084
0.027
0.037
0.051
0.06
0.058
0.042
0.018
0.011
0.023
0.044
0.061
0.058
0.048
0.035
0.016
0.005
0.0074
0.017
0.021
0.014
0.0098
0.016
0.023
0.028
0.033
0.033
0.015
-0.009
-0.025
-0.031
-0.032
-0.034
-0.031
-0.02
-0.015
-0.025
-0.045
-0.059
-0.052
-0.046
-0.062
-0.065
-0.06
-0.045
-0.03
-0.024
-0.038
-0.053
-0.063
-0.064
-0.052
-0.041
-0.029
-0.022
-0.02
-0.022
-0.023
-0.032
-0.042
-0.041
-0.035
-0.033
-0.037
-0.033
-0.025
-0.023
-0.027
-0.025
-0.024
-0.02
-0.023
-0.032
-0.017
0.0009
0.0033
-0.0033
-0.0095
-0.0009
0.015
0.019
0.016
0.014
0.015
0.018
0.022
0.017
0.015
0.019
0.019
0.015
0.011
0.02
0.037
0.045
0.046
0.04
0.029
0.027
0.034
0.031
0.031
0.04
0.04
0.046
0.071
0.081
0.064
0.045
0.04
0.027
0.013
0.021
0.042
0.052
0.048
0.056
0.071
0.082
0.087
0.083
0.061
0.033
0.009
-0.013
-0.03
-0.034
-0.0087
0.023
0.036
0.046
0.05
0.054
0.06
0.072
0.08
0.067
0.035
0.00072
-0.016
-0.022
-0.018
0.0013
0.031
0.057
0.077
0.089
0.074
0.052
0.041
0.029
0.013
-0.00023
-0.01
-0.0035
0.02
0.054
0.087
0.091
0.073
0.046
0.024
0.0041
-0.0057
-0.0024
-0.0015
-0.0016
-0.0038
0.0043
0.014
0.022
0.032
0.033
0.01
-0.023
-0.043
-0.048
-0.048
-0.041
-0.049
-0.072
-0.095
-0.1
-0.07
-0.028
-0.0087
-0.014
-0.016
-0.014
-0.012
-0.0055
-0.0016
0.0052
-0.0023
-0.0076
0.0033
0.0052
-0.0079
-0.03
-0.043
-0.044
-0.04
-0.033
-0.024
-0.026
-0.035
-0.033
-0.015
-0.0002
0.0041
-0.00017
-0.0084
-0.0091
-0.0062
0.0029
0.018
0.018
0.016
0.012
0.013
0.019
0.017
0.0044
-0.0079
-0.0038
0.013
0.033
0.054
0.071
0.084
0.08
0.073
0.071
0.062
0.049
0.044
0.048
0.054
0.095
0.14
0.16
0.12
-0.0073
-0.077
-0.043
0.02
0.073
0.097
0.12
0.14
0.085
0.02
0.023
0.044
0.068
0.063
0.082
0.1
0.042
-0.063
-0.11
-0.055
0.02
0.056
0.052
0.029
0.038
0.026
0.026
0.083
0.097
0.043
-0.028
-0.085
-0.11
-0.11
-0.085
-0.063
-0.048
-0.047
-0.036
0.011
0.042
0.06
0.083
0.09
0.099
0.089
0.053
0.015
-0.0063
0.037
0.1
0.14
0.15
0.1
0.053
0.0076
-0.01
0.0036
0.018
0.042
0.058
0.052
0.044
0.064
0.099
0.11
0.087
0.046
0.03
0.025
0.018
0.022
0.044
0.063
0.062
0.05
0.036
0.03
0.042
0.073
0.1
0.11
0.078
0.04
0.018
0.005
0.0021
0.0072
0.023
0.052
0.069
0.059
0.023
-0.016
-0.049
-0.058
-0.046
-0.013
0.037
0.062
0.054
0.021
-0.022
-0.046
-0.045
-0.013
0.022
0.044
0.053
0.039
0.018
-0.0014
0.0057
0.032
0.062
0.075
0.075
0.053
0.024
0.0062
0.013
0.032
0.04
0.033
0.021
0.018
0.022
0.031
0.029
0.018
-0.008
-0.035
-0.035
-0.025
-0.018
-0.0086
-0.0078
-0.017
-0.022
-0.019
-0.011
-0.017
-0.027
-0.03
-0.0063
0.0076
0.018
0.035
0.034
0.029
0.023
0.0076
0.014
0.038
0.053
0.056
0.036
0.00093
-0.022
-0.02
0.02
0.058
0.084
0.097
0.086
0.063
0.027
-0.0021
-0.013
-0.0047
0.022
0.052
0.059
0.05
0.056
0.075
0.091
0.085
0.068
0.038
0.0055
-0.0065
-0.012
-0.011
-0.0082
0.0013
0.032
0.059
0.058
0.035
0.011
-0.012
-0.022
-0.022
-0.025
-0.021
-0.017
-0.018
-0.0078
0.014
0.022
0.0088
-0.02
-0.039
-0.042
-0.054
-0.069
-0.075
-0.058
-0.034
-0.033
-0.032
-0.037
-0.052
-0.059
-0.051
-0.043
-0.044
-0.05
-0.059
-0.065
-0.073
-0.07
-0.054
-0.026
0.0041
0.017
0.0059
-0.027
-0.057
-0.07
-0.073
-0.069
-0.053
-0.041
-0.041
-0.046
-0.056
-0.07
-0.088
-0.093
-0.074
-0.041
-0.02
-0.037
-0.063
-0.068
-0.061
-0.045
-0.028
-0.0061
0.0052
-0.00093
-0.016
-0.02
-0.01
-0.012
-0.013
-0.007
-0.0087
-0.013
-0.015
0.002
0.013
0.013
0.011
0.013
0.016
0.014
0.0027
-0.014
-0.021
-0.015
-0.003
0.0044
0.008
0.0058
0.00096
-0.0021
-0.0013
0.016
0.036
0.041
0.026
0.0068
0.0062
0.0026
-0.019
-0.037
-0.037
-0.025
-0.0085
-0.0005
-7.6e-005
0.0091
0.015
0.014
0.0099
0.0085
0.013
0.017
0.033
0.042
0.034
0.015
0.00026
0.0024
0.0091
0.014
0.021
0.029
0.029
0.022
0.012
-0.0017
-0.0069
-0.008
0.0072
0.03
0.041
0.035
0.017
0.0076
0.013
0.022
0.019
0.0087
-0.0033
-0.0047
0.0094
0.025
0.03
0.027
0.011
-0.0088
-0.02
-0.014
-0.0029
-0.012
-0.024
-0.0087
0.012
0.0095
0.012
0.028
0.029
-0.00056
-0.032
-0.032
-0.0021
0.024
0.03
0.035
0.05
0.075
0.082
0.061
0.033
0.023
0.022
0.025
0.015
-0.0061
-0.012
-0.0051
0.009
0.027
0.024
0.01
-0.0089
-0.015
-0.016
-0.031
-0.053
-0.059
-0.051
-0.043
-0.033
-0.021
-0.015
-0.018
-0.024
-0.025
-0.024
-0.033
-0.06
-0.092
-0.1
-0.083
-0.048
-0.028
-0.033
-0.045
-0.048
-0.031
-0.0051
0.0013
-0.008
-0.012
-0.023
-0.027
-0.0054
0.014
0.021
0.031
0.05
0.049
0.036
0.026
0.02
0.01
0.00014
0.0011
0.02
0.049
0.056
0.049
0.048
0.028
0.0066
-0.0041
-0.013
-0.024
-0.014
0.011
0.03
0.041
0.044
0.044
0.034
0.029
0.026
0.011
-0.011
-0.031
-0.044
-0.051
-0.052
-0.037
-0.0032
0.013
0.0062
0.0077
0.0094
-0.0055
-0.025
-0.032
-0.031
-0.021
-0.0078
-0.01
-0.005
0.0048
0.019
0.028
0.019
-0.0073
-0.044
-0.068
-0.064
-0.05
-0.034
-0.022
-0.022
-0.035
-0.043
-0.052
-0.043
-0.019
-0.013
-0.023
-0.049
-0.067
-0.071
-0.061
-0.059
-0.056
-0.042
-0.034
-0.023
-0.0059
0.0089
0.0087
-0.0042
-0.017
-0.017
-0.0018
0.0032
-0.013
-0.024
0.00044
0.031
0.034
0.024
0.021
0.018
0.014
0.019
0.031
0.046
0.056
0.048
0.039
0.032
0.025
0.0095
0.009
0.028
0.041
0.039
0.037
0.037
0.031
0.019
0.0013
-0.0048
0.0014
-0.0023
-0.0097
-0.0026
0.016
0.031
0.028
0.013
0.0053
0.0091
0.013
0.014
-0.0031
-0.021
-0.021
-0.0079
0.012
0.015
-0.0034
-0.026
-0.031
-0.0087
0.023
0.036
0.034
0.029
0.015
-0.016
-0.04
-0.039
-0.0072
0.016
4.6e-005
0.0086
0.047
0.073
0.079
0.072
0.054
0.056
0.048
0.031
0.029
0.035
0.058
0.071
0.063
0.041
0.0056
-0.017
-0.015
-0.007
-0.0094
-0.016
-0.018
-0.0098
-0.0076
-0.022
-0.037
-0.043
-0.035
-0.017
-0.004
0.0029
0.0051
-0.004
-0.021
-0.041
-0.061
-0.062
-0.043
-0.026
-0.011
0.012
0.042
0.048
0.031
0.0086
-0.0014
-0.0024
-0.0094
-0.0014
0.018
0.036
0.057
0.078
0.083
0.069
0.055
0.047
0.046
0.037
0.029
0.015
0.0064
0.0089
0.0093
0.011
0.023
0.033
0.034
0.039
0.041
0.044
0.026
-0.02
-0.055
-0.066
-0.066
-0.058
-0.046
-0.031
-0.017
-0.013
-0.021
-0.023
-0.014
0.0056
0.022
0.019
0.0016
-0.012
-0.028
-0.051
-0.06
-0.053
-0.057
-0.076
-0.076
-0.046
-0.039
-0.04
-0.017
0.0028
0.011
0.019
0.027
0.016
-0.0099
-0.047
-0.067
-0.067
-0.065
-0.052
-0.044
-0.043
-0.041
-0.021
0.00087
0.0047
0.0044
0.0005
-0.015
-0.03
-0.027
-0.025
-0.032
-0.034
-0.033
-0.029
-0.022
-0.017
-0.02
-0.019
-0.021
-0.017
0.0016
0.016
0.013
0.0094
0.0033
-0.0068
-0.014
-0.017
-0.028
-0.046
-0.047
-0.029
-0.015
0.0029
0.035
0.043
0.031
0.027
0.033
0.027
0.0091
-0.023
-0.064
-0.077
-0.055
-0.016
0.015
0.032
0.041
0.034
0.029
0.028
0.021
0.008
0.0047
-0.0053
-0.028
-0.043
-0.043
-0.026
-0.017
-0.035
-0.046
-0.041
-0.035
-0.04
-0.055
-0.063
-0.057
-0.055
-0.056
-0.043
-0.029
-0.02
-0.0088
-0.0029
-0.011
-0.029
-0.064
-0.11
-0.13
-0.11
-0.086
-0.072
-0.058
-0.036
-0.019
-0.016
-0.023
-0.044
-0.064
-0.066
-0.061
-0.055
-0.048
-0.056
-0.065
-0.064
-0.054
-0.045
-0.049
-0.036
-0.013
0.0048
0.0043
-0.0076
-0.0014
0.022
0.039
0.047
0.046
0.031
0.012
0.0034
0.0099
0.02
0.017
0.012
-0.0053
-0.015
-0.013
-0.015
-0.024
-0.027
-0.015
0.0011
0.0061
0.0044
0.0028
0.0071
0.014
0.026
0.04
0.046
0.026
-0.0064
-0.022
-0.032
-0.027
-0.03
-0.041
-0.05
-0.047
-0.018
0.018
0.031
0.016
-0.0084
-0.037
-0.042
-0.031
-0.029
-0.021
-0.022
-0.018
-0.016
-0.027
-0.029
-0.0088
0.0076
0.017
0.025
0.035
0.037
0.017
0.0076
0.024
0.034
0.042
0.048
0.036
0.016
0.0097
0.014
0.025
0.031
0.027
0.029
0.034
0.037
0.036
0.032
0.022
0.028
0.059
0.071
0.058
0.039
0.037
0.039
0.027
0.037
0.053
0.047
0.039
0.042
0.045
0.049
0.044
0.022
0.013
0.01
0.0028
-0.0073
-0.016
-0.016
-0.01
-0.0062
-0.0027
-0.004
-0.012
-0.011
-0.0088
-0.016
-0.026
-0.035
-0.029
-0.02
-0.027
-0.039
-0.048
-0.055
-0.048
-0.033
-0.029
-0.033
-0.037
-0.042
-0.037
-0.029
-0.029
-0.023
-0.023
-0.019
-0.019
-0.024
-0.025
-0.031
-0.046
-0.045
-0.039
-0.042
-0.043
-0.041
-0.051
-0.07
-0.072
-0.056
-0.036
-0.015
-0.0044
-0.0093
-0.018
-0.018
-0.017
-0.011
0.0024
0.0031
-0.0087
-0.015
-0.011
-0.015
-0.023
-0.029
-0.028
-0.023
-0.024
-0.03
-0.028
-0.019
-0.0036
0.016
0.021
0.011
0.00047
-0.019
-0.021
0.00044
0.027
0.035
0.031
0.014
-0.0042
-0.011
-0.015
-0.012
-0.00096
0.016
0.032
0.048
0.055
0.05
0.047
0.058
0.058
0.032
-0.0022
-0.035
-0.049
-0.025
0.0074
0.022
0.036
0.059
0.073
0.07
0.064
0.066
0.075
0.074
0.059
0.03
0.004
0.009
0.034
0.051
0.06
0.071
0.084
0.075
0.055
0.049
0.045
0.026
0.013
0.023
0.039
0.06
0.079
0.092
0.091
0.082
0.076
0.062
0.042
0.03
0.021
0.024
0.042
0.045
0.033
0.043
0.058
0.066
0.061
0.04
0.021
-0.0067
-0.031
-0.027
-0.0075
0.0068
0.02
0.023
0.012
0.014
0.0023
-0.012
-0.021
-0.037
-0.044
-0.032
-0.0086
0.0062
0.024
0.028
0.018
0.015
0.01
0.0073
-0.003
0.0071
0.032
0.029
0.0093
0.0088
0.011
0.0033
0.012
0.0091
0.0011
0.0071
0.031
0.059
0.064
0.052
0.039
0.018
0.0081
0.013
0.028
0.041
0.04
0.023
0.024
0.034
0.023
0.029
0.044
0.052
0.061
0.058
0.038
0.02
-0.0017
-0.02
-0.0067
0.0018
0.0024
0.013
0.025
0.026
0.029
0.044
0.06
0.072
0.06
0.038
0.007
-0.028
-0.027
0.0059
0.041
0.043
0.034
0.023
0.01
0.02
0.044
0.057
0.045
0.036
0.049
0.059
0.058
0.044
0.034
0.033
0.045
0.059
0.054
0.047
0.04
0.028
0.02
0.022
0.015
-0.01
-0.028
-0.022
-0.017
-0.021
-0.022
-0.022
-0.021
-0.018
-0.023
-0.029
-0.029
-0.031
-0.034
-0.029
-0.03
-0.039
-0.041
-0.028
-0.026
-0.033
-0.029
-0.027
-0.02
-0.02
-0.035
-0.025
-0.0064
0.0018
0.012
0.013
-0.0011
-0.0015
0.0091
0.018
0.019
0.0056
-0.0012
0.0074
0.014
0.023
0.021
0.00078
-0.008
0.012
0.036
0.042
0.029
0.023
0.025
0.025
0.027
0.017
-0.007
-0.018
-0.0059
0.012
0.028
0.039
0.028
0.009
-0.0032
-0.013
-0.01
-0.00014
-0.00023
-0.0055
0.0027
0.018
0.02
0.014
0.014
0.018
0.016
0.019
0.02
0.0097
0.017
0.041
0.066
0.063
0.036
0.02
0.026
0.023
0.014
0.016
0.023
0.029
0.03
0.036
0.029
0.017
0.027
0.042
0.046
0.044
0.031
0.0084
0.0093
0.041
0.054
0.044
0.027
0.0053
-0.0085
-0.0045
-0.0053
-0.0027
0.013
0.034
0.052
0.047
0.035
0.023
0.019
0.036
0.046
0.032
0.0036
-0.021
-0.039
-0.037
-0.026
-0.012
0.015
0.023
0.016
0.024
0.03
0.044
0.06
0.049
0.0093
-0.024
-0.049
-0.055
-0.044
-0.0091
0.054
0.1
0.11
0.087
0.036
-0.0067
-0.027
-0.021
0.00081
0.014
0.0076
0.004
0.0057
0.0022
0.0025
-0.0053
-0.014
-0.014
-0.027
-0.037
-0.02
0.004
0.0094
-0.014
-0.03
-0.0098
0.017
0.025
0.022
0.013
0.00032
-0.02
-0.045
-0.049
-0.036
-0.039
-0.051
-0.044
-0.033
-0.024
-0.017
-0.015
-0.0086
0.0017
0.011
0.0087
-0.0052
-0.029
-0.046
-0.047
-0.034
-0.025
-0.038
-0.061
-0.072
-0.055
-0.0083
0.029
0.045
0.053
0.053
0.034
0.0087
-0.018
-0.044
-0.053
-0.06
-0.054
-0.034
-0.028
-0.026
-0.019
-0.037
-0.064
-0.067
-0.065
-0.066
-0.071
-0.074
-0.073
-0.067
-0.046
-0.0084
0.035
0.065
0.071
0.034
-0.017
-0.05
-0.068
-0.06
-0.036
-0.01
0.0069
0.0078
0.0064
0.019
0.048
0.076
0.1
0.1
0.086
0.054
0.019
0.0009
-4.6e-005
0.018
0.051
0.069
0.058
0.041
0.043
0.047
0.047
0.052
0.066
0.072
0.06
0.047
0.035
0.035
0.058
0.089
0.1
0.1
0.09
0.074
0.069
0.057
0.042
0.037
0.038
0.033
0.027
0.03
0.037
0.04
0.045
0.054
0.055
0.046
0.05
0.044
0.034
0.024
0.015
0.015
0.016
0.011
0.02
0.04
0.037
0.018
0.0077
0.014
0.023
0.027
0.027
0.021
0.013
0.011
0.0023
-0.0039
0.0031
0.0087
0.0018
-0.00069
-0.0059
-0.022
-0.031
-0.031
-0.031
-0.038
-0.061
-0.083
-0.073
-0.044
-0.023
-0.012
-0.014
-0.025
-0.052
-0.062
-0.04
-0.016
-0.0075
-0.0076
-0.011
-0.021
-0.028
-0.027
-0.018
-0.0098
-0.016
-0.022
-0.024
-0.018
-0.01
-0.018
-0.038
-0.049
-0.048
-0.043
-0.028
-0.021
-0.0075
0.0081
0.0087
-0.0048
-0.017
-0.024
-0.033
-0.034
-0.014
0.0049
-0.0025
-0.01
-0.011
-0.023
-0.03
-0.025
-0.021
-0.012
-0.012
-0.03
-0.035
-0.028
-0.039
-0.053
-0.047
-0.015
0.02
0.026
0.013
0.0026
-0.0051
-0.0086
-0.013
-0.022
-0.017
0.005
0.019
0.021
0.028
0.026
0.024
0.026
0.037
0.042
0.028
0.018
0.024
0.025
0.0039
-0.024
-0.048
-0.052
-0.043
-0.026
0.0041
0.027
0.046
0.064
0.066
0.059
0.05
0.025
-0.015
-0.03
-0.017
0.022
0.054
0.059
0.065
0.068
0.067
0.059
0.049
0.039
0.034
0.025
0.019
0.042
0.073
0.097
0.1
0.099
0.09
0.078
0.061
0.048
0.033
0.012
-0.00075
-0.019
-0.042
-0.045
-0.03
0.0076
0.045
0.064
0.059
0.036
0.0071
-0.017
-0.024
-0.016
0.0051
0.013
0.0065
-0.00053
-0.012
-0.018
-0.012
-0.0051
-0.0056
-0.003
0.0033
0.0047
-0.0024
-0.0046
0.014
0.023
0.023
0.024
0.0088
-0.0054
0.0019
0.012
0.023
0.032
0.011
-0.0075
-0.0098
-0.018
-0.023
-0.016
-0.0078
0.0022
0.023
0.048
0.065
0.058
0.037
0.026
0.019
0.0083
-0.0095
-0.014
0.011
0.028
0.012
-0.012
-0.016
-0.0078
0.015
0.032
0.02
-0.0055
-0.03
-0.035
-0.027
-0.022
-0.018
-0.011
0.0044
0.011
0.0067
0.013
0.023
0.018
0.013
0.026
0.034
0.026
0.017
0.0053
0.0072
0.031
0.05
0.063
0.073
0.068
0.05
0.026
0.0098
0.0031
-0.0025
0.0043
0.023
0.034
0.03
0.036
0.034
0.029
0.033
0.036
0.038
0.028
0.019
0.023
0.023
0.024
0.029
0.026
0.0087
0.011
0.017
0.013
0.011
0.016
0.042
0.056
0.036
0.0089
0.0036
-0.0038
-0.021
-0.019
-0.0057
-0.0011
-0.0044
0.00032
0.011
0.008
0.0026
-0.00075
0.0052
0.018
0.014
-0.0063
-0.013
-0.014
-0.023
-0.023
-0.023
-0.013
0.0031
-0.0017
-0.014
-0.016
-0.017
-0.019
-0.016
-0.012
-0.0071
-0.0047
-0.02
-0.03
-0.018
0.0085
0.033
0.03
0.025
0.021
0.014
0.018
0.027
0.03
0.023
0.014
0.017
0.032
0.043
0.052
0.056
0.052
0.047
0.032
0.0088
-4.6e-005
-0.004
-0.015
-0.014
0.00035
0.012
0.027
0.029
0.024
0.024
0.022
0.019
0.00069
-0.028
-0.031
-0.0047
0.0022
-0.0048
-0.0099
-0.004
0.011
0.024
0.025
-0.0028
-0.035
-0.028
0.0077
0.024
0.018
0.016
0.01
-0.011
-0.036
-0.045
-0.024
-0.0046
0.0081
0.021
0.028
0.033
0.05
0.053
0.055
0.067
0.067
0.045
0.0079
-0.017
-0.022
-0.022
-0.0091
0.022
0.048
0.069
0.083
0.07
0.058
0.064
0.064
0.051
0.02
-0.0048
0.0028
0.022
0.025
0.017
0.0036
-0.005
0.00038
-0.00047
-0.019
-0.04
-0.045
-0.037
-0.032
-0.012
0.035
0.068
0.065
0.048
0.028
0.0044
-0.022
-0.058
-0.058
-0.024
-0.0042
0.0053
-0.00047
-0.025
-0.051
-0.049
-0.032
-0.019
-0.012
-0.0062
-0.0051
-0.024
-0.05
-0.055
-0.034
-0.01
-0.0006
0.013
0.033
0.035
0.0011
-0.019
-0.0065
0.0067
0.0046
-0.018
-0.055
-0.077
-0.075
-0.056
-0.019
0.0086
0.0098
-0.011
-0.032
-0.028
-0.016
-0.00096
0.0045
-0.0085
-0.033
-0.048
-0.059
-0.071
-0.065
-0.052
-0.031
-0.0009
0.021
0.013
-0.042
-0.087
-0.075
-0.036
-0.0025
0.019
0.045
0.038
-0.023
-0.099
-0.12
-0.12
-0.13
-0.15
-0.13
-0.064
0.01
0.075
0.11
0.08
-0.019
-0.1
-0.11
-0.088
-0.084
-0.082
-0.093
-0.1
-0.1
-0.098
-0.071
-0.0069
0.034
0.039
0.014
-0.026
-0.045
-0.065
-0.092
-0.1
-0.079
-0.042
-0.044
-0.079
-0.097
-0.061
-0.00069
0.034
0.038
0.019
0.0089
-0.0033
-0.018
-0.017
-0.0025
-0.012
-0.03
-0.037
-0.041
-0.033
-0.018
-0.00023
0.0056
0.0023
0.0081
-0.0062
-0.03
-0.036
-0.033
-0.012
0.018
0.02
-0.0049
-0.024
-0.036
-0.041
-0.026
0.011
0.049
0.074
0.083
0.074
0.056
0.034
0.011
-0.0086
-0.0076
0.032
0.063
0.053
0.016
-0.021
-0.024
0.016
0.063
0.081
0.064
0.032
0.0071
-0.0025
-0.0043
-0.0066
-0.019
-0.012
0.015
0.033
0.038
0.037
0.033
0.033
0.029
0.024
0.033
0.036
0.033
0.027
0.0073
-0.0043
0.012
0.039
0.077
0.12
0.14
0.092
-0.014
-0.096
-0.084
-0.024
0.034
0.07
0.066
0.048
0.038
0.035
0.042
0.045
0.028
0.019
0.014
-0.013
-0.031
-0.022
0.0029
0.026
0.03
0.02
0.0055
-0.0069
-0.011
-0.0059
-0.0043
-0.0079
-0.013
-0.02
-0.021
-0.024
-0.025
-0.0057
0.038
0.089
0.13
0.12
0.085
0.049
0.014
-0.011
-0.018
-0.0099
0.0097
0.026
0.037
0.037
0.013
-0.016
-0.023
-0.004
0.026
0.047
0.032
-0.0032
-0.023
-0.023
-0.018
-0.018
-0.026
-0.034
-0.036
-0.037
-0.037
-0.039
-0.06
-0.076
-0.069
-0.041
-0.022
-0.018
-0.021
-0.025
-0.03
-0.032
-0.029
-0.029
-0.027
-0.033
-0.043
-0.042
-0.033
-0.019
-0.025
-0.045
-0.062
-0.07
-0.077
-0.068
-0.04
-0.0039
0.023
0.013
-0.014
-0.024
-0.036
-0.057
-0.071
-0.077
-0.071
-0.052
-0.052
-0.041
-0.022
-0.038
-0.047
-0.054
-0.084
-0.098
-0.084
-0.077
-0.052
-0.018
-0.025
-0.025
-0.0064
0.0025
0.013
0.0081
-7.6e-005
0.0027
0.0096
0.012
0.014
0.00053
-0.018
-0.018
-0.012
0.00044
0.01
0.014
0.022
0.032
0.049
0.054
0.027
-0.012
-0.017
-0.0025
0.013
0.025
0.028
0.034
0.045
0.051
0.054
0.05
0.046
0.051
0.058
0.056
0.049
0.036
0.034
0.031
0.0065
0.0055
0.037
0.065
0.077
0.086
0.086
0.088
0.098
0.1
0.11
0.12
0.12
0.1
0.098
0.11
0.12
0.12
0.1
0.084
0.07
0.08
0.11
0.12
0.12
0.098
0.068
0.056
0.077
0.1
0.1
0.086
0.074
0.082
0.089
0.098
0.096
0.076
0.057
0.042
0.03
0.036
0.051
0.045
0.03
0.035
0.052
0.05
0.036
0.031
0.024
0.018
0.019
0.015
0.01
0.014
0.012
0.016
0.042
0.062
0.049
0.016
-0.01
-0.015
-0.017
-0.017
0.0065
0.043
0.069
0.066
0.046
0.041
0.048
0.045
0.027
0.011
4.6e-005
-0.0033
-0.0018
0.0097
0.016
0.011
-0.0016
-0.019
-0.014
0.0019
0.0087
-0.009
-0.036
-0.042
-0.035
-0.029
-0.032
-0.034
-0.019
-0.014
-0.033
-0.041
-0.026
-0.0076
0.0028
0.0078
0.014
0.02
0.013
-0.00081
-0.01
-0.013
-0.018
-0.019
-0.0097
0.012
0.036
0.042
0.042
0.044
0.037
0.025
0.018
0.014
0.0066
0.0051
0.0053
0.0093
0.013
0.015
0.015
0.0088
0.0017
-0.0099
-0.0073
0.017
0.042
0.046
0.035
0.023
0.013
0.0092
-0.00072
-0.013
-0.02
-0.013
0.013
0.048
0.071
0.068
0.038
-0.011
-0.039
-0.03
-0.011
0.007
0.029
0.05
0.028
-0.021
-0.053
-0.054
-0.043
-0.015
0.04
0.081
0.096
0.078
0.05
0.03
0.00081
-0.017
-0.015
-0.0054
0.014
0.033
0.035
0.022
0.019
0.023
0.032
0.035
0.019
0.0051
0.0085
0.031
0.035
0.017
-0.013
-0.032
-0.014
0.023
0.04
-0.00044
-0.016
-0.0087
-0.016
0.032
0.067
0.05
0.05
0.043
0.024
0.049
0.075
0.083
0.068
0.013
-0.0015
0.019
0.0013
-0.015
0.024
0.064
0.075
0.066
0.04
0.0094
-0.025
-0.019
0.028
0.06
0.066
0.055
0.032
-0.00047
-0.026
-0.035
-0.021
-0.0085
-0.0026
0.0089
-0.00063
-0.014
-0.0047
0.0084
0.016
0.025
0.029
0.016
0.002
-0.0071
0.0029
0.028
0.041
0.028
0.016
0.021
0.013
-0.00047
0.0075
0.035
0.061
0.056
0.036
0.022
-0.0044
-0.03
-0.017
0.013
0.025
0.025
0.0059
-0.021
-0.032
-0.039
-0.041
-0.034
-0.02
-0.0059
-0.0034
-0.014
-0.02
-0.028
-0.043
-0.052
-0.054
-0.037
-0.018
-0.03
-0.053
-0.067
-0.07
-0.063
-0.047
-0.034
-0.033
-0.043
-0.072
-0.093
-0.088
-0.074
-0.065
-0.049
-0.026
-0.024
-0.036
-0.047
-0.043
-0.027
-0.026
-0.041
-0.051
-0.054
-0.056
-0.047
-0.036
-0.025
-0.009
0.0021
0.0036
-0.011
-0.026
-0.036
-0.043
-0.044
-0.038
-0.042
-0.052
-0.052
-0.046
-0.031
-0.014
-7.6e-005
0.0096
0.0038
-0.0088
-0.018
-0.024
-0.03
-0.017
0.013
0.034
0.024
0.0071
0.0058
0.0094
0.025
0.042
0.052
0.073
0.085
0.086
0.088
0.082
0.06
0.038
0.022
0.0079
0.02
0.055
0.088
0.098
0.084
0.065
0.046
0.041
0.05
0.058
0.057
0.051
0.057
0.071
0.08
0.065
0.051
0.047
0.032
0.019
0.03
0.047
0.051
0.043
0.021
0.0069
0.0053
0.0056
0.0053
0.0032
0.0052
0.018
0.032
0.046
0.051
0.044
0.036
0.036
0.041
0.045
0.045
0.048
0.056
0.054
0.053
0.047
0.024
0.0069
0.011
0.018
0.02
0.03
0.04
0.047
0.049
0.042
0.037
0.027
0.025
0.023
0.017
0.01
-0.0031
-0.02
-0.017
0.0033
0.0077
-0.0021
-0.0078
-0.016
-0.042
-0.068
-0.079
-0.083
-0.072
-0.053
-0.035
-0.02
-0.011
-0.016
-0.019
-0.014
-0.013
-0.0054
-0.0015
-0.0036
-0.017
-0.035
-0.047
-0.046
-0.027
-0.0077
0.02
0.049
0.073
0.083
0.084
0.075
0.042
-0.00026
-0.041
-0.062
-0.053
-0.017
0.026
0.047
0.062
0.083
0.083
0.049
0.013
-0.0036
-0.016
-0.033
-0.057
-0.075
-0.078
-0.064
-0.041
-0.027
-0.015
-0.0075
-0.0057
-0.013
-0.019
-0.025
-0.043
-0.053
-0.057
-0.066
-0.083
-0.089
-0.075
-0.041
-0.0019
0.015
0.0087
-0.0065
-0.016
-0.021
-0.037
-0.05
-0.046
-0.033
-0.029
-0.033
-0.038
-0.042
-0.046
-0.04
-0.028
-0.034
-0.046
-0.047
-0.037
-0.019
-0.011
-0.026
-0.042
-0.047
-0.057
-0.072
-0.073
-0.052
-0.042
-0.059
-0.065
-0.067
-0.075
-0.073
-0.059
-0.037
-0.018
-0.011
-0.015
-0.0052
0.012
0.014
0.011
0.017
0.03
0.033
0.03
0.023
0.018
0.016
0.0066
0.0065
0.01
0.0082
0.011
0.05
0.12
0.17
0.16
0.065
-0.04
-0.065
-0.0088
0.082
0.13
0.091
-0.0044
-0.047
-0.022
0.033
0.092
0.11
0.09
0.051
0.032
0.018
-0.022
-0.036
-0.0019
0.038
0.063
0.063
0.018
-0.032
-0.041
-0.023
0.014
0.038
0.025
-0.0005
-0.012
-0.016
-0.0093
-0.0066
-0.0098
-0.011
-0.02
-0.023
-0.019
-0.0047
0.038
0.07
0.065
0.055
0.042
0.0069
-0.022
-0.009
0.032
0.063
0.064
0.044
0.0054
-0.026
-0.027
-0.022
-0.017
-0.011
-0.0085
0.0019
0.028
0.058
0.081
0.093
0.096
0.098
0.092
0.081
0.07
0.059
0.054
0.036
0.022
0.036
0.067
0.084
0.077
0.067
0.063
0.058
0.053
0.058
0.057
0.059
0.063
0.059
0.06
0.064
0.066
0.061
0.068
0.072
0.06
0.056
0.063
0.062
0.049
0.048
0.056
0.06
0.06
0.056
0.069
0.11
0.12
0.094
0.042
-0.015
-0.053
-0.051
-0.013
0.031
0.047
0.038
0.0061
-0.025
-0.022
-0.003
-0.0017
-0.016
-0.024
-0.013
-0.0039
-0.011
-0.019
-0.023
-0.036
-0.053
-0.063
-0.072
-0.077
-0.076
-0.063
-0.049
-0.034
-0.03
-0.027
-0.031
-0.046
-0.064
-0.082
-0.081
-0.068
-0.064
-0.079
-0.093
-0.086
-0.066
-0.054
-0.054
-0.062
-0.059
-0.053
-0.048
-0.048
-0.046
-0.032
-0.012
-0.0069
-0.0016
-0.012
-0.041
-0.056
-0.061
-0.083
-0.11
-0.098
-0.049
0.0068
0.033
0.024
0.0087
-0.0026
-0.013
-0.018
-0.016
-0.019
-0.031
-0.039
-0.037
-0.018
0.00087
0.017
0.033
0.045
0.056
0.045
0.0082
-0.032
-0.05
-0.051
-0.051
-0.03
-0.003
0.022
0.032
0.036
0.039
0.026
0.0029
-1.5e-005
0.02
0.027
0.021
0.015
7.6e-005
-0.0045
0.015
0.032
0.021
-0.0042
-0.022
-0.015
0.0046
0.023
0.047
0.068
0.084
0.098
0.1
0.086
0.053
0.032
0.042
0.06
0.065
0.06
0.051
0.034
0.027
0.032
0.054
0.082
0.081
0.053
0.034
0.029
0.03
0.042
0.048
0.051
0.045
0.037
0.044
0.056
0.067
0.076
0.077
0.078
0.096
0.11
0.088
0.054
0.023
0.016
0.018
0.0054
-0.0054
-0.0081
-0.0015
0.017
0.035
0.052
0.061
0.06
0.057
0.048
0.039
0.035
0.05
0.071
0.084
0.074
0.061
0.064
0.06
0.045
0.027
0.015
0.017
0.042
0.048
0.032
0.016
0.008
0.012
0.02
0.025
0.02
0.014
0.0036
-0.0036
0.0019
0.00099
-0.0074
-0.011
0.001
1.5e-005
-0.023
-0.037
-0.025
-0.0075
0.0032
-0.0032
-0.025
-0.026
-0.015
-0.014
-0.012
-0.0047
-0.0011
-0.0029
0.0054
0.01
-0.00023
-0.028
-0.042
-0.04
-0.023
0.004
0.024
0.031
0.023
0.0023
-0.02
-0.029
-0.04
-0.05
-0.053
-0.051
-0.047
-0.043
-0.039
-0.02
-0.0029
-0.0072
-0.021
-0.017
-0.0068
0.00069
0.011
0.0068
0.012
0.022
0.019
-0.005
-0.041
-0.065
-0.071
-0.066
-0.053
-0.033
-0.025
-0.021
-0.017
-0.027
-0.049
-0.062
-0.051
-0.038
-0.036
-0.044
-0.053
-0.065
-0.078
-0.079
-0.068
-0.063
-0.066
-0.077
-0.09
-0.085
-0.076
-0.084
-0.1
-0.12
-0.096
-0.059
-0.04
-0.054
-0.081
-0.078
-0.051
-0.031
-0.025
-0.023
-0.041
-0.065
-0.069
-0.067
-0.057
-0.034
-0.02
-0.028
-0.044
-0.052
-0.052
-0.046
-0.041
-0.047
-0.055
-0.051
-0.02
0.0084
0.0081
-0.015
-0.03
-0.023
-0.017
-0.02
-0.019
-0.00056
0.0081
0.00041
-0.012
-0.027
-0.018
-0.0041
0.0006
0.007
0.011
0.0088
0.012
0.011
0.0071
0.0028
-0.023
-0.041
-0.025
0.00014
-0.0028
-0.015
-0.025
-0.045
-0.061
-0.06
-0.049
-0.03
-0.0063
0.009
0.02
0.029
0.012
-0.024
-0.051
-0.056
-0.036
-0.0038
0.028
0.05
0.062
0.078
0.09
0.09
0.08
0.066
0.051
0.045
0.05
0.05
0.052
0.058
0.066
0.077
0.096
0.11
0.12
0.12
0.09
0.056
0.019
-0.003
0.0014
0.006
0.0087
0.018
0.035
0.068
0.087
0.074
0.046
-0.00078
-0.053
-0.067
-0.059
-0.055
-0.036
-0.0018
0.021
0.011
-0.017
-0.023
-0.00035
0.025
0.031
0.017
-0.0012
-0.015
-0.037
-0.051
-0.031
-0.0058
-0.0018
0.0012
0.013
0.021
0.016
-0.012
-0.037
-0.029
-0.0023
0.021
0.026
0.025
0.022
0.019
0.014
0.022
0.023
0.01
0.001
-0.0055
0.0086
0.025
0.033
0.04
0.039
0.015
-0.013
-0.027
-0.0056
0.033
0.044
0.036
0.031
0.027
0.027
0.02
0.003
-0.0054
-0.012
-0.019
-0.0088
0.0017
0.002
-0.0016
-0.0061
0.0057
0.028
0.027
0.0086
-0.004
0.0021
0.011
0.011
0.0023
0.0021
0.007
-0.0006
0.0039
0.023
0.034
0.033
0.029
0.023
0.0014
-0.03
-0.036
-0.0096
0.015
0.026
0.021
0.017
0.033
0.045
0.034
0.012
0.014
0.043
0.064
0.062
0.043
0.023
0.0081
-0.0059
-0.0056
0.029
0.08
0.095
0.062
0.028
0.025
0.032
0.05
0.08
0.097
0.091
0.06
0.026
0.022
0.04
0.064
0.082
0.093
0.081
0.054
0.035
0.034
0.032
0.022
0.016
0.016
0.019
0.01
-0.00099
-0.0015
0.012
0.024
0.021
0.017
0.017
0.017
-0.00066
-0.025
-0.039
-0.024
0.014
0.033
0.031
0.029
0.022
0.0038
-0.016
-0.014
-0.0012
-0.0013
-0.00023
0.018
0.03
0.028
0.023
0.018
0.0098
0.0048
0.01
0.01
0.0036
-0.0062
-0.025
-0.034
-0.02
-0.0017
0.013
0.026
0.038
0.035
0.013
-0.014
-0.033
-0.04
-0.047
-0.054
-0.055
-0.044
-0.042
-0.044
-0.041
-0.032
-0.021
-0.022
-0.037
-0.049
-0.04
-0.022
-0.013
-0.02
-0.028
-0.02
-0.012
-0.024
-0.036
-0.039
-0.035
-0.036
-0.044
-0.033
-0.015
-0.028
-0.042
-0.031
-0.028
-0.034
-0.026
-0.011
-0.016
-0.03
-0.028
-0.024
-0.031
-0.05
-0.066
-0.061
-0.042
-0.025
-0.0041
0.014
0.011
-0.0053
-0.015
-0.0064
-0.0061
-0.016
-0.029
-0.036
-0.02
-0.0089
-0.012
-0.01
0.0093
0.037
0.048
0.046
0.038
0.034
0.033
0.033
0.022
0.013
0.024
0.045
0.071
0.084
0.077
0.063
0.044
0.028
0.038
0.06
0.069
0.067
0.038
-0.0023
-0.018
-0.015
0.0069
0.036
0.051
0.048
0.05
0.061
0.06
0.047
0.039
0.051
0.07
0.073
0.06
0.052
0.061
0.079
0.092
0.093
0.098
0.11
0.099
0.071
0.053
0.065
0.082
0.092
0.098
0.094
0.081
0.065
0.064
0.087
0.11
0.1
0.082
0.081
0.085
0.086
0.093
0.11
0.13
0.12
0.12
0.12
0.11
0.078
0.055
0.049
0.066
0.088
0.078
0.051
0.022
-0.0024
-0.00014
0.026
0.04
0.037
0.029
0.027
0.041
0.046
0.033
0.009
0.0033
0.019
0.023
0.022
0.034
0.063
0.074
0.058
0.013
-0.027
-0.045
-0.054
-0.061
-0.07
-0.06
-0.037
-0.015
-0.0051
-0.014
-0.034
-0.048
-0.047
-0.049
-0.047
-0.036
-0.033
-0.049
-0.074
-0.081
-0.07
-0.067
-0.081
-0.091
-0.07
-0.028
-0.00041
-0.022
-0.071
-0.095
-0.098
-0.1
-0.096
-0.074
-0.056
-0.045
-0.049
-0.062
-0.07
-0.089
-0.1
-0.091
-0.074
-0.077
-0.093
-0.091
-0.073
-0.059
-0.066
-0.089
-0.11
-0.11
-0.072
-0.032
0.0034
0.011
-0.0016
-0.027
-0.048
-0.066
-0.084
-0.078
-0.046
-0.012
0.0065
0.0034
-0.017
-0.048
-0.091
-0.13
-0.12
-0.064
-0.0079
0.011
0.0079
-0.022
-0.049
-0.041
-0.016
-0.016
-0.046
-0.062
-0.065
-0.07
-0.063
-0.06
-0.059
-0.065
-0.074
-0.073
-0.07
-0.059
-0.042
-0.0071
0.013
-0.00017
-0.032
-0.062
-0.068
-0.051
-0.018
0.0041
0.015
0.011
-0.0037
-0.016
-0.031
-0.033
-0.021
-0.014
-0.029
-0.047
-0.0033
0.094
0.13
0.059
0.0069
0.048
0.095
0.076
0.017
-0.031
-0.026
0.026
0.065
0.055
0.014
-0.018
-0.012
0.00044
0.0097
0.014
0.019
0.038
0.044
0.02
0.0063
0.016
0.016
0.0049
-0.0015
0.012
0.039
0.057
0.061
0.062
0.069
0.089
0.095
0.072
0.035
0.0066
-0.0011
0.019
0.054
0.08
0.093
0.083
0.056
0.037
0.027
0.033
0.05
0.069
0.083
0.075
0.047
0.031
0.037
0.044
0.057
0.076
0.09
0.08
0.069
0.076
0.08
0.046
-0.0025
-0.013
0.0097
0.04
0.054
0.05
0.046
0.028
0.0027
0.0025
0.023
0.027
0.0051
-0.035
-0.075
-0.089
-0.073
-0.041
-0.018
-0.014
-0.041
-0.07
-0.058
-0.0072
0.039
0.057
0.05
0.023
-0.004
-0.036
-0.049
-0.02
0.024
0.046
0.042
0.038
0.047
0.052
0.031
0.0024
-0.02
-0.031
-0.021
0.005
0.02
0.0089
-0.014
-0.029
-0.031
-0.014
0.019
0.038
0.04
0.047
0.054
0.051
0.04
0.017
-0.012
-0.012
0.016
0.035
0.027
0.013
-0.0061
-0.003
0.016
0.012
-0.0092
-0.023
-0.032
-0.037
-0.039
-0.039
-0.039
-0.052
-0.074
-0.087
-0.083
-0.055
-0.027
-0.012
-0.013
-0.022
-0.022
-0.015
-0.011
-0.025
-0.037
-0.031
-0.025
-0.017
-0.0076
-0.013
-0.029
-0.05
-0.048
-0.024
7.6e-005
0.0012
-0.024
-0.046
-0.053
-0.057
-0.036
0.0012
0.026
0.018
-0.0032
-0.014
-0.02
-0.017
-0.026
-0.046
-0.049
-0.037
-0.017
-0.0039
-0.0023
-0.016
-0.026
-0.011
0.014
0.021
-0.01
-0.043
-0.05
-0.034
-0.012
0.0011
0.011
0.0078
-0.011
-0.023
-0.024
-0.02
-0.019
-0.03
-0.035
-0.0068
0.029
0.049
0.041
0.031
0.041
0.052
0.051
0.031
0.014
0.0022
-0.024
-0.033
-0.0012
0.026
0.035
0.035
0.026
0.014
0.0012
-0.0034
0.013
0.038
0.049
0.032
0.021
0.026
0.018
0.0009
-0.016
-0.023
-0.022
-0.024
-0.03
-0.038
-0.046
-0.048
-0.041
-0.024
0.0088
0.03
0.024
0.013
-0.0056
-0.019
-0.017
-0.0028
0.015
0.02
0.013
0.011
0.018
0.028
0.038
0.04
0.04
0.052
0.064
0.052
0.034
0.033
0.045
0.05
0.055
0.06
0.048
0.012
-0.016
-0.012
0.018
0.059
0.082
0.085
0.078
0.069
0.064
0.067
0.068
0.072
0.086
0.092
0.084
0.06
0.045
0.046
0.038
0.031
0.032
0.026
0.019
0.0072
-0.00026
-0.0026
-0.022
-0.037
-0.026
-0.026
-0.022
0.002
-0.0074
-0.051
-0.092
-0.11
-0.11
-0.08
-0.044
-0.017
-0.0051
-0.0034
-0.0094
-0.029
-0.047
-0.044
-0.031
-0.017
-0.0053
0.0074
0.027
0.031
0.023
0.03
0.029
0.0018
-0.00069
-0.0074
-0.031
-0.05
-0.071
-0.094
-0.11
-0.086
-0.063
-0.037
-0.017
-0.016
-0.025
-0.028
-0.047
-0.067
-0.072
-0.069
-0.071
-0.082
-0.083
-0.049
-0.03
-0.044
-0.053
-0.055
-0.059
-0.039
-0.035
-0.033
-0.021
-0.041
-0.067
-0.093
-0.13
-0.14
-0.14
-0.15
-0.11
-0.062
-0.047
-0.044
-0.051
-0.06
-0.04
-0.026
-0.037
-0.048
-0.037
0.003
0.034
0.028
0.018
0.018
0.0033
0.01
0.019
0.014
0.022
0.025
0.032
0.059
0.068
0.039
-0.0051
-0.033
-0.025
0.014
0.063
0.12
0.14
0.13
0.1
0.078
0.058
0.033
0.04
0.084
0.12
0.13
0.12
0.083
0.062
0.048
0.03
0.033
0.046
0.052
0.068
0.085
0.1
0.13
0.13
0.1
0.08
0.08
0.11
0.13
0.12
0.11
0.094
0.073
0.05
0.022
-0.0017
-0.028
-0.052
-0.056
-0.033
-0.0054
0.0061
-0.0029
-0.029
-0.04
-0.027
0.0087
0.028
0.016
0.00096
-0.011
-0.023
-0.027
-0.023
-0.012
-0.0033
-0.017
-0.052
-0.081
-0.096
-0.089
-0.084
-0.09
-0.084
-0.066
-0.078
-0.12
-0.17
-0.17
-0.11
-0.057
-0.054
-0.072
-0.078
-0.087
-0.11
-0.12
-0.11
-0.1
-0.11
-0.13
-0.12
-0.093
-0.057
-0.049
-0.061
-0.051
-0.039
-0.053
-0.088
-0.11
-0.092
-0.049
-0.013
-0.022
-0.052
-0.067
-0.081
-0.084
-0.057
-0.017
0.016
0.016
-0.014
-0.036
-0.03
0.0064
0.04
0.057
0.065
0.055
0.046
0.032
0.014
-0.01
-0.026
-0.011
0.036
0.071
0.068
0.047
0.034
0.049
0.081
0.1
0.1
0.095
0.064
0.028
0.016
0.054
0.12
0.17
0.16
0.11
0.06
0.037
0.056
0.059
0.051
0.064
0.089
0.11
0.11
0.082
0.057
0.054
0.053
0.059
0.068
0.057
0.031
0.022
0.029
0.039
0.045
0.053
0.067
0.074
0.06
0.029
0.00075
-0.011
-0.024
-0.037
-0.023
-0.0041
0.0089
0.024
0.022
0.0017
-0.0043
0.01
0.025
0.024
0.023
0.025
0.009
-0.0057
-0.016
-0.013
-0.00032
0.0032
-0.0074
-0.019
-0.0041
0.023
0.044
0.047
0.04
0.022
0.014
0.02
0.027
0.045
0.044
0.022
0.012
0.016
0.025
0.046
0.057
0.045
0.02
-0.0016
-0.0053
0.00072
0.0033
0.0062
0.011
0.037
0.054
0.045
0.048
0.065
0.092
0.11
0.079
0.045
0.037
0.044
0.049
0.035
0.033
0.054
0.095
0.1
0.067
0.059
0.055
0.023
-0.012
-0.023
-0.012
0.0096
0.018
0.022
0.046
0.076
0.082
0.065
0.04
0.017
0.0071
-0.004
-0.013
-0.0032
0.027
0.045
0.034
0.0029
-0.032
-0.056
-0.066
-0.059
-0.049
-0.047
-0.044
-0.018
0.039
0.081
0.11
0.12
0.12
0.13
0.14
0.15
0.16
0.16
0.17
0.18
0.19
0.18
0.16
0.16
0.17
0.16
0.13
0.11
0.091
0.065
0.03
0.0072
-0.0053
-0.023
-0.041
-0.034
-0.02
-0.032
-0.061
-0.088
-0.089
-0.068
-0.031
0.016
0.06
0.071
0.041
0.0011
-0.027
-0.023
-0.024
-0.048
-0.05
-0.027
-0.02
-0.03
-0.031
-0.011
0.028
0.057
0.054
0.027
-0.0074
-0.02
-0.0089
-0.00023
0.012
0.019
0.004
-0.013
-0.027
-0.036
-0.023
-0.0083
0.0088
0.04
0.072
0.078
0.048
0.028
0.031
0.043
0.07
0.1
0.11
0.099
0.09
0.067
0.042
0.038
0.045
0.068
0.064
0.034
0.028
0.045
0.057
0.057
0.045
0.03
0.026
0.0077
-0.0073
-0.00075
0.019
0.046
0.06
0.051
0.036
0.026
0.011
-0.011
-0.036
-0.043
-0.023
-0.017
-0.0094
0.0011
0.0057
0.032
0.073
0.11
0.14
0.16
0.14
0.096
0.06
0.053
0.071
0.082
0.077
0.064
0.059
0.08
0.095
0.096
0.085
0.063
0.051
0.074
0.12
0.14
0.13
0.13
0.13
0.11
0.097
0.091
0.081
0.074
0.087
0.13
0.16
0.14
0.08
0.033
0.0032
-0.017
-0.03
-0.034
-0.0032
0.043
0.056
0.04
0.013
-0.0048
-0.013
-0.021
-0.016
0.015
0.044
0.064
0.066
0.047
0.022
-0.019
-0.057
-0.046
-0.00056
0.047
0.068
0.046
0.021
0.017
0.024
0.039
0.053
0.054
0.041
0.021
0.023
0.038
0.04
0.039
0.029
0.008
-0.0016
0.012
0.025
0.039
0.044
0.04
0.034
0.013
-0.0036
-0.0027
0.0052
0.017
0.039
0.069
0.083
0.082
0.071
0.07
0.086
0.1
0.1
0.073
0.035
0.023
0.034
0.058
0.079
0.066
0.052
0.071
0.11
0.12
0.094
0.042
0.0031
-0.013
0.013
0.081
0.14
0.16
0.18
0.18
0.15
0.11
0.064
0.056
0.084
0.084
0.048
-0.0083
-0.07
-0.088
-0.041
0.044
0.12
0.15
0.12
0.099
0.11
0.13
0.13
0.094
0.042
-0.012
-0.046
-0.037
-0.012
-0.014
-0.029
-0.018
0.037
0.11
0.18
0.2
0.16
0.058
-0.033
-0.08
-0.091
-0.086
-0.098
-0.13
-0.17
-0.17
-0.11
-0.032
0.036
0.053
0.027
-0.014
-0.052
-0.061
-0.046
-0.056
-0.094
-0.13
-0.16
-0.15
-0.11
-0.058
-0.021
-0.0069
-0.012
-0.025
-0.03
-0.058
-0.14
-0.22
-0.19
-0.1
-0.016
-0.00035
-0.036
-0.072
-0.085
-0.085
-0.097
-0.12
-0.085
-0.0009
0.083
0.13
0.11
0.055
0.017
-0.017
-0.077
-0.16
-0.23
-0.25
-0.26
-0.26
-0.22
-0.15
-0.093
-0.077
-0.12
-0.18
-0.18
-0.15
-0.11
-0.11
-0.16
-0.22
-0.26
-0.26
-0.24
-0.21
-0.21
-0.24
-0.3
-0.33
-0.31
-0.31
-0.34
-0.37
-0.39
-0.39
-0.35
-0.31
-0.29
-0.29
-0.3
-0.28
-0.23
-0.19
-0.22
-0.24
-0.22
-0.18
-0.17
-0.19
-0.22
-0.22
-0.2
-0.18
-0.17
-0.18
-0.16
-0.1
-0.044
-0.0032
-0.015
-0.066
-0.11
-0.14
-0.17
-0.15
-0.092
-0.041
-0.04
-0.059
-0.048
-0.017
0.014
0.061
0.11
0.13
0.13
0.12
0.12
0.1
0.077
0.044
0.01
-0.0029
0.019
0.05
0.06
0.055
0.044
0.06
0.084
0.091
0.091
0.091
0.089
0.076
0.063
0.057
0.065
0.071
0.068
0.066
0.05
0.033
0.013
-0.0015
-0.0079
-0.019
-0.031
-0.038
-0.048
-0.05
-0.026
0.0056
0.027
0.031
0.032
0.03
0.033
0.031
0.028
0.042
0.058
0.054
0.037
0.024
0.014
0.0052
0.0073
0.018
0.016
0.017
0.041
0.062
0.067
0.067
0.049
0.026
0.028
0.042
0.063
0.081
0.078
0.056
0.049
0.068
0.085
0.095
0.092
0.07
0.043
0.025
0.018
0.024
0.034
0.021
0.0015
0.005
0.022
0.024
0.013
-0.0047
-0.024
-0.035
-0.041
-0.045
-0.042
-0.03
-0.014
0.0013
0.0082
0.0039
-0.007
-0.03
-0.052
-0.051
-0.045
-0.051
-0.051
-0.043
-0.037
-0.039
-0.042
-0.043
-0.037
-0.035
-0.044
-0.047
-0.031
-0.019
-0.027
-0.035
-0.036
-0.037
-0.04
-0.037
-0.029
-0.028
-0.028
-0.0083
0.014
0.022
0.02
0.007
-0.0073
-0.015
-0.017
-0.0049
0.007
0.017
0.022
0.021
0.014
0.021
0.032
0.032
0.016
-0.011
-0.023
-0.011
0.013
0.038
0.054
0.062
0.056
0.038
0.034
0.041
0.046
0.042
0.044
0.051
0.052
0.051
0.046
0.044
0.038
0.026
0.022
0.023
0.022
0.026
0.041
0.054
0.051
0.032
0.018
0.016
0.026
0.026
0.019
0.028
0.042
0.05
0.053
0.056
0.055
0.052
0.049
0.035
0.02
0.015
0.018
0.019
0.021
0.02
0.018
0.02
0.017
0.0083
0.0046
0.02
0.039
0.044
0.04
0.034
0.022
0.0069
0.0015
0.015
0.041
0.063
0.077
0.081
0.069
0.056
0.051
0.038
0.023
0.028
0.052
0.068
0.061
0.041
0.033
0.04
0.047
0.055
0.059
0.055
0.051
0.051
0.058
0.068
0.074
0.081
0.086
0.079
0.077
0.069
0.06
0.07
0.079
0.088
0.089
0.082
0.064
0.044
0.033
0.034
0.039
0.055
0.074
0.084
0.086
0.077
0.053
0.029
0.014
0.0052
0.0093
0.028
0.045
0.055
0.055
0.041
0.024
0.016
0.011
-0.004
-0.013
-0.0041
0.017
0.045
0.058
0.05
0.037
0.024
0.015
0.019
0.039
0.054
0.054
0.039
0.026
0.02
0.025
0.035
0.044
0.053
0.059
0.064
0.061
0.049
0.04
0.032
0.029
0.016
0.004
0.0039
0.024
0.042
0.043
0.043
0.04
0.027
0.0094
0.0092
0.025
0.036
0.038
0.029
0.013
0.0057
0.0093
0.0059
-0.0025
0.00041
0.0057
0.012
0.013
0.0021
-0.0064
-0.0042
0.0079
0.0054
-0.0062
-0.0018
0.007
0.009
0.011
0.0076
-0.0027
-0.019
-0.027
-0.019
0.0022
0.024
0.028
0.011
-0.012
-0.038
-0.046
-0.027
-0.00087
0.019
0.021
0.0011
-0.031
-0.045
-0.047
-0.03
-0.013
-0.011
-0.017
-0.02
-0.02
-0.016
-0.0038
0.013
0.013
-0.0062
0.0038
0.047
0.078
0.087
0.077
0.05
0.047
0.062
0.071
0.074
0.057
0.046
0.042
0.053
0.076
0.086
0.083
0.077
0.07
0.065
0.073
0.084
0.086
0.086
0.087
0.093
0.089
0.074
0.061
0.06
0.065
0.073
0.076
0.068
0.063
0.058
0.041
0.025
0.021
0.025
0.04
0.054
0.059
0.055
0.039
0.02
0.011
0.016
0.026
0.031
0.019
-0.0089
-0.029
-0.018
0.01
0.024
0.021
-0.0055
-0.052
-0.082
-0.074
-0.055
-0.037
-0.017
-0.019
-0.04
-0.064
-0.072
-0.049
-0.018
0.0019
0.001
-0.022
-0.039
-0.035
-0.011
0.026
0.048
0.045
0.027
0.011
0.00084
-0.0005
0.0036
0.021
0.028
0.025
0.024
0.027
0.014
-0.004
-0.0061
0.0097
0.034
0.054
0.063
0.063
0.059
0.06
0.066
0.064
0.064
0.065
0.056
0.048
0.045
0.044
0.05
0.059
0.054
0.038
0.021
0.0089
0.01
0.023
0.033
0.032
0.047
0.067
0.077
0.078
0.065
0.041
0.028
0.029
0.023
0.01
0.0068
0.012
0.0056
-0.0042
-0.012
-0.017
-0.028
-0.048
-0.055
-0.055
-0.05
-0.043
-0.043
-0.05
-0.06
-0.064
-0.058
-0.059
-0.078
-0.1
-0.11
-0.1
-0.1
-0.1
-0.09
-0.071
-0.056
-0.041
-0.036
-0.047
-0.061
-0.069
-0.066
-0.06
-0.061
-0.072
-0.085
-0.095
-0.09
-0.076
-0.078
-0.091
-0.098
-0.086
-0.057
-0.026
-0.0062
0.0046
0.016
0.035
0.053
0.054
0.036
0.014
