0.0043
-0.0076
-0.0028
0.0075
-0.0024
-0.015
-0.00069
0.0078
0.0044
-0.0097
-0.016
-0.022
-0.014
-0.0042
-0.0024
0.0065
0.019
0.02
0.0061
0.0015
0.012
0.019
0.021
0.018
0.015
0.021
0.032
0.019
0.0045
0.013
0.011
0.0026
-0.0022
-0.0073
-0.0038
0.0061
-0.0002
-0.013
-0.008
0.0033
0.0099
0.0072
0.016
0.021
0.0066
0.0027
0.016
0.017
0.009
0.014
0.03
0.03
0.0094
0.0016
0.014
0.024
0.019
0.0025
-0.0061
0.0048
0.011
0.0095
0.0041
0.0058
0.0058
0.002
-0.0022
-0.0041
-0.0065
0.0025
0.0065
-0.0058
-0.0021
0.0034
-0.011
-0.017
-0.012
-0.02
-0.023
-0.0043
0.016
0.013
-0.004
-0.0079
-0.0051
-0.01
-0.0096
0.0044
0.025
0.035
0.025
0.017
0.02
0.022
0.011
0.012
0.021
0.018
0.018
0.023
0.019
0.0077
0.005
-0.0002
-0.00044
0.011
0.004
-0.009
0.00078
0.026
0.029
0.0051
0.00081
0.0068
0.0047
-0.0065
-0.0011
0.0087
0.024
0.032
0.017
0.00096
0.0032
0.011
-0.0026
-0.01
0.012
0.022
0.0021
-0.0088
0.0095
0.012
-0.001
0.0016
0.0099
0.0056
4.6e-005
0.013
0.015
0.0011
-0.013
-0.013
0.0043
0.0026
-0.0057
0.015
0.026
-0.00029
0.0018
0.02
0.0054
0.00041
0.022
0.04
0.024
-0.0091
-0.00072
0.014
0.0052
-0.0018
-0.0052
-0.009
-0.0081
-0.012
-0.016
-0.015
-0.021
-0.025
-0.02
0.0068
0.038
0.046
0.018
0.0023
0.023
0.02
-0.02
-0.033
-0.0011
0.017
0.019
0.03
0.03
0.0072
-0.015
-0.016
-0.0077
-0.0044
0.0029
0.017
0.035
0.037
0.021
0.011
0.013
0.0065
-0.0074
0.0088
0.029
0.024
0.011
0.019
0.028
0.013
-0.0052
-0.0053
0.0067
0.012
0.0063
0.017
0.026
0.025
0.02
0.016
0.0047
-0.0048
0.00023
0.0056
0.015
0.0099
0.011
0.022
0.029
0.022
0.013
0.0041
-0.011
-0.014
0.00041
0.0074
0.0015
-0.0046
-0.014
-0.035
-0.026
0.0075
0.014
-0.008
-0.024
-0.01
0.017
0.024
0.0005
-0.018
-0.011
0.0015
0.0066
0.016
0.039
0.041
0.02
0.0057
0.0085
0.0021
-0.0043
0.015
0.044
0.045
0.021
0.017
0.041
0.034
0.0067
0.0033
0.027
0.036
0.021
0.017
0.025
0.022
0.0046
0.0021
0.009
0.0068
-0.0029
-0.0037
-0.0051
-0.0034
0.0045
0.0026
-0.0077
-0.01
-0.014
-0.019
-0.0096
0.013
0.02
0.0035
-0.006
-0.0047
-0.019
-0.034
-0.026
-0.0051
0.017
0.015
-4.6e-005
-0.0033
-0.0043
-0.017
-0.029
-0.019
-0.019
-0.021
-0.0089
0.0027
-0.0035
-0.018
-0.029
-0.034
-0.018
-0.0037
-0.016
-0.024
-0.009
0.021
0.02
0.005
-0.0021
-0.0045
-0.013
-0.02
-0.0089
0.01
0.034
0.029
0.0034
-0.012
-0.0053
-0.0026
-0.02
-0.019
0.0053
0.015
-0.0024
-0.0072
-0.0025
-0.0096
-0.015
-0.018
-0.027
-0.034
-0.02
-0.005
-0.011
-0.024
-0.033
-0.028
-0.03
-0.039
-0.028
-0.01
-0.012
-0.017
-0.0056
-0.0073
-0.028
-0.029
-0.0036
0.009
-0.0082
-0.017
-0.0011
0.012
0.012
-0.0041
-0.0093
0.0029
0.0086
-0.0077
-0.0081
0.006
0.014
0.014
0.0085
0.009
0.022
0.037
0.02
0.0024
0.012
0.019
0.0082
0.0049
0.0099
0.00047
-0.0021
0.015
0.026
0.0083
-0.013
-0.0062
-0.00084
-0.0089
-0.012
-0.0013
0.02
0.024
0.011
0.0059
0.0084
0.0017
-0.0049
0.0024
0.0087
0.01
0.0093
0.011
0.0053
-0.00078
0.0038
0.0065
0.012
0.021
0.018
0.016
0.026
0.042
0.047
0.047
0.046
0.05
0.03
0.018
0.029
0.041
0.052
0.042
0.022
0.0096
0.014
0.015
-0.0038
-0.0048
0.019
0.022
0.0058
0.0024
0.012
0.021
0.033
0.044
0.038
0.017
-0.0022
-0.0015
0.021
0.031
0.017
0.016
0.026
0.029
0.017
0.014
0.024
0.033
0.032
0.029
0.032
0.032
0.03
0.036
0.036
0.031
0.022
0.013
0.013
0.005
-0.00078
0.011
0.033
0.025
0.0043
-0.0073
-0.009
-0.002
0.013
0.026
0.015
-0.00063
0.014
0.025
0.0072
-0.0025
0.0042
0.0023
-0.0076
-0.0015
0.011
0.016
0.023
0.037
0.033
0.0031
-0.018
-0.011
0.0098
0.026
0.021
0.013
0.012
0.0031
0.0028
0.0053
-0.0029
-0.014
-0.00093
0.022
0.011
-0.0079
-0.0068
-0.0018
-0.012
-0.024
-0.032
-0.031
-0.012
-0.012
-0.028
-0.019
-0.004
-0.011
-0.036
-0.037
-0.026
-0.01
-0.0005
-0.0028
-0.0017
0.018
0.031
0.012
-0.0094
-0.013
-0.0025
0.0065
0.007
0.02
0.04
0.034
0.013
0.0054
0.0032
0.00041
0.0064
0.015
0.0097
-0.011
-0.012
0.0073
0.0079
-0.013
-0.019
0.0041
0.019
0.023
0.028
0.023
0.012
0.0047
-0.0011
-0.0052
0.0023
0.026
0.049
0.05
0.034
0.027
0.027
0.021
0.00096
-0.017
-0.0006
0.024
0.026
0.0045
-0.006
-0.0016
0.0076
-4.6e-005
-0.016
-0.025
-0.016
0.0043
0.0015
-0.01
-0.019
-0.031
-0.034
-0.028
-0.031
-0.026
0.0079
0.043
0.044
0.011
-0.01
-0.0044
-0.0016
0.0025
0.0074
0.016
0.027
0.028
0.015
0.014
0.024
0.02
0.016
0.0097
0.01
0.036
0.062
0.063
0.04
0.028
0.027
0.023
0.024
0.021
0.021
0.034
0.059
0.072
0.056
0.039
0.031
0.029
0.021
0.026
0.043
0.074
0.093
0.081
0.056
0.038
0.029
0.015
0.017
0.033
0.037
0.028
0.025
0.027
0.019
0.033
0.051
0.051
0.043
0.024
0.018
0.032
0.05
0.039
0.025
0.023
0.008
-0.0063
-0.027
-0.054
-0.077
-0.08
-0.086
-0.1
-0.11
-0.11
-0.11
-0.094
-0.1
-0.1
-0.086
-0.045
-0.019
-0.028
-0.04
-0.034
-0.028
-0.039
-0.046
-0.047
-0.036
-0.029
-0.037
-0.045
-0.036
-0.026
-0.0061
0.026
0.044
0.041
0.045
0.072
0.087
0.072
0.055
0.051
0.063
0.061
0.032
-0.0039
-0.019
-0.012
-0.0089
-0.0014
-0.013
-0.033
-0.037
-0.029
-0.02
-0.0043
0.02
0.031
0.036
0.047
0.051
0.025
-0.0036
-0.022
-0.027
-0.019
-0.011
-0.009
-0.01
-0.024
-0.03
-0.03
-0.026
-0.03
-0.032
-0.02
-0.011
-0.0072
-0.0097
0.0023
0.028
0.06
0.06
0.025
-0.0047
-0.013
0.0034
0.043
0.059
0.053
0.052
0.046
0.039
0.049
0.061
0.066
0.071
0.059
0.05
0.05
0.04
0.021
0.011
0.016
0.024
0.022
0.013
0.0099
0.0098
0.0096
0.0051
-0.012
-0.034
-0.023
0.011
0.036
0.04
0.021
0.0062
0.018
0.031
0.038
0.016
-0.0071
-0.0011
0.02
0.023
0.015
-0.0029
-0.013
-0.0011
0.00026
-0.0079
-0.016
-0.014
0.01
0.027
0.0019
-0.061
-0.13
-0.17
-0.21
-0.25
-0.3
-0.33
-0.36
-0.4
-0.42
-0.39
-0.35
-0.3
-0.033
0.3
0.45
0.35
0.1
-0.053
-0.037
0.065
0.14
0.17
0.13
0.066
-0.025
-0.15
-0.27
-0.35
-0.32
-0.3
-0.37
-0.59
-0.85
-0.91
-0.91
-0.9
-0.89
-0.73
-0.5
-0.43
-0.33
-0.052
0.25
0.31
0.12
-0.24
-0.63
-0.66
-0.33
-0.12
-0.17
-0.2
0.0087
0.34
0.57
0.71
0.84
0.94
0.99
0.98
0.77
0.5
0.41
0.44
0.5
0.58
0.7
0.8
0.86
0.83
0.74
0.62
0.47
0.32
0.29
0.38
0.54
0.62
0.45
0.051
-0.29
-0.34
-0.25
-0.29
-0.47
-0.74
-0.89
-0.91
-0.91
-0.88
-0.71
-0.43
-0.18
-0.095
-0.2
-0.39
-0.57
-0.8
-0.92
-0.89
-0.92
-0.78
-0.66
-0.83
-0.9
-0.64
-0.12
-0.066
-0.42
-0.62
-0.4
0.011
0.34
0.52
0.58
0.66
0.76
0.8
0.76
0.68
0.62
0.57
0.56
0.6
0.65
0.67
0.59
0.43
0.26
0.14
0.041
-0.091
-0.22
-0.25
-0.14
-0.094
-0.23
-0.46
-0.6
-0.6
-0.53
-0.49
-0.53
-0.54
-0.46
-0.37
-0.37
-0.46
-0.51
-0.43
-0.31
-0.22
-0.16
-0.047
0.11
0.24
0.32
0.36
0.35
0.36
0.39
0.43
0.47
0.48
0.44
0.37
0.3
0.23
0.18
0.16
0.12
0.053
0.00014
-0.01
-0.011
-0.044
-0.1
-0.13
-0.11
-0.089
-0.079
-0.049
0.023
0.11
0.17
0.19
0.18
0.16
0.12
0.074
0.058
0.039
-0.0057
-0.063
-0.086
-0.066
-0.04
-0.052
-0.098
-0.14
-0.17
-0.19
-0.23
-0.24
-0.21
-0.16
-0.12
-0.12
-0.16
-0.15
-0.016
0.14
0.22
0.22
0.21
0.21
0.23
0.23
0.21
0.19
0.21
0.27
0.29
0.25
0.19
0.16
0.17
0.17
0.15
0.12
0.13
0.15
0.15
0.15
0.14
0.11
0.08
0.056
0.047
0.041
0.029
-0.0018
-0.033
-0.042
-0.048
-0.062
-0.091
-0.097
-0.084
-0.05
-0.011
0.0057
0.035
0.081
0.12
0.11
0.09
0.095
0.11
0.13
0.12
0.091
0.051
0.038
0.043
0.036
0.021
0.0077
0.011
0.013
0.0075
-0.0099
-0.02
-0.0067
0.015
0.034
0.05
0.057
0.058
0.066
0.08
0.087
0.11
0.14
0.16
0.16
0.13
0.11
0.11
0.11
0.11
0.09
0.078
0.062
0.02
-0.029
-0.047
-0.046
-0.047
-0.07
-0.084
-0.069
-0.046
-0.051
-0.075
-0.078
-0.071
-0.068
-0.047
-0.013
-0.00087
-0.0034
0.014
0.051
0.072
0.059
0.036
0.011
-0.0046
-0.007
-0.0049
0.004
0.012
0.018
0.011
0.00066
-0.0099
-0.017
-0.013
-0.009
0.00053
0.023
0.048
0.055
0.056
0.057
0.057
0.054
0.053
0.058
0.072
0.082
0.088
0.071
0.046
0.022
0.011
0.01
0.0081
0.0083
0.0022
0.011
0.035
0.039
0.0099
-0.017
-0.029
-0.036
-0.034
-0.024
-0.019
-0.0057
0.01
0.012
0.0093
0.019
0.037
0.047
0.05
0.044
0.04
0.047
0.042
0.016
-0.0099
-0.019
-0.014
-0.017
-0.017
-0.01
0.003
0.022
0.036
0.037
0.028
0.024
0.029
0.042
0.043
0.028
0.015
0.028
0.039
0.038
0.026
0.041
0.067
0.079
0.074
0.066
0.073
0.082
0.094
0.11
0.11
0.099
0.085
0.071
0.053
0.039
0.026
0.017
0.0076
0.0026
-0.0033
0.0034
0.034
0.052
0.048
0.042
0.038
0.028
0.017
0.011
0.0034
-0.00075
0.0055
0.0052
-0.0098
-0.017
-0.021
-0.021
0.00026
0.012
0.0031
-0.0056
-0.012
-0.011
-0.0044
-0.0056
-0.015
-0.0046
0.02
0.016
0.0036
0.0061
0.015
-0.011
-0.05
-0.086
-0.097
-0.084
-0.06
-0.047
-0.053
-0.046
-0.026
-0.00032
0.015
0.025
0.039
0.042
0.022
-0.0023
-0.02
-0.027
-0.016
-0.0019
0.011
0.015
0.005
-0.015
-0.024
-0.00047
0.029
0.033
0.033
0.029
0.016
-0.0011
-0.019
-0.008
0.03
0.049
0.04
0.009
-0.016
-0.011
0.019
0.045
0.044
0.031
0.024
0.023
0.041
0.067
0.072
0.068
0.064
0.049
0.01
-0.022
-0.036
-0.027
-0.0083
0.0098
0.026
0.039
0.059
0.059
0.054
0.055
0.029
-0.0031
-0.0031
0.0072
0.011
0.02
0.014
-0.00014
-0.0058
-0.0018
0.0085
0.01
0.014
0.028
0.043
0.056
0.072
0.079
0.06
0.035
0.011
0.0012
0.015
0.025
0.044
0.091
0.11
0.094
0.066
0.042
0.014
0.016
0.038
0.057
0.056
0.043
0.067
0.1
0.11
0.087
0.058
0.049
0.079
0.12
0.14
0.12
0.092
0.085
0.084
0.077
0.093
0.1
0.071
0.037
0.021
0.037
0.055
0.047
0.031
0.018
0.015
0.0052
0.012
0.049
0.1
0.14
0.14
0.084
0.023
-0.00093
0.012
-0.0062
-0.051
-0.07
-0.049
0.0042
0.061
0.085
0.075
0.06
0.078
0.079
0.045
0.0089
-0.0097
-0.012
-0.0072
0.0056
0.021
0.023
0.0096
0.025
0.05
0.054
0.04
0.027
0.0076
-0.0096
-0.025
-0.03
-0.04
-0.064
-0.054
-0.016
0.026
0.069
0.084
0.055
0.011
-0.013
-0.027
-0.051
-0.077
-0.079
-0.076
-0.076
-0.059
-0.045
-0.041
-0.042
-0.05
-0.064
-0.081
-0.081
-0.05
-0.0051
0.009
-0.0037
-0.02
-0.026
-0.038
-0.041
-0.027
-0.02
-0.023
-0.025
-0.045
-0.064
-0.062
-0.024
0.018
0.02
0.0051
-0.01
-0.009
-0.00099
0.011
0.00017
-0.019
-0.022
-0.0095
0.016
0.039
0.044
0.019
-0.0089
-0.0025
0.018
0.015
-0.0018
-0.0073
0.017
0.067
0.082
0.048
-0.0048
-0.041
-0.048
-0.034
-0.009
0.0062
0.015
0.025
0.022
0.032
0.043
0.033
0.011
-0.0094
-0.029
-0.03
-0.0098
0.0089
0.0083
-0.0053
-0.016
-0.021
-0.026
-0.017
-0.02
-0.035
-0.042
-0.034
-0.02
-0.0069
0.0036
-0.0082
-0.027
-0.031
0.00041
0.038
0.048
0.018
-0.028
-0.038
-0.027
-0.0083
0.0012
-0.0055
-0.018
0.0082
0.069
0.096
0.081
0.05
0.032
0.019
0.014
0.015
-0.0024
-0.021
-0.015
0.018
0.048
0.055
0.039
0.018
0.014
0.013
0.02
0.024
0.012
-0.02
-0.045
-0.038
-0.023
-0.0081
0.002
0.017
0.03
0.018
0.012
0.0091
0.0002
-0.017
-0.03
-0.035
-0.028
-0.0072
0.019
0.037
0.041
0.033
0.024
0.03
0.027
0.0038
-0.0097
-0.0088
-0.015
-0.02
-0.0038
0.0037
-0.0016
0.0092
0.021
0.018
0.014
0.0056
0.012
0.044
0.072
0.075
0.055
0.033
0.017
0.023
0.053
0.076
0.073
0.05
0.029
0.036
0.064
0.075
0.072
0.067
0.063
0.073
0.076
0.072
0.061
0.059
0.048
0.036
0.022
0.025
0.043
0.054
0.063
0.063
0.047
0.029
0.024
0.017
0.015
0.025
0.024
0.015
0.022
0.037
0.031
0.0066
-0.0047
-0.0016
0.0081
0.0094
0.0084
0.015
0.019
0.01
0.025
0.045
0.029
-0.0012
-0.014
-0.0035
0.005
0.012
0.0084
-0.0028
-0.0022
0.0022
0.006
0.018
0.04
0.052
0.065
0.078
0.065
0.048
0.042
0.026
0.014
0.0029
-0.0013
-0.0068
-0.0072
-0.016
-0.029
-0.05
-0.065
-0.055
-0.034
-0.035
-0.057
-0.057
-0.033
-0.015
-0.00029
0.022
0.04
0.05
0.047
0.0061
-0.054
-0.1
-0.14
-0.14
-0.13
-0.11
-0.051
0.044
0.12
0.16
0.18
0.15
0.092
0.011
-0.099
-0.21
-0.28
-0.27
-0.22
-0.16
-0.086
-0.0022
0.063
0.11
0.13
0.082
0.031
-0.0097
-0.046
-0.073
-0.1
-0.11
-0.059
-0.0018
0.014
0.024
0.037
0.039
0.023
-0.0056
-0.032
-0.052
-0.053
-0.025
0.01
0.042
0.059
0.065
0.072
0.067
0.045
0.031
0.0092
-0.037
-0.089
-0.11
-0.11
-0.11
-0.095
-0.063
-0.038
-0.017
0.018
0.048
0.04
0.016
-0.019
-0.06
-0.098
-0.13
-0.14
-0.1
-0.048
-0.0014
0.024
0.018
0.0055
0.022
0.037
0.041
0.057
0.058
0.046
0.032
0.013
-0.00041
0.0058
0.026
0.055
0.056
0.051
0.07
0.081
0.082
0.067
0.041
0.0098
-0.017
-0.027
-0.032
-0.037
-0.039
-0.035
-0.035
-0.018
0.0092
0.018
0.031
0.038
0.0064
-0.03
-0.067
-0.12
-0.15
-0.15
-0.11
-0.068
-0.026
0.01
0.028
0.042
0.055
0.039
0.0028
-0.032
-0.071
-0.11
-0.14
-0.13
-0.11
-0.085
-0.037
0.0054
0.024
-0.0081
-0.068
-0.1
-0.09
-0.077
-0.1
-0.16
-0.17
-0.13
-0.068
-0.023
-0.0039
-0.0013
-0.024
-0.078
-0.12
-0.13
-0.12
-0.1
-0.088
-0.096
-0.09
-0.063
-0.048
-0.042
-0.046
-0.062
-0.089
-0.093
-0.086
-0.079
-0.071
-0.074
-0.079
-0.1
-0.12
-0.12
-0.095
-0.076
-0.089
-0.11
-0.11
-0.095
-0.099
-0.11
-0.11
-0.1
-0.067
-0.041
-0.033
-0.039
-0.047
-0.054
-0.077
-0.095
-0.094
-0.063
-0.024
0.011
0.026
0.023
-0.0051
-0.042
-0.049
-0.026
0.0028
0.026
0.031
0.03
0.05
0.064
0.046
0.034
0.034
0.029
0.023
0.0077
-0.015
-0.0086
0.019
0.033
0.035
0.032
0.034
0.042
0.038
0.051
0.069
0.072
0.063
0.031
-0.0047
-0.014
0.0014
0.031
0.056
0.066
0.064
0.062
0.038
0.024
0.016
-0.0053
-0.015
-0.0076
0.021
0.069
0.11
0.11
0.1
0.077
0.061
0.066
0.087
0.11
0.12
0.11
0.096
0.084
0.088
0.091
0.087
0.084
0.094
0.084
0.059
0.054
0.061
0.065
0.057
0.049
0.039
0.033
0.033
0.046
0.067
0.064
0.039
0.02
0.022
0.0085
-0.017
-0.033
-0.025
-0.017
-0.019
-0.0097
-0.0031
0.0035
0.00099
-0.018
-0.034
-0.028
-0.0026
0.0043
-0.009
-0.034
-0.043
-0.053
-0.064
-0.056
-0.031
0.003
0.025
0.024
0.0017
-0.029
-0.065
-0.082
-0.07
-0.066
-0.07
-0.071
-0.059
-0.046
-0.052
-0.055
-0.072
-0.093
-0.11
-0.12
-0.12
-0.096
-0.066
-0.06
-0.067
-0.067
-0.07
-0.067
-0.066
-0.067
-0.06
-0.047
-0.043
-0.038
-0.033
-0.036
-0.034
-0.036
-0.035
-0.035
-0.036
-0.029
-0.039
-0.06
-0.075
-0.076
-0.077
-0.06
-0.044
-0.051
-0.051
-0.061
-0.066
-0.055
-0.054
-0.062
-0.057
-0.05
-0.065
-0.088
-0.086
-0.067
-0.051
-0.024
0.0025
0.0046
-0.014
-0.037
-0.03
-0.0063
0.0018
-0.003
-0.0012
0.0091
0.0085
0.0031
-0.0018
0.0012
-0.0016
-0.018
-0.011
0.021
0.052
0.066
0.075
0.083
0.073
0.061
0.042
-0.0021
-0.06
-0.08
-0.047
-0.0025
0.051
0.084
0.092
0.095
0.095
0.07
0.05
0.043
0.024
0.0042
0.0032
0.019
0.035
0.037
0.04
0.057
0.085
0.081
0.058
0.049
0.043
0.03
0.028
0.044
0.069
0.094
0.1
0.086
0.078
0.081
0.078
0.049
0.021
0.029
0.064
0.077
0.064
0.053
0.076
0.13
0.17
0.16
0.12
0.091
0.084
0.076
0.077
0.081
0.095
0.1
0.1
0.092
0.049
0.029
0.04
0.064
0.088
0.1
0.1
0.12
0.14
0.13
0.1
0.073
0.059
0.053
0.051
0.077
0.11
0.14
0.16
0.16
0.13
0.1
0.093
0.074
0.054
0.049
0.055
0.074
0.097
0.12
0.12
0.11
0.073
0.053
0.051
0.037
0.025
0.039
0.059
0.064
0.071
0.072
0.071
0.081
0.11
0.12
0.12
0.11
0.086
0.052
0.028
0.037
0.069
0.091
0.1
0.093
0.07
0.05
0.059
0.075
0.082
0.086
0.084
0.084
0.087
0.087
0.071
0.063
0.072
0.067
0.053
0.056
0.072
0.074
0.069
0.073
0.07
0.067
0.066
0.061
0.041
0.026
0.017
0.014
0.045
0.074
0.087
0.08
0.063
0.03
-0.0061
-0.017
-0.027
-0.025
-0.016
-0.021
-0.013
-0.0035
-0.0017
0.0051
0.028
0.042
0.019
-0.004
-0.0088
-0.025
-0.035
-0.01
0.0022
-4.6e-005
0.015
0.04
0.045
0.042
0.022
-0.004
-0.0062
0.0082
0.021
0.024
0.026
0.015
0.0025
0.0014
-0.0052
-0.016
-0.023
-0.021
-0.02
-0.027
-0.038
-0.037
-0.025
-0.016
-0.011
-0.0088
-0.0069
-0.0036
-0.0094
-0.012
-0.0092
-0.0018
-0.0046
-0.00023
-0.0037
-0.023
-0.034
-0.039
-0.037
-0.033
-0.045
-0.056
-0.063
-0.048
-0.02
-0.0055
-0.012
-0.013
-0.014
-0.026
-0.03
-0.049
-0.051
-0.048
-0.048
-0.035
-0.015
0.0054
0.0029
-0.012
-0.018
-0.019
-0.0053
0.0047
-0.01
-0.035
-0.045
-0.047
-0.036
-0.01
0.00044
-0.0043
-0.0051
-0.007
-0.031
-0.048
-0.053
-0.064
-0.067
-0.068
-0.053
-0.02
0.013
0.029
0.029
0.031
0.023
-0.004
-0.031
-0.054
-0.057
-0.058
-0.041
0.0029
0.057
0.071
0.044
0.023
0.0084
0.0034
-0.0094
-0.042
-0.088
-0.1
-0.059
-0.0047
0.036
0.063
0.07
0.059
0.047
0.039
0.03
0.024
0.0072
-0.019
-0.019
0.017
0.043
0.027
0.0012
0.0041
0.027
0.032
-0.0015
-0.047
-0.06
-0.031
0.0062
0.013
-0.017
-0.051
-0.067
-0.066
-0.059
-0.054
-0.064
-0.069
-0.068
-0.056
-0.048
-0.038
-0.029
-0.037
-0.047
-0.049
-0.052
-0.05
-0.057
-0.056
-0.044
-0.046
-0.049
-0.056
-0.065
-0.058
-0.05
-0.059
-0.085
-0.093
-0.069
-0.057
-0.067
-0.062
-0.04
-0.024
-0.019
-0.027
-0.051
-0.076
-0.079
-0.071
-0.07
-0.062
-0.041
-0.015
-0.0087
-0.034
-0.082
-0.11
-0.091
-0.059
-0.03
-0.01
-0.014
-0.032
-0.039
-0.051
-0.073
-0.09
-0.082
-0.05
-0.025
-0.012
-0.0069
0.0005
0.016
0.0084
-0.015
-0.03
-0.041
-0.051
-0.045
-0.035
-0.031
-0.014
0.0015
0.0026
-0.0006
-0.011
-0.029
-0.047
-0.055
-0.05
-0.042
-0.023
-0.0066
-0.012
-0.0083
0.0016
0.0025
-0.0025
0.0013
0.0026
-0.022
-0.04
-0.039
-0.028
-0.0039
0.0078
0.0073
0.017
0.038
0.041
0.024
0.016
0.02
0.0048
-0.012
-0.013
-0.02
-0.0085
0.025
0.051
0.062
0.047
0.0047
-0.021
-0.025
-0.023
-0.023
-0.02
-0.019
-0.016
-0.023
-0.038
-0.045
-0.031
0.003
0.025
0.017
-0.0047
-0.021
-0.035
-0.047
-0.051
-0.035
-0.016
0.0037
0.026
0.026
0.0099
-0.0078
-0.022
-0.032
-0.034
-0.034
-0.028
-0.011
-0.00047
-0.01
-0.029
-0.035
-0.018
-0.0006
0.0083
0.0012
-0.00014
0.011
0.014
0.021
0.022
0.027
0.029
0.0061
-0.014
-0.017
-0.0087
0.0064
0.013
0.018
0.013
0.0034
0.0017
0.018
0.024
0.021
0.013
0.0053
0.012
0.021
0.019
0.0078
0.017
0.031
0.019
0.0017
0.0013
0.0095
0.0032
0.017
0.037
0.04
0.027
0.0036
0.0014
0.017
0.027
0.033
0.04
0.051
0.066
0.062
0.047
0.028
0.0051
0.0087
0.026
0.048
0.07
0.075
0.078
0.065
0.058
0.064
0.056
0.047
0.05
0.058
0.063
0.082
0.098
0.079
0.05
0.007
-0.023
-0.02
-0.0088
-0.00078
0.019
0.017
0.02
0.047
0.068
0.066
0.052
0.061
0.067
0.055
0.035
-0.00044
-0.031
-0.037
-0.0014
0.03
0.054
0.08
0.076
0.059
0.059
0.057
0.031
0.0018
-0.0066
0.0024
0.018
0.011
0.00047
0.013
0.044
0.08
0.099
0.08
0.038
0.015
0.0024
-0.012
-0.017
-0.0002
0.018
0.026
0.038
0.026
-0.00047
-0.0099
-0.0017
0.01
0.015
0.0098
-0.0033
-0.0083
0.0002
-0.0013
-0.00084
0.018
0.034
0.025
0.011
0.0086
0.0092
0.0017
-0.016
-0.045
-0.06
-0.027
0.009
0.0009
-0.012
-0.00078
0.0011
-0.023
-0.048
-0.053
-0.039
-0.012
0.0026
-0.0077
-0.019
-0.018
-0.015
0.0011
-0.012
-0.063
-0.12
-0.098
-0.026
0.017
0.028
0.0036
-0.023
-0.018
-0.01
-0.0025
0.01
0.019
0.028
0.033
0.026
0.01
-0.007
-0.0098
0.0045
0.0096
0.015
0.02
0.013
0.014
0.031
0.051
0.051
0.041
0.051
0.061
0.063
0.08
0.083
0.055
0.037
0.038
0.047
0.054
0.06
0.062
0.064
0.076
0.078
0.067
0.066
0.078
0.074
0.041
0.017
0.017
0.04
0.063
0.059
0.046
0.031
0.03
0.041
0.055
0.068
0.07
0.072
0.06
0.048
0.046
0.05
0.06
0.078
0.093
0.082
0.051
0.017
0.0047
0.018
0.032
0.041
0.049
0.061
0.053
0.024
0.00078
-0.023
-0.036
-0.02
-0.00066
0.005
0.0028
-0.012
-0.025
-0.033
-0.046
-0.053
-0.043
-0.031
-0.036
-0.038
-0.018
-0.0042
-0.0013
-0.0035
0.00066
-0.00017
0.002
-0.0063
-0.025
-0.021
-0.015
-0.014
-0.0036
0.0081
0.0025
0.0046
0.011
0.011
0.0065
-0.0013
0.0063
0.0098
0.0057
-0.0066
-0.015
-0.0046
0.015
0.018
0.014
0.029
0.036
0.025
0.0064
-0.014
-0.021
-0.017
-0.0065
0.017
0.044
0.057
0.058
0.048
0.021
0.0038
0.00047
-0.0032
0.01
0.041
0.071
0.08
0.074
0.067
0.059
0.055
0.05
0.033
0.0013
-0.013
-0.0064
0.021
0.051
0.068
0.068
0.052
0.029
0.005
-0.01
-0.013
-0.00069
0.024
0.037
0.036
0.029
0.025
0.019
0.0092
0.0031
0.015
0.033
0.037
0.04
0.03
0.023
0.027
0.029
0.052
0.077
0.079
0.062
0.022
-0.025
-0.046
-0.04
-0.028
-0.01
0.0089
0.028
0.05
0.07
0.081
0.077
0.065
0.03
-0.015
-0.054
-0.08
-0.075
-0.05
-0.0049
0.031
0.046
0.043
0.032
-0.0024
-0.045
-0.074
-0.07
-0.051
-0.04
-0.029
-0.024
-0.013
0.017
0.049
0.061
0.046
-0.013
-0.07
-0.097
-0.12
-0.1
-0.034
0.031
0.044
0.029
0.031
0.044
0.027
-0.0014
-0.016
-0.022
-0.018
-0.016
-0.037
-0.034
-0.00053
0.012
0.019
0.0093
-0.0089
-0.016
-0.032
-0.045
-0.038
-0.026
-0.015
0.00029
-0.0019
-0.003
-0.0095
-0.029
-0.033
-0.031
-0.03
-0.03
-0.037
-0.048
-0.055
-0.034
-0.0085
-0.00029
-0.0082
-0.0084
0.0016
-0.0002
-0.011
-0.039
-0.064
-0.073
-0.071
-0.058
-0.037
-0.019
-0.0012
0.0056
-0.0052
-0.021
-0.03
-0.033
-0.028
-0.01
0.00075
0.0098
0.019
0.019
0.011
-0.0075
-0.021
-0.014
-0.0048
-0.0074
-0.0047
0.0055
0.0065
0.0065
0.018
0.036
0.055
0.057
0.046
0.032
0.016
0.014
0.031
0.053
0.066
0.069
0.073
0.087
0.076
0.053
0.059
0.064
0.066
0.06
0.04
0.025
0.024
0.046
0.059
0.048
0.019
-0.006
-0.018
-0.019
-0.013
-0.022
-0.035
-0.036
-0.035
-0.021
0.0052
0.033
0.049
0.046
0.021
-0.0048
-0.028
-0.03
-0.019
-0.021
-0.018
-0.0035
0.012
0.019
0.03
0.044
0.044
0.029
0.0038
0.0036
0.029
0.061
0.075
0.053
0.012
-0.028
-0.038
-0.0052
0.031
0.042
0.018
-0.029
-0.065
-0.043
0.0058
0.039
0.046
0.021
-0.009
-0.021
-0.0097
0.00044
-0.0061
-0.02
-0.025
-0.025
-0.029
-0.023
-0.0056
0.028
0.067
0.084
0.075
0.046
0.0075
-0.023
-0.03
-0.021
-7.6e-005
0.022
0.033
0.023
0.0047
-0.0052
-0.01
-0.016
-0.023
-0.036
-0.044
-0.034
-0.013
0.011
0.034
0.04
0.032
0.022
0.014
-0.0072
-0.036
-0.06
-0.062
-0.027
0.013
0.036
0.037
0.0058
-0.029
-0.055
-0.067
-0.073
-0.075
-0.072
-0.055
-0.037
-0.04
-0.047
-0.054
-0.069
-0.082
-0.077
-0.073
-0.068
-0.061
-0.065
-0.079
-0.089
-0.091
-0.08
-0.058
-0.038
-0.039
-0.057
-0.068
-0.055
-0.028
-0.011
-0.022
-0.052
-0.07
-0.065
-0.049
-0.036
-0.019
-0.00035
0.00041
-0.012
-0.037
-0.061
-0.061
-0.045
-0.027
-0.023
-0.04
-0.064
-0.085
-0.08
-0.068
-0.052
-0.025
-0.013
-0.029
-0.047
-0.053
-0.065
-0.074
-0.063
-0.041
-0.034
-0.037
-0.03
-0.025
-0.019
-0.011
-0.013
-0.021
-0.025
-0.039
-0.056
-0.045
-0.031
-0.041
-0.057
-0.07
-0.073
-0.058
-0.032
-0.022
-0.034
-0.059
-0.071
-0.079
-0.079
-0.067
-0.055
-0.035
-0.022
-0.035
-0.06
-0.061
-0.059
-0.059
-0.056
-0.066
-0.061
-0.045
-0.032
-0.021
-0.0079
0.0037
-0.0026
-0.019
-0.026
-0.02
-0.029
-0.032
-0.028
-0.03
-0.017
0.012
0.032
0.048
0.05
0.041
0.022
-0.0014
-0.013
-0.0018
0.033
0.088
0.12
0.11
0.089
0.076
0.067
0.061
0.055
0.052
0.064
0.098
0.12
0.12
0.13
0.16
0.19
0.19
0.15
0.094
0.061
0.055
0.077
0.11
0.14
0.15
0.16
0.16
0.16
0.15
0.14
0.12
0.11
0.071
0.034
0.031
0.054
0.062
0.073
0.092
0.1
0.092
0.072
0.056
0.045
0.033
0.039
0.055
0.075
0.094
0.097
0.094
0.1
0.084
0.043
0.011
-0.0077
-0.017
-0.0067
0.0096
0.019
0.03
0.049
0.064
0.076
0.07
0.045
0.012
-0.021
-0.041
-0.058
-0.066
-0.063
-0.038
-0.0068
0.015
-0.0097
-0.054
-0.068
-0.07
-0.074
-0.08
-0.088
-0.083
-0.066
-0.062
-0.069
-0.088
-0.11
-0.12
-0.14
-0.13
-0.12
-0.11
-0.11
-0.092
-0.075
-0.069
-0.07
-0.075
-0.083
-0.085
-0.078
-0.061
-0.033
-0.017
-0.023
-0.044
-0.045
-0.046
-0.059
-0.056
-0.033
-0.012
0.0064
0.015
0.0063
0.022
0.029
0.014
-0.017
-0.048
-0.066
-0.075
-0.068
-0.06
-0.046
-0.035
-0.019
-0.0091
-0.025
-0.04
-0.039
-0.042
-0.044
-0.055
-0.062
-0.042
-0.026
-0.035
-0.048
-0.055
-0.057
-0.052
-0.041
-0.023
-0.011
-0.023
-0.038
-0.048
-0.058
-0.063
-0.044
-0.011
0.022
0.033
0.023
0.015
0.0072
-0.0062
-0.016
-0.0064
0.0071
0.012
0.029
0.064
0.087
0.092
0.1
0.1
0.095
0.092
0.1
0.12
0.12
0.11
0.093
0.091
0.098
0.12
0.15
0.19
0.21
0.2
0.18
0.16
0.14
0.14
0.15
0.14
0.13
0.13
0.14
0.19
0.25
0.27
0.28
0.24
0.17
0.11
0.096
0.088
0.085
0.093
0.1
0.12
0.15
0.16
0.14
0.12
0.094
0.068
0.044
0.024
0.028
0.064
0.09
0.067
0.03
0.027
0.046
0.071
0.071
0.041
0.018
0.0029
0.0078
0.034
0.056
0.067
0.068
0.044
0.01
-0.02
-0.04
-0.035
-0.0019
0.032
0.042
0.036
0.0096
-0.017
-0.02
-0.017
-0.028
-0.043
-0.049
-0.039
-0.008
0.014
0.026
0.042
0.041
-0.00038
-0.065
-0.084
-0.078
-0.071
-0.034
-0.0056
-0.0016
-0.011
-0.018
-0.015
-0.0099
-0.0039
-0.018
-0.049
-0.069
-0.076
-0.07
-0.057
-0.057
-0.068
-0.063
-0.063
-0.07
-0.074
-0.062
-0.058
-0.085
-0.094
-0.1
-0.095
-0.075
-0.064
-0.046
-0.036
-0.0068
0.011
-0.008
-0.032
-0.041
-0.048
-0.046
-0.049
-0.051
-0.041
-0.032
-0.0083
0.011
0.022
0.037
0.027
0.0019
-0.012
-0.0092
0.0084
0.028
0.032
0.04
0.046
0.032
0.009
0.015
0.03
0.013
-0.016
-0.037
-0.045
-0.013
0.042
0.086
0.092
0.062
0.029
-0.0009
-0.017
-0.022
-0.013
0.016
0.044
0.054
0.054
0.054
0.031
0.016
0.025
0.03
0.026
0.018
0.019
0.03
0.045
0.046
0.044
0.049
0.049
0.05
0.057
0.053
0.021
-0.016
-0.016
0.0097
0.046
0.06
0.058
0.053
0.039
0.017
-0.0018
-0.013
-0.033
-0.045
-0.038
-0.034
-0.031
-0.028
-0.036
-0.038
-0.018
-0.011
-0.033
-0.043
-0.045
-0.045
-0.039
-0.029
-0.027
-0.038
-0.052
-0.054
-0.049
-0.048
-0.048
-0.04
-0.028
-0.037
-0.057
-0.064
-0.056
-0.025
0.013
0.022
-0.011
-0.041
-0.052
-0.032
0.0058
0.019
0.01
0.016
0.04
0.058
0.062
0.051
0.027
0.025
0.046
0.062
0.063
0.06
0.054
0.047
0.048
0.063
0.075
0.072
0.053
0.039
0.047
0.062
0.063
0.071
0.094
0.12
0.13
0.11
0.083
0.067
0.066
0.078
0.11
0.12
0.12
0.13
0.13
0.11
0.11
0.11
0.11
0.1
0.11
0.12
0.11
0.094
0.11
0.13
0.13
0.15
0.17
0.21
0.23
0.22
0.17
0.12
0.11
0.12
0.12
0.12
0.14
0.16
0.19
0.21
0.21
0.21
0.2
0.17
0.13
0.095
0.056
0.026
0.025
0.045
0.086
0.13
0.15
0.15
0.12
0.089
0.051
0.019
-0.00038
-0.0067
-0.0098
-0.013
-0.017
-0.0087
0.018
0.036
0.048
0.05
0.034
-0.0048
-0.056
-0.097
-0.11
-0.1
-0.074
-0.037
-0.03
-0.032
-0.026
-0.021
-0.022
-0.032
-0.059
-0.09
-0.11
-0.13
-0.12
-0.097
-0.069
-0.077
-0.11
-0.12
-0.12
-0.12
-0.12
-0.13
-0.16
-0.17
-0.16
-0.16
-0.16
-0.15
-0.13
-0.1
-0.095
-0.11
-0.14
-0.16
-0.18
-0.18
-0.18
-0.16
-0.13
-0.11
-0.11
-0.11
-0.13
-0.15
-0.17
-0.16
-0.16
-0.15
-0.16
-0.18
-0.17
-0.15
-0.11
-0.094
-0.1
-0.13
-0.14
-0.15
-0.15
-0.15
-0.14
-0.11
-0.085
-0.077
-0.091
-0.09
-0.083
-0.095
-0.11
-0.14
-0.15
-0.16
-0.16
-0.16
-0.15
-0.11
-0.067
-0.042
-0.033
-0.043
-0.073
-0.12
-0.14
-0.15
-0.12
-0.076
-0.052
-0.052
-0.054
-0.041
-0.029
-0.025
-0.025
-0.025
-0.022
-0.024
-0.028
-0.034
-0.016
0.025
0.056
0.059
0.046
0.034
0.009
-0.015
-0.041
-0.048
-0.0079
0.039
0.053
0.039
0.014
-0.012
-0.021
-0.011
0.0086
0.027
0.039
0.042
0.014
-0.018
-0.028
-0.025
-0.0094
0.013
0.032
0.046
0.043
0.022
0.011
0.0079
0.0044
0.014
0.01
-0.004
0.0024
0.026
0.052
0.065
0.049
0.013
-0.0022
0.012
0.044
0.065
0.06
0.062
0.06
0.054
0.046
0.035
0.023
0.043
0.076
0.078
0.077
0.073
0.059
0.056
0.058
0.062
0.065
0.061
0.054
0.056
0.072
0.084
0.096
0.11
0.12
0.13
0.11
0.078
0.07
0.072
0.072
0.08
0.1
0.14
0.14
0.12
0.11
0.1
0.083
0.085
0.1
0.094
0.1
0.11
0.11
0.11
0.092
0.086
0.077
0.081
0.091
0.084
0.089
0.09
0.081
0.067
0.059
0.048
0.041
0.026
0.027
0.042
0.048
0.071
0.095
0.094
0.081
0.069
0.049
0.02
-4.6e-005
-0.013
-0.029
-0.05
-0.054
-0.052
-0.038
0.0018
0.015
-0.0051
-0.035
-0.066
-0.08
-0.072
-0.051
-0.026
-0.0099
-0.016
-0.017
-0.0069
-0.01
-0.011
-0.0079
0.0046
0.0028
-0.031
-0.074
-0.098
-0.084
-0.051
-0.0098
0.025
0.025
-0.0057
-0.051
-0.088
-0.1
-0.094
-0.082
-0.068
-0.045
-0.038
-0.054
-0.061
-0.064
-0.071
-0.08
-0.098
-0.11
-0.13
-0.15
-0.15
-0.12
-0.06
-0.01
-0.004
-0.033
-0.081
-0.11
-0.1
-0.091
-0.073
-0.053
-0.041
-0.02
-0.013
-0.043
-0.066
-0.073
-0.076
-0.082
-0.078
-0.068
-0.069
-0.067
-0.068
-0.066
-0.054
-0.047
-0.051
-0.061
-0.073
-0.07
-0.059
-0.059
-0.047
-0.035
-0.038
-0.034
-0.035
-0.044
-0.053
-0.052
-0.049
-0.039
-0.019
-0.0058
-0.0005
0.013
0.034
0.041
0.044
0.053
0.046
0.037
0.022
0.0009
0.0081
0.063
0.15
0.18
0.12
-0.0061
-0.12
-0.11
0.0081
0.14
0.16
0.077
-4.6e-005
-0.011
0.024
0.089
0.16
0.17
0.12
0.03
-0.065
-0.09
-0.049
0.023
0.068
0.096
0.094
0.074
0.044
0.043
0.084
0.097
0.074
0.019
-0.026
-0.027
0.0023
0.034
0.047
0.035
0.024
0.025
0.012
0.014
0.027
0.049
0.075
0.064
0.057
0.078
0.093
0.088
0.065
0.038
0.015
0.0018
-0.0045
-0.014
-0.025
-0.024
0.0097
0.045
0.054
0.04
0.026
0.035
0.065
0.082
0.086
0.11
0.11
0.051
0.025
0.075
0.12
0.11
0.078
0.054
0.06
0.076
0.076
0.05
0.032
0.051
0.076
0.087
0.092
0.097
0.097
0.091
0.069
0.047
0.034
0.038
0.064
0.094
0.12
0.11
0.063
0.027
0.017
0.0078
0.0094
0.031
0.06
0.077
0.048
-0.0022
-0.028
-0.042
-0.044
-0.017
0.014
0.03
0.025
0.011
0.0037
-0.0044
-0.044
-0.08
-0.086
-0.065
-0.027
-0.0012
0.013
0.03
0.045
0.042
0.012
-0.014
-0.016
-0.016
-0.014
0.017
0.059
0.081
0.078
0.052
0.017
-0.013
-0.028
-0.011
0.02
0.027
0.015
0.0082
0.008
0.0037
0.0025
0.018
0.033
0.024
0.013
0.011
0.0093
0.0066
0.016
0.033
0.048
0.062
0.058
0.025
-0.002
-0.0092
-0.015
-0.03
-0.031
-0.0075
0.028
0.041
0.044
0.057
0.068
0.056
0.022
-0.014
-0.034
-0.033
-0.02
-0.017
-0.023
0.0037
0.049
0.068
0.063
0.044
0.023
0.0086
-0.011
-0.044
-0.046
-0.032
-0.018
0.0085
0.023
0.029
0.037
0.051
0.059
0.048
0.023
-0.018
-0.051
-0.047
-0.036
-0.031
-0.017
0.012
0.013
-0.0085
-0.04
-0.083
-0.12
-0.12
-0.09
-0.046
-0.013
-0.018
-0.044
-0.066
-0.088
-0.088
-0.062
-0.021
-0.0011
-0.022
-0.054
-0.063
-0.054
-0.053
-0.045
-0.041
-0.062
-0.1
-0.14
-0.15
-0.16
-0.15
-0.1
-0.046
-0.011
0.0015
-0.021
-0.062
-0.095
-0.11
-0.12
-0.15
-0.16
-0.13
-0.088
-0.049
-0.02
0.0075
0.024
0.024
0.0043
-0.015
-0.032
-0.066
-0.098
-0.11
-0.075
-0.0096
0.048
0.087
0.098
0.084
0.058
0.028
-0.0057
-0.026
-0.025
-0.026
-0.00053
0.038
0.054
0.045
0.042
0.057
0.077
0.082
0.055
0.021
-0.0035
-0.02
-0.028
-0.031
-0.018
0.003
0.026
0.037
0.033
0.019
0.018
0.021
0.014
0.0054
-0.0014
-0.0099
-0.013
-0.0061
0.0019
0.007
0.0062
0.0011
0.00029
0.014
0.012
-0.011
-0.029
-0.038
-0.054
-0.058
-0.038
-0.023
-0.021
-0.0086
0.019
0.015
-0.022
-0.052
-0.07
-0.078
-0.077
-0.059
-0.036
-0.012
0.0015
-0.013
-0.035
-0.057
-0.088
-0.11
-0.12
-0.11
-0.084
-0.055
-0.031
-0.0014
0.029
0.044
0.018
-0.038
-0.083
-0.096
-0.081
-0.042
0.0073
0.047
0.063
0.06
0.049
0.038
0.013
-0.0018
0.0032
-0.0066
-0.017
-0.00029
0.021
0.024
0.033
0.05
0.075
0.07
0.021
-0.016
-0.024
-0.027
-0.0022
0.045
0.06
0.056
0.038
0.016
0.016
0.021
0.019
-0.011
-0.039
-0.041
-0.034
-0.016
0.014
0.042
0.048
0.049
0.036
0.018
0.011
0.00017
0.0047
0.023
0.041
0.042
0.033
0.027
0.052
0.084
0.087
0.081
0.076
0.071
0.071
0.07
0.065
0.067
0.082
0.089
0.086
0.076
0.063
0.055
0.034
0.027
0.032
0.028
0.016
0.014
0.036
0.05
0.039
0.021
0.03
0.041
0.042
0.042
0.034
0.036
0.028
0.017
0.021
0.018
0.0048
0.0026
0.008
0.022
0.039
0.038
0.032
0.03
0.04
0.063
0.07
0.063
0.047
0.021
-0.0014
-0.011
-0.022
-0.019
0.021
0.062
0.089
0.11
0.099
0.075
0.052
0.026
-0.0091
-0.047
-0.078
-0.077
-0.041
-0.0026
0.031
0.043
0.019
-0.023
-0.053
-0.073
-0.09
-0.087
-0.076
-0.065
-0.047
-0.027
-0.0038
0.019
0.038
0.028
-0.0085
-0.036
-0.035
-0.031
-0.037
-0.044
-0.038
-0.03
-0.037
-0.028
-0.00081
0.023
0.035
0.021
-0.012
-0.027
-0.025
-0.025
0.00072
0.022
0.032
0.046
0.06
0.061
0.052
0.039
0.015
4.6e-005
0.006
0.022
0.044
0.075
0.1
0.1
0.068
0.043
0.038
0.043
0.043
0.04
0.051
0.069
0.077
0.077
0.082
0.089
0.1
0.11
0.11
0.093
0.078
0.079
0.094
0.11
0.11
0.11
0.11
0.092
0.09
0.086
0.082
0.071
0.063
0.068
0.066
0.056
0.053
0.07
0.085
0.097
0.098
0.086
0.084
0.092
0.092
0.082
0.077
0.089
0.11
0.13
0.13
0.11
0.095
0.095
0.088
0.081
0.085
0.088
0.094
0.095
0.091
0.1
0.12
0.12
0.098
0.096
0.096
0.093
0.08
0.076
0.091
0.091
0.063
0.035
0.047
0.078
0.086
0.074
0.066
0.06
0.045
0.04
0.034
0.035
0.042
0.041
0.05
0.072
0.073
0.049
0.028
0.017
0.034
0.051
0.06
0.065
0.061
0.057
0.058
0.047
0.033
0.026
0.0098
-0.0035
-0.0088
-0.015
-0.014
-0.016
-0.013
0.0066
0.0026
-0.017
-0.012
-0.005
-0.006
-0.011
-0.02
-0.019
-0.016
-0.016
0.0014
0.017
-0.0024
-0.03
-0.052
-0.052
-0.04
-0.039
-0.037
-0.025
-0.028
-0.04
-0.053
-0.048
-0.012
0.0026
-0.0068
-0.019
-0.035
-0.047
-0.047
-0.058
-0.073
-0.063
-0.047
-0.032
-0.017
-0.014
-0.0071
-0.0026
-0.01
-0.019
-0.02
-0.015
-0.011
-0.009
-0.012
-0.0012
-0.0013
-0.014
-0.0094
-0.0076
-0.033
-0.066
-0.08
-0.071
-0.053
-0.041
-0.025
-0.017
-0.034
-0.06
-0.072
-0.041
0.0029
0.013
-0.00056
-0.0087
-0.017
-0.018
-0.0045
0.014
0.034
0.035
0.0081
-0.03
-0.052
-0.049
-0.038
-0.023
-0.018
-0.018
-0.026
-0.024
0.0016
0.032
0.059
0.066
0.035
-0.026
-0.079
-0.11
-0.086
-0.028
0.015
0.044
0.059
0.046
0.024
-0.0077
-0.036
-0.046
-0.053
-0.073
-0.099
-0.1
-0.07
-0.027
-0.0043
0.024
0.048
0.033
-0.031
-0.11
-0.14
-0.14
-0.12
-0.072
-0.022
0.0079
0.014
0.0066
-0.019
-0.021
-0.0075
-0.002
-0.0033
-0.028
-0.042
-0.033
-0.018
-0.014
-0.013
-0.0066
0.0035
0.016
0.038
0.054
0.043
0.019
0.01
0.0065
-0.0012
-0.0087
-0.023
-0.053
-0.087
-0.1
-0.06
0.012
0.04
0.032
0.03
0.029
0.019
0.0039
-0.00087
0.015
0.03
0.022
0.0071
-0.015
-0.027
-0.028
-0.014
0.033
0.075
0.076
0.049
0.038
0.039
0.03
0.013
-0.00084
0.0081
0.024
0.043
0.055
0.043
0.032
0.031
0.028
0.02
0.022
0.018
0.013
-0.0084
-0.035
-0.034
-0.0027
0.048
0.089
0.11
0.087
0.029
-0.026
-0.044
-0.032
-0.016
0.021
0.056
0.057
0.036
-0.003
-0.012
0.0089
0.018
0.019
0.036
0.043
0.027
0.01
-0.0055
0.009
0.043
0.066
0.077
0.071
0.053
0.033
0.015
0.015
0.022
0.023
0.04
0.069
0.073
0.04
-0.011
-0.036
-0.034
-0.028
-0.028
-0.023
-0.0029
0.013
0.021
0.0078
-0.013
-0.02
-0.026
-0.039
-0.057
-0.057
-0.038
-0.035
-0.036
-0.01
0.017
0.015
0.012
0.0038
-0.0036
-0.0055
-0.025
-0.037
-0.029
-0.028
-0.028
-0.013
-0.0018
0.00011
0.00041
-0.014
-0.027
-0.03
-0.03
-0.032
-0.041
-0.055
-0.069
-0.079
-0.072
-0.043
-0.031
-0.035
-0.037
-0.044
-0.052
-0.069
-0.067
-0.037
-0.015
-0.021
-0.03
-0.031
-0.032
-0.038
-0.053
-0.051
-0.032
-0.0098
-0.0016
-0.016
-0.04
-0.046
-0.041
-0.057
-0.061
-0.041
-0.028
-0.026
-0.028
-0.025
-0.02
-0.025
-0.035
-0.059
-0.08
-0.067
-0.037
-0.025
-0.036
-0.072
-0.1
-0.091
-0.062
-0.05
-0.062
-0.069
-0.054
-0.041
-0.043
-0.053
-0.06
-0.057
-0.05
-0.044
-0.042
-0.04
-0.054
-0.062
-0.052
-0.036
-0.015
-0.0027
-0.018
-0.034
-0.038
-0.034
-0.016
0.0032
0.018
0.028
0.023
-0.0027
-0.026
-0.034
-0.027
-0.016
-0.0069
-0.0041
-0.0048
-0.0042
0.022
0.066
0.087
0.087
0.078
0.025
-0.046
-0.083
-0.085
-0.045
0.023
0.087
0.11
0.093
0.055
0.0032
-0.031
-0.018
-0.0002
-0.0092
-0.0083
0.014
0.017
0.0023
-0.0087
0.014
0.047
0.034
0.0095
0.0052
0.0075
0.0018
0.0014
0.00081
-0.011
-0.02
-0.014
0.016
0.04
0.049
0.047
0.048
0.047
0.042
0.039
0.02
0.0045
0.027
0.047
0.041
0.035
0.052
0.07
0.073
0.06
0.012
-0.052
-0.084
-0.082
-0.045
0.016
0.036
0.012
-0.0081
-0.0025
0.027
0.042
0.044
0.057
0.049
0.016
-0.0092
-0.029
-0.035
-0.025
-0.018
0.00063
0.023
0.022
0.019
0.025
0.038
0.052
0.052
0.041
0.033
0.029
0.035
0.045
0.028
0.0018
-0.0086
-0.012
-0.013
-0.014
-0.024
-0.033
-0.037
-0.048
-0.044
-0.035
-0.044
-0.05
-0.053
-0.047
-0.044
-0.033
0.0085
0.038
0.031
0.0068
-0.024
-0.057
-0.073
-0.066
-0.043
-0.0087
0.009
0.0063
-0.0024
-0.02
-0.042
-0.038
-0.018
0.0016
0.004
-0.0094
-0.016
-0.029
-0.052
-0.061
-0.042
-0.013
0.0021
0.0014
-0.012
-0.019
-0.03
-0.047
-0.058
-0.042
-0.015
-0.015
-0.016
0.0057
0.026
0.029
0.023
0.0085
-0.0043
0.0024
0.01
0.0078
0.004
0.0075
0.024
0.039
0.051
0.048
0.022
-0.0031
-4.6e-005
0.035
0.074
0.096
0.083
0.07
0.078
0.082
0.082
0.083
0.083
0.077
0.074
0.081
0.092
0.095
0.091
0.089
0.079
0.07
0.055
0.043
0.051
0.043
0.018
0.0098
0.0094
0.015
0.042
0.057
0.04
0.017
0.01
0.018
0.026
0.025
0.024
0.03
0.034
0.033
0.038
0.034
0.017
0.009
0.011
0.02
0.023
0.023
0.022
0.0088
-0.0036
0.0066
0.017
0.022
0.026
0.016
0.022
0.033
0.024
0.013
0.018
0.032
0.031
0.016
0.0049
0.017
0.017
0.0068
0.0044
0.0079
0.016
0.013
0.013
0.02
0.029
0.029
0.012
-0.0087
-0.023
-0.019
-0.028
-0.044
-0.047
-0.037
-0.021
-0.0099
-0.014
-0.037
-0.054
-0.073
-0.082
-0.062
-0.038
-0.038
-0.046
-0.031
-0.02
-0.028
-0.044
-0.06
-0.071
-0.061
-0.027
0.00044
0.02
0.03
0.026
0.029
0.026
0.0076
-0.025
-0.071
-0.095
-0.089
-0.066
-0.021
0.027
0.051
0.06
0.048
0.021
-0.00056
-0.016
-0.029
-0.062
-0.087
-0.069
-0.04
-0.036
-0.03
0.011
0.052
0.062
0.037
-0.014
-0.058
-0.095
-0.11
-0.069
-0.036
-0.013
0.011
0.028
0.042
0.046
0.041
0.036
0.018
-0.018
-0.046
-0.069
-0.07
-0.043
-0.03
-0.015
0.015
0.032
0.028
0.0064
-0.033
-0.08
-0.11
-0.11
-0.1
-0.091
-0.089
-0.098
-0.094
-0.074
-0.036
-0.0055
0.0018
-0.014
-0.057
-0.095
-0.11
-0.11
-0.093
-0.064
-0.044
-0.034
-0.029
-0.04
-0.056
-0.069
-0.061
-0.041
-0.018
0.0081
0.026
0.027
0.0072
-0.021
-0.043
-0.046
-0.04
-0.028
0.0035
0.023
0.0064
-0.024
-0.048
-0.05
-0.053
-0.061
-0.06
-0.042
-0.027
-0.017
-0.013
-0.005
0.042
0.085
0.095
0.075
0.032
-0.0016
-0.0084
0.0026
0.029
0.059
0.072
0.072
0.066
0.058
0.054
0.046
0.059
0.081
0.082
0.076
0.085
0.1
0.12
0.13
0.13
0.11
0.11
0.11
0.12
0.13
0.12
0.13
0.14
0.15
0.15
0.17
0.17
0.15
0.13
0.14
0.14
0.13
0.12
0.12
0.11
0.1
0.093
0.093
0.11
0.12
0.11
0.1
0.089
0.059
0.028
0.021
0.039
0.067
0.079
0.089
0.099
0.092
0.084
0.078
0.077
0.071
0.054
0.053
0.067
0.082
0.076
0.074
0.075
0.061
0.042
0.026
0.023
0.024
0.02
0.015
0.017
0.029
0.044
0.04
0.019
0.018
0.025
0.0082
-0.0088
-0.013
-0.0069
-0.0052
-0.025
-0.055
-0.079
-0.091
-0.09
-0.083
-0.079
-0.07
-0.087
-0.11
-0.11
-0.13
-0.15
-0.16
-0.13
-0.1
-0.1
-0.12
-0.12
-0.11
-0.11
-0.12
-0.14
-0.17
-0.16
-0.15
-0.13
-0.13
-0.14
-0.14
-0.14
-0.17
-0.19
-0.18
-0.16
-0.15
-0.15
-0.13
-0.11
-0.12
-0.13
-0.13
-0.12
-0.12
-0.14
-0.16
-0.17
-0.18
-0.17
-0.14
-0.12
-0.14
-0.17
-0.18
-0.18
-0.17
-0.18
-0.17
-0.13
-0.095
-0.094
-0.13
-0.18
-0.2
-0.19
-0.16
-0.098
-0.041
-0.0096
-0.0066
-0.022
-0.054
-0.1
-0.15
-0.16
-0.15
-0.11
-0.041
-0.03
-0.026
-0.0077
-0.023
-0.049
-0.047
-0.063
-0.085
-0.066
-0.012
0.031
0.032
0.015
0.011
0.02
0.026
0.048
0.073
0.068
0.029
-0.02
-0.0093
0.069
0.13
0.15
0.14
0.12
0.1
0.091
0.097
0.11
0.098
0.073
0.048
0.037
0.072
0.14
0.17
0.16
0.12
0.09
0.079
0.099
0.14
0.16
0.16
0.16
0.17
0.18
0.21
0.21
0.18
0.14
0.067
0.027
0.04
0.06
0.098
0.15
0.18
0.19
0.18
0.15
0.15
0.14
0.12
0.11
0.1
0.075
0.055
0.048
0.059
0.078
0.09
0.084
0.049
0.0033
-0.0046
0.032
0.068
0.069
0.036
-0.00087
-0.0097
0.017
0.058
0.087
0.082
0.06
0.038
0.027
0.056
0.1
0.14
0.16
0.17
0.18
0.19
0.2
0.19
0.19
0.18
0.16
0.13
0.12
0.11
0.1
0.099
0.065
0.014
-0.013
0.015
0.068
0.1
0.077
0.031
0.032
0.064
0.092
0.1
0.091
0.083
0.069
0.05
0.055
0.065
0.066
0.067
0.05
0.029
0.039
0.047
0.035
0.024
0.02
0.014
0.014
0.034
0.06
0.072
0.043
-0.008
-0.049
-0.067
-0.052
-0.017
0.013
0.013
-0.023
-0.071
-0.09
-0.071
-0.044
-0.016
-0.021
-0.062
-0.085
-0.084
-0.082
-0.073
-0.056
-0.05
-0.054
-0.05
-0.029
-0.0039
0.011
0.012
0.0051
-0.018
-0.057
-0.086
-0.079
-0.043
-0.0012
0.018
0.03
0.039
0.031
0.0099
-0.0011
0.0042
0.0035
-0.0024
-0.0061
-7.6e-005
0.017
0.036
0.049
0.045
0.029
-0.0017
-0.023
-0.015
0.005
0.00078
-0.019
-0.023
-0.028
-0.032
-0.027
-0.014
0.0065
0.019
0.031
0.041
0.056
0.08
0.094
0.072
0.037
0.016
0.022
0.06
0.089
0.11
0.12
0.1
0.056
0.0074
0.0077
0.05
0.083
0.088
0.089
0.098
0.094
0.072
0.027
-0.0098
-0.013
0.0024
0.024
0.03
0.016
0.02
0.034
0.021
0.0086
0.016
0.011
-0.004
-0.0093
0.012
0.041
0.051
0.036
-0.0012
-0.04
-0.05
-0.033
-0.0075
0.021
0.043
0.043
0.038
0.024
0.019
0.025
0.044
0.075
0.078
0.038
-0.017
-0.037
-0.019
0.021
0.055
0.067
0.069
0.051
0.035
0.025
0.016
0.004
-0.025
-0.056
-0.078
-0.063
-0.0024
0.06
0.093
0.1
0.098
0.071
0.0093
-0.059
-0.096
-0.09
-0.035
0.037
0.077
0.093
0.097
0.088
0.055
0.019
-0.0035
-0.0055
0.00072
-0.0002
-0.0027
0.0047
0.031
0.047
0.043
0.019
-0.012
-0.015
-0.022
-0.036
-0.046
-0.057
-0.076
-0.09
-0.083
-0.052
-0.014
0.014
0.021
-0.011
-0.064
-0.098
-0.11
-0.12
-0.12
-0.099
-0.066
-0.055
-0.068
-0.1
-0.11
-0.098
-0.085
-0.091
-0.1
-0.1
-0.11
-0.11
-0.11
-0.079
-0.056
-0.055
-0.059
-0.07
-0.067
-0.048
-0.036
-0.029
-0.028
-0.025
-0.007
0.0085
0.012
0.011
0.0016
-0.0076
-0.016
-0.012
0.015
0.025
0.001
-0.041
-0.059
-0.052
-0.0097
0.04
0.054
0.032
-0.017
-0.062
-0.088
-0.1
-0.1
-0.079
-0.06
-0.059
-0.058
-0.055
-0.067
-0.087
-0.09
-0.084
-0.076
-0.06
-0.052
-0.046
-0.03
-0.0091
-0.004
-0.011
-0.012
-0.019
-0.043
-0.069
-0.064
-0.033
0.0075
0.045
0.068
0.071
0.048
0.014
-0.0092
-0.015
-0.00053
0.02
0.034
0.036
0.031
0.041
0.043
0.036
0.02
0.019
0.038
0.052
0.041
0.031
0.03
0.041
0.057
0.059
0.051
0.04
0.035
0.036
0.027
0.025
0.041
0.051
0.043
0.019
-0.017
-0.04
-0.027
-0.015
-0.0055
-0.0023
-0.019
-0.035
-0.042
-0.034
-0.021
-0.0057
-0.0031
-0.017
-0.025
-0.02
-0.011
-0.0028
0.00032
0.0082
0.013
0.0025
-0.015
-0.021
-0.0096
0.014
0.04
0.058
0.068
0.072
0.073
0.062
0.049
0.038
0.044
0.051
0.047
0.035
0.024
0.031
0.04
0.034
0.023
0.023
0.025
0.013
-0.0037
-0.013
-0.014
-0.023
-0.03
-0.027
-0.017
-0.0076
-0.024
-0.036
-0.032
-0.032
-0.043
-0.056
-0.065
-0.067
-0.059
-0.061
-0.064
-0.057
-0.058
-0.064
-0.061
-0.056
-0.054
-0.045
-0.031
-0.028
-0.049
-0.067
-0.061
-0.034
-0.0037
-0.007
-0.046
-0.091
-0.11
-0.1
-0.082
-0.055
-0.046
-0.066
-0.11
-0.12
-0.11
-0.086
-0.05
-0.039
-0.059
-0.089
-0.12
-0.13
-0.12
-0.086
-0.045
-0.011
0.0025
0.011
0.024
-0.0017
-0.048
-0.091
-0.13
-0.14
-0.11
-0.059
-0.022
0.0022
0.00047
-0.0054
-0.016
-0.04
-0.064
-0.063
-0.056
-0.074
-0.1
-0.11
-0.11
-0.094
-0.061
-0.026
-0.011
-0.024
-0.048
-0.047
-0.049
-0.076
-0.093
-0.078
-0.053
-0.022
0.0022
-0.0021
-0.00038
0.013
0.025
0.035
0.027
0.02
0.014
-0.0064
-0.018
0.0012
0.046
0.091
0.1
0.087
0.074
0.06
0.051
0.047
0.067
0.087
0.089
0.091
0.086
0.082
0.068
0.062
0.072
0.079
0.069
0.04
0.027
0.031
0.044
0.066
0.083
0.098
0.11
0.1
0.085
0.07
0.065
0.058
0.07
0.081
0.087
0.1
0.1
0.095
0.085
0.077
0.062
0.06
0.054
0.041
0.047
0.065
0.086
0.11
0.093
0.051
0.031
0.037
0.048
0.061
0.081
0.11
0.11
0.082
0.05
0.047
0.06
0.071
0.077
0.069
0.056
0.036
0.037
0.055
0.059
0.044
0.019
0.025
0.042
0.041
0.042
0.041
0.028
0.004
-0.022
-0.027
-0.007
0.02
0.019
0.016
0.029
0.038
0.029
0.0052
-0.015
-0.03
-0.031
-0.026
-0.014
0.0026
0.018
0.026
0.011
0.00032
0.01
0.021
0.015
0.0068
0.026
0.049
0.051
0.026
0.0063
0.011
0.026
0.017
0.0049
0.018
0.024
0.014
0.0074
0.013
0.035
0.072
0.083
0.064
0.053
0.038
0.021
0.0054
0.0045
0.033
0.066
0.069
0.058
0.042
0.026
0.028
0.031
0.044
0.06
0.045
0.018
0.0011
-0.0009
0.0096
0.029
0.039
0.03
0.0027
-0.024
-0.029
-0.03
-0.018
0.00053
-0.0029
-0.016
-0.028
-0.054
-0.066
-0.06
-0.051
-0.039
-0.04
-0.063
-0.075
-0.081
-0.08
-0.075
-0.094
-0.12
-0.11
-0.087
-0.068
-0.059
-0.063
-0.056
-0.042
-0.053
-0.078
-0.088
-0.059
-0.01
0.018
0.021
0.027
0.026
0.0072
-0.013
-0.027
-0.022
-1.5e-005
0.037
0.087
0.095
0.059
0.018
-0.013
-0.022
-0.01
0.0056
0.015
0.02
0.024
0.027
0.033
0.033
0.027
0.022
0.027
0.055
0.09
0.094
0.065
0.037
0.032
0.045
0.057
0.067
0.087
0.085
0.044
0.011
0.009
0.0064
0.011
0.035
0.076
0.1
0.1
0.091
0.09
0.11
0.11
0.1
0.061
0.026
0.012
0.021
0.058
0.11
0.16
0.18
0.15
0.1
0.07
0.059
0.053
0.046
0.045
0.057
0.064
0.078
0.093
0.082
0.065
0.06
0.051
0.042
0.032
0.015
0.0065
0.013
0.033
0.051
0.055
0.062
0.064
0.037
-0.0026
-0.04
-0.055
-0.042
-0.031
-0.029
-0.013
0.0071
-0.0048
-0.029
-0.034
-0.013
0.0078
0.015
-0.0012
-0.031
-0.046
-0.048
-0.04
-0.025
-0.012
-0.0038
-0.023
-0.06
-0.099
-0.11
-0.11
-0.11
-0.1
-0.08
-0.06
-0.048
-0.032
-0.031
-0.058
-0.073
-0.064
-0.05
-0.052
-0.077
-0.077
-0.045
-0.0095
0.011
0.02
0.025
0.019
-0.0014
-0.016
-0.026
-0.042
-0.039
-0.034
-0.031
-0.015
0.003
0.011
0.0017
-0.019
-0.019
0.0034
0.012
0.012
0.011
0.0015
-0.0086
-0.015
-0.0077
0.0054
0.025
0.032
0.018
-0.011
-0.025
-0.026
-0.025
-0.0074
-0.0068
-0.028
-0.037
-0.019
0.0085
0.025
0.027
0.013
-0.0097
-0.047
-0.066
-0.05
-0.016
0.013
0.028
0.031
0.013
-0.022
-0.043
-0.044
-0.038
-0.024
-0.0026
0.016
0.029
0.027
0.006
0.0051
0.013
0.0075
0.013
0.02
0.0062
-0.019
-0.032
-0.031
0.0016
0.032
0.037
0.027
0.0025
-0.02
-0.029
-0.028
-0.0078
0.02
0.03
0.036
0.03
0.014
0.011
0.019
0.058
0.1
0.11
0.099
0.093
0.069
0.046
0.039
0.046
0.056
0.054
0.066
0.12
0.16
0.18
0.15
0.11
0.074
0.063
0.059
0.062
0.063
0.059
0.073
0.091
0.1
0.11
0.1
0.082
0.048
0.023
-1.5e-005
-0.0085
0.009
0.044
0.074
0.076
0.058
0.043
0.038
0.024
0.0021
-0.014
-0.02
-0.0011
0.027
0.045
0.052
0.049
0.027
-0.0036
-0.016
-0.011
0.004
0.0015
0.0058
0.04
0.072
0.077
0.065
0.05
0.039
0.039
0.053
0.064
0.064
0.085
0.11
0.11
0.069
0.026
0.012
0.02
0.026
0.031
0.044
0.059
0.053
0.026
-0.0089
-0.023
-0.011
-0.0017
0.0072
0.01
0.015
0.019
0.0087
-0.023
-0.069
-0.085
-0.067
-0.038
-0.0093
0.017
0.037
0.056
0.061
0.031
-0.021
-0.076
-0.1
-0.087
-0.046
-0.0088
0.018
0.03
0.024
0.019
0.015
-0.0082
-0.071
-0.13
-0.14
-0.091
-0.016
0.045
0.087
0.086
0.036
-0.013
-0.034
-0.033
-0.031
-0.041
-0.041
-0.048
-0.072
-0.074
-0.033
0.013
0.041
0.057
0.054
0.039
0.021
-0.0012
-0.034
-0.05
-0.033
-0.019
-0.0094
0.0019
0.025
0.058
0.057
0.025
-0.0026
-0.015
-0.039
-0.082
-0.12
-0.11
-0.052
0.0038
0.049
0.063
0.043
-0.0077
-0.066
-0.1
-0.1
-0.085
-0.053
-0.023
-0.014
-0.013
-0.0061
0.0013
-0.0082
-0.025
-0.044
-0.06
-0.062
-0.056
-0.031
0.0075
0.0064
-0.03
-0.051
-0.045
-0.023
-0.023
-0.056
-0.061
-0.028
-0.0039
0.00096
0.0097
0.021
0.014
-0.0048
-0.017
-0.023
-0.027
-0.026
-0.025
-0.033
-0.015
0.0098
0.005
0.0038
0.0085
0.025
0.046
0.033
0.0062
-0.013
-0.0011
0.046
0.077
0.068
0.029
-0.0082
0.0039
0.093
0.19
0.22
0.13
-0.034
-0.18
-0.22
-0.13
0.041
0.19
0.25
0.18
0.018
-0.11
-0.081
0.029
0.12
0.17
0.13
0.046
-0.032
-0.056
0.00096
0.095
0.16
0.16
0.11
0.059
0.019
0.0047
0.012
0.029
0.054
0.066
0.049
0.018
-0.0027
0.0045
0.011
0.0076
0.0052
0.0022
0.00017
0.0086
0.024
0.04
0.052
0.049
0.015
-0.051
-0.1
-0.11
-0.059
0.014
0.054
0.045
0.017
-0.0077
-0.04
-0.067
-0.063
-0.039
-0.016
0.0072
0.037
0.057
0.049
0.032
0.014
-0.021
-0.055
-0.073
-0.075
-0.065
-0.046
-0.025
0.0052
0.03
0.023
0.0022
-0.014
-0.0073
-0.00069
-0.0051
-0.012
-0.024
-0.032
-0.035
-0.045
-0.037
1.5e-005
0.015
-0.0036
-0.027
-0.035
-0.032
-0.02
-0.0033
-0.0018
0.0015
-0.0087
-0.023
-0.033
-0.024
0.0066
0.021
0.016
0.024
0.029
0.032
0.043
0.03
-0.0066
-0.032
-0.032
0.0069
0.045
0.042
0.027
0.021
0.017
-0.004
-0.021
-0.006
0.035
0.07
0.073
0.043
0.016
0.016
0.01
-0.0093
-0.024
-0.027
-0.023
-0.017
-0.016
-0.023
-0.028
-0.022
-0.021
-0.037
-0.069
-0.085
-0.073
-0.04
-0.0027
0.019
0.011
-0.024
-0.058
-0.098
-0.13
-0.12
-0.088
-0.045
-0.011
0.029
0.068
0.078
0.056
0.044
0.058
0.064
0.045
0.00081
-0.035
-0.042
-0.019
0.012
0.043
0.084
0.11
0.1
0.094
0.091
0.079
0.063
0.064
0.064
0.059
0.061
0.071
0.092
0.11
0.11
0.12
0.12
0.097
0.083
0.058
0.025
0.019
0.045
0.083
0.1
0.097
0.067
0.026
0.014
0.041
0.061
0.063
0.059
0.047
0.04
0.038
0.03
0.025
0.023
0.018
0.023
0.022
0.017
0.02
0.016
0.008
0.013
0.018
0.0079
-0.018
-0.065
-0.082
-0.055
-0.036
-0.024
-0.011
-0.027
-0.041
-0.03
-0.022
-0.027
-0.053
-0.066
-0.041
-0.013
-0.0079
-0.015
-0.029
-0.042
-0.038
-0.022
0.00056
0.015
0.018
0.021
0.0063
-0.023
-0.038
-0.028
-0.011
0.0098
0.026
0.017
0.0058
0.0043
0.008
0.0075
0.011
0.021
0.024
0.011
-0.0052
-0.019
-0.028
-0.032
-0.029
-0.0071
0.024
0.034
0.025
-0.0022
-0.031
-0.043
-0.042
-0.039
-0.028
-0.015
-0.021
-0.046
-0.074
-0.075
-0.039
0.004
0.036
0.058
0.072
0.066
0.039
0.0083
-0.0012
0.0077
0.002
-0.015
-0.031
-0.04
-0.049
-0.058
-0.036
-0.03
-0.058
-0.087
-0.093
-0.082
-0.066
-0.042
-0.018
-0.0087
-0.014
-0.019
-0.024
-0.024
-0.0074
0.0033
-0.015
-0.04
-0.039
-0.02
-0.0088
-0.0078
-0.013
-0.012
-0.0013
0.014
0.035
0.058
0.049
0.026
0.021
0.014
0.0087
0.014
0.02
0.023
0.036
0.046
0.032
0.0078
-0.015
-0.02
-0.024
-0.014
0.029
0.056
0.043
0.0013
-0.019
0.006
0.043
0.07
0.076
0.077
0.079
0.075
0.066
0.079
0.12
0.15
0.17
0.18
0.17
0.17
0.18
0.19
0.21
0.2
0.18
0.15
0.13
0.11
0.11
0.12
0.14
0.14
0.13
0.1
0.065
0.04
0.038
0.043
0.057
0.08
0.065
0.029
-0.0058
-0.026
-0.027
-0.02
-0.017
-0.034
-0.07
-0.085
-0.067
-0.042
-0.013
0.019
0.025
0.0033
-0.034
-0.05
-0.033
-0.035
-0.033
-0.009
0.0031
0.0047
0.018
0.022
0.02
0.0078
0.0047
0.026
0.05
0.056
0.06
0.069
0.06
0.03
0.00078
-0.015
-0.02
-0.058
-0.098
-0.083
-0.048
-0.0044
0.026
0.044
0.051
0.046
0.037
0.024
0.011
-0.015
-0.039
-0.073
-0.076
-0.025
0.018
0.05
0.087
0.098
0.087
0.074
0.048
0.031
0.022
-0.004
-0.038
-0.056
-0.03
0.016
0.045
0.066
0.081
0.069
0.0025
-0.075
-0.11
-0.091
-0.06
-0.018
0.035
0.069
0.085
0.085
0.037
-0.03
-0.054
-0.044
-0.043
-0.064
-0.089
-0.086
-0.076
-0.06
-0.028
-0.015
-0.024
-0.053
-0.092
-0.13
-0.14
-0.12
-0.094
-0.066
-0.079
-0.1
-0.1
-0.09
-0.09
-0.11
-0.12
-0.12
-0.14
-0.16
-0.14
-0.098
-0.067
-0.051
-0.063
-0.093
-0.12
-0.1
-0.099
-0.14
-0.16
-0.13
-0.093
-0.086
-0.088
-0.081
-0.076
-0.083
-0.093
-0.049
0.026
0.024
-0.044
-0.11
-0.1
-0.036
0.013
-0.0098
-0.052
-0.063
-0.038
-0.0036
-0.00038
-0.00035
0.016
0.014
-0.0062
-0.0089
0.0022
0.031
0.068
0.082
0.085
0.076
0.054
0.03
0.016
0.017
0.077
0.19
0.23
0.17
0.084
0.041
0.056
0.092
0.13
0.17
0.18
0.17
0.17
0.17
0.18
0.18
0.13
0.07
0.026
0.041
0.076
0.095
0.096
0.1
0.11
0.11
0.088
0.043
0.013
0.01
0.023
0.041
0.067
0.1
0.098
0.044
-0.012
-0.043
-0.043
-0.026
0.012
0.049
0.069
0.061
0.042
0.039
0.038
0.039
0.054
0.076
0.095
0.095
0.058
0.019
0.0044
0.022
0.082
0.13
0.12
0.081
0.039
0.0029
-0.031
-0.041
-0.014
0.024
0.049
0.064
0.057
0.017
-0.02
-0.024
-0.011
-0.0088
-0.028
-0.032
-0.014
-0.01
-0.012
0.0025
0.027
0.034
0.0059
-0.036
-0.056
-0.053
-0.035
-0.0086
0.0098
-0.004
-0.046
-0.081
-0.094
-0.087
-0.077
-0.059
-0.021
0.0075
0.014
-0.0056
-0.02
-0.025
-0.023
-0.02
-0.0066
0.015
0.0061
-0.014
-0.015
0.00078
0.012
0.01
0.012
0.0087
0.018
0.021
0.0029
-0.016
-0.0021
0.027
0.019
-0.0098
-0.03
-0.016
0.018
0.028
0.02
0.029
0.057
0.062
0.031
0.012
0.033
0.046
0.043
0.058
0.092
0.13
0.12
0.06
7.6e-005
-0.047
-0.055
-0.0034
0.07
0.11
0.14
0.15
0.13
0.12
0.093
0.048
0.018
0.015
0.024
0.034
0.047
0.058
0.058
0.045
0.03
0.0073
-0.022
-0.048
-0.054
-0.026
0.0027
-0.003
-0.023
-0.04
-0.046
-0.034
-0.027
-0.039
-0.054
-0.069
-0.076
-0.067
-0.053
-0.029
-0.022
-0.052
-0.087
-0.097
-0.071
-0.042
-0.033
-0.027
-0.0036
0.017
0.013
0.0072
-0.004
-0.024
-0.018
0.0033
0.016
0.019
0.0019
-0.0019
0.018
0.046
0.076
0.079
0.072
0.058
0.041
0.037
0.033
0.031
0.031
0.042
0.072
0.11
0.14
0.14
0.14
0.12
0.087
0.038
0.025
0.036
0.046
0.058
0.1
0.15
0.17
0.16
0.13
0.099
0.069
0.058
0.067
0.074
0.097
0.12
0.11
0.09
0.076
0.064
0.056
0.048
0.03
-0.014
-0.065
-0.085
-0.075
-0.049
-0.024
-0.026
-0.011
0.011
-0.014
-0.067
-0.096
-0.081
-0.05
-0.033
-0.015
0.0089
0.0093
-0.031
-0.064
-0.076
-0.06
-0.033
-0.024
-0.025
-0.0041
0.026
0.027
0.0011
-0.011
0.043
0.12
0.15
0.12
0.076
0.034
0.01
-0.0038
0.0036
0.049
0.11
0.14
0.14
0.1
0.072
0.034
0.0051
0.016
0.047
0.072
0.075
0.062
0.039
0.018
0.011
0.0076
0.017
0.031
0.047
0.059
0.034
-0.023
-0.06
-0.029
0.056
0.11
0.1
0.095
0.09
0.062
0.032
0.012
0.026
0.051
0.061
0.063
0.069
0.071
0.073
0.067
0.064
0.087
0.082
0.033
-0.012
-0.042
-0.057
-0.033
0.0049
0.042
0.074
0.059
0.025
-0.013
-0.061
-0.085
-0.07
-0.035
-0.00014
-0.005
-0.025
-0.047
-0.073
-0.079
-0.097
-0.11
-0.061
-0.011
-0.012
-0.032
-0.056
-0.038
-0.01
-0.02
-0.012
0.008
0.0063
0.0043
0.012
0.027
0.051
0.046
0.022
0.017
0.013
0.026
0.041
0.05
0.079
0.096
0.084
0.057
0.028
0.017
0.031
0.044
0.053
0.072
0.082
0.079
0.071
0.063
0.048
0.0046
-0.051
-0.074
-0.043
0.017
0.06
0.049
0.0043
-0.016
-0.017
-0.0074
-0.024
-0.053
-0.067
-0.077
-0.076
-0.062
-0.032
-0.027
-0.038
-0.045
-0.063
-0.098
-0.1
-0.091
-0.07
-0.04
-0.024
0.0025
-0.0085
-0.045
-0.054
-0.09
-0.11
-0.098
-0.066
-0.015
0.017
-0.013
-0.064
-0.11
-0.11
-0.071
-0.028
0.0097
0.024
0.0094
-0.0045
-0.038
-0.084
-0.093
-0.072
-0.05
-0.046
-0.026
-0.002
-0.004
-0.0092
-0.018
-0.011
-0.0029
-0.019
-0.045
-0.084
-0.11
-0.11
-0.06
-0.02
-0.026
-0.045
-0.046
-0.054
-0.071
-0.072
-0.072
-0.068
-0.064
-0.062
-0.074
-0.1
-0.11
-0.085
-0.051
-0.049
-0.072
-0.1
-0.12
-0.13
-0.13
-0.14
-0.14
-0.15
-0.14
-0.099
-0.067
-0.064
-0.1
-0.13
-0.11
-0.094
-0.11
-0.14
-0.16
-0.14
-0.11
-0.1
-0.11
-0.13
-0.15
-0.15
-0.15
-0.17
-0.16
-0.13
-0.11
-0.13
-0.15
-0.16
-0.17
-0.18
-0.18
-0.14
-0.1
-0.083
-0.11
-0.15
-0.16
-0.15
-0.16
-0.18
-0.17
-0.14
-0.11
-0.096
-0.093
-0.097
-0.12
-0.14
-0.14
-0.13
-0.12
-0.11
-0.11
-0.1
-0.098
-0.12
-0.12
-0.11
-0.089
-0.083
-0.1
-0.12
-0.1
-0.064
-0.022
-0.014
-0.024
-0.057
-0.11
-0.13
-0.12
-0.063
-0.019
-0.024
-0.059
-0.066
-0.043
-0.042
-0.078
-0.1
-0.084
-0.041
-0.01
-0.011
-0.038
-0.078
-0.098
-0.082
-0.049
-0.017
-0.0017
-0.0091
-0.01
-0.00087
0.0082
0.0042
-0.0084
-0.026
-0.033
-0.026
-0.0058
0.0086
0.014
0.033
0.066
0.07
0.039
0.0022
-0.015
0.0055
0.055
0.096
0.097
0.069
0.06
0.071
0.077
0.082
0.079
0.066
0.061
0.068
0.08
0.097
0.096
0.082
0.09
0.11
0.11
0.12
0.12
0.11
0.11
0.12
0.11
0.092
0.087
0.093
0.12
0.13
0.12
0.12
0.13
0.15
0.15
0.12
0.095
0.079
0.078
0.09
0.1
0.12
0.13
0.13
0.13
0.13
0.11
0.11
0.11
0.11
0.11
0.11
0.1
0.11
0.11
0.1
0.093
0.066
0.041
0.031
0.046
0.071
0.08
0.083
0.099
0.083
0.035
0.022
0.029
0.031
0.028
0.015
-0.0081
-0.019
-0.024
-0.023
-0.0082
0.018
0.033
0.011
-0.018
-0.039
-0.038
-0.031
-0.028
-0.02
0.0079
0.047
0.054
0.027
-0.017
-0.055
-0.059
-0.045
-0.021
0.025
0.063
0.065
0.072
0.081
0.052
0.016
-0.011
-0.029
-0.0055
0.027
0.054
0.076
0.083
0.095
0.1
0.099
0.073
0.036
0.032
0.043
0.034
0.014
0.011
0.037
0.054
0.056
0.05
0.046
0.049
0.044
0.029
0.0087
-0.009
-0.009
0.014
0.022
0.019
0.04
0.051
0.035
0.011
-0.0037
-0.028
-0.034
-0.0031
0.018
0.0063
-0.016
-0.023
0.013
0.063
0.083
0.066
0.031
-0.0016
-0.022
-0.029
-0.012
0.043
0.09
0.079
0.051
0.049
0.031
-0.0071
-0.036
-0.051
-0.042
-0.0048
0.043
0.083
0.092
0.066
0.016
-0.021
-0.035
-0.044
-0.042
-0.02
-0.0087
-0.0084
0.0063
0.016
0.023
0.02
0.0069
-0.017
-0.037
-0.037
-0.011
0.014
0.019
0.028
0.043
0.039
0.031
0.037
0.057
0.068
0.056
0.037
0.021
0.012
0.019
0.043
0.064
0.06
0.04
0.039
0.057
0.056
0.048
0.057
0.062
0.052
0.037
0.031
0.048
0.083
0.11
0.14
0.14
0.12
0.12
0.13
0.15
0.15
0.15
0.14
0.15
0.16
0.15
0.13
0.12
0.13
0.14
0.12
0.11
0.11
0.11
0.1
0.1
0.11
0.11
0.089
0.061
0.047
0.056
0.07
0.066
0.051
0.062
0.079
0.075
0.069
0.061
0.04
0.03
0.031
0.037
0.037
0.032
0.043
0.057
0.056
0.049
0.022
-0.017
-0.042
-0.045
-0.038
-0.015
0.015
0.031
0.036
0.029
0.019
0.0058
-0.021
-0.049
-0.039
-0.0092
0.024
0.047
0.054
0.072
0.068
0.041
0.018
0.012
0.019
0.022
0.016
0.018
0.025
0.029
0.034
0.022
-0.0073
-0.045
-0.079
-0.081
-0.074
-0.081
-0.084
-0.078
-0.079
-0.081
-0.083
-0.099
-0.12
-0.12
-0.076
0.033
0.22
0.31
0.26
0.072
-0.4
-0.78
-0.66
-0.21
0.093
0.065
0.0053
0.028
0.045
-0.039
-0.38
-0.33
0.011
0.011
-0.12
-0.17
-0.046
0.075
0.11
0.18
0.14
-0.097
-0.26
-0.063
0.21
0.26
0.12
-0.19
-0.26
0.0041
0.23
0.3
0.13
-0.39
-0.81
-0.42
0.29
0.55
0.42
0.0057
-0.51
-0.68
-0.48
-0.14
0.17
0.25
0.14
0.19
0.26
0.14
0.011
-0.16
-0.4
-0.47
-0.34
-0.21
-0.051
0.1
0.18
0.15
0.12
0.14
0.1
-0.0075
-0.11
-0.14
-0.072
0.019
0.05
0.06
0.093
0.061
-0.036
-0.038
0.09
0.2
0.19
0.11
-0.0054
-0.17
-0.37
-0.57
-0.65
-0.6
-0.5
-0.4
-0.31
-0.28
-0.28
-0.31
-0.39
-0.43
-0.4
-0.33
-0.24
-0.16
-0.041
0.083
0.16
0.22
0.24
0.22
0.12
-0.0023
-0.075
-0.099
-0.1
-0.092
-0.05
-0.00047
0.027
0.014
-0.041
-0.096
-0.14
-0.2
-0.28
-0.3
-0.27
-0.24
-0.21
-0.17
-0.13
-0.14
-0.17
-0.16
-0.14
-0.16
-0.16
-0.11
-0.072
-0.026
0.02
0.037
0.035
0.048
0.072
0.085
0.095
0.11
0.11
0.097
0.11
0.16
0.19
0.18
0.16
0.17
0.19
0.18
0.15
0.11
0.077
0.059
0.042
0.045
0.076
0.12
0.15
0.17
0.17
0.14
0.1
0.072
0.081
0.082
0.067
0.069
0.092
0.12
0.13
0.11
0.08
0.057
0.033
0.0038
-0.036
-0.043
0.0025
0.05
0.068
0.083
0.1
0.12
0.13
0.094
0.055
0.047
0.066
0.088
0.092
0.074
0.058
0.065
0.071
0.066
0.049
0.031
0.019
0.016
0.035
0.074
0.091
0.081
0.057
0.037
0.041
0.06
0.067
0.059
0.029
-0.019
-0.05
-0.063
-0.053
-0.012
0.034
0.044
0.029
-0.0061
-0.073
-0.12
-0.11
-0.067
-0.011
0.015
0.017
0.013
-0.002
-0.037
-0.067
-0.083
-0.078
-0.058
-0.041
-0.042
-0.06
-0.069
-0.056
-0.029
0.00035
0.037
0.072
0.085
0.071
0.034
0.0055
-0.0038
-0.016
-0.041
-0.069
-0.074
-0.062
-0.041
0.0019
0.023
-0.0024
-0.049
-0.073
-0.049
-0.016
0.012
0.019
0.035
0.06
0.044
-0.019
-0.081
-0.1
-0.089
-0.058
-0.025
0.0044
0.024
0.035
0.019
-0.032
-0.07
-0.064
-0.014
0.057
0.12
0.15
0.13
0.061
-0.014
-0.055
-0.063
-0.06
-0.045
-0.0033
0.064
0.11
0.084
-0.0052
-0.11
-0.16
-0.14
-0.083
-0.038
-0.018
-0.0092
-0.014
-0.048
-0.085
-0.089
-0.08
-0.081
-0.089
-0.072
-0.019
0.026
0.042
0.039
0.036
0.032
0.022
0.026
0.062
0.11
0.17
0.2
0.18
0.12
0.047
-0.0094
-0.014
0.031
0.082
0.12
0.15
0.18
0.17
0.15
0.1
0.051
0.027
0.042
0.087
0.14
0.17
0.19
0.18
0.16
0.12
0.085
0.072
0.1
0.15
0.17
0.17
0.13
0.11
0.12
0.15
0.18
0.19
0.17
0.14
0.098
0.08
0.1
0.14
0.17
0.18
0.16
0.13
0.098
0.061
0.051
0.062
0.069
0.088
0.12
0.14
0.14
0.11
0.073
0.05
0.048
0.061
0.069
0.066
0.046
0.024
-0.0021
-0.034
-0.048
-0.043
-0.039
-0.038
-0.026
-0.0065
-0.0069
-0.025
-0.066
-0.11
-0.12
-0.11
-0.098
-0.078
-0.065
-0.059
-0.066
-0.099
-0.14
-0.17
-0.16
-0.11
-0.057
-0.022
-0.0024
-0.0055
-0.031
-0.065
-0.096
-0.11
-0.11
-0.1
-0.096
-0.083
-0.072
-0.071
-0.067
-0.072
-0.083
-0.081
-0.069
-0.049
-0.026
-0.02
-0.038
-0.07
-0.089
-0.098
-0.1
-0.09
-0.069
-0.058
-0.052
-0.044
-0.055
-0.073
-0.08
-0.075
-0.058
-0.032
-0.0014
0.0079
-0.0089
-0.038
-0.067
-0.072
-0.044
-0.0071
0.025
0.051
0.067
0.064
0.035
-0.0056
-0.046
-0.072
-0.072
-0.028
0.06
0.13
0.084
-0.036
-0.12
-0.12
-0.079
-0.056
-0.047
-0.03
-0.0062
0.028
0.051
0.045
0.026
0.0085
-0.0078
-0.02
-0.024
-0.0057
0.028
0.056
0.071
0.065
0.052
0.04
0.029
0.026
0.035
0.047
0.066
0.097
0.11
0.11
0.11
0.11
0.091
0.085
0.092
0.1
0.11
0.11
0.13
0.14
0.13
0.12
0.12
0.13
0.13
0.13
0.14
0.14
0.13
0.099
0.075
0.072
0.091
0.12
0.13
0.13
0.11
0.088
0.082
0.082
0.08
0.079
0.09
0.12
0.14
0.13
0.11
0.091
0.056
0.02
0.0014
0.00035
0.016
0.047
0.071
0.079
0.063
0.046
0.036
0.021
0.021
0.021
0.016
0.014
0.012
0.0039
0.012
0.033
0.046
0.036
0.0026
-0.0072
0.022
0.07
0.12
0.13
0.11
0.085
0.073
0.076
0.092
0.098
0.11
0.11
0.098
0.082
0.059
0.029
0.03
0.08
0.14
0.15
0.13
0.09
0.059
0.046
0.042
0.055
0.083
0.11
0.11
0.1
0.08
0.068
0.055
0.028
0.0054
-0.00047
0.0022
-0.0043
-0.019
-0.022
-0.017
-0.0069
-0.0044
-0.02
-0.044
-0.054
-0.058
-0.071
-0.087
-0.11
-0.11
-0.085
-0.058
-0.045
-0.056
-0.081
-0.093
-0.08
