-0.013
0.0083
0.024
0.0036
-0.019
-0.02
-0.021
-0.024
-0.025
-0.016
-0.0067
0.017
0.029
0.014
0.0033
0.013
0.019
0.0014
-0.0058
0.018
0.027
0.012
0.01
0.024
0.011
-0.0036
0.00099
0.0076
-0.0038
-0.0088
0.011
0.013
-0.0024
-0.0092
0.0055
0.015
0.0059
0.014
0.028
0.018
0.0051
0.019
0.021
-0.00078
-0.009
0.0063
0.019
0.012
0.0031
0.0065
0.0088
0.0079
-0.004
-0.012
-0.0068
0.0082
0.0058
-0.0029
0.006
0.014
0.0065
-0.0072
-0.0024
0.013
0.02
0.0021
-0.0057
0.013
0.0051
-0.028
-0.022
0.0096
-0.00081
-0.022
0.003
0.028
0.015
-0.0086
-0.0063
-0.0041
-0.017
-0.018
-0.0057
0.013
0.025
0.022
0.0086
0.0029
-0.0046
-0.015
-0.0064
0.00035
-0.0035
-0.012
-0.0098
-0.009
-0.021
-0.03
-0.033
-0.018
-0.015
-0.034
-0.024
0.018
0.031
0.0012
0.0011
0.0094
-0.0089
-0.031
-0.025
-0.009
0.0031
0.024
0.017
-0.0075
-0.015
-0.012
-0.028
-0.031
0.00014
0.02
0.0054
-0.006
0.0062
0.0047
-0.011
1.5e-005
0.0092
-0.0038
-0.018
-0.013
0.0052
0.022
0.024
0.012
-0.0056
-0.014
0.004
0.016
0.016
0.032
0.05
0.036
0.0047
0.0021
0.011
0.012
0.016
0.031
0.019
-0.018
-0.024
0.0094
0.022
0.0047
-0.0098
0.0021
0.00011
-0.017
-0.0033
0.025
0.0075
-0.021
-0.019
-0.014
-0.017
0.0031
0.039
0.038
0.014
0.0072
0.0052
0.0023
0.015
0.017
0.0034
0.0018
0.02
0.033
0.027
0.02
0.015
0.0037
-0.0023
0.0049
0.014
0.034
0.047
0.038
0.024
0.014
0.0048
0.0069
0.019
0.021
0.019
0.011
0.00041
0.0038
0.015
0.012
0.005
0.018
0.022
0.0035
0.0024
0.027
0.038
0.0065
-0.017
-0.016
-0.0042
-0.0064
-0.012
-0.014
0.0068
0.028
0.011
-0.011
-0.0096
0.0043
0.0094
0.002
0.012
0.033
0.029
0.011
0.016
0.018
0.0022
0.0006
0.0093
0.019
0.015
0.0077
0.01
0.017
0.02
0.012
0.012
0.011
0.012
0.026
0.029
0.013
0.0099
0.017
0.0084
-0.00069
0.0035
0.0094
0.0016
-0.015
-0.0091
0.0055
0.0098
0.0071
-0.0052
-0.0089
-0.00011
0.0021
-0.0047
0.0079
0.016
0.011
0.0002
-0.0059
0.0021
0.015
0.011
-0.0046
-0.0012
0.012
-0.0014
-0.017
-0.0045
-0.00078
-0.016
-0.014
0.0054
0.0081
-0.017
-0.032
-0.025
-0.028
-0.032
-0.024
-0.0047
0.0099
0.0027
-0.0092
-0.0094
0.0033
0.00081
-0.0054
0.00072
0.007
0.011
0.013
0.016
0.011
0.0065
0.0081
0.0034
0.0043
0.004
0.0078
0.016
0.025
0.026
0.018
0.023
0.022
0.017
0.00029
-0.003
0.003
0.019
0.034
0.025
0.0049
0.0011
0.0042
-0.0078
-0.012
0.011
0.025
0.016
0.013
0.026
0.019
0.0089
0.019
0.028
0.031
0.027
0.024
0.034
0.043
0.025
0.0036
0.0085
0.021
0.028
0.024
0.022
0.025
0.03
0.022
0.011
0.0038
0.0091
0.029
0.037
0.019
-0.00038
-0.0022
0.024
0.04
0.023
-0.004
-0.011
-0.0057
-0.014
-0.015
-0.0079
-0.00084
-0.00041
-0.0021
-0.0049
-0.0016
-0.003
0.006
0.029
0.039
0.024
-0.0013
-0.0056
0.0056
-0.0025
-0.0053
0.023
0.039
0.023
0.0039
-0.0061
-0.011
-0.005
0.0057
0.023
0.027
0.016
0.01
0.01
0.022
0.032
0.035
0.018
-0.0052
-0.0043
0.013
0.027
0.038
0.048
0.045
0.0071
-0.029
-0.014
0.018
0.027
0.037
0.045
0.038
0.018
0.0009
-0.0073
-0.0094
-0.0027
-0.0022
0.0017
0.0051
0.018
0.018
0.01
0.013
0.018
0.0038
-0.027
-0.031
-0.00066
0.032
0.028
0.0028
0.0078
0.015
0.0063
0.0091
0.017
0.019
0.024
0.039
0.04
0.04
0.038
0.035
0.028
0.0086
0.01
0.029
0.033
0.029
0.027
0.013
-0.0087
-0.025
-0.017
0.0055
0.0039
-0.023
-0.033
-0.032
-0.027
-0.036
-0.049
-0.053
-0.059
-0.071
-0.072
-0.056
-0.037
-0.025
-0.029
-0.036
-0.041
-0.04
-0.044
-0.047
-0.039
-0.029
-0.025
-0.012
-0.0023
-0.01
-0.0068
0.025
0.055
0.053
0.023
0.012
0.021
0.038
0.055
0.056
0.065
0.069
0.063
0.051
0.044
0.033
0.032
0.038
0.027
0.024
0.032
0.039
0.03
0.036
0.062
0.051
0.012
-0.006
-0.003
0.01
0.016
0.02
0.0092
0.0084
0.016
0.022
0.0048
-0.03
-0.041
-0.024
0.0053
0.014
0.0098
0.012
0.018
0.012
-0.0042
-1.5e-005
0.021
0.029
0.021
0.011
-0.0022
-0.023
-0.029
-0.023
-0.022
-0.027
-0.028
-0.0043
0.015
0.009
-0.016
-0.014
0.0074
0.013
0.015
0.022
0.02
0.0052
-0.0097
-0.026
-0.035
-0.032
-0.029
-0.028
-0.036
-0.047
-0.044
-0.037
-0.032
-0.039
-0.037
-0.03
-0.013
-0.00066
0.0042
0.0034
0.0052
0.011
0.0065
0.011
0.031
0.032
0.0076
0.01
0.043
0.054
0.027
0.007
0.015
0.016
0.0059
0.01
0.032
0.046
0.034
0.012
-0.0081
-0.0092
-0.0035
-0.0034
0.0075
0.015
0.017
0.012
-0.0041
-0.027
-0.028
-0.02
-0.017
-0.0071
-0.0022
-0.011
-0.022
-0.03
-0.042
-0.064
-0.077
-0.065
-0.045
-0.025
-0.018
-0.0072
-0.0065
-0.0081
-0.0074
-0.0044
0.0025
0.022
0.029
0.024
0.031
0.034
0.037
0.047
0.05
0.034
0.016
0.0022
-0.0085
-0.014
0.0069
0.037
0.034
0.026
0.034
0.029
0.029
0.037
0.037
0.042
0.069
0.1
0.079
0.033
0.011
0.028
0.053
0.055
0.041
0.024
0.0098
0.00069
0.0052
0.012
-0.00032
-0.0068
0.009
0.0069
-0.022
-0.022
0.01
0.024
0.0082
-0.013
-0.02
-0.038
-0.056
-0.055
-0.026
0.002
0.0068
-0.015
-0.039
-0.042
-0.027
-0.01
-0.0054
-0.0046
-0.0054
-0.025
-0.046
-0.056
-0.058
-0.049
-0.02
0.0036
-0.01
-0.041
-0.044
-0.023
-0.019
-0.02
-0.017
-0.017
-0.021
-0.023
-0.0025
0.017
0.012
-0.012
-0.02
-0.021
-0.0069
0.01
0.0089
0.00029
-0.0022
0.0057
0.028
0.041
0.035
0.029
0.026
0.031
0.049
0.063
0.057
0.057
0.054
0.041
0.017
0.024
0.034
0.028
0.03
0.04
0.057
0.063
0.046
0.03
0.031
0.05
0.074
0.088
0.1
0.13
0.15
0.18
0.23
0.24
0.19
0.056
-0.16
-0.24
-0.034
0.26
0.44
0.48
0.45
0.43
0.45
0.49
0.52
0.52
0.47
0.35
0.11
-0.2
-0.61
-0.88
-0.92
-0.69
-0.094
0.33
0.31
0.053
-0.071
0.15
0.44
0.52
0.43
0.27
0.18
0.2
0.24
0.23
0.21
0.19
0.23
0.26
0.23
0.16
0.16
0.26
0.33
0.29
0.16
-0.0017
-0.13
-0.15
-0.086
-0.015
-0.022
-0.1
-0.18
-0.18
-0.1
-0.024
0.0022
0.011
0.042
0.069
0.048
-0.057
-0.18
-0.24
-0.2
-0.18
-0.2
-0.25
-0.27
-0.24
-0.19
-0.17
-0.2
-0.22
-0.2
-0.15
-0.098
-0.087
-0.1
-0.098
-0.051
0.042
0.13
0.19
0.2
0.2
0.17
0.16
0.15
0.12
0.053
-0.08
-0.28
-0.6
-0.87
-0.92
-0.78
-0.42
-0.17
-0.058
0.025
0.1
0.12
0.04
-0.071
-0.13
-0.069
0.11
0.34
0.5
0.52
0.41
0.29
0.23
0.19
0.078
-0.099
-0.22
-0.2
-0.12
-0.13
-0.25
-0.39
-0.42
-0.41
-0.44
-0.55
-0.66
-0.72
-0.7
-0.59
-0.44
-0.34
-0.33
-0.4
-0.43
-0.35
-0.21
-0.1
-0.092
-0.13
-0.15
-0.2
-0.28
-0.36
-0.39
-0.35
-0.25
-0.12
-0.0061
0.048
0.09
0.15
0.21
0.28
0.34
0.38
0.38
0.34
0.3
0.25
0.22
0.14
0.0028
-0.15
-0.23
-0.21
-0.13
-0.059
-0.021
-0.003
0.0029
-0.028
-0.087
-0.13
-0.16
-0.16
-0.12
-0.075
-0.077
-0.11
-0.14
-0.15
-0.16
-0.17
-0.15
-0.087
-0.0021
0.056
0.095
0.13
0.14
0.1
0.025
-0.03
-0.054
-0.061
-0.052
-0.019
0.0061
0.012
0.017
0.0035
-0.03
-0.056
-0.043
-0.0042
0.025
0.044
0.054
0.057
0.043
0.027
0.027
0.03
0.018
0.0011
0.0026
0.029
0.068
0.1
0.13
0.16
0.17
0.15
0.15
0.16
0.18
0.16
0.12
0.085
0.061
0.044
0.043
0.036
0.012
-0.0064
-0.01
0.00093
0.0044
-0.024
-0.078
-0.11
-0.12
-0.11
-0.11
-0.092
-0.056
-0.04
-0.035
-0.025
-0.017
-0.012
-0.0078
0.0087
0.016
0.024
0.046
0.072
0.091
0.089
0.076
0.053
0.03
0.01
0.0056
0.017
0.024
0.025
0.016
-0.0025
-0.018
-0.027
-0.034
-0.045
-0.04
-0.023
-0.01
0.0034
0.015
0.021
0.024
0.03
0.022
0.022
0.031
0.054
0.076
0.099
0.12
0.13
0.14
0.13
0.14
0.15
0.15
0.14
0.13
0.11
0.11
0.1
0.089
0.073
0.073
0.074
0.08
0.084
0.084
0.089
0.096
0.088
0.053
0.029
0.04
0.068
0.083
0.093
0.11
0.11
0.11
0.11
0.12
0.11
0.098
0.097
0.099
0.088
0.068
0.072
0.087
0.086
0.065
0.041
0.041
0.047
0.045
0.02
-0.0033
-0.011
0.0029
0.017
0.018
0.02
0.019
0.012
0.0042
0.0017
-0.00093
-0.015
-0.035
-0.052
-0.07
-0.076
-0.058
-0.03
-0.027
-0.039
-0.049
-0.064
-0.081
-0.084
-0.078
-0.062
-0.04
-0.024
-0.019
-0.024
-0.025
-0.027
-0.02
-0.016
-0.016
-0.0016
0.019
0.018
0.0019
-0.0066
-0.018
-0.029
-0.024
-0.019
-0.027
-0.038
-0.023
-0.0027
-0.013
-0.033
-0.04
-0.035
-0.046
-0.055
-0.055
-0.024
0.019
0.035
0.034
0.018
0.015
0.022
0.023
0.027
0.026
0.035
0.045
0.039
0.022
0.018
0.027
0.016
-0.013
-0.031
-0.026
-0.019
-0.024
-0.032
-0.027
-0.028
-0.033
-0.027
-0.015
-0.00044
0.011
0.0086
-0.0026
-0.01
-0.0057
0.014
0.019
0.0087
0.0066
0.0067
0.0024
0.015
0.031
0.05
0.062
0.061
0.042
0.017
0.019
0.035
0.042
0.0062
-0.033
-0.045
-0.025
0.0012
0.0081
0.007
0.0052
0.0072
0.019
0.042
0.056
0.055
0.07
0.087
0.078
0.062
0.058
0.058
0.06
0.079
0.11
0.13
0.13
0.096
0.053
0.043
0.057
0.064
0.059
0.05
0.054
0.077
0.097
0.097
0.076
0.064
0.069
0.073
0.064
0.045
0.04
0.053
0.065
0.068
0.068
0.057
0.043
0.042
0.062
0.091
0.1
0.1
0.096
0.084
0.073
0.062
0.053
0.044
0.036
0.043
0.044
0.026
0.012
-0.006
-0.019
-0.011
-0.0039
-0.0054
-0.0071
0.00011
0.012
0.0098
0.0061
-0.008
-0.028
-0.038
-0.038
-0.041
-0.044
-0.029
-0.0087
0.0051
0.011
0.012
0.016
0.021
0.027
0.04
0.033
-0.0019
-0.039
-0.032
0.0019
0.014
-0.0029
-0.015
-0.022
-0.013
0.0012
-0.00035
-0.0052
-0.0095
0.0023
0.014
0.0063
-0.0083
-0.014
-0.021
-0.034
-0.043
-0.053
-0.058
-0.061
-0.065
-0.064
-0.047
-0.013
0.0051
0.012
0.013
0.015
0.024
0.036
0.038
0.023
0.014
0.013
0.011
0.00044
-0.007
-0.0059
0.0025
0.0066
-0.0024
0.0011
0.027
0.045
0.022
-0.0063
0.0011
0.017
0.015
0.005
-0.0063
-0.0067
0.0061
0.036
0.059
0.064
0.053
0.05
0.059
0.066
0.07
0.079
0.086
0.078
0.068
0.054
0.034
0.021
0.023
0.03
0.036
0.028
0.0044
-0.0096
-0.013
-0.025
-0.042
-0.065
-0.091
-0.099
-0.075
-0.029
0.014
0.052
0.072
0.075
0.074
0.082
0.083
0.067
0.049
0.035
0.029
0.028
0.022
0.013
0.026
0.055
0.078
0.075
0.066
0.073
0.072
0.045
0.01
0.0006
0.011
0.0051
0.013
0.034
0.05
0.064
0.082
0.1
0.093
0.066
0.031
0.0041
-0.015
-0.055
-0.088
-0.074
-0.041
-0.021
0.0082
0.047
0.079
0.083
0.08
0.078
0.057
0.037
0.037
0.042
0.05
0.063
0.059
0.049
0.034
0.0089
-0.0063
-0.01
-0.021
-0.032
-0.025
-0.0069
0.00041
0.0058
-0.00056
0.0079
0.055
0.091
0.1
0.1
0.09
0.074
0.064
0.055
0.032
0.0025
-0.028
-0.038
-0.042
-0.029
-0.0057
-0.0035
-0.015
-0.025
-0.014
0.0049
0.028
0.044
0.038
0.031
0.044
0.064
0.057
0.049
0.057
0.064
0.059
0.056
0.04
0.0093
-0.0092
-0.027
-0.057
-0.078
-0.067
-0.035
-0.02
-0.018
-0.02
-0.018
-0.0092
0.02
0.051
0.05
0.031
0.013
-0.0059
-0.028
-0.043
-0.035
-0.028
-0.032
-0.03
-0.02
-0.0071
0.0073
0.03
0.028
0.016
0.0033
-0.0057
-0.0022
0.0054
0.015
0.023
0.015
0.0074
0.0093
0.01
0.007
-0.012
-0.045
-0.05
-0.029
-0.00072
0.023
0.02
-0.017
-0.039
-0.041
-0.015
0.023
0.035
0.024
0.014
0.019
0.03
0.043
0.049
0.03
0.015
0.028
0.045
0.053
0.069
0.076
0.07
0.072
0.063
0.059
0.08
0.098
0.1
0.086
0.048
-0.027
-0.14
-0.19
-0.15
-0.046
0.043
0.11
0.13
0.14
0.12
0.083
0.04
0.019
-0.0031
-0.04
-0.07
-0.072
-0.041
0.013
0.08
0.14
0.17
0.15
0.11
0.08
0.1
0.13
0.11
0.058
0.006
-0.044
-0.1
-0.14
-0.11
-0.039
0.033
0.055
0.044
0.052
0.084
0.12
0.13
0.095
0.07
0.063
0.069
0.063
0.037
0.035
0.0092
-0.035
-0.033
0.015
0.053
0.079
0.085
0.078
0.086
0.092
0.084
0.046
-0.01
-0.042
-0.048
-0.04
-0.026
-0.018
0.0059
0.03
0.032
0.042
0.037
-0.0038
-0.032
-0.038
-0.053
-0.092
-0.1
-0.088
-0.07
-0.049
-0.02
0.012
0.03
0.031
0.0073
-0.022
-0.021
-0.015
-0.034
-0.077
-0.12
-0.12
-0.098
-0.051
-0.029
-0.03
-0.052
-0.098
-0.13
-0.11
-0.06
-0.013
0.026
0.04
0.015
-0.031
-0.058
-0.061
-0.055
-0.041
-0.037
-0.035
-0.009
0.021
0.019
-0.016
-0.067
-0.098
-0.091
-0.053
-0.0061
-0.0047
-0.017
-0.014
-0.033
-0.067
-0.098
-0.12
-0.12
-0.09
-0.05
-0.03
-0.03
-0.026
-0.016
-0.015
-0.033
-0.044
-0.033
-0.0061
0.0056
0.0042
-0.0039
-0.0092
0.0033
0.0074
-0.017
-0.056
-0.061
-0.0089
0.051
0.095
0.089
0.037
-0.018
-0.035
-0.023
0.0036
0.032
0.038
0.032
0.048
0.073
0.082
0.064
0.038
0.015
0.0057
0.021
0.03
0.00035
-0.022
-0.017
-0.0023
0.037
0.074
0.086
0.071
0.057
0.049
0.036
0.0057
-0.025
-0.043
-0.041
-0.0061
0.032
0.044
0.038
0.027
0.022
0.0094
-0.012
-0.031
-0.038
-0.041
-0.039
-0.035
-0.056
-0.074
-0.085
-0.094
-0.085
-0.072
-0.055
-0.048
-0.064
-0.096
-0.11
-0.11
-0.1
-0.095
-0.078
-0.049
-0.025
-0.024
-0.019
-0.013
-0.028
-0.034
-0.03
-0.046
-0.068
-0.089
-0.086
-0.084
-0.11
-0.13
-0.13
-0.1
-0.071
-0.037
-0.02
-0.018
-0.022
-0.052
-0.08
-0.11
-0.13
-0.11
-0.11
-0.11
-0.11
-0.13
-0.12
-0.09
-0.079
-0.071
-0.059
-0.056
-0.059
-0.075
-0.09
-0.094
-0.093
-0.087
-0.071
-0.064
-0.059
-0.036
-0.016
-0.016
-0.047
-0.078
-0.088
-0.083
-0.076
-0.059
-0.043
-0.022
0.003
0.032
0.048
0.031
-0.0034
-0.013
-0.013
-0.025
-0.026
-0.0074
0.0049
-0.0027
0.0034
0.013
0.029
0.056
0.072
0.086
0.088
0.086
0.07
0.061
0.06
0.061
0.067
0.074
0.073
0.066
0.076
0.082
0.09
0.096
0.098
0.1
0.12
0.13
0.12
0.1
0.1
0.11
0.12
0.11
0.1
0.08
0.067
0.077
0.09
0.093
0.1
0.11
0.11
0.1
0.091
0.064
0.056
0.059
0.06
0.047
0.046
0.047
0.038
0.032
0.027
0.023
0.036
0.058
0.049
0.018
-0.0065
-0.0087
0.021
0.051
0.051
0.032
0.0043
-0.022
-0.028
-0.029
-0.039
-0.033
-0.019
-0.029
-0.021
-0.01
-0.0026
0.0014
0.0054
0.014
0.02
0.012
-0.0022
-0.00087
-0.016
-0.017
0.00075
0.016
0.023
0.0082
-0.012
-0.019
-0.0047
0.0032
0.0028
0.023
0.042
0.028
-0.0025
0.0035
0.015
0.0042
-0.0031
-0.0041
-0.002
-0.0029
-0.014
-0.017
0.0061
0.025
0.038
0.044
0.044
0.03
-0.009
-0.022
-0.013
0.00026
0.016
0.024
0.027
0.022
0.024
0.025
0.021
0.0097
0.01
0.018
0.018
0.031
0.042
0.038
0.017
0.011
0.016
0.011
0.014
0.013
0.013
0.026
0.048
0.061
0.056
0.036
0.0073
-0.021
-0.036
-0.04
-0.032
-0.0048
0.018
0.025
0.053
0.067
0.038
0.014
0.0032
-0.0056
0.0026
0.013
-0.0094
-0.027
-0.022
-0.013
-0.009
-0.0056
0.007
0.017
0.035
0.064
0.068
0.041
0.0045
-0.035
-0.08
-0.098
-0.078
-0.047
-0.015
0.019
0.053
0.045
0.0021
-0.053
-0.08
-0.069
-0.052
-0.043
-0.055
-0.071
-0.071
-0.046
-0.024
-0.016
-0.027
-0.048
-0.047
-0.049
-0.054
-0.03
-0.0074
-0.0097
-0.024
-0.025
-0.033
-0.054
-0.056
-0.034
-0.021
-0.019
-0.0096
-0.0046
0.001
-0.0064
-0.032
-0.058
-0.089
-0.12
-0.12
-0.096
-0.081
-0.079
-0.066
-0.033
-0.0077
0.0057
0.0023
-0.03
-0.056
-0.059
-0.057
-0.057
-0.056
-0.05
-0.046
-0.035
-0.022
-0.00069
0.011
0.016
0.015
0.013
0.012
-0.0057
-0.04
-0.051
-0.033
-0.013
0.0094
0.025
0.023
0.024
0.033
0.031
0.0099
-0.0016
0.0099
0.017
0.033
0.052
0.058
0.064
0.077
0.086
0.068
0.049
0.043
0.04
0.051
0.071
0.085
0.09
0.093
0.083
0.077
0.085
0.091
0.1
0.11
0.11
0.1
0.1
0.1
0.094
0.097
0.11
0.12
0.11
0.12
0.11
0.11
0.11
0.1
0.092
0.094
0.11
0.13
0.15
0.14
0.1
0.075
0.083
0.098
0.1
0.11
0.11
0.11
0.11
0.1
0.099
0.091
0.086
0.083
0.081
0.084
0.081
0.09
0.11
0.11
0.1
0.084
0.075
0.043
0.028
0.031
0.042
0.049
0.064
0.084
0.074
0.063
0.05
0.029
0.016
0.022
0.059
0.072
0.065
0.053
0.038
0.024
0.017
0.019
0.036
0.057
0.072
0.077
0.078
0.076
0.074
0.071
0.069
0.059
0.05
0.057
0.07
0.07
0.049
0.033
0.047
0.085
0.11
0.11
0.1
0.08
0.046
0.01
-0.0028
-0.0092
0.0023
0.02
0.033
0.042
0.041
0.051
0.06
0.048
0.025
0.015
0.022
0.032
0.037
0.04
0.04
0.038
0.041
0.034
0.023
0.027
0.047
0.067
0.06
0.028
-0.00038
-0.0077
-0.00063
0.00032
-0.012
-0.02
-0.012
0.0097
0.026
0.024
0.016
0.01
-0.0054
-0.024
-0.034
-0.015
0.013
0.0087
-0.015
-0.049
-0.075
-0.093
-0.085
-0.069
-0.053
-0.0099
0.015
0.022
0.0013
-0.034
-0.05
-0.044
-0.015
-0.009
-0.036
-0.068
-0.065
-0.033
-0.0018
0.014
0.0027
-0.024
-0.035
-0.029
-0.026
-0.03
-0.046
-0.07
-0.083
-0.076
-0.045
-0.024
-0.021
-0.015
-0.0013
-0.0076
-0.028
-0.049
-0.061
-0.083
-0.11
-0.1
-0.085
-0.08
-0.072
-0.051
-0.042
-0.063
-0.083
-0.094
-0.11
-0.11
-0.11
-0.099
-0.094
-0.095
-0.1
-0.099
-0.077
-0.058
-0.056
-0.066
-0.073
-0.083
-0.083
-0.089
-0.11
-0.12
-0.13
-0.13
-0.13
-0.13
-0.11
-0.078
-0.066
-0.067
-0.056
-0.038
-0.03
-0.058
-0.088
-0.098
-0.1
-0.083
-0.061
-0.041
-0.01
0.015
0.026
0.018
0.0062
-0.0014
-0.019
-0.029
-0.028
-0.027
-0.016
0.0027
0.017
0.03
0.028
0.017
0.0092
0.0097
0.0026
-0.034
-0.062
-0.056
-0.037
-0.033
-0.036
-0.027
-0.0096
0.02
0.034
0.019
0.004
0.0033
0.003
-0.0095
-0.012
-0.011
-0.0082
-0.0085
-0.016
0.005
0.03
0.039
0.031
0.028
0.028
0.012
-0.0097
-0.017
-0.019
-0.022
-0.0044
0.011
0.015
0.01
0.0014
-0.0081
-0.025
-0.043
-0.047
-0.053
-0.049
-0.014
0.031
0.052
0.042
0.01
-0.026
-0.043
-0.039
-0.019
-0.0057
-0.022
-0.038
-0.027
-0.0006
0.017
0.0032
-0.026
-0.025
0.0015
0.031
0.037
0.014
-0.0093
-0.009
0.012
0.029
0.024
0.0085
0.00087
-0.00026
0.0065
0.029
0.04
0.031
0.008
-0.004
0.0037
0.008
-0.0029
-0.014
-0.0072
0.017
0.046
0.072
0.089
0.07
0.027
-0.011
-0.019
-0.0031
0.0021
0.00096
0.0046
0.036
0.083
0.093
0.066
0.02
-0.014
-0.033
-0.031
-0.011
0.004
0.024
0.039
0.037
0.029
0.023
0.018
0.021
0.03
0.0099
-0.032
-0.05
-0.033
-0.013
0.0087
0.027
0.028
0.03
0.034
0.037
0.042
0.042
0.041
0.035
0.028
0.022
0.021
0.022
0.033
0.039
0.047
0.068
0.068
0.046
0.029
0.017
0.0096
0.021
0.04
0.045
0.038
0.027
0.031
0.058
0.073
0.068
0.039
0.0045
-0.011
-0.00011
0.016
0.036
0.064
0.08
0.079
0.071
0.07
0.07
0.063
0.044
0.023
0.0094
0.00069
0.0082
0.016
0.0093
0.0034
-0.0017
-0.0045
-0.011
-0.0097
0.0086
0.026
0.035
0.049
0.056
0.041
0.021
-0.0083
-0.029
-0.029
-0.018
-0.0074
0.016
0.05
0.074
0.085
0.086
0.068
0.038
0.015
0.011
0.005
0.014
0.048
0.076
0.097
0.12
0.12
0.11
0.088
0.078
0.059
0.042
0.026
0.00099
-0.016
-0.016
-0.021
-0.0051
0.016
0.019
0.02
0.025
0.022
-0.0019
-0.025
-0.034
-0.045
-0.056
-0.068
-0.068
-0.051
-0.019
0.011
0.0063
-0.031
-0.075
-0.094
-0.097
-0.078
-0.051
-0.02
0.013
0.029
0.026
0.022
0.016
-0.00078
-0.025
-0.03
-0.03
-0.033
-0.023
-0.012
-0.017
-0.023
-0.024
-0.035
-0.054
-0.078
-0.11
-0.11
-0.098
-0.089
-0.086
-0.094
-0.1
-0.087
-0.075
-0.067
-0.059
-0.054
-0.055
-0.072
-0.093
-0.11
-0.11
-0.1
-0.09
-0.074
-0.058
-0.042
-0.036
-0.037
-0.059
-0.091
-0.11
-0.1
-0.069
-0.038
-0.019
-0.019
-0.03
-0.027
-0.023
-0.03
-0.044
-0.051
-0.046
-0.045
-0.039
-0.03
-0.026
-0.037
-0.044
-0.046
-0.041
-0.04
-0.057
-0.061
-0.047
-0.034
-0.017
0.0022
0.0085
0.013
0.016
0.013
0.0074
-0.0017
-0.012
-0.018
-0.013
-0.0096
-0.015
-0.012
-0.0028
-0.0076
-0.021
-0.029
-0.027
-0.024
-0.014
-0.0016
0.0097
0.026
0.054
0.061
0.055
0.05
0.038
0.026
0.024
0.013
-0.006
0.00038
0.0095
-0.0042
-0.022
-0.019
-0.014
-0.023
-0.02
-0.017
-0.022
-0.016
-0.007
0.0061
0.012
0.013
0.016
0.0058
-0.0079
0.0028
0.025
0.036
0.04
0.038
0.039
0.043
0.034
0.026
0.01
-0.002
-0.0037
1.5e-005
0.0059
0.0022
-0.0053
-0.0024
0.0022
-0.0012
0.0055
0.013
0.017
0.025
0.022
0.016
0.011
0.0052
-0.0046
-0.0014
0.0054
0.0098
0.0087
0.022
0.048
0.075
0.095
0.093
0.075
0.068
0.065
0.054
0.056
0.062
0.063
0.073
0.094
0.11
0.11
0.096
0.095
0.087
0.077
0.078
0.084
0.095
0.1
0.098
0.086
0.081
0.068
0.06
0.078
0.086
0.087
0.087
0.09
0.088
0.077
0.066
0.068
0.09
0.11
0.11
0.11
0.091
0.074
0.061
0.056
0.049
0.043
0.04
0.056
0.088
0.12
0.12
0.1
0.094
0.11
0.13
0.13
0.063
0.012
0.017
0.057
0.083
0.1
0.1
0.079
0.059
0.053
0.066
0.07
0.049
0.025
0.015
0.014
0.0072
0.002
0.012
0.043
0.069
0.085
0.085
0.054
0.028
0.011
0.0076
0.0048
-0.011
-0.0063
0.023
0.06
0.078
0.053
0.016
-0.013
-0.024
-0.033
-0.032
-0.018
0.014
0.041
0.038
0.013
-0.026
-0.048
-0.037
-0.0066
0.0047
0.0022
0.0078
-0.0044
-0.026
-0.04
-0.048
-0.065
-0.084
-0.094
-0.076
-0.036
-0.02
-0.031
-0.041
-0.033
-0.02
-0.024
-0.038
-0.048
-0.04
-0.015
0.014
0.015
-0.008
-0.028
-0.041
-0.038
-0.04
-0.04
-0.018
0.011
0.012
-0.017
-0.069
-0.11
-0.11
-0.077
-0.034
0.0011
0.0035
-0.018
-0.05
-0.069
-0.083
-0.099
-0.098
-0.071
-0.051
-0.042
-0.031
-0.042
-0.053
-0.039
-0.02
-0.0098
-0.01
-0.012
-0.016
-0.011
-0.0064
-0.0093
-0.021
-0.034
-0.038
-0.049
-0.075
-0.096
-0.081
-0.057
-0.034
-0.019
-0.02
-0.013
-0.019
-0.043
-0.064
-0.072
-0.067
-0.049
-0.024
-0.0014
0.00014
-0.03
-0.071
-0.094
-0.08
-0.048
-0.036
-0.026
-0.023
-0.045
-0.064
-0.066
-0.062
-0.06
-0.051
-0.039
-0.03
-0.038
-0.059
-0.07
-0.061
-0.037
-0.041
-0.065
-0.072
-0.069
-0.057
-0.031
-0.0081
-0.015
-0.024
-0.035
-0.06
-0.086
-0.1
-0.1
-0.1
-0.09
-0.064
-0.042
-0.032
-0.049
-0.077
-0.088
-0.08
-0.087
-0.084
-0.064
-0.056
-0.068
-0.082
-0.081
-0.076
-0.06
-0.042
-0.03
-0.027
-0.035
-0.043
-0.045
-0.035
-0.016
-0.0073
-0.008
-0.0077
-0.0077
-0.0075
-0.0049
-0.009
-0.0078
0.0063
0.012
0.0043
0.0034
0.011
0.011
0.0065
0.02
0.039
0.054
0.064
0.06
0.028
0.0095
0.027
0.044
0.054
0.06
0.062
0.059
0.049
0.025
0.0039
0.005
0.021
0.051
0.07
0.074
0.064
0.047
0.044
0.041
0.04
0.054
0.075
0.088
0.087
0.078
0.051
0.033
0.028
0.023
0.025
0.028
0.025
0.041
0.072
0.078
0.08
0.07
0.035
0.0087
0.016
0.032
0.039
0.049
0.065
0.056
0.028
0.0074
-0.015
-0.036
-0.04
-0.032
0.01
0.056
0.068
0.07
0.067
0.068
0.072
0.057
0.0047
-0.048
-0.058
-0.036
-0.0051
0.024
0.077
0.11
0.11
0.084
0.044
0.024
0.024
0.018
0.0098
0.015
0.0094
0.0031
0.0029
0.015
0.039
0.05
0.054
0.049
0.044
0.034
0.025
0.012
-0.008
-0.02
-0.027
-0.014
0.012
0.031
0.052
0.064
0.054
0.042
0.029
0.011
-0.006
-0.02
-0.038
-0.03
-0.0057
0.018
0.047
0.054
0.048
0.031
0.019
0.017
0.014
0.0058
0.0026
0.0035
-0.0072
-0.0088
-0.0041
0.024
0.051
0.044
0.031
0.025
0.025
0.029
0.03
0.012
-0.0043
0.0021
0.019
0.031
0.0073
-0.024
-0.029
-0.016
-0.0092
-0.0086
-0.02
-0.046
-0.054
-0.038
-0.0072
0.013
0.0073
-0.014
-0.037
-0.043
-0.034
-0.021
-0.016
-0.0054
0.0082
0.019
0.04
0.045
0.038
0.033
0.037
0.028
0.013
0.0098
0.0067
0.016
0.036
0.056
0.063
0.061
0.055
0.051
0.077
0.1
0.1
0.08
0.064
0.055
0.061
0.087
0.12
0.13
0.12
0.1
0.085
0.07
0.068
0.058
0.042
0.027
0.026
0.03
0.054
0.084
0.1
0.13
0.14
0.11
0.077
0.059
0.04
0.02
0.022
0.046
0.061
0.076
0.087
0.077
0.044
0.012
-0.015
-0.03
-0.027
-0.027
-0.024
-0.018
-0.013
-0.02
-0.01
0.015
0.04
0.055
0.044
0.0094
-0.04
-0.065
-0.048
-0.0046
0.031
0.046
0.046
0.032
0.039
0.053
0.056
0.049
-0.0005
-0.053
-0.085
-0.083
-0.039
0.02
0.052
0.061
0.07
0.061
0.049
0.042
0.031
0.022
0.0083
0.02
0.051
0.074
0.081
0.082
0.077
0.064
0.041
0.0079
-0.0058
0.0024
0.023
0.051
0.075
0.1
0.12
0.11
0.067
0.024
0.00041
0.0086
0.021
0.034
0.053
0.07
0.082
0.073
0.054
0.033
0.02
0.024
0.032
0.037
0.035
0.035
0.035
0.036
0.044
0.045
0.04
0.033
0.02
-0.0029
-0.016
-0.027
-0.032
-0.038
-0.048
-0.051
-0.044
-0.026
-0.00026
0.012
-0.0058
-0.04
-0.069
-0.07
-0.047
-0.031
-0.026
-0.035
-0.062
-0.087
-0.12
-0.14
-0.11
-0.062
-0.035
-0.025
-0.014
0.0039
0.025
0.036
0.035
0.012
-0.047
-0.11
-0.14
-0.14
-0.094
-0.032
0.021
0.041
0.032
0.0069
-0.015
-0.031
-0.039
-0.048
-0.053
-0.035
-0.0027
0.028
0.035
0.028
0.016
-0.0088
-0.041
-0.069
-0.08
-0.088
-0.093
-0.099
-0.1
-0.071
-0.024
0.018
0.045
0.049
0.031
0.0038
-0.036
-0.078
-0.099
-0.085
-0.042
-0.00044
0.011
-0.0053
-0.031
-0.054
-0.063
-0.056
-0.046
-0.038
-0.033
-0.02
-0.023
-0.045
-0.059
-0.057
-0.038
-0.025
-0.011
-0.0033
-0.02
-0.063
-0.11
-0.13
-0.12
-0.061
-0.0059
0.02
0.027
0.021
-0.00078
-0.036
-0.054
-0.049
-0.028
-0.0073
0.0024
0.0064
0.032
0.071
0.09
0.077
0.037
-0.012
-0.047
-0.047
-0.022
-0.0082
-0.0089
-0.0011
0.0061
0.0087
0.018
0.022
0.0042
-0.016
-0.034
-0.034
-0.027
-0.036
-0.038
-0.031
-0.025
-0.024
-0.023
-0.0084
0.0054
0.00072
-0.027
-0.051
-0.062
-0.063
-0.048
-0.027
-0.0079
-0.0029
-0.0065
-0.0052
0.00066
-0.0079
-0.012
-0.0091
-0.0082
0.0041
0.024
0.044
0.058
0.053
0.047
0.043
0.032
0.025
0.019
0.027
0.046
0.042
0.029
0.024
0.021
0.019
0.017
0.011
-0.004
-0.018
-0.023
-0.021
-0.0065
0.015
0.034
0.036
0.034
0.031
0.014
0.00087
-0.014
-0.032
-0.026
0.014
0.041
0.03
0.009
0.00087
0.017
0.026
0.013
0.0062
0.0089
0.025
0.036
0.035
0.025
0.025
0.018
0.0066
0.0022
-0.0057
-0.0067
0.0006
-0.0002
-0.0092
-0.019
-0.033
-0.041
-0.037
-0.023
-0.027
-0.039
-0.036
-0.029
-0.027
-0.034
-0.04
-0.055
-0.067
-0.076
-0.07
-0.044
-0.037
-0.056
-0.065
-0.059
-0.048
-0.033
-0.021
-0.015
-0.038
-0.064
-0.065
-0.044
-0.021
-0.015
-0.034
-0.044
-0.016
-0.01
-0.051
-0.092
-0.095
-0.039
0.027
0.029
0.0036
0.013
0.0047
-0.046
-0.081
-0.073
-0.038
-0.015
-0.0095
0.0036
0.015
0.011
-0.0036
-0.011
-0.012
-0.017
-0.034
-0.044
-0.044
-0.049
-0.038
-0.017
-0.017
-0.032
-0.05
-0.052
-0.045
-0.061
-0.084
-0.075
-0.045
-0.015
-0.00066
-0.026
-0.054
-0.054
-0.043
-0.055
-0.077
-0.079
-0.078
-0.083
-0.063
-0.017
0.03
0.059
0.056
0.04
0.018
-0.0069
-0.02
-0.033
-0.046
-0.046
-0.018
0.012
0.05
0.079
0.088
0.095
0.1
0.11
0.09
0.054
0.023
0.013
0.019
0.034
0.063
0.08
0.085
0.093
0.095
0.098
0.1
0.076
0.04
0.021
0.012
0.018
0.042
0.076
0.13
0.17
0.16
0.11
0.061
0.031
0.022
0.04
0.066
0.094
0.11
0.094
0.086
0.09
0.087
0.075
0.071
0.07
0.066
0.056
0.06
0.067
0.064
0.066
0.067
0.06
0.058
0.063
0.066
0.073
0.074
0.07
0.063
0.05
0.041
0.037
0.03
0.032
0.045
0.059
0.056
0.044
0.024
0.019
0.023
0.012
-0.0058
-0.012
-0.0031
0.0019
0.006
0.016
0.017
-0.0014
-0.029
-0.038
-0.038
-0.035
-0.027
-0.0079
0.02
0.022
-0.0029
-0.028
-0.034
-0.028
-0.036
-0.034
-0.021
0.0045
0.032
0.042
0.03
0.019
0.0064
-0.02
-0.034
-0.052
-0.063
-0.035
-0.00066
0.0084
0.0052
-0.0092
-0.03
-0.037
-0.028
-0.035
-0.051
-0.047
-0.02
-0.0036
-0.018
-0.039
-0.042
-0.036
-0.051
-0.079
-0.074
-0.047
-0.03
-0.026
-0.017
-0.0047
-0.0024
-0.014
-0.021
-0.0027
0.017
0.018
0.014
0.011
0.0016
0.0013
0.016
0.03
0.037
0.027
0.014
0.012
0.023
0.024
0.0097
-0.0097
-0.013
0.0013
0.0092
0.012
0.023
0.031
0.02
0.0019
-0.0086
0.0022
0.021
0.025
0.022
0.021
0.023
0.021
0.0096
0.0022
-0.012
-0.025
-0.035
-0.03
-0.019
-0.02
-0.036
-0.039
-0.022
-0.012
-0.018
-0.016
0.0018
0.013
0.0085
-0.0076
-0.023
-0.024
-0.019
-0.015
-0.024
-0.027
-0.013
-0.0089
-0.0077
-0.0099
-0.0096
-0.022
-0.057
-0.065
-0.055
-0.029
-0.0065
-0.0051
-0.014
-0.018
-0.019
-0.017
-0.015
-0.014
0.0057
0.022
0.02
0.0098
0.0023
0.0058
0.0043
0.0053
0.00066
-0.027
-0.061
-0.06
-0.032
-0.0047
0.0017
0.0041
-0.0034
-0.027
-0.029
-0.017
0.0051
0.026
0.029
0.035
0.039
0.038
0.035
0.025
0.031
0.058
0.07
0.076
0.077
0.083
0.085
0.078
0.085
0.088
0.081
0.087
0.084
0.066
0.056
0.05
0.046
0.029
0.028
0.05
0.068
0.064
0.064
0.086
0.12
0.14
0.15
0.13
0.097
0.07
0.05
0.044
0.05
0.058
0.083
0.13
0.18
0.19
0.16
0.12
0.078
0.045
0.033
0.032
0.047
0.07
0.097
0.11
0.12
0.11
0.11
0.1
0.076
0.041
0.011
-0.0079
-0.0095
-0.0082
-0.004
0.0065
0.035
0.065
0.072
0.067
0.056
0.04
0.017
-0.024
-0.051
-0.043
-0.024
-0.01
-0.0012
0.0091
0.021
0.014
-0.0025
-0.006
-0.011
-0.043
-0.085
-0.092
-0.064
-0.039
-0.015
0.012
0.003
-0.031
-0.057
-0.06
-0.072
-0.11
-0.14
-0.14
-0.12
-0.1
-0.1
-0.088
-0.055
-0.036
-0.048
-0.07
-0.088
-0.11
-0.12
-0.11
-0.11
-0.11
-0.12
-0.12
-0.11
-0.11
-0.12
-0.13
-0.11
-0.099
-0.1
-0.13
-0.14
-0.12
-0.089
-0.083
-0.088
-0.09
-0.096
-0.097
-0.093
-0.088
-0.079
-0.077
-0.072
-0.057
-0.049
-0.045
-0.041
-0.049
-0.06
-0.071
-0.073
-0.058
-0.038
-0.022
-0.024
-0.021
-0.0005
0.01
-0.0064
-0.014
0.0042
0.022
0.027
0.028
0.034
0.031
0.028
0.039
0.052
0.075
0.09
0.1
0.1
0.081
0.075
0.077
0.074
0.057
0.059
0.086
0.11
0.12
0.14
0.13
0.1
0.079
0.059
0.042
0.032
0.046
0.067
0.088
0.1
0.089
0.051
0.019
0.012
0.02
0.028
0.041
0.042
0.03
0.00053
-0.028
-0.024
-0.011
-0.021
-0.037
-0.027
0.0084
0.03
0.022
0.018
0.0094
-0.011
-0.025
-0.023
-0.009
-0.008
-0.014
0.016
0.044
0.031
0.014
0.0046
0.0073
0.024
0.034
0.035
0.041
0.035
0.019
0.014
0.021
0.03
0.042
0.06
0.07
0.069
0.061
0.061
0.073
0.087
0.087
0.077
0.065
0.063
0.073
0.08
0.075
0.069
0.067
0.078
0.083
0.091
0.097
0.1
0.099
0.091
0.096
0.099
0.1
0.11
0.12
0.12
0.12
0.11
0.093
0.091
0.097
0.088
0.067
0.059
0.069
0.075
0.065
0.045
0.04
0.046
0.037
0.026
0.023
0.03
0.042
0.053
0.048
0.031
0.0088
-0.015
-0.018
-0.0005
0.018
0.028
0.028
0.016
-0.014
-0.057
-0.097
-0.12
-0.12
-0.12
-0.094
-0.04
0.02
0.029
0.0053
-0.014
-0.051
-0.08
-0.09
-0.11
-0.12
-0.11
-0.088
-0.079
-0.06
-0.036
-0.027
-0.021
-0.014
-0.043
-0.091
-0.12
-0.12
-0.12
-0.086
-0.034
0.0051
0.015
0.0068
0.0025
0.018
0.0085
-0.029
-0.043
-0.037
-0.032
-0.025
-0.013
-0.0078
0.0076
0.044
0.075
0.083
0.057
0.017
-0.0085
-0.0079
0.0078
0.035
0.069
0.091
0.091
0.078
0.056
0.033
0.025
0.026
0.026
0.025
0.027
0.022
0.027
0.048
0.066
0.084
0.088
0.081
0.068
0.035
0.0038
-0.012
-0.016
-0.024
-0.022
-0.0031
0.01
0.012
0.008
0.0038
-0.015
-0.035
-0.048
-0.061
-0.058
-0.049
-0.033
-0.014
0.00075
-0.00044
-0.022
-0.042
-0.049
-0.06
-0.075
-0.073
-0.052
-0.032
-0.024
-0.009
0.021
0.01
-0.056
-0.15
-0.19
-0.14
-0.031
0.073
0.095
0.057
0.015
-0.044
-0.094
-0.08
-0.032
0.011
0.0078
-0.063
-0.17
-0.23
-0.17
-0.047
0.041
0.071
0.041
-0.015
-0.038
-0.027
-4.6e-005
0.01
0.0085
-0.028
-0.069
-0.075
-0.051
-0.023
-0.011
0.02
0.061
0.055
-0.0098
-0.045
-0.033
-0.012
-0.016
-0.015
0.04
0.099
0.11
0.076
0.0062
-0.049
-0.071
-0.052
-0.0081
0.026
0.048
0.073
0.085
0.076
0.083
0.076
0.034
-0.026
-0.056
-0.036
0.024
0.11
0.16
0.14
0.075
0.031
0.024
0.02
-0.00047
-0.016
-0.00047
0.039
0.079
0.088
0.079
0.065
0.046
0.016
-0.019
-0.027
-0.013
-0.013
-0.011
0.0037
0.033
0.057
0.058
0.033
0.017
0.0085
-0.0054
-0.018
-0.0067
0.024
0.046
0.049
0.037
0.027
0.017
0.00029
-0.0046
0.01
0.029
0.025
-0.013
-0.031
-0.022
-0.016
-0.011
-0.012
-0.023
-0.015
0.0052
0.012
0.012
0.008
-0.0052
-0.022
-0.026
-0.0098
0.028
0.076
0.097
0.08
0.035
-0.015
-0.039
-0.034
-0.0079
0.0031
0.0019
0.0096
0.027
0.048
0.057
0.04
0.014
0.007
0.0077
0.0019
-0.01
-0.018
-0.015
-0.0019
0.021
0.037
0.02
-0.029
-0.082
-0.085
-0.037
0.0092
0.021
0.033
0.028
-0.00099
-0.004
0.013
0.013
-0.025
-0.074
-0.11
-0.1
-0.078
-0.053
-0.017
0.022
0.044
0.017
-0.018
-0.023
-0.021
-0.028
-0.046
-0.061
-0.059
-0.037
-0.017
0.0022
0.035
0.054
0.059
0.063
0.068
0.077
0.075
0.04
0.00026
-0.024
-0.044
-0.03
0.0098
0.054
0.087
0.11
0.12
0.093
0.064
0.042
0.027
0.046
0.056
0.037
0.054
0.11
0.16
0.17
0.15
0.1
0.079
0.066
0.022
-0.024
-0.02
0.024
0.077
0.12
0.15
0.16
0.15
0.13
0.12
0.11
0.097
0.092
0.084
0.076
0.074
0.072
0.079
0.087
0.075
0.054
0.046
0.052
0.05
0.038
0.029
0.031
0.039
0.061
0.087
0.096
0.099
0.092
0.069
0.048
0.031
0.028
0.033
0.027
0.026
0.045
0.06
0.043
0.013
-0.013
-0.02
-0.021
-0.02
-0.0026
0.0065
-0.011
-0.026
-0.024
-0.016
-0.0037
-0.01
-0.051
-0.1
-0.12
-0.099
-0.065
-0.036
-0.023
-0.019
-0.013
-0.013
-0.023
-0.047
-0.062
-0.067
-0.058
-0.032
-0.0083
0.014
0.017
0.0025
-0.012
-0.012
-0.0041
-0.0079
-0.03
-0.053
-0.053
-0.037
-0.0076
0.025
0.052
0.064
0.06
0.035
0.009
0.0041
0.014
0.016
0.0062
0.0095
0.038
0.069
0.088
0.095
0.086
0.059
0.036
0.027
0.021
0.01
-0.016
-0.029
-0.0019
0.043
0.081
0.11
0.1
0.051
-0.015
-0.049
-0.045
-0.024
-0.0095
0.0082
0.016
0.0048
-0.011
-0.023
-0.015
-0.0066
-0.018
-0.042
-0.067
-0.077
-0.056
-0.03
-0.013
-0.0038
0.006
0.015
0.0081
-0.0095
-0.033
-0.043
-0.032
-0.022
-0.027
-0.025
-0.0046
0.015
0.041
0.066
0.045
-0.011
-0.048
-0.049
-0.039
-0.015
0.0057
0.016
0.028
0.039
0.059
0.068
0.041
0.0012
-0.029
-0.026
0.001
0.025
0.034
0.041
0.043
0.028
0.00084
-0.027
-0.028
-0.033
-0.052
-0.059
-0.05
-0.019
0.011
0.024
0.013
0.0026
-0.0081
-0.013
-0.014
-0.022
-0.0057
0.024
0.037
0.036
0.035
0.035
0.042
0.046
0.037
0.022
0.002
-0.014
-0.022
-0.03
-0.021
-0.0012
0.01
0.019
0.017
0.014
0.036
0.044
0.013
-0.023
-0.04
-0.024
0.0022
0.0047
-0.006
-0.031
-0.058
-0.076
-0.078
-0.058
-0.036
-0.025
-0.0084
0.036
0.08
0.1
0.085
0.03
-0.02
-0.064
-0.099
-0.11
-0.081
-0.044
0.0012
0.035
0.043
0.039
0.031
0.016
-0.015
-0.049
-0.06
-0.066
-0.067
-0.055
-0.038
-0.022
0.0058
0.032
0.048
0.056
0.024
-0.021
-0.046
-0.064
-0.075
-0.059
-0.039
-0.01
0.035
0.06
0.069
0.074
0.056
0.018
-0.025
-0.053
-0.068
-0.075
-0.051
0.0021
0.026
0.024
0.025
0.025
0.03
0.029
0.018
0.0036
0.0011
-0.0059
-0.018
-0.0099
-0.0016
-4.6e-005
-0.016
-0.018
0.0044
0.035
0.056
0.036
0.0041
-0.0047
0.015
0.035
0.035
0.037
0.037
0.035
0.031
0.033
0.042
0.046
0.047
0.038
0.016
0.0044
0.014
0.034
0.049
0.047
0.035
0.028
0.022
0.019
0.021
0.024
0.024
0.012
0.0053
0.012
0.0038
-0.027
-0.055
-0.06
-0.04
-0.00044
0.013
0.015
0.018
0.011
0.0053
0.0059
-0.0011
-0.0094
-0.018
-0.042
-0.058
-0.055
-0.035
-0.011
-0.013
-0.029
-0.027
-0.022
-0.024
-0.026
-0.014
0.012
0.02
-0.0019
-0.013
-0.011
-0.018
-0.023
-0.016
-0.011
-0.0011
0.027
0.047
0.051
0.041
0.038
0.058
0.084
0.092
0.071
0.036
0.026
0.035
0.049
0.07
0.09
0.083
0.068
0.055
0.047
0.052
0.046
0.042
0.032
0.024
0.029
0.041
0.047
0.045
0.04
0.032
0.038
0.032
0.027
0.024
0.016
0.015
0.022
0.023
0.014
0.013
0.029
0.038
0.014
-0.0079
0.0046
0.011
-0.0047
-0.013
-0.0066
0.0026
-0.0081
-0.042
-0.053
-0.029
-0.017
-0.027
-0.041
-0.044
-0.052
-0.076
-0.094
-0.088
-0.082
-0.085
-0.084
-0.081
-0.073
-0.064
-0.072
-0.092
-0.1
-0.12
-0.13
-0.14
-0.13
-0.11
-0.11
-0.11
-0.094
-0.075
-0.073
-0.083
-0.1
-0.1
-0.096
-0.09
-0.083
-0.08
-0.074
-0.071
-0.086
-0.089
-0.073
-0.071
-0.078
-0.067
-0.067
-0.069
-0.065
-0.061
-0.048
-0.05
-0.066
-0.063
-0.058
-0.069
-0.071
-0.067
-0.065
-0.061
-0.076
-0.091
-0.085
-0.059
-0.027
-0.0087
-0.013
-0.022
-0.033
-0.052
-0.049
-0.035
-0.029
-0.023
-0.031
-0.049
-0.05
-0.048
-0.055
-0.053
-0.045
-0.035
-0.03
-0.02
0.003
0.026
0.044
0.048
0.028
-0.019
-0.066
-0.09
-0.084
-0.051
-0.0079
0.034
0.056
0.041
0.023
0.0075
-0.011
-0.025
-0.051
-0.092
-0.11
-0.086
-0.047
-0.0074
0.016
0.051
0.081
0.063
0.016
-0.027
-0.055
-0.066
-0.063
-0.04
-0.019
-0.02
-0.019
0.0024
0.014
0.016
0.01
-0.0011
-0.00023
-0.023
-0.059
-0.062
-0.032
0.0029
0.037
0.054
0.039
0.007
-0.016
-0.023
-0.026
-0.033
-0.024
0.00075
0.02
0.027
0.027
0.029
0.043
0.052
0.049
0.04
0.0056
-0.039
-0.053
-0.026
0.0072
0.024
0.017
-0.0054
-0.014
-0.012
0.014
0.047
0.058
0.053
0.053
0.066
0.078
0.076
0.063
0.061
0.057
0.042
0.033
0.021
0.017
0.019
0.018
0.025
0.041
0.05
0.037
0.014
0.0037
0.0098
0.01
0.01
0.013
0.02
0.035
0.043
0.034
0.032
0.039
0.027
0.0063
-0.01
-0.021
-0.014
0.0056
0.027
0.032
0.017
-0.0064
-0.025
-0.025
-0.0073
0.0044
0.0088
0.029
0.036
0.022
0.015
0.02
0.024
0.0035
-0.025
-0.02
-0.0012
0.0094
0.027
0.042
0.053
0.047
0.02
-0.0011
0.0037
0.02
0.038
0.05
0.047
0.039
0.029
0.019
0.0092
0.013
0.025
0.033
0.028
0.014
0.0046
-0.0039
-0.01
-0.011
-0.025
-0.035
-0.029
-0.0091
0.024
0.043
0.021
-0.026
-0.068
-0.076
-0.035
0.0017
0.014
0.0072
-0.016
-0.031
-0.031
-0.032
-0.028
-0.018
-0.028
-0.039
-0.035
-0.038
-0.039
-0.04
-0.037
-0.03
-0.025
-0.029
-0.03
-0.025
-0.017
-0.011
-0.012
-0.014
-0.033
-0.064
-0.076
-0.062
-0.037
-0.011
0.014
0.019
0.0081
-0.012
-0.025
-0.031
-0.021
-0.00014
0.009
0.0039
-0.0014
-0.0016
-0.0023
-0.0035
-0.0066
-0.015
-0.014
-0.02
-0.025
-0.026
-0.034
-0.029
-0.024
-0.029
-0.028
-0.011
0.0021
0.00047
-0.016
-0.034
-0.015
0.009
0.0076
-0.0015
-0.0022
-0.0011
-0.0023
-0.007
-0.00078
0.0071
-0.0032
-0.014
-0.019
-0.025
-0.022
-0.021
-0.013
0.008
0.013
0.0099
0.019
0.013
-0.0038
-0.0017
0.0033
0.0013
0.0067
0.022
0.034
0.036
0.023
0.0045
0.00099
0.012
0.032
0.052
0.064
0.071
0.075
0.088
0.095
0.079
0.043
0.0088
-0.024
-0.041
-0.012
0.028
0.067
0.096
0.096
0.083
0.066
0.049
0.043
0.044
0.029
0.0043
-0.0055
0.015
0.051
0.069
0.079
0.071
0.043
0.00081
-0.038
-0.043
-0.013
0.029
0.045
0.044
0.038
0.028
0.007
-0.015
-0.0049
0.0071
0.0087
0.014
0.015
0.012
0.015
0.011
0.011
0.039
0.071
0.073
0.046
0.026
0.037
0.049
0.033
0.0096
0.0014
0.013
0.027
0.031
0.029
0.021
-0.0059
-0.02
-0.0094
-0.0014
-0.0024
-0.0045
0.0045
0.037
0.083
0.096
0.078
0.045
0.012
-0.0049
-0.018
-0.018
0.0062
0.024
0.035
0.039
0.038
0.039
0.042
0.035
0.04
0.061
0.063
0.038
0.013
0.013
0.022
0.011
-0.01
-0.019
-0.01
0.0025
0.0025
-0.0028
0.0044
0.01
0.0069
0.024
0.035
0.036
0.042
0.046
0.052
0.048
0.024
0.013
0.02
0.023
0.03
0.036
0.036
0.033
0.018
0.023
0.052
0.072
0.06
0.039
0.037
0.049
0.057
0.056
0.072
0.1
0.11
0.097
0.064
0.054
0.059
0.07
0.08
0.092
0.09
0.069
0.057
0.061
0.078
0.091
0.11
0.12
0.12
0.11
0.13
0.14
0.11
0.087
0.077
0.08
0.083
0.072
0.08
0.097
0.1
0.095
0.084
0.09
0.12
0.14
0.11
0.075
0.057
0.06
0.074
0.084
0.11
0.15
0.15
0.12
0.094
0.082
0.083
0.081
0.073
0.072
0.074
0.056
0.024
0.021
0.045
0.051
0.043
0.034
0.018
-0.0089
-0.02
-0.022
-0.028
-0.023
-0.0079
0.003
0.013
0.015
0.011
0.016
0.028
0.0076
-0.024
-0.031
-0.035
-0.053
-0.075
-0.062
-0.022
-0.012
-0.022
0.0058
0.039
0.037
0.013
0.00047
-0.0011
-0.016
-0.025
0.0034
0.037
-0.015
-0.09
-0.092
-0.061
0.0046
0.077
0.13
0.16
0.058
-0.12
-0.21
-0.15
-0.033
0.066
0.13
0.13
0.074
-0.0041
-0.093
-0.17
-0.18
-0.13
-0.045
0.019
0.012
-0.048
-0.13
-0.17
-0.14
-0.071
-0.011
0.0098
0.011
-0.01
-0.04
-0.046
-0.063
-0.092
-0.1
-0.079
-0.047
-0.049
-0.071
-0.042
0.03
0.069
0.067
0.0054
-0.094
-0.15
-0.14
-0.068
-0.026
-0.0089
0.022
0.04
0.048
0.047
0.031
0.014
-0.0067
-0.025
0.013
0.084
0.11
0.086
0.031
-0.0054
-0.022
-0.061
-0.091
-0.076
-0.039
0.0006
0.025
0.017
-0.026
-0.074
-0.097
-0.1
-0.11
-0.11
-0.079
-0.047
-0.024
-0.043
-0.089
-0.12
-0.14
-0.13
-0.063
-0.011
0.011
-0.015
-0.063
-0.083
-0.098
-0.1
-0.049
0.0036
-0.0055
-0.036
-0.056
-0.063
-0.065
-0.071
-0.055
-0.034
-0.044
-0.049
-0.025
0.0061
0.021
-0.011
-0.062
-0.092
-0.099
-0.056
-0.00032
0.011
-0.0054
-0.039
-0.08
-0.073
-0.0013
0.05
0.046
0.0033
-0.048
-0.061
-0.048
-0.03
0.012
0.037
0.039
0.036
0.01
-0.0068
0.02
0.05
0.061
0.053
0.031
0.036
0.054
0.06
0.054
0.056
0.061
0.069
0.063
0.044
0.042
0.057
0.093
0.13
0.11
0.066
0.013
-0.027
-0.035
-0.036
-0.061
-0.064
0.012
0.14
0.23
0.21
0.11
-0.0053
-0.11
-0.17
-0.18
-0.13
-0.069
-0.02
0.0065
0.026
0.038
0.021
-0.038
-0.11
-0.13
-0.093
-0.059
-0.066
-0.084
-0.081
-0.048
0.0092
0.074
0.12
0.097
0.037
-0.0078
-0.041
-0.076
-0.097
-0.08
-0.022
0.055
0.12
0.16
0.19
0.2
0.15
0.05
-0.043
-0.07
-0.05
-0.045
-0.041
0.0088
0.096
0.16
0.17
0.15
0.11
0.053
-0.0071
-0.037
-0.0029
0.047
0.058
0.036
0.037
0.071
0.12
0.15
0.13
0.092
0.05
0.0027
-0.016
0.019
0.058
0.057
0.055
0.088
0.15
0.19
0.18
0.16
0.12
0.059
0.0078
-0.024
-0.014
0.031
0.078
0.11
0.11
0.082
0.08
0.12
0.14
0.092
0.003
-0.051
-0.027
0.032
0.078
0.08
0.04
0.0055
0.014
0.028
0.023
0.017
0.017
0.058
0.071
0.019
-0.0038
0.026
0.063
0.11
0.11
0.029
-0.054
-0.058
0.016
0.047
0.023
-0.0098
-0.035
-0.051
-0.021
0.065
0.13
0.15
0.1
0.036
-0.014
-0.064
-0.061
-0.049
-0.065
-0.062
-0.063
-0.074
-0.019
0.077
0.089
0.059
0.03
-0.0095
-0.048
-0.075
-0.091
-0.12
-0.15
-0.12
-0.08
-0.052
-0.011
0.018
0.019
-0.014
-0.082
-0.14
-0.14
-0.13
-0.14
-0.14
-0.14
-0.11
-0.065
-0.013
0.084
0.13
0.053
-0.093
-0.21
-0.26
-0.22
-0.1
0.0023
0.025
-0.023
-0.082
-0.08
-0.015
0.057
0.079
0.046
0.00038
-0.07
-0.17
-0.24
-0.22
-0.12
-0.0017
0.074
0.086
0.083
0.05
-0.058
-0.22
-0.29
-0.18
0.022
0.16
0.15
0.071
0.011
-0.027
-0.058
-0.058
-0.02
0.025
0.022
-0.02
-0.023
-0.0018
-0.0065
-0.012
-0.0011
0.045
0.081
0.049
-0.003
0.0042
0.05
0.071
0.058
0.032
0.015
0.0046
-0.02
-0.046
-0.06
-0.012
0.069
0.099
0.086
0.03
-0.022
-0.011
0.034
0.074
0.11
0.13
0.14
0.077
-0.033
-0.084
-0.059
0.0045
0.069
0.088
0.077
0.074
0.055
0.018
-0.00038
-0.0039
0.018
0.051
0.065
0.05
0.012
-0.028
-0.073
-0.096
-0.056
0.013
0.052
0.062
0.061
0.038
-0.011
-0.08
-0.11
-0.093
-0.013
0.084
0.13
0.11
0.047
-0.039
-0.1
-0.11
-0.082
-0.045
-0.025
-0.031
-0.034
-0.02
-0.0046
0.011
0.025
0.036
0.031
-0.00053
-0.044
-0.058
-0.049
-0.03
-0.0069
-0.0093
-0.031
-0.047
-0.046
-0.039
-0.035
-0.047
-0.057
-0.052
-0.058
-0.065
-0.058
-0.045
-0.03
-0.022
-0.0052
0.0054
-0.0076
-0.026
-0.049
-0.072
-0.088
-0.086
-0.081
-0.075
-0.058
-0.034
-0.011
-0.003
-0.012
-0.027
-0.05
-0.057
-0.05
-0.034
-0.0082
-0.00017
-0.012
-0.0089
-0.023
-0.049
-0.052
-0.043
-0.048
-0.067
-0.076
-0.067
-0.046
-0.04
-0.035
-0.02
-0.027
-0.039
-0.026
0.013
0.041
0.052
0.036
0.016
0.029
0.059
0.079
0.067
0.041
0.034
0.03
0.036
0.04
0.034
0.038
0.044
0.045
0.061
0.061
0.034
0.03
0.033
0.038
0.064
0.082
0.074
0.077
0.073
0.058
0.057
0.055
0.054
0.055
0.064
0.09
0.096
0.081
0.066
0.046
0.032
0.03
0.038
0.06
0.099
0.12
0.1
0.075
0.045
0.025
0.019
0.03
0.047
0.053
0.046
0.032
0.0095
0.0014
0.022
0.047
0.067
0.091
0.094
0.072
0.026
-0.021
-0.037
-0.02
0.026
0.082
0.13
0.14
0.13
0.11
0.075
0.054
0.047
0.038
0.031
0.041
0.059
0.064
0.061
0.061
0.035
-0.011
-0.0056
0.038
0.081
0.084
0.057
0.036
0.02
0.0069
-0.01
-0.023
-0.014
0.0059
0.0073
-0.00081
0.0043
0.0095
0.0029
-0.014
-0.026
-0.033
-0.04
-0.05
-0.047
-0.042
-0.041
-0.026
-0.015
-0.021
-0.026
-0.033
-0.041
-0.03
0.0022
0.013
0.0038
-0.022
-0.051
-0.07
-0.088
-0.096
-0.076
-0.028
0.019
0.04
0.025
-0.014
-0.058
-0.092
-0.11
-0.11
-0.088
-0.065
-0.037
-0.02
-0.037
-0.07
-0.1
-0.14
-0.15
-0.13
-0.08
-0.044
-0.034
-0.06
-0.087
-0.095
-0.094
-0.092
-0.094
-0.083
-0.061
-0.058
-0.084
-0.11
-0.11
-0.095
-0.08
-0.069
-0.067
-0.074
-0.072
-0.046
-0.024
-0.021
-0.038
-0.072
-0.11
-0.12
-0.1
-0.084
-0.081
-0.11
-0.13
-0.13
-0.11
-0.083
-0.063
-0.065
-0.082
-0.094
-0.089
-0.079
-0.075
-0.066
-0.054
-0.065
-0.081
-0.07
-0.047
-0.031
-0.031
-0.044
-0.045
-0.044
-0.052
-0.036
-0.018
-0.0093
-0.01
-0.027
-0.036
-0.027
-0.0072
-0.00053
0.0023
0.0025
0.004
0.021
0.031
0.033
0.033
0.028
0.033
0.049
0.056
0.042
0.03
0.03
0.047
0.062
0.086
0.1
0.095
0.079
0.052
0.04
0.056
0.086
0.11
0.12
0.11
0.085
0.062
0.073
0.11
0.12
0.11
0.11
0.098
0.086
0.078
0.08
0.097
0.11
0.12
0.12
0.11
0.096
0.089
0.082
0.065
0.048
0.054
0.069
0.088
0.1
0.1
0.1
0.1
0.092
0.094
0.11
0.12
0.11
0.071
0.047
0.046
0.06
0.073
0.079
0.07
0.061
0.052
0.047
0.049
0.04
0.027
0.031
0.05
0.072
0.064
0.035
0.018
0.032
0.041
0.035
0.027
0.013
0.0039
-0.0022
0.0093
0.03
0.037
0.032
0.028
0.022
0.021
0.035
0.039
0.051
0.048
0.013
-0.0092
-0.0025
0.011
0.023
0.032
0.038
0.048
0.048
0.046
0.029
-0.005
-0.024
-0.044
-0.056
-0.041
-0.021
-0.0014
0.016
0.021
0.022
0.012
-0.023
-0.053
-0.048
-0.017
0.014
0.032
0.043
0.034
-0.0069
-0.043
-0.057
-0.049
-0.032
-0.0032
0.031
0.052
0.038
-0.0023
-0.0054
0.0072
0.0042
0.011
0.014
0.011
0.022
0.02
0.0093
0.023
0.033
0.015
-0.011
-0.018
0.0041
0.032
0.032
0.011
-0.019
-0.049
-0.068
-0.086
-0.099
-0.095
-0.094
-0.065
-0.02
-0.0097
-0.023
-0.049
-0.091
-0.13
-0.14
-0.14
-0.13
-0.11
-0.1
-0.096
-0.098
-0.1
-0.1
-0.09
-0.073
-0.063
-0.053
-0.037
-0.019
-0.014
-0.024
-0.055
-0.094
-0.1
-0.08
-0.052
-0.018
0.018
0.026
0.021
0.0081
-0.0085
-0.021
-0.034
-0.027
-0.017
-0.014
-0.013
-0.0098
-0.0095
-0.0077
0.022
0.047
0.049
0.036
0.017
0.011
0.011
0.022
0.038
0.048
0.057
0.064
0.063
0.063
0.066
0.071
0.082
0.081
0.075
0.077
0.062
0.045
0.049
0.051
0.049
0.055
0.07
0.074
0.055
0.05
0.062
0.057
0.045
0.039
0.029
0.013
0.0079
0.024
0.047
0.076
0.089
0.078
0.056
0.041
0.036
0.037
0.056
0.077
0.072
0.056
0.041
0.036
0.066
0.11
0.12
0.086
0.05
0.02
0.013
0.011
0.012
0.018
0.0087
-0.0047
-0.0046
0.017
0.044
0.055
0.045
0.013
-0.02
-0.034
-0.022
0.016
0.058
0.06
0.024
-0.011
-0.019
-0.018
-0.023
-0.012
-0.0061
-0.0081
-0.0082
-0.0085
0.0023
0.015
-0.003
-0.036
-0.046
-0.026
0.013
0.045
0.051
0.033
0.0028
-0.012
-0.021
-0.011
0.017
0.042
0.041
0.018
-0.011
-0.044
-0.053
-0.029
0.0015
0.01
-0.0054
-0.01
0.0028
0.024
0.036
0.033
0.012
-0.018
-0.037
-0.025
0.0061
0.027
0.036
0.042
0.035
0.021
0.0038
-0.02
-0.03
-0.025
-0.0065
0.027
0.058
0.065
0.042
-0.0044
-0.041
-0.047
-0.028
0.009
0.03
0.022
0.011
0.0087
-0.0026
-0.015
-0.014
-0.016
-0.02
-0.013
-0.0015
0.007
0.0058
-0.00072
0.0036
0.015
0.016
0.0089
-0.011
-0.03
-0.023
0.0063
0.039
0.037
0.011
-0.0052
-0.025
-0.043
-0.038
-0.021
-0.0014
0.0044
-0.00047
-0.005
-0.0018
-0.0011
0.0058
0.025
0.032
0.027
0.019
-0.0014
-0.013
0.0014
0.027
0.049
0.049
0.045
0.042
0.016
-0.021
-0.032
-0.022
-0.0073
0.036
0.087
0.12
0.13
0.083
0.043
0.034
0.047
0.055
0.059
0.059
0.057
0.052
0.05
0.055
0.073
0.1
0.11
0.1
0.088
0.084
0.085
0.08
0.06
0.038
0.021
0.004
0.014
0.043
0.064
0.082
0.094
0.068
0.041
0.034
0.022
0.0062
-0.0076
-0.0099
0.0019
0.029
0.052
0.051
0.04
0.015
-0.023
-0.051
-0.06
-0.04
-0.021
-0.013
-0.00063
0.004
0.00081
-0.011
-0.019
-0.02
0.0031
0.022
0.0058
-0.011
-0.016
-0.018
-0.025
-0.03
-0.02
-0.0021
0.022
0.035
0.034
0.025
0.015
0.023
0.036
0.023
0.0041
0.013
0.029
0.044
0.061
0.074
0.071
0.048
0.023
0.016
0.032
0.046
0.045
0.045
0.064
0.081
0.082
0.078
0.061
0.037
0.029
0.033
0.026
0.012
0.015
0.019
0.022
0.026
0.023
0.02
0.03
0.035
0.019
-0.0038
-0.028
-0.037
-0.026
-0.0002
0.013
0.014
0.025
0.024
0.011
0.00011
-0.012
-0.025
-0.036
-0.037
-0.032
-0.015
-0.0061
-0.015
-0.034
-0.044
-0.037
-0.034
-0.019
0.0043
0.0078
7.6e-005
-0.0077
-0.023
-0.035
-0.038
-0.031
-0.018
-0.019
-0.018
-0.0058
-0.0015
-0.012
-0.027
-0.041
-0.047
-0.045
-0.041
-0.029
-0.0058
0.0064
-0.0053
-0.032
-0.037
-0.013
-0.0072
-0.017
-0.022
-0.015
-0.0048
-0.0048
-0.017
-0.013
0.0085
0.025
0.025
0.0063
-0.028
-0.058
-0.07
-0.058
-0.029
-0.0074
-0.00044
0.0032
0.012
0.013
-0.0085
-0.045
-0.064
-0.046
-0.027
-0.02
-0.0065
0.012
0.026
0.031
0.019
0.0038
-0.0025
-0.011
-0.014
-0.017
-0.011
-0.0057
-0.012
-0.0005
0.034
0.067
0.081
0.06
0.014
-0.0098
0.0036
0.025
0.041
0.042
0.043
0.061
0.077
0.076
0.064
0.049
0.041
0.029
0.011
0.012
0.014
0.015
0.023
0.031
0.052
0.083
0.1
0.095
0.062
0.024
-0.0044
-0.021
-0.01
0.025
0.065
0.095
0.098
0.081
0.055
0.033
0.021
0.016
0.019
0.023
0.011
-0.0051
-0.0079
-0.0013
0.01
0.027
0.043
0.04
0.018
0.01
0.024
0.033
0.033
0.017
0.00017
0.00053
-0.0017
-0.009
-0.0022
0.035
0.078
0.092
0.077
0.053
0.019
-0.011
-0.026
-0.03
-0.019
0.0038
0.021
0.048
0.07
0.064
0.061
0.047
0.014
0.0058
0.0069
0.0095
0.014
0.023
0.021
0.019
0.038
0.078
0.099
0.089
0.086
0.081
0.067
0.048
0.009
-0.02
-0.02
-0.0069
0.03
0.074
0.1
0.096
0.072
0.039
0.012
-0.0054
-0.024
-0.035
-0.038
-0.036
-0.023
0.016
0.072
0.099
0.086
0.048
0.0065
-0.023
-0.032
-0.035
-0.025
0.014
0.038
0.035
0.024
0.023
0.025
0.01
-0.005
-0.022
-0.033
-0.03
-0.013
0.00011
0.0011
-0.003
0.0043
0.02
0.027
0.014
-0.0006
0.0056
0.013
0.0032
-0.0073
-0.0037
0.0068
0.014
-0.0039
-0.029
-0.025
-0.0069
-0.0037
-0.017
-0.035
-0.036
-0.035
-0.036
-0.026
-0.014
-0.0097
-0.034
-0.065
-0.058
-0.025
0.015
0.067
0.056
-0.039
-0.17
-0.27
-0.26
-0.12
0.052
0.15
0.11
-0.038
-0.15
-0.15
-0.066
0.028
0.066
0.046
-0.016
-0.057
-0.054
-0.0069
0.057
0.08
0.071
0.038
-0.0086
-0.041
-0.026
0.04
0.11
0.15
0.19
0.2
0.15
0.048
-0.068
-0.13
-0.1
-0.0094
0.11
0.17
0.11
-0.021
-0.068
-0.037
0.041
0.11
0.13
0.11
0.083
0.062
0.044
0.025
0.0038
0.023
0.063
0.098
0.1
0.084
0.057
-0.007
-0.018
0.039
0.083
0.1
0.12
0.12
0.062
0.027
0.022
0.041
0.074
0.1
0.095
0.038
-0.016
-0.045
-0.041
-0.016
0.04
0.073
0.044
0.015
-0.016
-0.047
-0.055
-0.053
-0.029
-0.0017
0.021
0.037
0.041
0.0082
-0.049
-0.09
-0.097
-0.064
-0.027
-0.014
-0.018
-0.017
-0.019
-0.049
-0.077
-0.059
-0.0053
0.033
0.051
0.049
0.03
0.013
-0.0046
-0.022
-0.033
-0.032
-0.031
-0.016
-0.0065
-0.028
-0.062
-0.073
-0.041
-0.00066
0.022
0.031
0.021
0.019
0.021
-0.015
-0.059
-0.076
-0.075
-0.069
-0.037
-0.0028
0.018
0.027
0.024
0.022
0.024
0.0067
-0.027
-0.023
0.021
0.058
0.062
0.043
0.017
-0.019
-0.05
-0.042
-0.0059
0.015
0.034
0.034
0.013
-0.013
-0.027
-0.026
-0.023
0.013
0.06
0.058
0.02
-0.031
-0.058
-0.052
-0.034
-0.014
0.012
0.043
0.047
0.04
0.022
-0.025
-0.061
-0.071
-0.058
-0.031
-0.011
-0.0084
-0.0056
0.027
0.052
0.048
0.053
0.054
0.036
0.026
0.039
0.06
0.041
-0.0015
-0.016
0.0015
0.015
0.0085
0.027
0.095
0.14
0.11
0.019
-0.044
-0.03
0.018
0.033
0.02
0.0074
0.022
0.052
0.067
0.055
0.027
-0.0064
-0.046
-0.065
-0.044
-0.0081
0.021
0.038
0.059
0.065
0.037
-0.012
-0.061
-0.07
-0.046
-0.016
0.025
0.042
0.024
-0.012
-0.052
-0.085
-0.089
-0.061
-0.042
-0.025
-0.018
-0.028
-0.024
-0.012
-0.018
-0.057
-0.1
-0.12
-0.096
-0.061
-0.028
-0.019
-0.034
-0.058
-0.083
-0.096
-0.09
-0.069
-0.053
-0.03
0.0039
0.034
0.031
-0.014
-0.051
-0.047
-0.014
0.015
0.036
0.052
0.042
0.014
-0.0016
-0.00069
-0.0028
-0.005
-0.0032
0.023
0.067
0.097
0.11
0.11
0.099
0.082
0.071
0.058
0.06
0.087
0.1
0.11
0.11
0.086
0.059
0.036
0.035
0.052
0.055
0.058
0.08
0.11
0.11
0.1
0.094
0.094
0.095
0.076
0.057
0.078
0.13
0.15
0.15
0.13
0.12
0.11
0.11
0.13
0.14
0.15
0.15
0.13
0.16
0.26
0.31
0.21
0.055
0.0013
0.056
0.14
0.17
0.18
0.19
0.19
0.17
0.15
0.15
0.16
0.15
0.13
0.13
0.16
0.17
0.14
0.11
0.11
0.11
0.097
0.07
0.044
0.034
0.058
0.083
0.072
0.046
0.014
-0.0044
-0.014
-0.02
-0.0084
0.02
0.038
0.035
0.022
-0.0011
-0.016
-0.019
-0.013
-0.0062
0.0029
0.021
0.0077
-0.035
-0.067
-0.066
-0.044
-0.037
-0.033
-0.028
-0.026
-0.031
-0.027
-0.012
-0.0018
-0.011
-0.019
-0.01
0.0013
-0.0053
-0.038
-0.057
-0.045
-0.028
-0.024
-0.031
-0.04
-0.048
-0.06
-0.062
-0.07
-0.071
-0.075
-0.086
-0.093
-0.11
-0.11
-0.091
-0.057
-0.033
-0.042
-0.073
-0.083
-0.081
-0.093
-0.11
-0.13
-0.14
-0.15
-0.14
-0.12
-0.11
-0.1
-0.12
-0.14
-0.13
-0.12
-0.1
-0.089
-0.083
-0.077
-0.086
-0.12
-0.16
-0.18
-0.19
-0.17
-0.12
-0.048
0.00072
0.00011
-0.03
-0.05
-0.066
-0.094
-0.11
-0.13
-0.12
-0.084
-0.05
-0.046
-0.069
-0.06
-0.033
-0.036
-0.063
-0.072
-0.063
-0.057
-0.048
-0.055
-0.067
-0.081
-0.082
-0.047
-0.0092
0.0071
0.025
0.034
0.019
0.0036
-0.028
-0.054
-0.035
-0.012
-0.025
-0.041
-0.018
0.026
0.048
0.046
0.03
-0.0046
-0.056
-0.086
-0.079
-0.049
-0.0072
0.022
0.044
0.049
0.012
-0.037
-0.063
-0.051
-0.0023
0.038
0.038
0.043
0.033
0.0054
-0.01
-0.043
-0.04
-0.0064
0.0056
-0.0054
-0.036
-0.044
-0.018
-0.019
-0.042
-0.052
-0.069
-0.086
-0.068
-0.033
-0.014
-0.031
-0.048
-0.06
-0.068
-0.06
-0.036
-0.013
-0.0058
-0.032
-0.077
-0.081
-0.069
-0.053
-0.024
-0.023
-0.07
-0.096
-0.084
-0.061
-0.042
-0.064
-0.11
-0.13
-0.13
-0.1
-0.067
-0.036
-0.036
-0.042
-0.051
-0.066
-0.058
-0.056
-0.071
-0.058
-0.039
-0.017
0.013
-0.0061
-0.03
-0.011
-0.0035
0.0015
0.0025
0.011
0.045
0.072
0.086
0.079
0.064
0.058
0.042
0.023
0.026
0.041
0.043
0.033
0.013
0.0065
0.018
0.012
-0.0024
-0.015
-0.0087
0.023
0.034
0.011
-0.0056
-0.03
-0.047
-0.022
0.0029
0.015
0.018
0.0092
0.0096
0.015
0.0079
-0.0099
-0.025
-0.021
-0.018
-0.022
-0.0058
0.025
0.041
0.051
0.042
0.023
0.0035
-0.03
-0.038
-0.015
0.019
0.02
0.003
0.00035
0.0087
0.014
0.0054
-0.011
-0.019
-0.017
-0.023
-0.026
-0.015
0.0061
0.025
0.027
0.016
0.0078
0.005
-0.0018
-0.0014
0.0042
0.008
-0.0054
-0.036
-0.027
-0.002
0.021
0.052
0.058
0.051
0.052
0.041
0.035
0.035
0.027
0.017
0.016
0.029
0.05
0.051
0.031
0.038
0.055
0.071
0.08
0.077
0.066
0.056
0.05
0.044
0.052
0.057
0.068
0.09
0.12
0.13
0.11
0.063
0.027
0.025
0.047
0.098
0.13
0.12
0.1
0.091
0.097
0.099
0.093
0.084
0.065
0.06
0.075
0.083
0.084
0.07
0.042
0.021
0.0013
-0.025
-0.045
-0.044
-0.026
-0.019
-0.024
-0.035
-0.048
-0.063
-0.08
-0.11
-0.16
-0.17
-0.16
-0.16
-0.15
-0.14
-0.16
-0.18
-0.22
-0.24
-0.22
-0.2
-0.19
-0.19
-0.18
-0.17
-0.17
-0.19
-0.21
-0.2
-0.2
-0.2
-0.18
-0.15
-0.11
-0.096
-0.12
-0.16
-0.17
-0.18
-0.18
-0.16
-0.13
-0.12
-0.1
-0.1
-0.1
-0.1
-0.11
-0.12
-0.12
-0.11
-0.094
-0.1
-0.087
-0.044
0.017
0.042
0.021
-0.018
-0.05
-0.071
-0.093
-0.11
-0.11
-0.058
-0.017
-0.0044
0.009
0.026
0.01
-0.0061
-0.0071
0.0037
0.0058
-0.0065
-0.0053
0.0096
0.032
0.04
0.035
0.038
0.03
0.024
0.014
0.0047
0.024
0.063
0.073
0.038
-0.012
-0.031
0.016
0.05
0.051
0.052
0.07
0.082
0.05
-0.0063
-0.039
-0.033
-0.015
-0.011
-0.015
0.0033
0.038
0.057
0.03
-0.03
-0.053
-0.017
0.031
0.042
-0.0022
-0.047
-0.058
-0.049
-0.026
-0.0021
-0.015
-0.034
-0.025
-0.0048
0.017
0.038
0.037
0.032
0.03
0.014
-0.004
0.0023
0.048
0.099
0.12
0.088
0.041
0.018
0.011
-0.0089
-0.031
-0.0027
0.047
0.064
0.035
-0.0094
-0.0066
0.046
0.081
0.06
0.016
0.0057
0.024
0.041
0.054
0.084
0.11
0.11
0.092
0.07
0.044
0.048
0.069
0.084
0.1
0.11
0.12
0.12
0.12
0.12
0.1
0.092
0.11
0.14
0.14
0.13
0.13
0.13
0.16
0.16
0.13
0.11
0.12
0.14
0.14
0.14
0.15
0.16
0.18
0.18
0.16
0.13
0.1
0.091
0.12
0.16
0.19
0.17
0.14
0.13
0.12
0.11
0.081
0.052
0.052
0.092
0.15
0.16
0.13
0.087
0.059
0.048
0.032
0.016
0.0045
0.0058
0.016
0.039
0.066
0.085
0.082
0.052
0.037
0.041
0.038
0.03
0.03
0.035
0.048
0.065
0.07
0.059
0.039
0.041
0.074
0.11
0.12
0.089
0.049
0.036
0.047
0.051
0.041
0.027
0.047
0.097
0.13
0.15
0.13
0.1
0.082
0.062
0.053
0.072
0.098
0.099
0.08
0.076
0.082
0.084
0.072
0.042
0.022
0.031
0.061
0.094
0.11
0.097
0.072
0.067
0.077
0.069
0.056
0.048
0.041
0.043
0.037
0.032
0.036
0.057
0.079
0.074
0.073
0.072
0.072
0.085
0.095
0.068
0.046
0.039
0.025
0.022
0.029
0.047
0.058
0.053
0.042
0.035
0.037
0.048
0.058
0.046
0.021
0.012
0.036
0.058
0.069
0.089
0.093
0.076
0.042
0.0051
-0.021
-0.035
-0.0077
0.047
0.1
0.13
0.087
0.052
0.043
0.043
0.033
0.0077
-0.033
-0.05
-0.0061
0.059
0.1
0.077
0.038
0.024
-0.0016
-0.032
-0.039
-0.035
-0.017
0.019
0.045
0.058
0.072
0.074
0.049
0.036
0.039
0.0027
-0.065
-0.12
-0.13
-0.094
-0.048
-0.0048
0.022
0.03
0.035
0.036
0.024
-0.0041
-0.045
-0.072
-0.081
-0.047
0.016
0.055
0.068
0.072
0.041
-0.013
-0.079
-0.15
-0.19
-0.14
-0.033
0.056
0.076
0.056
0.083
0.16
0.15
0.026
-0.18
-0.29
-0.24
-0.11
-0.031
0.0049
0.06
0.12
0.13
0.062
-0.016
-0.079
-0.13
-0.17
-0.16
-0.083
0.016
0.11
0.16
0.12
0.044
-0.059
-0.14
-0.18
-0.19
-0.18
-0.14
-0.026
0.084
0.12
0.095
0.077
0.067
0.02
-0.055
-0.093
-0.093
-0.071
-0.047
-0.048
-0.029
0.036
0.11
0.15
0.11
0.032
-0.021
-0.04
-0.092
-0.19
-0.25
-0.18
-0.02
0.12
0.19
0.18
0.083
-0.016
-0.068
-0.087
-0.1
-0.13
-0.14
-0.099
-0.019
0.053
0.098
0.13
0.13
0.12
0.072
-0.01
-0.11
-0.12
-0.048
0.0054
0.029
0.027
0.013
0.0098
0.0058
-0.0089
-0.013
-0.011
-0.025
-0.035
-0.049
-0.078
-0.098
-0.092
-0.08
-0.07
-0.079
-0.086
-0.056
0.01
0.063
0.032
-0.058
-0.16
-0.21
-0.18
-0.084
-0.0038
0.018
0.015
0.022
0.047
0.059
0.032
-0.054
-0.14
-0.14
-0.038
0.076
0.11
0.064
0.0075
-0.03
-0.055
-0.066
-0.054
-0.019
0.01
0.012
0.012
0.0035
-0.015
-0.0056
0.03
0.076
0.1
0.071
0.0036
-0.03
0.0059
0.042
0.033
0.021
0.02
0.00044
-0.014
0.019
0.084
0.15
0.19
0.17
0.084
-0.051
-0.18
-0.25
-0.29
-0.27
-0.19
-0.078
0.043
0.13
0.15
0.1
-0.026
-0.18
-0.26
-0.27
-0.23
-0.17
-0.15
-0.14
-0.098
-0.0067
0.085
0.11
0.074
0.032
-0.0026
-0.078
-0.19
-0.24
-0.22
-0.21
-0.24
-0.21
-0.094
0.0024
-0.068
-0.32
-0.59
-0.68
-0.57
-0.35
-0.12
-0.0032
0.021
0.018
-0.012
-0.083
-0.19
-0.33
-0.45
-0.53
-0.49
-0.31
-0.072
0.078
0.094
0.00087
-0.15
-0.2
-0.13
-0.027
0.025
0.012
-0.012
0.0023
0.069
0.13
0.16
0.17
0.16
0.097
0.0082
-0.057
-0.068
-0.01
0.043
0.039
0.024
0.039
0.08
0.1
0.11
0.09
0.045
-0.00096
-0.039
-0.1
-0.22
-0.36
-0.45
-0.41
-0.32
-0.24
-0.2
-0.17
-0.16
-0.17
-0.22
-0.3
-0.34
-0.29
-0.2
-0.11
-0.04
-0.035
-0.089
-0.17
-0.22
-0.21
-0.15
-0.092
-0.064
-0.062
-0.057
-0.049
-0.087
-0.16
-0.24
-0.33
-0.4
-0.42
-0.38
-0.27
-0.11
0.0042
0.041
0.029
-0.014
-0.058
-0.08
-0.099
-0.11
-0.092
-0.064
-0.048
-0.051
-0.075
-0.13
-0.16
-0.13
-0.063
-0.022
-0.012
-0.0052
0.026
0.04
0.0038
-0.047
-0.077
-0.097
-0.12
-0.13
-0.11
-0.056
0.0083
0.034
0.017
-0.023
-0.056
-0.083
-0.096
-0.098
-0.078
-0.042
-0.0082
0.0035
-0.011
-0.018
0.0018
0.053
0.09
0.098
0.11
0.14
0.16
0.16
0.15
0.14
0.13
0.13
0.15
0.19
0.21
0.23
0.21
0.19
0.17
0.17
0.15
0.12
0.11
0.15
0.2
0.2
0.17
0.13
0.085
0.058
0.039
0.018
0.016
0.04
0.094
0.17
0.24
0.24
0.22
0.21
0.2
0.19
0.19
0.2
0.22
0.25
0.27
0.27
0.25
0.22
0.17
0.15
0.13
0.12
0.13
0.14
0.14
0.13
0.11
0.11
0.13
0.12
0.08
0.05
0.036
0.056
0.096
0.12
0.11
0.073
0.059
0.083
0.1
0.094
0.087
0.086
0.089
0.063
0.03
0.045
0.077
0.076
0.071
0.069
0.053
0.035
0.026
0.025
0.03
0.014
-0.0018
0.013
0.021
0.02
0.012
0.0079
0.023
0.03
0.018
-0.009
-0.029
-0.02
0.0094
0.036
0.056
0.065
0.059
0.056
0.054
0.043
0.026
0.02
0.037
0.064
0.068
0.06
0.064
0.063
0.06
0.056
0.044
0.027
0.019
0.028
0.062
0.1
0.1
0.057
0.018
0.019
0.022
0.0005
-0.018
-0.0059
0.026
0.039
0.031
0.0095
-0.011
-0.023
-0.024
-0.017
-0.0098
0.0026
0.014
0.015
0.019
0.032
0.022
0.0023
0.0029
0.018
0.029
0.03
0.017
-0.0035
-0.025
-0.018
0.0093
0.023
0.024
0.029
0.048
0.064
0.043
0.018
0.027
0.038
0.042
0.043
0.038
0.039
0.028
0.024
0.032
0.026
0.017
0.013
0.023
0.041
0.055
0.065
0.076
0.069
0.038
0.0077
0.0068
0.041
0.096
0.12
0.094
0.073
0.067
0.081
0.09
0.093
0.099
0.094
0.087
0.1
0.12
0.13
0.13
0.13
0.12
0.097
0.075
0.054
0.046
0.051
0.07
0.089
0.079
0.053
0.029
0.0047
-0.0075
-0.012
-0.017
-0.011
0.0086
0.023
0.021
0.0077
-0.0028
0.0066
0.015
0.019
0.011
-0.01
-0.018
0.0062
0.055
0.1
0.11
0.094
0.093
0.083
0.082
0.084
0.063
0.042
0.029
0.024
0.051
0.086
0.088
0.088
0.096
0.083
0.063
0.055
0.052
0.041
0.018
0.012
0.012
0.038
0.084
0.13
0.15
0.094
0.034
-0.0014
-0.022
-0.018
0.02
0.029
0.014
0.032
0.05
0.068
0.059
0.046
0.014
-0.027
-0.048
-0.057
-0.038
-0.018
0.031
0.076
0.054
0.0044
-0.046
-0.058
-0.026
-0.0077
-0.011
-0.031
-0.063
-0.088
-0.066
-0.026
0.0066
0.04
0.038
0.015
-0.029
-0.067
-0.097
-0.088
-0.044
0.0018
0.03
0.034
0.023
-0.017
-0.033
0.0071
0.056
0.085
0.087
0.063
0.054
0.049
0.012
-0.011
-0.01
-0.011
-0.013
-0.029
-0.039
-0.038
-0.028
0.0049
0.056
0.091
0.1
0.09
0.071
0.055
0.052
0.06
0.047
0.035
0.038
0.046
0.074
0.091
0.078
0.043
-0.015
-0.053
-0.043
0.0058
0.077
0.15
0.2
0.23
0.18
0.088
0.0091
-0.019
-0.0071
0.0028
0.00038
0.015
0.064
0.14
0.17
0.14
0.072
0.034
0.042
0.065
0.094
0.1
0.12
0.15
0.16
0.13
0.069
0.04
0.067
0.1
0.11
0.1
0.1
0.097
0.067
0.024
0.01
0.016
0.038
0.096
0.14
0.13
0.062
-0.0055
-0.026
-0.024
-0.0097
-0.011
-0.014
-0.0034
0.013
0.011
-0.0093
-0.017
-0.035
-0.051
-0.083
-0.12
-0.098
-0.023
0.041
0.042
0.016
-0.0019
-0.024
-0.066
-0.11
-0.14
-0.11
-0.035
0.028
0.034
0.0087
-0.0068
-0.022
-0.043
-0.075
-0.095
-0.067
-0.016
0.023
0.014
-0.02
-0.039
-0.023
0.00032
-0.00078
-0.0092
-0.012
-0.02
-0.066
-0.14
-0.18
-0.15
-0.057
0.027
0.057
0.037
-0.0041
-0.055
-0.095
-0.095
-0.072
-0.041
-0.005
-0.0013
-0.02
-0.019
-0.0075
-0.00087
-0.014
-0.036
-0.018
0.016
0.04
0.038
0.0061
-0.032
-0.053
-0.054
-0.035
-0.019
-0.036
-0.062
-0.059
-0.046
-0.051
-0.068
-0.068
-0.049
-0.033
-0.017
0.012
0.018
0.015
0.013
-0.032
-0.097
-0.14
-0.11
-0.047
-0.024
-0.07
-0.13
-0.13
-0.051
0.025
0.038
0.0056
-0.014
-0.014
-0.025
-0.073
