0.0014
0.012
0.015
0.0085
0.0054
0.015
0.021
0.013
0.0096
0.005
0.0094
0.024
0.035
0.024
0.01
0.017
0.022
0.0093
-0.0023
0.0075
0.018
0.0036
-0.0033
-0.00041
0.0069
0.0037
-0.0046
-0.0096
-0.0026
-0.0058
-0.014
-0.0045
0.0075
0.015
0.007
-0.0056
-0.0065
0.00081
0.0025
-0.0054
-0.0078
0.00096
0.0061
-0.0039
-0.0041
0.016
0.024
0.018
0.01
0.0029
-0.0016
0.0051
0.011
0.011
0.012
0.014
0.018
0.0099
0.0026
0.0087
0.015
0.011
0.0088
0.012
0.01
0.0096
0.016
0.032
0.029
0.0039
0.0039
0.025
0.033
0.02
0.0094
0.023
0.03
0.016
-0.0051
-0.0006
0.013
0.021
0.015
0.0061
0.0083
0.015
0.024
0.024
0.018
0.011
-0.00078
-0.01
-0.00044
0.012
0.0069
0.0028
0.016
0.026
0.0035
-0.018
-0.016
-0.014
-0.017
-0.019
-0.0047
0.016
0.018
0.0062
-0.0053
-0.0059
-0.0092
-0.011
-0.0099
-0.0084
0.0061
0.019
0.023
0.017
0.019
0.019
0.0064
0.0069
0.012
0.0069
0.014
0.042
0.054
0.033
0.018
0.018
0.025
0.01
-0.0043
-0.0072
0.0062
0.024
0.013
-0.011
-0.023
-0.014
-0.019
-0.04
-0.033
-0.015
-0.01
-0.0073
0.0067
0.012
0.0073
0.012
0.02
0.02
0.015
0.027
0.038
0.04
0.028
0.015
0.019
0.018
0.0093
0.01
0.02
0.0098
-0.002
-0.0013
-0.0062
-0.014
-0.017
-0.0064
0.0091
-0.0033
-0.025
-0.03
-0.0047
0.02
0.012
-0.0084
-0.011
-0.004
-0.016
-0.01
0.006
0.013
0.012
0.0084
0.0053
0.015
0.017
0.014
0.022
0.023
0.0029
-0.019
-0.012
0.0014
-0.019
-0.029
-0.00026
0.015
-0.0052
-0.032
-0.052
-0.055
-0.026
0.00069
0.021
0.023
0.0079
0.0045
0.0082
0.018
0.022
0.024
0.01
-0.0087
-0.0018
0.019
0.014
-0.00063
0.0053
0.0039
-0.025
-0.045
-0.029
0.0042
0.0089
0.0088
0.01
0.00056
0.0014
0.0036
0.0084
0.017
0.03
0.022
0.02
0.03
0.042
0.047
0.041
0.034
0.028
0.013
-0.0042
-0.0021
0.019
0.032
0.009
-0.039
-0.056
-0.043
-0.021
0.0073
0.0089
-0.011
-0.013
-0.0042
-0.0071
-0.0078
0.00072
0.0065
0.0066
0.0054
0.014
0.024
0.024
0.025
0.024
0.0061
-0.021
-0.031
-0.0057
0.021
0.014
-0.021
-0.024
-0.0056
0.0027
-0.0048
-0.0039
0.02
0.029
0.023
0.02
0.048
0.07
0.045
0.014
0.027
0.051
0.04
0.0057
-0.0067
0.0016
-0.0084
-0.045
-0.057
-0.041
-0.036
-0.047
-0.031
-0.0049
-0.0084
-0.018
-0.01
0.006
0.0083
0.0065
0.0064
0.019
0.038
0.047
0.054
0.051
0.034
0.026
0.027
0.012
-0.0065
-0.013
-0.0045
-0.0082
-0.02
-0.016
-0.013
-0.012
-0.0075
-0.0042
0.0053
0.016
0.027
0.019
0.009
0.01
0.014
0.016
0.011
0.0038
0.006
0.033
0.048
0.037
0.0099
-0.011
-0.012
-0.015
-0.017
-0.011
-0.0022
0.014
0.029
0.023
0.0062
0.0065
0.011
0.0061
0.00069
-0.011
-0.0057
0.012
0.012
-0.0087
-0.021
-0.014
-0.0028
0.0023
0.0057
0.0026
-0.0039
0.001
-0.00032
-0.02
-0.028
-0.022
-0.002
0.011
-0.0018
-0.0073
-0.0039
0.0068
0.0099
-0.0002
-0.013
-0.013
-0.014
-0.0088
-4.6e-005
0.00093
0.0026
-0.00084
-0.0074
-0.0081
-0.00041
0.004
0.013
0.013
-0.0058
-0.016
0.0036
0.018
-0.0051
-0.022
0.014
0.056
0.059
0.029
-0.0074
-0.03
-0.032
-0.012
0.0028
0.0066
0.019
0.026
0.025
0.011
-0.0051
-0.0066
-0.012
-0.019
-0.02
-0.0045
0.0048
-0.018
-0.03
-0.017
-0.0094
0.00032
0.0048
0.0073
0.025
0.038
0.049
0.041
0.038
0.041
0.047
0.051
0.049
0.033
0.024
0.044
0.056
0.033
-0.0057
-0.032
-0.045
-0.039
-0.017
0.0014
-0.014
-0.023
-0.0094
-0.012
-0.028
-0.024
-0.0047
0.0094
0.025
0.021
0.013
0.018
0.019
0.015
0.012
0.024
0.047
0.047
0.014
-0.0055
0.011
0.038
0.055
0.05
0.024
-0.0067
-0.019
0.00023
0.022
0.014
0.0022
0.01
0.01
-0.0059
-0.022
0.007
0.053
0.073
0.055
0.032
0.0028
-0.0095
0.0083
0.027
0.045
0.052
0.033
0.01
0.011
0.02
0.036
0.037
0.011
-0.027
-0.051
-0.02
0.033
0.049
0.034
0.015
0.00096
-0.012
-0.016
-0.001
0.017
0.023
0.0011
-0.029
-0.047
-0.043
-0.033
-0.031
-0.045
-0.077
-0.09
-0.071
-0.042
-0.039
-0.058
-0.085
-0.1
-0.075
-0.03
-0.012
-0.0089
-0.0022
0.0098
-0.0056
-0.023
-0.019
0.0051
0.021
0.017
0.006
0.013
0.033
0.025
0.0021
-0.0093
-0.016
-0.016
-0.0087
0.012
0.027
0.029
0.02
-0.0025
-0.029
-0.029
-0.0031
0.0075
0.0031
-0.0026
-0.0027
0.0095
0.026
0.025
0.0022
-0.012
-0.0016
0.02
0.034
0.031
0.026
0.029
0.021
-0.0064
-0.026
-0.016
0.0082
0.039
0.04
0.022
0.0083
0.0049
-0.00029
-0.024
-0.043
-0.052
-0.078
-0.11
-0.13
-0.15
-0.17
-0.18
-0.18
-0.18
-0.19
-0.22
-0.25
-0.27
-0.3
-0.34
-0.36
-0.39
-0.43
-0.46
-0.45
-0.4
-0.37
-0.38
-0.39
-0.42
-0.45
-0.51
-0.59
-0.75
-0.87
-0.89
-0.89
-0.89
-0.88
-0.89
-0.87
-0.9
-0.77
-0.57
-0.47
-0.051
0.3
0.22
-0.37
-0.87
-0.84
-0.88
-0.58
-0.082
0.082
0.25
0.56
0.81
0.87
0.82
0.9
1
0.99
0.99
1
0.99
1
0.99
1
0.86
0.047
-0.31
-0.014
0.29
0.55
0.74
0.85
0.69
0.35
0.11
0.096
-0.035
-0.68
-0.95
-0.89
-0.92
-0.9
-0.91
-0.9
-0.9
-0.9
-0.9
-0.9
-0.89
-0.89
-0.89
-0.89
-0.88
-0.88
-0.88
-0.87
-0.87
-0.87
-0.86
-0.86
-0.86
-0.86
-0.85
-0.84
-0.84
-0.84
-0.84
-0.83
-0.84
-0.77
-0.25
0.044
-0.24
-0.58
-0.51
-0.066
0.34
0.3
-0.1
-0.4
-0.011
0.6
0.55
0.07
-0.31
-0.33
-0.23
-0.5
-0.81
-0.8
-0.82
-0.58
-0.24
-0.4
-0.74
-0.81
-0.8
-0.8
-0.79
-0.78
-0.78
-0.78
-0.78
-0.77
-0.64
-0.58
-0.73
-0.78
-0.77
-0.78
-0.77
-0.77
-0.76
-0.76
-0.76
-0.76
-0.76
-0.75
-0.75
-0.75
-0.74
-0.73
-0.72
-0.73
-0.73
-0.73
-0.73
-0.73
-0.72
-0.72
-0.71
-0.7
-0.66
-0.59
-0.61
-0.66
-0.67
-0.63
-0.56
-0.54
-0.58
-0.63
-0.64
-0.62
-0.61
-0.61
-0.64
-0.65
-0.64
-0.58
-0.51
-0.49
-0.53
-0.6
-0.64
-0.64
-0.61
-0.54
-0.56
-0.62
-0.62
-0.6
-0.58
-0.61
-0.63
-0.64
-0.64
-0.64
-0.64
-0.64
-0.63
-0.63
-0.63
-0.62
-0.62
-0.62
-0.62
-0.62
-0.62
-0.62
-0.62
-0.61
-0.61
-0.6
-0.6
-0.6
-0.59
-0.58
-0.58
-0.58
-0.58
-0.58
-0.58
-0.58
-0.58
-0.58
-0.57
-0.57
-0.57
-0.57
-0.56
-0.56
-0.55
-0.55
-0.54
-0.53
-0.51
-0.49
-0.5
-0.52
-0.52
-0.49
-0.48
-0.5
-0.52
-0.51
-0.5
-0.46
-0.45
-0.46
-0.49
-0.5
-0.5
-0.5
-0.5
-0.5
-0.5
-0.5
-0.49
-0.49
-0.5
-0.5
-0.5
-0.5
-0.5
-0.49
-0.49
-0.49
-0.5
-0.5
-0.5
-0.5
-0.5
-0.49
-0.49
-0.49
-0.49
-0.49
-0.49
-0.49
-0.48
-0.48
-0.48
-0.47
-0.46
-0.46
-0.46
-0.46
-0.46
-0.45
-0.45
-0.45
-0.46
-0.46
-0.45
-0.45
-0.45
-0.45
-0.44
-0.44
-0.43
-0.42
-0.41
-0.41
-0.4
-0.39
-0.38
-0.38
-0.4
-0.4
-0.41
-0.41
-0.41
-0.4
-0.4
-0.4
-0.4
-0.4
-0.38
-0.36
-0.37
-0.39
-0.4
-0.4
-0.39
-0.39
-0.4
-0.4
-0.4
-0.4
-0.39
-0.39
-0.38
-0.38
-0.38
-0.37
-0.37
-0.37
-0.38
-0.38
-0.38
-0.39
-0.39
-0.39
-0.38
-0.38
-0.38
-0.37
-0.37
-0.37
-0.38
-0.38
-0.37
-0.36
-0.33
-0.31
-0.32
-0.34
-0.35
-0.36
-0.35
-0.32
-0.3
-0.32
-0.34
-0.34
-0.34
-0.34
-0.34
-0.33
-0.33
-0.32
-0.31
-0.3
-0.31
-0.3
-0.26
-0.24
-0.25
-0.28
-0.3
-0.3
-0.28
-0.24
-0.19
-0.17
-0.18
-0.22
-0.27
-0.3
-0.3
-0.29
-0.27
-0.27
-0.28
-0.27
-0.25
-0.23
-0.27
-0.3
-0.3
-0.28
-0.23
-0.2
-0.2
-0.23
-0.26
-0.27
-0.27
-0.28
-0.29
-0.29
-0.29
-0.28
-0.26
-0.25
-0.26
-0.27
-0.28
-0.29
-0.28
-0.26
-0.24
-0.24
-0.24
-0.24
-0.24
-0.24
-0.25
-0.26
-0.26
-0.22
-0.17
-0.16
-0.19
-0.23
-0.25
-0.25
-0.25
-0.25
-0.23
-0.21
-0.19
-0.18
-0.2
-0.22
-0.21
-0.19
-0.17
-0.17
-0.16
-0.16
-0.18
-0.19
-0.2
-0.22
-0.24
-0.24
-0.21
-0.17
-0.16
-0.16
-0.13
-0.1
-0.12
-0.18
-0.22
-0.23
-0.23
-0.22
-0.21
-0.21
-0.21
-0.2
-0.19
-0.2
-0.21
-0.21
-0.2
-0.16
-0.12
-0.12
-0.16
-0.2
-0.21
-0.21
-0.2
-0.18
-0.15
-0.12
-0.11
-0.13
-0.15
-0.15
-0.14
-0.12
-0.12
-0.12
-0.1
-0.089
-0.093
-0.11
-0.13
-0.15
-0.16
-0.16
-0.17
-0.15
-0.12
-0.094
-0.076
-0.052
-0.032
-0.041
-0.062
-0.07
-0.079
-0.096
-0.11
-0.099
-0.1
-0.13
-0.15
-0.16
-0.16
-0.14
-0.1
-0.085
-0.093
-0.11
-0.11
-0.094
-0.086
-0.093
-0.096
-0.09
-0.094
-0.1
-0.11
-0.12
-0.1
-0.065
-0.039
-0.038
-0.056
-0.086
-0.096
-0.08
-0.048
-0.011
0.011
0.014
0.0064
-0.0076
-0.012
-0.012
-0.018
-0.038
-0.045
-0.043
-0.036
-0.032
-0.025
-0.0091
-0.014
-0.044
-0.085
-0.11
-0.1
-0.072
-0.062
-0.075
-0.085
-0.085
-0.083
-0.081
-0.087
-0.095
-0.092
-0.089
-0.087
-0.081
-0.089
-0.12
-0.13
-0.12
-0.11
-0.12
-0.13
-0.12
-0.094
-0.082
-0.089
-0.11
-0.14
-0.15
-0.15
-0.13
-0.12
-0.12
-0.14
-0.14
-0.12
-0.1
-0.11
-0.12
-0.13
-0.13
-0.13
-0.13
-0.12
-0.11
-0.11
-0.11
-0.11
-0.11
-0.1
-0.11
-0.12
-0.11
-0.11
-0.11
-0.088
-0.078
-0.092
-0.084
-0.038
0.015
0.031
0.022
0.013
0.012
0.027
0.047
0.052
0.039
0.031
0.035
0.03
0.023
0.013
0.002
-0.0032
-0.0015
0.006
0.04
0.077
0.078
0.066
0.066
0.081
0.1
0.12
0.11
0.065
0.044
0.048
0.056
0.075
0.086
0.099
0.12
0.14
0.16
0.16
0.16
0.15
0.1
0.073
0.059
0.052
0.064
0.1
0.13
0.15
0.16
0.14
0.099
0.068
0.067
0.079
0.099
0.12
0.11
0.12
0.14
0.14
0.11
0.089
0.072
0.055
0.016
-0.017
-0.023
0.0013
0.046
0.071
0.065
0.032
0.0048
0.021
0.062
0.1
0.11
0.11
0.096
0.093
0.11
0.13
0.16
0.18
0.18
0.15
0.13
0.12
0.12
0.14
0.17
0.18
0.18
0.2
0.22
0.21
0.19
0.17
0.16
0.15
0.18
0.22
0.24
0.25
0.25
0.24
0.23
0.23
0.23
0.21
0.19
0.19
0.21
0.25
0.27
0.26
0.24
0.22
0.23
0.24
0.26
0.26
0.26
0.28
0.28
0.26
0.25
0.23
0.23
0.22
0.2
0.18
0.15
0.11
0.09
0.076
0.063
0.068
0.067
0.087
0.1
0.099
0.053
-0.023
-0.077
-0.1
-0.13
-0.17
-0.18
-0.19
-0.19
-0.19
-0.2
-0.19
-0.19
-0.19
-0.19
-0.19
-0.19
-0.19
-0.19
-0.18
-0.18
-0.18
-0.18
-0.17
-0.17
-0.16
-0.16
-0.15
-0.14
-0.13
-0.13
-0.12
-0.1
-0.097
-0.094
-0.1
-0.11
-0.11
-0.084
-0.048
-0.025
-0.029
-0.02
0.015
0.045
0.065
0.068
0.061
0.058
0.047
0.039
0.028
0.015
0.005
0.0072
0.017
0.0075
-0.016
-0.024
-0.019
-0.039
-0.062
-0.061
-0.067
-0.087
-0.1
-0.093
-0.085
-0.078
-0.068
-0.062
-0.051
-0.054
-0.05
-0.051
-0.071
-0.08
-0.073
-0.053
-0.037
-0.011
0.024
0.07
0.093
0.091
0.083
0.062
0.063
0.089
0.11
0.11
0.11
0.13
0.14
0.16
0.17
0.19
0.2
0.21
0.23
0.23
0.24
0.24
0.23
0.22
0.22
0.21
0.2
0.21
0.22
0.22
0.21
0.19
0.17
0.16
0.16
0.17
0.16
0.14
0.12
0.1
0.11
0.12
0.11
0.11
0.11
0.13
0.15
0.16
0.16
0.17
0.15
0.12
0.092
0.072
0.077
0.12
0.15
0.17
0.16
0.13
0.12
0.074
0.049
0.057
0.08
0.091
0.11
0.14
0.16
0.16
0.17
0.19
0.21
0.2
0.19
0.18
0.16
0.14
0.16
0.17
0.18
0.2
0.2
0.19
0.17
0.17
0.16
0.15
0.12
0.11
0.11
0.13
0.17
0.17
0.17
0.19
0.2
0.19
0.16
0.15
0.14
0.14
0.13
0.12
0.12
0.12
0.12
0.12
0.13
0.13
0.11
0.087
0.081
0.11
0.15
0.17
0.16
0.12
0.092
0.091
0.095
0.1
0.12
0.13
0.14
0.14
0.14
0.13
0.14
0.17
0.16
0.15
0.13
0.12
0.1
0.098
0.11
0.12
0.14
0.15
0.13
0.096
0.094
0.11
0.11
0.097
0.075
0.061
0.052
0.047
0.073
0.09
0.093
0.095
0.091
0.096
0.12
0.14
0.13
0.13
0.12
0.11
0.097
0.11
0.12
0.12
0.12
0.12
0.12
0.12
0.13
0.13
0.14
0.15
0.15
0.16
0.16
0.17
0.18
0.17
0.17
0.17
0.17
0.17
0.16
0.15
0.17
0.19
0.19
0.18
0.17
0.16
0.15
0.16
0.19
0.19
0.17
0.16
0.16
0.17
0.17
0.16
0.15
0.13
0.12
0.12
0.14
0.15
0.14
0.13
0.13
0.11
0.11
0.11
0.1
0.098
0.1
0.1
0.089
0.077
0.076
0.1
0.1
0.091
0.078
0.093
0.14
0.15
0.15
0.15
0.14
0.14
0.17
0.21
0.22
0.21
0.2
0.19
0.18
0.18
0.19
0.19
0.2
0.22
0.23
0.23
0.23
0.23
0.23
0.23
0.25
0.25
0.25
0.24
0.24
0.24
0.24
0.25
0.27
0.26
0.26
0.25
0.22
0.2
0.18
0.19
0.2
0.2
0.19
0.19
0.18
0.18
0.2
0.2
0.19
0.17
0.15
0.15
0.16
0.15
0.15
0.18
0.2
0.19
0.18
0.17
0.15
0.13
0.14
0.15
0.15
0.16
0.16
0.13
0.1
0.091
0.076
0.088
0.11
0.14
0.16
0.16
0.16
0.15
0.16
0.17
0.18
0.19
0.2
0.2
0.19
0.17
0.15
0.13
0.13
0.12
0.12
0.12
0.14
0.14
0.16
0.19
0.22
0.23
0.2
0.17
0.16
0.19
0.22
0.21
0.2
0.19
0.17
0.15
0.14
0.15
0.18
0.21
0.25
0.26
0.25
0.22
0.19
0.15
0.13
0.13
0.12
0.11
0.13
0.15
0.16
0.16
0.19
0.22
0.22
0.19
0.16
0.16
0.19
0.22
0.21
0.17
0.15
0.15
0.18
0.2
0.21
0.21
0.2
0.21
0.2
0.19
0.19
0.19
0.2
0.19
0.15
0.12
0.14
0.16
0.17
0.15
0.13
0.13
0.13
0.14
0.16
0.17
0.19
0.18
0.17
0.19
0.24
0.28
0.26
0.22
0.19
0.18
0.18
0.17
0.14
0.11
0.11
0.12
0.14
0.16
0.15
0.13
0.14
0.17
0.19
0.18
0.18
0.16
0.13
0.12
0.12
0.11
0.1
0.12
0.15
0.19
0.22
0.22
0.19
0.16
0.17
0.2
0.23
0.24
0.23
0.23
0.22
0.22
0.25
0.26
0.22
0.19
0.19
0.19
0.17
0.16
0.17
0.18
0.24
0.32
0.33
0.26
0.14
0.091
0.14
0.22
0.28
0.26
0.22
0.25
0.25
0.17
0.12
0.18
0.31
0.39
0.39
0.35
0.3
0.2
0.091
0.068
0.13
0.19
0.2
0.18
0.21
0.26
0.29
0.32
0.28
0.23
0.2
0.18
0.19
0.2
0.19
0.19
0.18
0.18
0.21
0.25
0.24
0.2
0.24
0.28
0.27
0.28
0.28
0.25
0.23
0.29
0.37
0.32
0.23
0.18
0.16
0.2
0.26
0.32
0.32
0.31
0.29
0.27
0.25
0.22
0.18
0.17
0.16
0.16
0.16
0.16
0.15
0.15
0.14
0.13
0.12
0.12
0.15
0.14
0.14
0.14
0.15
0.16
0.16
0.15
0.17
0.2
0.19
0.16
0.14
0.14
0.15
0.14
0.13
0.1
0.096
0.11
0.15
0.17
0.17
0.15
0.095
0.043
0.021
0.028
0.077
0.13
0.13
0.096
0.083
0.095
0.12
0.1
0.058
0.043
0.078
0.12
0.1
0.052
0.019
0.033
0.09
0.1
0.062
0.028
0.024
0.059
0.098
0.12
0.11
0.071
0.034
0.026
0.038
0.04
0.032
0.037
0.039
0.032
0.012
-0.007
-0.016
-0.027
-0.027
0.0013
0.026
0.034
0.047
0.034
-0.017
-0.036
-0.019
0.0047
0.027
0.026
0.0035
-0.034
-0.051
-0.046
-0.034
-0.021
-0.0021
0.048
0.091
0.1
0.087
0.083
0.072
0.021
0.018
0.054
0.048
0.0099
-0.0061
0.013
0.06
0.13
0.16
0.12
0.069
0.06
0.095
0.13
0.13
0.072
0.011
0.0017
0.045
0.11
0.17
0.2
0.2
0.18
0.15
0.11
0.069
0.058
0.064
0.076
0.09
0.12
0.16
0.19
0.21
0.21
0.15
0.081
0.021
0.0019
0.02
0.06
0.11
0.13
0.15
0.17
0.18
0.18
0.18
0.19
0.18
0.14
0.098
0.078
0.084
0.11
0.16
0.2
0.21
0.17
0.16
0.16
0.15
0.16
0.19
0.2
0.19
0.19
0.18
0.15
0.14
0.15
0.17
0.21
0.23
0.23
0.22
0.22
0.21
0.22
0.22
0.18
0.15
0.16
0.18
0.16
0.15
0.17
0.19
0.2
0.2
0.19
0.18
0.18
0.2
0.2
0.21
0.2
0.19
0.21
0.23
0.23
0.22
0.22
0.21
0.19
0.18
0.16
0.14
0.15
0.16
0.2
0.23
0.26
0.26
0.23
0.21
0.19
0.18
0.18
0.18
0.17
0.19
0.2
0.2
0.18
0.16
0.15
0.13
0.11
0.099
0.1
0.14
0.2
0.24
0.22
0.19
0.17
0.17
0.17
0.16
0.16
0.18
0.2
0.21
0.2
0.19
0.18
0.19
0.19
0.2
0.19
0.17
0.16
0.17
0.2
0.24
0.28
0.28
0.25
0.22
0.2
0.19
0.17
0.15
0.14
0.15
0.18
0.21
0.24
0.25
0.24
0.22
0.21
0.2
0.19
0.18
0.18
0.21
0.22
0.22
0.23
0.23
0.24
0.24
0.21
0.18
0.17
0.16
0.15
0.14
0.14
0.15
0.16
0.18
0.18
0.18
0.19
0.18
0.18
0.18
0.17
0.16
0.18
0.17
0.16
0.16
0.18
0.18
0.17
0.16
0.13
0.11
0.11
0.11
0.12
0.12
0.13
0.13
0.12
0.092
0.068
0.067
0.088
0.11
0.14
0.18
0.18
0.16
0.16
0.16
0.13
0.083
0.067
0.068
0.058
0.055
0.079
0.11
0.13
0.15
0.13
0.088
0.063
0.065
0.078
0.073
0.067
0.065
0.074
0.099
0.11
0.099
0.07
0.048
0.035
0.02
0.00056
0.0062
0.044
0.077
0.09
0.095
0.093
0.078
0.089
0.1
0.088
0.069
0.057
0.046
0.017
0.0076
0.017
0.016
0.0084
0.027
0.065
0.078
0.066
0.051
0.039
0.025
-0.006
-0.025
-0.02
-0.026
-0.039
-0.013
0.032
0.058
0.075
0.077
0.059
0.033
0.029
0.039
0.044
0.039
0.022
0.0005
0.00044
0.014
0.021
0.034
0.062
0.068
0.041
0.023
0.025
0.012
0.012
0.028
0.035
0.054
0.073
0.096
0.11
0.11
0.099
0.079
0.063
0.051
0.059
0.066
0.076
0.069
0.079
0.11
0.13
0.13
0.14
0.14
0.12
0.11
0.12
0.13
0.12
0.12
0.12
0.088
0.059
0.05
0.044
0.061
0.087
0.1
0.11
0.11
0.097
0.079
0.074
0.07
0.07
0.078
0.085
0.074
0.072
0.088
0.095
0.091
0.079
0.082
0.098
0.1
0.11
0.11
0.12
0.12
0.11
0.11
0.097
0.09
0.083
0.1
0.12
0.14
0.14
0.14
0.13
0.12
0.11
0.12
0.15
0.17
0.17
0.16
0.16
0.16
0.15
0.14
0.13
0.13
0.14
0.14
0.14
0.14
0.15
0.15
0.15
0.14
0.14
0.16
0.17
0.17
0.15
0.16
0.17
0.17
0.16
0.14
0.15
0.17
0.2
0.2
0.18
0.17
0.16
0.17
0.18
0.18
0.17
0.16
0.16
0.17
0.17
0.16
0.16
0.16
0.17
0.17
0.2
0.22
0.19
0.18
0.17
0.16
0.13
0.12
0.14
0.16
0.17
0.17
0.18
0.16
0.14
0.15
0.13
0.1
0.11
0.14
0.16
0.17
0.19
0.19
0.2
0.2
0.2
0.17
0.13
0.11
0.1
0.11
0.14
0.15
0.14
0.14
0.15
0.16
0.16
0.15
0.14
0.13
0.12
0.13
0.14
0.17
0.18
0.17
0.15
0.14
0.14
0.17
0.19
0.21
0.22
0.21
0.2
0.2
0.2
0.19
0.19
0.18
0.18
0.2
0.21
0.2
0.18
0.16
0.15
0.16
0.17
0.18
0.18
0.19
0.19
0.17
0.16
0.16
0.16
0.17
0.18
0.16
0.14
0.13
0.16
0.17
0.17
0.14
0.12
0.1
0.079
0.09
0.11
0.1
0.067
0.064
0.09
0.12
0.12
0.1
0.089
0.097
0.13
0.14
0.096
0.022
-0.0042
0.025
0.047
0.087
0.15
0.19
0.18
0.17
0.14
0.092
0.054
0.0059
-0.028
-0.022
0.011
0.073
0.13
0.16
0.16
0.15
0.13
0.079
0.052
0.038
0.04
0.05
0.059
0.066
0.073
0.088
0.11
0.13
0.11
0.077
0.061
0.049
0.039
0.039
0.066
0.1
0.11
0.12
0.14
0.14
0.14
0.15
0.14
0.12
0.083
0.045
0.02
0.028
0.073
0.11
0.12
0.11
0.12
0.12
0.13
0.13
0.12
0.15
0.19
0.22
0.21
0.17
0.12
0.091
0.082
0.072
0.067
0.08
0.1
0.13
0.15
0.16
0.16
0.15
0.15
0.16
0.17
0.16
0.13
0.11
0.12
0.14
0.14
0.1
0.077
0.073
0.081
0.1
0.099
0.069
0.05
0.068
0.1
0.14
0.16
0.16
0.17
0.18
0.17
0.16
0.14
0.11
0.1
0.099
0.098
0.1
0.095
0.086
0.088
0.092
0.1
0.1
0.085
0.069
0.058
0.051
0.052
0.047
0.046
0.074
0.1
0.11
0.11
0.083
0.07
0.065
0.054
0.052
0.071
0.1
0.13
0.13
0.11
0.1
0.095
0.1
0.11
0.075
0.047
0.041
0.059
0.093
0.11
0.1
0.083
0.058
0.03
0.016
0.032
0.068
0.089
0.086
0.076
0.049
0.026
0.027
0.025
0.026
0.045
0.053
0.059
0.057
0.044
0.035
0.024
0.016
0.012
0.01
0.027
0.059
0.087
0.11
0.13
0.11
0.063
0.039
0.037
0.054
0.092
0.12
0.11
0.091
0.07
0.059
0.063
0.066
0.074
0.074
0.069
0.075
0.092
0.097
0.09
0.077
0.085
0.11
0.12
0.11
0.11
0.11
0.094
0.082
0.073
0.056
0.049
0.072
0.084
0.083
0.094
0.099
0.075
0.07
0.084
0.076
0.068
0.054
0.048
0.051
0.059
0.05
0.033
0.038
0.045
0.047
0.05
0.066
0.06
0.045
0.05
0.04
0.024
0.0072
-0.0053
0.0069
0.015
0.0055
-0.0014
0.011
0.024
0.023
0.02
0.026
0.029
0.038
0.059
0.066
0.069
0.068
0.066
0.085
0.092
0.085
0.075
0.066
0.064
0.064
0.082
0.13
0.16
0.18
0.19
0.19
0.18
0.15
0.097
0.035
-0.013
-0.0067
0.037
0.074
0.11
0.15
0.18
0.15
0.1
0.05
0.025
0.0094
-0.0025
-0.0018
0.011
0.038
0.058
0.082
0.12
0.13
0.1
0.048
0.024
0.027
0.03
0.022
0.025
0.028
0.043
0.068
0.085
0.084
0.057
0.023
0.0035
-0.011
-0.023
-0.024
-0.0042
0.034
0.064
0.083
0.086
0.076
0.06
0.055
0.04
0.012
-0.019
-0.033
-0.028
-0.011
0.031
0.087
0.11
0.083
0.043
0.015
0.019
0.042
0.052
0.069
0.093
0.12
0.12
0.11
0.08
0.059
0.064
0.071
0.062
0.055
0.067
0.1
0.12
0.13
0.1
0.08
0.081
0.1
0.13
0.12
0.087
0.048
0.051
0.072
0.093
0.11
0.12
0.14
0.13
0.11
0.088
0.082
0.076
0.072
0.071
0.083
0.12
0.15
0.16
0.16
0.17
0.16
0.13
0.089
0.05
0.046
0.066
0.09
0.1
0.11
0.13
0.13
0.12
0.12
0.1
0.084
0.079
0.078
0.075
0.076
0.063
0.06
0.053
0.043
0.052
0.063
0.065
0.061
0.054
0.037
0.033
0.046
0.09
0.13
0.13
0.11
0.077
0.06
0.075
0.099
0.1
0.084
0.081
0.1
0.12
0.13
0.14
0.14
0.13
0.11
0.091
0.086
0.094
0.094
0.11
0.14
0.15
0.14
0.11
0.094
0.088
0.11
0.13
0.14
0.13
0.1
0.1
0.12
0.14
0.14
0.13
0.092
0.078
0.091
0.11
0.14
0.13
0.1
0.093
0.096
0.085
0.08
0.085
0.1
0.12
0.12
0.11
0.098
0.086
0.083
0.087
0.089
0.07
0.044
0.048
0.05
0.027
0.023
0.043
0.042
0.029
0.028
0.039
0.058
0.069
0.068
0.061
0.055
0.047
0.043
0.033
0.03
0.047
0.065
0.076
0.07
0.055
0.037
0.037
0.042
0.036
0.037
0.056
0.073
0.068
0.075
0.088
0.094
0.09
0.084
0.076
0.06
0.046
0.03
0.036
0.034
0.037
0.058
0.063
0.057
0.041
0.012
7.6e-005
0.0065
0.024
0.038
0.04
0.049
0.056
0.048
0.026
0.00084
-0.015
0.0016
0.0083
-0.0017
0.012
0.058
0.1
0.11
0.1
0.11
0.11
0.078
0.018
-0.033
-0.063
-0.047
0.0082
0.056
0.092
0.14
0.16
0.14
0.12
0.088
0.062
0.044
0.013
-0.024
-0.038
-0.0082
0.054
0.11
0.11
0.087
0.079
0.072
0.045
0.01
-0.0036
0.0059
0.028
0.045
0.035
0.049
0.096
0.12
0.093
0.045
-0.0081
-0.049
-0.061
-0.065
-0.053
-0.017
0.015
0.014
0.0087
0.029
0.048
0.049
0.025
0.016
0.0036
-0.018
-0.03
-0.033
-0.014
0.017
0.036
0.033
0.025
0.025
0.036
0.028
-0.0044
-0.017
-0.0062
0.021
0.036
0.043
0.04
0.041
0.032
0.0032
-0.03
-0.048
-0.038
-0.043
-0.04
-0.014
0.018
0.03
0.036
0.034
0.0061
-0.0051
0.01
0.017
0.0077
0.004
0.0065
-0.0005
-0.012
-0.013
-0.027
-0.044
-0.049
-0.04
-0.037
-0.031
-0.039
-0.055
-0.044
-0.019
0.007
0.013
0.0058
0.0051
0.005
0.0095
0.018
0.025
0.0091
-0.011
-0.016
-0.017
-0.017
-0.0083
0.025
0.055
0.079
0.099
0.096
0.057
0.022
0.0026
0.0062
0.027
0.05
0.07
0.074
0.047
0.011
-0.0045
0.017
0.062
0.098
0.11
0.11
0.1
0.11
0.11
0.097
0.079
0.076
0.075
0.062
0.046
0.041
0.066
0.09
0.095
0.086
0.051
0.022
0.019
0.0094
0.022
0.058
0.082
0.098
0.12
0.12
0.098
0.067
0.055
0.062
0.059
0.055
0.073
0.087
0.1
0.095
0.078
0.055
0.05
0.048
0.047
0.059
0.068
0.076
0.082
0.084
0.065
0.055
0.067
0.074
0.068
0.076
0.089
0.096
0.099
0.086
0.066
0.056
0.066
0.082
0.082
0.055
0.044
0.07
0.11
0.11
0.077
0.041
0.031
0.031
0.029
0.024
0.019
0.04
0.057
0.065
0.063
0.054
0.039
0.019
0.012
-0.0042
-0.029
-0.03
-0.015
0.0094
0.015
-0.0068
-0.023
0.0036
0.032
0.022
0.0063
0.011
0.027
0.043
0.052
0.049
0.034
0.026
0.03
0.041
0.057
0.06
0.042
0.03
0.04
0.053
0.069
0.076
0.051
0.0076
-0.0039
0.024
0.042
0.029
0.0036
-0.00047
0.006
0.021
0.036
0.034
0.029
0.032
0.034
0.0019
-0.034
-0.051
-0.046
-0.0092
0.029
0.067
0.099
0.11
0.088
0.055
0.02
-0.014
-0.027
-0.027
-0.032
-0.034
0.0098
0.047
0.072
0.12
0.15
0.15
0.12
0.075
0.031
0.023
0.028
0.038
0.042
0.056
0.082
0.091
0.098
0.092
0.079
0.091
0.099
0.092
0.09
0.087
0.076
0.055
0.045
0.051
0.084
0.12
0.14
0.13
0.12
0.08
0.033
0.014
0.029
0.071
0.099
0.1
0.088
0.057
0.026
0.017
0.045
0.074
0.067
0.044
0.036
0.029
0.022
0.031
0.031
0.023
0.0057
-0.0099
-0.0039
0.009
0.0033
0.01
0.04
0.073
0.085
0.065
0.029
0.0037
0.0019
0.0096
0.014
0.036
0.053
0.065
0.078
0.07
0.059
0.057
0.066
0.081
0.086
0.069
0.045
0.037
0.045
0.062
0.082
0.097
0.091
0.089
0.09
0.065
0.048
0.058
0.08
0.096
0.076
0.058
0.05
0.073
0.12
0.15
0.17
0.16
0.12
0.076
0.084
0.11
0.12
0.13
0.14
0.14
0.13
0.11
0.11
0.12
0.15
0.16
0.16
0.15
0.13
0.1
0.09
0.093
0.096
0.088
0.063
0.043
0.062
0.094
0.1
0.091
0.078
0.077
0.092
0.095
0.11
0.13
0.13
0.12
0.13
0.15
0.13
0.094
0.067
0.062
0.084
0.091
0.089
0.084
0.088
0.11
0.1
0.071
0.038
0.023
0.028
0.049
0.075
0.097
0.094
0.087
0.075
0.048
0.04
0.048
0.052
0.057
0.084
0.11
0.097
0.081
0.077
0.058
0.037
0.062
0.11
0.12
0.12
0.12
0.1
0.075
0.073
0.096
0.13
0.15
0.13
0.099
0.097
0.13
0.15
0.14
0.14
0.14
0.15
0.16
0.15
0.14
0.12
0.13
0.16
0.19
0.18
0.14
0.1
0.094
0.085
0.071
0.072
0.071
0.072
0.077
0.098
0.12
0.13
0.13
0.12
0.079
0.043
0.016
-0.0085
-0.0078
0.023
0.062
0.071
0.07
0.074
0.072
0.052
0.032
0.037
0.04
0.024
0.00078
0.00087
0.032
0.085
0.11
0.085
0.034
-0.012
-0.031
-0.027
-0.023
-0.042
-0.071
-0.091
-0.082
-0.037
0.024
0.054
0.065
0.059
-0.0052
-0.082
-0.13
-0.12
-0.082
-0.018
0.035
0.08
0.13
0.15
0.14
0.1
0.043
-0.021
-0.09
-0.14
-0.14
-0.12
-0.08
-0.047
0.013
0.11
0.2
0.22
0.2
0.16
0.12
0.08
0.057
0.022
-0.024
-0.021
0.027
0.071
0.095
0.11
0.12
0.1
0.078
0.049
0.021
0.001
-0.0094
-0.021
-0.029
-0.026
-0.016
-0.0085
-0.032
-0.065
-0.081
-0.1
-0.11
-0.11
-0.11
-0.11
-0.086
-0.058
-0.032
0.0033
0.018
0.024
0.035
0.024
0.003
0.012
0.029
0.026
0.021
0.0037
-0.022
-0.042
-0.036
-0.0082
0.014
0.012
-0.0099
-0.021
-0.014
-0.02
-0.051
-0.063
-0.044
-0.037
-0.031
-0.022
-0.015
-0.0041
0.0088
0.016
0.019
0.021
0.024
0.01
0.0044
0.0011
0.0051
-0.013
-0.057
-0.095
-0.097
-0.054
-0.021
-0.014
-0.031
-0.056
-0.074
-0.064
-0.055
-0.073
-0.095
-0.098
-0.062
-0.01
0.022
0.032
0.033
0.027
0.033
0.066
0.099
0.093
0.064
0.05
0.049
0.049
0.057
0.081
0.098
0.089
0.077
0.083
0.09
0.091
0.094
0.094
0.1
0.11
0.094
0.055
0.027
0.023
0.031
0.033
0.046
0.067
0.066
0.055
0.048
0.049
0.053
0.049
0.043
0.045
0.055
0.056
0.062
0.068
0.08
0.09
0.076
0.046
0.032
0.023
0.021
0.037
0.052
0.058
0.062
0.053
0.042
0.039
0.042
0.054
0.062
0.037
0.014
0.0029
-0.0058
0.0014
0.0016
0.0052
0.036
0.051
0.021
-0.02
-0.036
-0.012
0.028
0.025
-0.009
-0.0037
0.022
0.029
0.019
0.0036
-0.014
-0.019
-0.0026
0.022
0.034
0.025
0.0061
0.0052
0.032
0.041
0.016
-0.015
-0.03
-0.03
-0.025
-0.013
-0.02
-0.045
-0.06
-0.042
-0.0069
0.0068
-0.004
-0.025
-0.057
-0.087
-0.078
-0.03
0.0097
0.028
0.02
0.012
0.0071
-0.0031
-0.013
-0.031
-0.056
-0.073
-0.075
-0.068
-0.039
0.0019
0.023
0.031
0.036
0.032
0.007
-0.0077
-0.0072
-0.0087
-0.0063
-0.0022
0.0094
0.016
0.013
0.0093
0.011
0.0079
-0.0092
-0.016
-0.023
-0.022
-0.028
-0.043
-0.039
-0.021
-0.024
-0.044
-0.048
-0.044
-0.035
-0.031
-0.039
-0.04
-0.045
-0.072
-0.1
-0.098
-0.072
-0.057
-0.048
-0.025
0.01
0.026
0.022
0.00056
-0.034
-0.053
-0.063
-0.078
-0.088
-0.087
-0.093
-0.075
-0.028
0.014
0.036
0.033
0.029
0.026
0.0092
-0.012
-0.033
-0.059
-0.085
-0.097
-0.085
-0.04
0.014
0.025
0.021
-0.0057
-0.053
-0.097
-0.12
-0.12
-0.094
-0.048
-0.0096
0.02
0.04
0.047
0.04
0.017
-0.0077
-0.037
-0.07
-0.11
-0.12
-0.085
-0.033
0.018
0.057
0.083
0.074
0.046
0.011
-0.019
-0.033
-0.041
-0.042
-0.028
-0.0031
0.015
0.034
0.045
0.046
0.045
0.019
-0.014
-0.034
-0.035
-0.0099
0.03
0.07
0.1
0.1
0.078
0.055
0.039
0.033
0.037
0.028
0.027
0.036
0.038
0.04
0.042
0.051
0.053
0.029
0.013
-0.00041
-0.016
-0.011
0.0044
0.027
0.043
0.023
-0.0071
-0.013
0.0016
0.00047
-0.027
-0.048
-0.069
-0.077
-0.072
-0.068
-0.063
-0.07
-0.072
-0.043
-0.0091
-0.013
-0.033
-0.044
-0.043
-0.058
-0.089
-0.095
-0.075
-0.046
-0.03
-0.029
-0.043
-0.061
-0.068
-0.054
-0.026
-0.022
-0.042
-0.047
-0.04
-0.052
-0.089
-0.11
-0.094
-0.062
-0.043
-0.048
-0.059
-0.048
-0.043
-0.054
-0.044
-0.0095
0.024
0.024
-0.013
-0.023
-0.0036
0.019
0.019
0.026
0.046
0.056
0.053
0.03
0.023
0.022
0.0052
-0.011
-0.0082
-0.00099
-0.00069
0.013
0.036
0.063
0.08
0.061
0.023
-0.0018
0.00026
0.011
0.019
0.02
0.03
0.036
0.041
0.051
0.052
0.043
0.0022
-0.036
-0.016
0.02
0.028
0.022
0.012
-0.013
-0.045
-0.073
-0.058
-0.013
0.02
0.032
0.013
-0.023
-0.03
-0.028
-0.05
-0.067
-0.054
-0.025
-0.016
-0.041
-0.061
-0.059
-0.048
-0.027
-0.034
-0.049
-0.043
-0.016
0.018
0.03
0.019
-0.013
-0.028
-0.019
-0.0034
0.014
0.026
0.033
0.041
0.05
0.06
0.073
0.064
0.028
0.012
0.031
0.064
0.091
0.12
0.13
0.13
0.14
0.15
0.13
0.12
0.15
0.16
0.15
0.11
0.084
0.096
0.11
0.095
0.11
0.13
0.15
0.13
0.11
0.13
0.15
0.16
0.17
0.15
0.11
0.097
0.088
0.11
0.13
0.16
0.15
0.13
0.11
0.1
0.12
0.12
0.12
0.094
0.074
0.088
0.11
0.12
0.12
0.11
0.089
0.056
0.024
0.014
0.028
0.04
0.049
0.041
0.049
0.082
0.1
0.1
0.092
0.073
0.023
-0.028
-0.05
-0.025
0.012
0.036
0.058
0.067
0.063
0.059
0.029
-0.0083
-0.028
-0.034
-0.017
0.017
0.02
0.0051
0.011
0.032
0.052
0.032
-0.011
-0.015
-0.00063
-0.0044
-0.011
0.0031
0.028
0.051
0.049
0.043
0.056
0.068
0.076
0.081
0.066
0.054
0.06
0.055
0.046
0.056
0.072
0.086
0.084
0.08
0.067
0.034
0.015
0.016
0.019
0.038
0.061
0.066
0.07
0.074
0.069
0.072
0.064
0.033
0.0071
0.00053
0.029
0.068
0.088
0.096
0.12
0.11
0.099
0.096
0.079
0.066
0.057
0.052
0.054
0.052
0.047
0.059
0.073
0.068
0.076
0.085
0.077
0.055
0.03
0.0021
-0.044
-0.071
-0.05
-0.0019
0.044
0.084
0.089
0.051
0.0026
-0.045
-0.07
-0.075
-0.076
-0.054
0.0048
0.052
0.056
0.031
0.011
0.01
0.0037
0.0044
0.023
0.035
0.022
0.014
0.006
0.005
0.027
0.031
0.012
0.01
0.03
0.04
0.018
-0.02
-0.02
0.027
0.064
0.061
0.031
0.0029
0.013
0.023
0.023
0.031
0.03
0.02
0.016
0.035
0.055
0.053
0.064
0.085
0.089
0.069
0.046
0.043
0.055
0.058
0.06
0.084
0.085
0.07
0.089
0.12
0.11
0.11
0.091
0.078
0.071
0.068
0.079
0.09
0.082
0.072
0.074
0.083
0.097
0.1
0.085
0.068
0.035
0.018
0.037
0.025
0.0051
0.0099
0.03
0.039
0.04
0.039
0.023
0.0036
-0.012
-0.026
-0.043
-0.049
-0.037
-0.026
-0.0044
0.0073
-0.0089
-0.022
-0.018
-0.031
-0.077
-0.12
-0.12
-0.066
-0.0037
0.022
0.012
-0.027
-0.062
-0.058
-0.029
-0.016
-0.0064
-0.014
-0.027
-0.028
-0.019
0.017
0.066
0.11
0.13
0.14
0.13
0.1
0.076
0.073
0.089
0.1
0.12
0.13
0.11
0.072
0.052
0.065
0.1
0.11
0.094
0.088
0.072
0.034
0.0034
0.011
0.032
0.033
0.026
0.024
0.016
-0.0013
-0.0081
0.013
0.04
0.044
-0.0057
-0.067
-0.084
-0.087
-0.085
-0.07
-0.044
-0.0041
0.03
0.027
-0.011
-0.025
-0.018
-0.017
-0.04
-0.071
-0.084
-0.079
-0.041
0.0082
0.051
0.084
0.076
0.04
0.0026
-0.034
-0.054
-0.055
-0.071
-0.093
-0.081
-0.068
-0.056
-0.044
-0.047
-0.066
-0.059
-0.046
-0.044
-0.031
-0.044
-0.066
-0.072
-0.075
-0.063
-0.046
-0.032
-0.032
-0.056
-0.082
-0.07
-0.06
-0.065
-0.069
-0.08
-0.056
-0.016
-0.0083
-0.039
-0.082
-0.11
-0.096
-0.049
-0.013
-0.0064
-0.019
-0.03
-0.048
-0.04
0.00075
0.023
0.0059
-0.028
-0.05
-0.07
-0.073
-0.041
-0.0018
0.033
0.06
0.077
0.057
0.00093
-0.037
-0.047
-0.04
-0.026
-0.013
-0.003
-0.0049
-0.025
-0.031
0.0025
0.033
0.028
0.0015
-0.011
-0.01
-0.024
-0.032
0.0027
0.053
0.052
-0.0015
-0.051
-0.057
-0.0067
0.045
0.086
0.097
0.054
0.012
-0.00087
-0.0088
0.0025
0.033
0.061
0.084
0.094
0.073
0.016
-0.025
-0.015
0.04
0.12
0.2
0.24
0.21
0.17
0.14
0.11
0.082
0.059
0.043
0.0069
-0.042
0.0068
0.11
0.17
0.14
0.082
0.046
0.062
0.11
0.2
0.23
0.13
0.0048
-0.034
0.034
0.1
0.11
0.06
-0.017
-0.061
-0.033
0.038
0.086
0.087
0.075
0.069
0.052
0.0047
-0.038
-0.073
-0.079
-0.011
0.067
0.088
0.061
0.017
-0.029
-0.077
-0.095
-0.05
0.0061
0.047
0.058
0.022
-0.0047
-0.0064
0.00081
-0.0051
-0.016
-0.026
-0.071
-0.14
-0.15
-0.086
-0.025
0.011
0.064
0.084
0.049
-0.038
-0.11
-0.13
-0.12
-0.048
0.023
0.062
0.076
0.058
-0.014
-0.081
-0.061
-0.0048
-0.00026
-0.043
-0.077
-0.057
-0.027
0.0079
0.07
0.1
0.093
0.056
0.012
-0.021
-0.043
-0.053
-0.024
0.042
0.054
0.016
-0.0067
-0.0098
0.0037
0.015
0.035
0.06
0.075
0.074
0.037
-0.037
-0.077
-0.048
0.017
0.1
0.13
0.078
0.013
-0.037
-0.056
-0.043
-0.026
-0.02
0.011
0.062
0.11
0.11
0.059
-0.037
-0.13
-0.16
-0.11
-0.047
-0.017
0.024
0.058
0.059
0.045
-0.0051
-0.065
-0.11
-0.12
-0.097
-0.033
0.017
0.0096
-0.035
-0.081
-0.1
-0.12
-0.1
-0.034
0.034
0.067
0.07
0.041
-0.00096
-0.033
-0.066
-0.1
-0.12
-0.13
-0.077
-0.024
-0.0031
0.0055
-0.02
-0.044
-0.025
0.0096
0.02
0.0051
-0.032
-0.053
-0.037
-0.033
-0.047
-0.05
-0.036
-0.014
0.0031
0.02
0.025
-0.0088
-0.067
-0.086
-0.064
-0.033
-0.026
-0.036
-0.0056
0.024
0.022
-0.00081
-0.026
-0.046
-0.05
-0.045
-0.028
0.02
0.055
0.041
0.00081
-0.027
-0.0088
0.03
0.042
0.028
0.019
0.0069
-0.0067
-0.0009
0.015
0.044
0.046
0.0023
-0.025
-0.0074
0.015
0.033
0.033
0.017
0.025
0.04
0.052
0.054
0.036
-0.0051
-0.049
-0.049
-0.0072
0.032
0.043
0.051
0.066
0.074
0.072
0.067
0.077
0.068
0.034
0.012
0.0048
-0.0015
-0.01
0.0027
0.03
0.052
0.03
-0.003
-0.0071
0.01
0.045
0.068
0.055
0.022
0.0058
0.0068
0.019
0.032
0.028
0.024
0.048
0.087
0.095
0.058
0.0076
-0.028
-0.039
-0.025
0.0022
0.034
0.063
0.069
0.04
0.019
0.0067
-0.012
-0.026
-0.016
0.028
0.068
0.065
0.046
0.021
-0.0038
-0.02
-0.03
-0.037
-0.022
-0.00023
0.016
0.03
0.029
0.019
0.0018
-0.036
-0.077
-0.078
-0.056
-0.037
-0.045
-0.069
-0.072
-0.067
-0.073
-0.079
-0.085
-0.1
-0.13
-0.13
-0.11
-0.1
-0.13
-0.14
-0.11
-0.1
-0.085
-0.065
-0.061
-0.064
-0.064
-0.076
-0.095
-0.12
-0.14
-0.12
-0.067
-0.021
-0.0014
-0.016
-0.043
-0.067
-0.11
-0.14
-0.13
-0.12
-0.1
-0.068
-0.036
-0.021
-0.038
-0.059
-0.06
-0.036
-0.0019
0.0055
-0.022
-0.054
-0.058
-0.048
-0.028
-0.017
0.0041
0.025
0.024
0.021
0.022
0.023
0.0085
-0.015
-0.024
-0.015
0.0016
0.011
0.02
0.012
0.0077
0.022
0.017
0.0013
-0.012
-0.028
-0.032
0.004
0.041
0.048
0.02
-0.019
-0.0078
0.028
0.042
0.041
0.039
0.052
0.079
0.094
0.1
0.12
0.11
0.084
0.077
0.062
0.041
0.027
0.037
0.063
0.098
0.11
0.093
0.053
0.023
0.022
0.044
0.079
0.095
0.075
0.049
0.033
0.025
0.025
0.018
0.012
0.02
0.041
0.045
0.034
0.024
0.027
0.047
0.064
0.084
0.092
0.054
-0.0079
-0.023
0.0072
0.044
0.068
0.084
0.096
0.1
0.087
0.052
0.024
0.018
0.038
0.058
0.07
0.075
0.063
0.045
0.033
0.037
0.048
0.039
0.011
-0.022
-0.022
0.0094
0.033
0.024
-0.002
-0.018
-0.016
-0.0011
0.00032
0.0021
0.0018
-0.012
-0.026
-0.025
-0.025
-0.041
-0.017
0.053
0.08
0.045
0.0097
-0.0014
-0.023
-0.043
-0.061
-0.081
-0.075
-0.045
-0.017
0.0053
0.026
0.005
-0.041
-0.062
-0.046
-0.022
-0.016
-0.0078
0.014
0.048
0.083
0.11
0.099
0.062
0.043
0.042
0.026
0.0088
-0.0037
0.019
0.053
0.062
0.048
0.042
0.044
0.042
0.021
-0.0079
-0.012
0.013
0.031
0.014
-0.028
-0.052
-0.06
-0.061
-0.067
-0.066
-0.045
-0.037
-0.037
-0.029
-0.021
-0.029
-0.038
-0.036
-0.02
0.0021
0.0099
-0.0097
-0.051
-0.062
-0.042
-0.012
0.0028
-0.013
-0.026
-0.024
-0.013
-0.0097
-0.0056
-0.0096
-0.021
-0.0036
0.032
0.054
0.052
0.051
0.051
0.029
0.016
0.027
0.053
0.066
0.075
0.088
0.081
0.045
0.03
0.052
0.074
0.095
0.11
0.11
0.099
0.095
0.079
0.064
0.071
0.083
0.076
0.058
0.056
0.062
0.07
0.1
0.098
0.055
0.041
0.053
0.048
0.071
0.13
0.14
0.11
0.083
0.093
0.085
0.02
-0.041
-0.033
0.01
0.022
0.008
0.012
0.039
0.05
0.014
-0.031
-0.046
-0.042
-0.032
-0.035
-0.044
-0.061
-0.082
-0.09
-0.097
-0.087
-0.067
-0.073
-0.071
-0.061
-0.064
-0.084
-0.1
-0.096
-0.092
-0.097
-0.1
-0.099
-0.099
-0.11
-0.1
-0.095
-0.1
-0.12
-0.13
-0.15
-0.15
-0.12
-0.11
-0.12
-0.12
-0.12
-0.12
-0.11
-0.086
-0.059
-0.065
-0.087
-0.096
-0.098
-0.093
-0.087
-0.082
-0.042
-0.02
-0.042
-0.068
-0.066
-0.03
-0.0031
0.0056
0.013
0.019
0.023
0.014
0.019
0.037
0.042
0.025
0.027
0.031
0.016
-0.0025
-0.017
0.014
0.069
0.11
0.075
-0.039
-0.092
-0.05
0.018
0.072
0.13
0.18
0.21
0.24
0.22
0.15
0.07
0.035
0.039
0.051
0.07
0.076
0.067
0.058
0.087
0.13
0.15
0.14
0.1
0.056
0.047
0.06
0.036
0.0028
0.012
0.036
0.071
0.089
0.097
0.1
0.088
0.055
0.019
0.0094
0.04
0.11
0.17
0.16
0.13
0.097
0.093
0.075
0.034
-0.0017
-0.0078
0.00081
-0.007
0.0058
0.046
0.073
0.083
0.11
0.12
0.097
0.044
0.0037
-0.027
-0.051
-0.036
0.0075
0.062
0.12
0.14
0.13
0.092
0.044
-0.0088
-0.042
-0.014
0.052
0.1
0.11
0.11
0.11
0.099
0.073
0.061
0.059
0.023
-0.015
-0.035
-0.027
0.016
0.064
0.11
0.13
0.12
0.088
0.053
0.029
0.031
0.02
-0.022
-0.064
-0.071
-0.061
-0.049
-0.026
-0.0006
0.017
0.022
0.019
0.0051
-0.02
-0.029
-0.023
0.0054
0.038
0.028
0.0037
0.00044
0.0091
-0.0073
-0.05
-0.09
-0.11
-0.099
-0.098
-0.097
-0.08
-0.043
-0.016
-0.016
-0.024
-0.032
-0.044
-0.061
-0.087
-0.11
-0.12
-0.11
-0.12
-0.12
-0.12
-0.14
-0.15
-0.14
-0.12
-0.12
-0.14
-0.18
-0.19
-0.16
-0.11
-0.053
-0.021
-0.02
-0.048
-0.081
-0.092
-0.089
-0.087
-0.11
-0.12
-0.13
-0.15
-0.17
-0.17
-0.12
-0.078
-0.069
-0.08
-0.093
-0.1
-0.12
-0.14
-0.14
-0.064
0.0022
-0.021
-0.097
-0.12
-0.062
0.0025
0.011
-0.04
-0.081
-0.07
-0.0083
0.062
0.091
0.06
-0.0098
-0.064
-0.062
0.0018
0.06
0.08
0.059
0.014
-0.022
-0.0031
0.11
0.22
0.2
0.067
-0.0031
-0.023
-0.022
0.019
0.015
0.00087
0.074
0.13
0.16
0.19
0.15
0.023
-0.035
0.071
0.16
0.12
0.042
-0.01
-0.033
0.037
0.16
0.22
0.15
0.024
-0.071
-0.066
0.018
0.089
0.075
0.0063
-0.033
-0.0029
0.04
0.069
0.11
0.13
0.1
0.074
0.08
0.1
0.11
0.032
-0.079
-0.12
0.047
0.27
0.32
0.1
-0.068
0.016
0.23
0.33
0.19
-0.00011
-0.019
0.032
-0.01
-0.022
0.077
0.17
0.17
0.11
0.099
0.11
0.081
0.033
-0.014
-0.0044
0.039
0.056
0.017
-0.037
-0.051
-0.055
-0.052
-0.079
-0.086
-0.047
-0.022
-0.037
-0.068
-0.012
0.075
0.11
0.098
-0.0061
-0.12
-0.16
-0.14
-0.099
-0.091
-0.094
-0.069
-0.054
-0.061
-0.07
-0.13
-0.21
-0.21
-0.13
-0.04
-0.015
-0.055
-0.096
-0.11
-0.11
-0.081
-0.027
-0.01
-0.066
-0.13
-0.11
-0.055
-0.035
-0.036
-0.035
-0.031
-0.017
-0.012
0.0013
0.033
0.03
-0.00032
-0.018
-0.042
-0.081
-0.12
-0.13
-0.089
-0.044
-0.019
-0.0057
-0.027
-0.059
-0.084
-0.1
-0.093
-0.076
-0.074
-0.084
-0.11
-0.13
-0.12
-0.14
-0.17
-0.21
-0.26
-0.28
-0.25
-0.23
-0.19
-0.16
-0.17
-0.21
-0.24
-0.25
-0.23
-0.21
-0.18
-0.16
-0.15
-0.17
-0.19
-0.19
-0.19
-0.18
-0.2
-0.2
-0.17
-0.14
-0.15
-0.17
-0.17
-0.17
-0.18
-0.16
-0.14
-0.13
-0.13
-0.13
-0.14
-0.14
-0.15
-0.14
-0.11
-0.074
-0.065
-0.06
-0.051
-0.031
-0.011
-0.023
-0.06
-0.089
-0.061
-0.019
0.018
0.049
0.063
0.055
0.018
-0.014
-0.025
-0.015
0.0068
0.03
0.044
0.055
0.069
0.067
0.053
0.051
0.033
-0.0081
-0.014
0.028
0.053
0.029
0.00093
0.0096
0.046
0.079
0.094
0.079
0.064
0.061
0.063
0.088
0.11
0.1
0.097
0.1
0.092
0.08
0.078
0.081
0.1
0.13
0.12
0.088
0.072
0.086
0.11
0.13
0.14
0.13
0.1
0.079
0.072
0.083
0.11
0.1
0.085
0.067
0.07
0.095
0.12
0.14
0.15
0.16
0.15
0.13
0.11
0.094
0.082
0.1
0.15
0.17
0.14
0.11
0.098
0.097
0.1
0.11
0.11
0.11
0.077
0.061
0.07
0.097
0.12
0.1
0.068
0.065
0.083
0.083
0.072
0.073
0.074
0.08
0.076
0.064
0.057
0.041
0.014
-0.0035
0.021
0.058
0.054
0.011
-0.045
-0.11
-0.13
-0.099
-0.072
-0.053
-0.038
-0.044
-0.041
-0.048
-0.086
-0.13
-0.14
-0.12
-0.082
-0.056
-0.054
-0.076
-0.12
-0.14
-0.13
-0.14
-0.14
-0.14
-0.15
-0.14
-0.11
-0.09
-0.094
-0.12
-0.14
-0.14
-0.12
-0.11
-0.1
-0.083
-0.076
-0.11
-0.16
-0.17
-0.17
-0.16
-0.13
-0.067
-0.031
-0.039
-0.076
-0.075
-0.044
-0.024
-0.03
-0.05
-0.073
-0.1
-0.14
-0.16
-0.12
-0.033
0.044
0.066
0.047
0.015
-0.027
-0.059
-0.057
-0.048
-0.046
-0.058
-0.064
-0.052
-0.015
0.032
0.064
0.096
0.1
0.099
0.081
0.014
-0.054
-0.051
0.0037
0.06
0.096
0.1
0.11
0.11
0.11
0.096
0.067
0.044
0.038
0.034
0.038
0.066
0.079
0.076
0.064
0.045
0.056
0.081
0.085
0.062
0.045
0.024
-0.0045
-0.024
-0.029
-0.023
-0.0099
0.004
0.0065
0.0092
0.02
0.0078
0.012
0.044
0.057
0.065
0.084
0.087
0.08
0.064
0.027
0.013
0.038
0.06
0.063
0.074
0.088
0.084
0.068
0.05
0.067
0.082
0.065
0.036
0.038
0.077
0.1
0.1
0.091
0.075
0.054
0.029
0.013
0.0018
0.026
0.065
0.083
0.098
0.1
0.1
0.089
0.076
0.064
0.063
0.054
0.034
0.022
0.014
0.017
0.031
0.046
0.063
0.083
0.093
0.083
0.037
-0.0038
-0.0067
-0.014
-0.026
-0.03
-0.038
-0.044
-0.058
-0.08
-0.08
-0.065
-0.054
-0.051
-0.043
-0.058
-0.069
-0.068
-0.06
-0.04
-0.0057
0.019
0.0094
-0.022
-0.058
-0.064
-0.037
-0.0031
0.0088
-0.00081
-0.00023
0.022
0.053
0.054
0.039
0.024
0.0028
4.6e-005
0.0055
0.02
0.031
0.05
0.074
0.094
0.11
0.11
0.07
0.035
0.036
0.028
0.021
0.035
0.053
0.055
0.044
0.046
0.054
0.041
0.024
0.0079
-0.0098
-0.021
-0.028
-0.015
0.0067
0.0018
-0.019
-0.021
-0.0032
0.023
0.042
0.036
0.0015
-0.032
-0.045
-0.043
-0.044
-0.041
-0.02
-0.0094
-0.021
-0.028
-0.022
-0.027
-0.047
-0.071
-0.075
-0.055
-0.037
-0.039
-0.04
-0.041
-0.034
-0.032
-0.029
-0.015
-0.026
-0.049
-0.073
-0.091
-0.089
-0.069
-0.029
-0.016
-0.05
-0.083
-0.084
-0.076
-0.05
-0.0061
0.014
0.011
-0.00072
-0.0034
0.0055
0.012
0.012
0.016
0.026
0.017
0.0094
0.0074
0.0097
0.025
0.029
0.026
0.016
0.03
0.06
0.083
0.072
0.042
0.034
0.046
0.058
0.055
0.054
0.059
0.057
0.072
0.1
0.12
0.093
0.039
-0.019
-0.03
0.00072
0.031
0.05
0.049
0.043
0.055
0.074
0.083
0.092
0.11
0.11
0.089
0.08
0.083
0.052
-0.0075
-0.0098
0.022
0.069
0.13
0.15
0.13
0.096
0.052
0.041
0.056
0.024
-0.037
-0.059
-0.03
0.029
0.099
0.16
0.19
0.16
0.085
0.0046
-0.044
-0.066
-0.064
-0.043
0.0066
0.054
0.096
0.14
0.13
0.07
0.026
0.01
0.0006
0.0057
0.022
0.043
0.05
0.043
0.052
0.075
0.09
0.086
0.06
0.032
0.019
0.003
-0.012
0.0045
0.023
0.025
0.026
0.03
0.012
0.00087
0.011
0.013
0.0002
-0.025
-0.043
-0.038
-0.025
-0.021
-0.023
-0.0089
0.0019
-0.00041
-0.025
-0.055
-0.081
-0.11
-0.12
-0.062
0.0068
0.026
0.01
-0.011
-0.026
-0.029
-0.018
-0.00047
-0.016
-0.069
-0.12
-0.14
-0.11
-0.089
-0.069
-0.042
-0.022
-0.024
-0.025
-0.046
-0.09
-0.1
-0.085
-0.079
-0.079
-0.052
0.0011
0.026
0.021
0.011
-0.014
-0.047
-0.095
-0.13
-0.12
-0.082
-0.059
-0.054
-0.041
-0.00035
0.029
0.021
0.00029
-0.032
-0.064
-0.085
-0.084
-0.055
-0.023
-0.00066
0.00099
-0.011
-0.014
-0.011
0.0083
0.019
0.0098
-0.0025
-0.027
-0.043
-0.017
0.008
0.016
0.025
0.029
0.043
0.049
0.022
0.011
0.025
0.03
0.015
0.0083
0.031
0.05
0.037
0.0052
-0.016
-0.027
-0.017
-0.00078
0.02
0.05
0.059
0.047
0.027
0.017
0.022
0.028
0.023
0.033
0.056
0.049
0.027
0.022
0.032
0.04
0.046
0.048
0.045
0.038
0.024
0.015
0.0072
0.012
0.028
0.033
0.036
0.031
0.026
0.02
0.022
0.022
0.031
0.05
0.075
0.088
0.078
0.052
0.015
0.0083
0.036
0.06
0.053
0.025
-0.0034
-0.025
-0.032
0.00044
0.051
0.082
0.064
0.032
0.013
-0.0091
-0.0063
0.027
0.047
0.05
0.051
0.039
0.019
-0.0025
-0.018
-0.023
-0.022
-0.013
0.004
0.0062
0.0067
0.02
0.02
0.02
0.03
0.038
0.026
-0.007
-0.012
0.011
0.027
0.051
0.074
0.074
0.056
0.025
-0.019
-0.049
-0.042
0.0049
0.067
0.1
0.1
0.085
0.057
0.051
0.067
0.079
0.074
0.059
0.031
0.01
0.0068
4.6e-005
-0.0086
-0.026
-0.031
-0.0086
0.034
0.075
0.11
0.13
0.097
0.032
-0.035
-0.086
-0.12
-0.11
-0.054
0.01
0.059
0.098
0.13
0.12
0.04
-0.043
-0.076
-0.051
-0.023
-0.0046
0.0036
0.013
0.022
0.012
-0.0037
-0.0069
0.0073
0.012
0.015
0.011
0.0026
0.0028
-0.00041
-0.006
0.0046
0.014
-0.012
-0.047
-0.062
-0.064
-0.059
-0.041
-0.032
-0.044
-0.08
-0.1
-0.098
-0.1
-0.11
-0.11
-0.11
-0.091
-0.079
-0.078
-0.068
-0.064
-0.084
-0.13
-0.15
-0.14
-0.14
-0.15
-0.13
-0.091
-0.063
-0.059
-0.081
-0.11
-0.13
-0.12
-0.099
-0.078
-0.077
-0.076
-0.055
-0.04
-0.044
-0.044
-0.042
-0.043
-0.048
-0.052
-0.062
-0.079
-0.081
-0.054
-0.026
-0.011
-0.011
-0.01
0.0098
0.032
0.024
-0.011
-0.047
-0.048
-0.016
0.014
0.02
0.016
0.0078
0.0034
0.0054
-0.012
-0.024
-0.0048
0.025
0.059
0.086
0.094
0.097
0.093
0.086
0.081
0.083
0.094
0.12
0.14
0.14
0.1
0.061
0.045
0.05
0.079
0.11
0.11
0.11
0.11
0.1
0.077
0.07
0.081
0.084
0.073
0.074
0.082
0.08
0.072
0.065
0.048
0.037
0.041
0.031
0.024
0.03
0.027
0.0032
-0.032
-0.046
-0.037
-0.045
-0.063
-0.061
-0.036
-0.01
-0.0091
-0.031
-0.049
-0.052
-0.037
-0.011
0.0032
0.0097
0.015
0.011
-0.0054
-0.019
-0.025
-0.028
-0.032
-0.034
-0.021
-0.0014
0.023
0.054
0.058
0.051
0.033
-0.0031
-0.028
-0.04
-0.061
-0.055
-0.016
0.0054
0.0039
0.00044
-0.00084
-0.00072
-0.0067
-0.015
0.0013
0.039
0.047
0.019
-0.0029
-0.0096
0.0088
0.018
-0.009
-0.03
-0.018
-0.0023
-0.0075
-0.028
-0.05
-0.058
-0.066
-0.074
-0.069
-0.051
-0.033
-0.035
-0.046
-0.069
-0.1
-0.1
-0.077
-0.061
-0.087
-0.11
-0.073
-0.037
-0.033
-0.037
-0.039
-0.024
-0.016
-0.034
-0.03
-0.018
-0.046
-0.11
-0.13
-0.071
-0.026
-0.027
-0.019
0.027
0.05
0.017
-0.05
-0.087
-0.076
-0.044
-0.028
-0.022
-0.013
-0.0093
-0.018
-0.026
-0.02
-0.0088
-0.0015
-0.0027
-0.0055
-0.012
-0.015
-0.026
-0.027
-0.011
-0.0023
-0.022
-0.061
-0.1
-0.13
-0.12
-0.094
-0.049
-0.0014
0.026
0.04
0.044
0.044
0.025
-0.038
-0.12
-0.16
-0.13
-0.082
-0.037
0.0089
0.056
0.075
0.056
0.017
-0.023
-0.026
-0.013
-0.0097
-0.0078
-0.0076
-0.0031
0.011
0.041
0.068
0.085
0.088
0.085
0.062
0.0094
-0.036
-0.027
0.0067
0.014
0.012
0.03
0.065
0.088
0.091
0.084
0.062
0.031
-0.012
-0.049
-0.047
-0.008
0.027
0.041
0.064
0.089
0.092
0.067
0.046
0.033
-0.0047
-0.027
-0.021
0.0043
0.028
0.038
0.038
0.0069
-0.023
-0.042
-0.051
-0.049
-0.029
-0.01
-0.011
-0.001
0.02
0.028
0.023
0.03
0.051
0.06
0.041
0.012
0.0043
0.013
0.0072
0.0002
-0.0031
-0.0029
0.005
0.028
0.055
0.079
0.071
0.045
0.032
0.011
-0.0013
-0.0093
-0.012
0.01
0.032
0.036
0.025
-0.013
-0.055
-0.058
-0.032
-0.022
-0.026
-0.031
0.0029
0.043
0.045
0.022
-0.011
-0.046
-0.054
-0.024
0.0089
0.016
-0.0044
-0.011
0.0031
0.0021
-0.0092
-0.013
-0.014
-0.023
-0.03
-0.019
0.0072
0.015
-0.021
-0.043
-0.033
-0.036
-0.052
-0.07
-0.066
-0.038
-0.023
-0.012
0.02
0.032
0.0097
-0.016
-0.029
-0.023
-0.023
-0.028
-0.021
-0.0038
0.011
0.0076
0.0061
0.019
0.036
0.038
0.032
0.024
0.021
0.024
0.019
0.021
0.032
0.055
0.072
0.067
0.052
0.04
0.033
0.021
0.023
0.038
0.066
0.08
0.069
0.047
0.024
-0.0014
-0.0065
0.017
0.03
0.016
-0.00084
-0.012
-0.0096
-0.011
-0.027
-0.029
-0.02
-0.025
-0.026
-0.0098
0.0057
0.0081
-0.0051
-0.0089
0.019
0.034
0.019
-0.0013
-0.0032
0.016
0.028
0.024
0.02
0.02
-0.0014
-0.022
-0.028
-0.03
-0.018
-0.011
-0.0067
-0.015
-0.042
-0.061
-0.057
-0.066
-0.079
-0.067
-0.049
-0.038
-0.038
-0.05
-0.065
-0.062
-0.043
-0.028
-0.029
-0.042
-0.05
-0.058
-0.069
-0.076
-0.067
-0.032
-0.023
-0.044
-0.061
-0.076
-0.09
-0.089
-0.079
-0.068
-0.043
-0.014
-0.0046
-0.019
-0.05
-0.074
-0.069
-0.031
0.0037
0.016
0.0065
-0.0033
0.0052
0.019
0.041
0.053
0.047
0.022
-0.035
-0.069
-0.042
0.015
0.03
0.0072
-0.023
-0.039
-0.034
-0.016
0.036
0.11
0.17
0.18
0.13
0.062
0.003
-0.018
0.0058
0.074
0.17
0.22
0.22
0.2
0.19
0.18
0.15
0.13
0.072
0.017
-0.012
0.03
0.13
0.23
0.26
0.25
0.24
0.21
0.16
0.098
0.076
0.09
0.12
0.16
0.19
0.2
0.19
0.16
0.13
0.11
0.11
0.11
0.1
0.064
0.035
0.051
0.092
0.1
0.092
0.14
0.2
0.15
0.026
-0.02
-0.013
0.0041
0.026
0.037
0.044
0.05
0.044
0.02
0.0046
-0.0036
-0.016
-0.043
-0.084
-0.097
-0.08
-0.062
-0.042
-0.027
-0.02
-0.017
-0.026
-0.059
-0.099
-0.13
-0.14
-0.11
-0.064
-0.035
-0.031
-0.049
-0.085
-0.11
-0.093
-0.07
-0.073
-0.085
-0.057
-0.042
-0.049
-0.04
-0.026
-0.002
0.038
0.043
0.0048
-0.043
-0.11
-0.16
-0.15
-0.093
-0.038
0.005
0.035
0.04
0.029
0.011
-0.0033
-0.01
-0.018
-0.028
-0.033
-0.03
-0.021
-0.0098
0.0057
0.0048
0.0039
0.0011
-0.025
-0.063
-0.091
-0.1
-0.04
0.13
0.25
0.21
0.054
-0.062
-0.094
-0.062
0.009
0.051
0.041
0.0052
-0.019
-0.0069
0.055
0.13
0.13
0.044
-0.055
-0.085
-0.045
-0.012
-0.0014
0.014
0.015
-0.0036
-0.021
-0.025
-0.016
-0.0032
0.0048
0.0087
-0.0059
-0.049
-0.075
-0.067
-0.021
0.05
0.11
0.11
0.065
-0.007
-0.057
-0.058
-0.024
0.013
0.046
0.062
0.027
-0.0056
-0.012
-0.016
-0.011
0.013
0.058
0.091
0.079
0.023
-0.021
-0.016
0.016
0.041
0.046
0.051
0.053
0.039
-0.0048
-0.037
-0.02
-0.0097
-0.012
-0.0002
0.033
0.06
0.058
0.045
0.027
0.018
0.019
0.025
0.023
0.021
0.021
0.041
0.087
0.13
0.14
0.1
0.065
0.069
0.065
0.05
0.057
0.082
0.08
0.054
0.044
0.054
0.077
0.079
0.067
0.076
0.1
0.11
0.082
0.042
0.02
0.029
0.059
0.1
0.12
0.099
0.078
0.082
0.097
0.084
0.065
0.061
0.048
0.037
0.04
0.068
0.1
0.11
0.094
0.056
-0.0073
-0.049
-0.015
0.049
0.091
0.11
0.1
0.063
-0.0039
-0.058
-0.079
-0.063
-0.037
-0.025
0.00053
0.036
0.059
0.048
0.068
0.082
0.045
-0.0032
-0.053
-0.1
-0.13
-0.11
-0.076
-0.037
-0.015
-0.016
-0.023
-0.031
-0.026
-0.04
-0.054
-0.064
-0.092
-0.13
-0.14
-0.12
-0.11
-0.12
-0.13
-0.12
-0.12
-0.15
-0.18
-0.2
-0.18
-0.13
-0.1
-0.11
-0.14
-0.16
-0.16
-0.16
-0.16
-0.15
-0.13
-0.12
-0.12
-0.12
-0.12
-0.092
-0.073
-0.077
-0.088
-0.077
-0.07
-0.077
-0.081
-0.063
-0.046
-0.051
-0.038
-0.016
-0.04
-0.076
-0.094
-0.099
-0.078
-0.043
-0.0061
0.013
0.00072
-0.0038
0.02
0.057
0.075
0.042
-0.0032
0.0047
0.039
0.066
0.084
0.078
0.061
0.048
0.042
0.055
0.064
0.054
0.046
0.049
0.058
0.083
0.1
0.085
0.07
0.084
0.1
0.11
0.099
0.086
0.076
0.08
0.1
0.12
0.1
0.062
0.037
0.04
0.073
0.1
0.094
0.077
0.077
0.076
0.079
0.083
0.068
0.054
0.048
0.069
0.1
0.094
0.051
0.018
0.033
0.056
0.067
0.077
0.085
0.11
0.12
0.11
0.054
0.028
0.058
0.087
0.09
0.021
-0.071
-0.098
-0.056
-0.01
0.085
0.22
0.29
0.24
0.063
-0.095
-0.16
-0.14
-0.034
0.095
0.18
0.19
0.15
0.094
0.0047
-0.04
-0.027
0.0015
0.012
0.029
0.099
0.14
0.097
0.041
0.0041
-0.019
-0.037
-0.058
-0.049
-0.011
0.039
0.079
0.083
0.037
-0.019
-0.052
-0.071
-0.08
-0.031
0.051
0.067
0.036
0.03
0.02
-0.017
-0.027
0.0031
0.038
0.064
0.069
0.039
0.013
0.0083
0.034
0.069
0.089
0.095
0.099
0.089
0.078
0.062
0.037
0.016
0.014
0.031
0.062
0.071
0.058
0.063
0.067
0.039
-0.014
-0.045
-0.02
0.028
0.044
0.048
0.05
0.042
0.037
0.027
-0.00084
-0.038
-0.081
-0.092
-0.054
-0.012
-0.002
-0.013
-0.043
-0.083
-0.1
-0.087
-0.027
0.031
0.047
0.013
-0.047
-0.1
-0.12
-0.095
-0.068
-0.043
-0.029
-0.012
0.0096
0.022
0.016
-0.0025
-0.032
-0.039
0.009
0.076
0.1
0.087
0.07
0.067
0.08
0.096
0.073
0.024
-0.007
-0.019
-0.0022
0.034
0.057
0.06
0.059
0.05
0.027
0.0045
-0.0061
0.016
0.045
0.063
0.064
0.047
0.031
-0.0012
-0.038
-0.046
-0.022
0.015
0.046
0.054
0.013
-0.028
-0.051
-0.06
-0.049
-0.035
-0.016
-0.0019
-0.00066
-0.015
-0.023
-0.027
-0.032
-0.021
-0.016
-0.0083
0.007
0.0061
-0.014
-0.064
-0.088
-0.063
-0.025
-0.012
-0.034
-0.051
-0.072
-0.095
-0.14
-0.16
-0.12
-0.087
-0.087
-0.1
-0.11
-0.1
-0.082
-0.065
-0.053
-0.038
-0.046
-0.078
-0.088
-0.093
-0.11
-0.13
-0.12
-0.089
-0.064
-0.051
-0.055
-0.071
-0.083
-0.1
-0.11
-0.13
-0.13
-0.098
-0.06
-0.044
-0.055
-0.068
-0.068
-0.054
-0.055
-0.078
-0.086
-0.081
-0.059
-0.0032
0.025
0.0033
-0.031
-0.052
-0.056
-0.051
-0.033
-0.011
-0.011
-0.034
-0.042
-0.036
-0.028
-0.029
-0.025
-0.016
-0.0038
0.0031
0.001
0.0015
-0.0051
-0.021
-0.041
-0.051
-0.026
0.021
0.05
0.069
0.068
0.046
0.023
0.0078
-0.014
-0.015
0.024
0.09
0.12
0.095
0.098
0.13
0.11
0.073
0.064
0.068
0.078
0.097
0.13
0.15
0.15
0.14
0.11
0.1
0.091
0.08
0.079
0.082
0.088
0.1
0.12
0.14
0.14
0.12
0.092
0.072
0.046
0.039
0.057
0.089
0.11
0.11
0.1
0.097
0.098
0.091
0.088
0.11
0.14
0.13
0.11
0.09
0.091
0.094
0.085
0.086
0.082
0.073
0.076
0.068
0.05
0.049
0.06
0.04
0.0013
-0.015
-0.0016
0.014
-0.0058
-0.036
-0.05
-0.051
-0.068
-0.095
-0.11
-0.14
-0.16
-0.16
-0.15
-0.14
-0.13
-0.13
-0.16
-0.19
-0.24
-0.27
-0.26
-0.25
-0.25
-0.24
-0.22
-0.23
-0.25
-0.23
-0.19
-0.18
-0.2
-0.21
-0.21
-0.2
-0.2
-0.2
-0.21
-0.24
-0.26
-0.28
-0.28
-0.26
-0.23
-0.22
-0.25
-0.26
-0.24
-0.24
-0.25
-0.27
-0.27
-0.23
-0.2
-0.19
-0.19
-0.2
-0.22
-0.23
-0.23
-0.22
-0.22
-0.22
-0.2
-0.18
-0.15
-0.16
-0.19
-0.2
-0.18
-0.17
-0.16
-0.14
-0.12
-0.11
-0.086
-0.039
-0.017
-0.017
-0.043
-0.099
-0.15
-0.16
-0.14
-0.095
-0.036
0.023
0.07
0.081
0.071
0.024
-0.052
-0.099
-0.1
-0.069
-0.035
-0.004
0.022
0.037
0.034
0.051
0.084
0.086
0.084
0.069
0.053
0.038
0.032
0.059
0.083
0.075
0.079
0.093
0.095
0.094
0.087
0.086
0.11
0.16
0.17
0.14
0.082
0.025
0.019
0.064
0.11
0.14
0.17
0.18
0.15
0.087
0.037
0.021
0.052
0.11
0.13
0.12
0.091
0.055
0.038
0.073
0.13
0.17
0.18
0.19
0.19
0.15
0.11
0.11
0.12
0.13
0.13
0.14
0.14
0.16
0.18
0.18
0.16
0.13
0.11
0.11
0.11
0.11
0.11
0.11
0.1
0.12
0.14
0.16
0.17
0.15
0.12
0.062
-0.0012
-0.0036
0.042
0.086
0.098
0.089
0.076
0.073
0.063
0.061
0.074
0.092
0.11
0.085
0.05
0.033
0.032
0.026
0.04
0.079
0.13
0.14
0.11
0.11
0.11
0.12
0.13
0.14
0.15
0.12
0.086
0.063
0.09
0.14
0.16
0.13
0.089
0.075
0.077
0.088
0.1
0.11
0.12
0.12
0.12
0.11
0.094
0.094
0.12
0.16
0.16
0.14
0.11
0.09
0.08
0.063
0.034
0.053
0.1
0.13
0.15
0.13
0.079
0.022
-0.0049
0.026
0.08
0.084
0.06
0.057
0.07
0.058
0.028
0.003
-0.011
-0.021
-0.019
-0.019
-0.011
0.028
0.053
0.034
-0.017
-0.043
-0.041
-0.036
-0.04
-0.046
-0.03
-0.02
-0.021
-0.018
-0.02
-0.038
-0.066
-0.079
-0.085
-0.079
-0.055
-0.051
-0.088
-0.11
-0.098
-0.092
-0.079
-0.056
-0.062
-0.073
-0.072
-0.073
-0.07
-0.076
-0.093
-0.084
-0.067
-0.07
-0.11
-0.14
-0.13
-0.11
-0.088
-0.052
-0.041
-0.064
-0.073
-0.079
-0.078
-0.066
-0.053
-0.027
0.0098
0.05
0.053
0.03
0.022
-0.0042
-0.049
-0.048
0.0029
0.053
0.067
0.059
0.06
0.065
0.066
0.039
-0.015
-0.014
0.035
0.05
0.04
0.03
0.031
0.045
0.032
-0.0041
-0.04
-0.064
-0.05
-0.00084
0.033
0.044
0.014
-0.042
-0.06
-0.044
-0.045
-0.051
-0.051
-0.034
0.0037
0.027
0.014
-0.022
-0.048
-0.049
-0.041
-0.037
-0.028
-0.0036
0.063
0.089
0.04
0.029
0.12
0.22
0.26
0.21
0.11
-0.018
-0.099
-0.13
-0.15
-0.16
-0.093
0.025
0.13
0.2
0.23
0.24
0.19
0.18
0.26
0.41
0.45
0.38
0.26
0.2
0.21
0.3
0.37
0.31
0.12
-0.064
-0.15
-0.09
0.056
0.19
0.25
0.17
-0.043
-0.21
-0.26
-0.17
0.021
0.15
0.19
0.14
-0.033
-0.17
-0.2
-0.13
-0.053
-0.048
-0.066
-0.1
-0.17
-0.29
-0.38
-0.43
-0.46
-0.5
-0.52
-0.48
-0.45
-0.45
-0.46
-0.48
-0.44
-0.32
-0.19
-0.076
-0.016
-0.034
-0.12
-0.24
-0.34
-0.41
-0.47
-0.52
-0.49
-0.38
-0.22
-0.09
-0.06
-0.1
-0.16
-0.19
-0.19
-0.13
-0.016
0.12
0.2
0.21
0.17
0.12
0.065
-0.017
-0.13
-0.28
-0.38
-0.4
-0.37
-0.34
-0.3
-0.26
-0.21
-0.15
-0.091
-0.06
-0.073
-0.082
-0.054
-0.027
-0.044
-0.13
-0.23
-0.29
-0.3
-0.31
-0.33
-0.36
-0.39
-0.39
-0.4
-0.42
-0.45
-0.44
-0.39
-0.34
-0.29
-0.25
-0.19
-0.14
-0.1
-0.098
-0.11
-0.096
-0.063
-0.024
-0.014
-0.023
-0.028
-0.023
-0.0084
0.022
0.055
0.058
0.0045
-0.064
-0.073
-0.037
0.017
0.057
0.068
0.086
0.1
0.1
0.093
0.074
0.055
0.077
0.12
0.15
0.16
0.14
0.13
0.15
0.15
0.14
0.11
0.066
0.046
0.059
0.092
0.11
0.074
0.006
-0.052
-0.087
-0.1
-0.12
-0.15
-0.16
-0.14
-0.12
-0.12
-0.13
-0.14
-0.15
-0.13
-0.12
-0.1
-0.11
-0.12
-0.13
-0.13
-0.15
-0.16
-0.17
-0.19
-0.21
-0.21
-0.19
-0.16
-0.11
-0.041
-0.035
-0.063
-0.072
-0.079
-0.092
-0.096
-0.098
-0.13
-0.18
-0.2
-0.18
-0.14
-0.12
-0.11
-0.11
-0.086
-0.054
-0.027
-0.00069
0.017
0.026
0.04
0.079
0.11
0.097
0.088
0.088
0.082
0.08
0.075
0.056
0.044
0.043
0.046
0.06
0.067
0.064
0.073
0.088
0.088
0.077
0.076
0.072
0.065
0.056
0.043
0.041
0.062
0.066
0.058
0.064
0.083
0.099
0.11
0.11
0.07
0.032
0.024
0.024
0.016
0.02
0.04
0.033
-0.0056
-0.035
-0.032
-0.0065
0.0087
0.003
-0.0076
0.0045
0.05
0.082
0.081
0.06
0.05
0.039
0.035
0.06
0.083
0.1
0.12
0.13
0.13
0.13
0.15
0.15
0.11
0.091
0.11
0.14
0.14
0.14
0.16
0.18
0.22
0.24
0.23
0.17
0.095
0.074
0.11
0.14
0.15
0.18
0.2
0.2
0.18
0.16
0.15
0.15
0.13
0.12
0.1
0.084
0.078
0.097
0.12
0.13
0.13
0.13
0.12
0.11
0.1
0.095
0.082
0.059
0.039
0.043
0.059
0.07
0.081
0.097
0.09
0.075
0.086
0.098
0.081
0.06
0.086
0.11
0.11
0.095
0.097
0.12
0.12
0.11
0.091
0.07
0.049
0.036
0.042
0.035
0.035
0.046
0.055
0.053
0.05
0.052
0.052
0.065
0.075
0.075
0.075
0.079
0.091
0.1
0.11
0.11
0.083
0.066
0.051
0.038
0.056
0.084
0.097
0.09
0.068
0.063
0.088
0.11
0.11
0.11
0.12
0.13
0.13
0.12
0.098
0.096
0.11
0.13
0.14
0.13
0.1
0.07
0.056
0.089
0.14
0.18
0.18
0.16
0.14
0.11
0.065
0.019
-0.013
-0.00041
0.049
0.096
0.12
0.15
0.17
0.18
0.14
0.067
-0.009
-0.056
-0.052
0.0052
0.086
0.14
0.15
0.13
0.091
0.059
0.023
-0.00023
0.01
0.024
0.015
0.0054
0.0025
0.011
0.036
0.07
0.11
0.13
0.12
0.076
0.021
-0.016
-0.014
0.07
0.21
0.23
0.083
-0.021
0.018
0.12
0.18
0.15
0.083
0.021
-0.0096
0.002
0.047
0.11
0.17
0.18
0.16
0.11
0.055
0.014
0.014
0.052
0.083
0.099
0.11
0.13
0.14
0.16
0.15
0.11
0.069
0.059
0.072
0.092
0.12
0.13
0.14
0.16
0.15
0.12
0.079
0.056
0.067
0.11
0.15
0.17
0.16
0.13
0.098
0.072
0.063
0.069
0.074
0.068
0.071
0.082
0.084
0.081
0.092
0.11
0.12
0.1
0.078
0.068
0.066
0.073
0.082
0.079
0.059
0.046
0.048
0.068
0.076
0.054
0.0081
-0.048
-0.095
-0.11
-0.091
-0.033
0.018
0.051
0.062
0.021
-0.058
-0.12
-0.12
-0.1
-0.051
-0.0044
0.0097
-0.0093
-0.031
-0.029
-0.019
-0.02
-0.036
-0.033
-0.027
-0.021
-0.016
-0.018
-0.014
-0.0069
-0.004
0.0037
0.022
0.032
0.029
0.0037
-0.025
-0.035
-0.035
-0.016
0.011
0.025
0.026
0.014
-0.0086
-0.029
-0.046
-0.061
-0.07
-0.071
-0.065
-0.056
-0.018
0.049
0.11
0.13
0.12
0.075
0.016
-0.032
-0.048
-0.032
0.0038
0.029
0.039
0.049
0.026
-0.012
-0.04
-0.061
-0.046
-0.0048
0.018
0.019
0.035
0.089
0.14
0.12
0.021
-0.084
-0.12
-0.067
0.0055
0.04
0.065
0.08
0.062
0.025
-0.019
-0.072
-0.13
-0.16
-0.12
-0.049
-0.0033
0.00066
-0.029
-0.076
-0.087
-0.051
-0.016
-0.021
-0.073
-0.13
-0.17
-0.18
-0.19
-0.18
-0.14
-0.067
0.019
0.045
-0.013
-0.1
-0.18
-0.18
-0.11
-0.07
-0.091
-0.13
-0.15
-0.13
-0.067
-0.012
-0.017
-0.071
-0.14
-0.18
-0.17
-0.16
-0.16
-0.12
-0.066
-0.05
-0.069
-0.082
-0.052
0.057
0.17
0.16
0.0061
-0.18
-0.25
-0.18
-0.088
-0.068
-0.069
-0.01
0.087
0.12
0.0037
-0.17
-0.28
-0.26
-0.14
0.0011
0.066
0.042
-0.013
-0.084
-0.15
-0.16
-0.098
-0.00096
0.068
0.083
0.052
-0.052
-0.18
-0.26
-0.24
-0.095
0.075
0.15
0.087
-0.0084
-0.053
-0.022
0.045
0.092
0.077
-0.017
-0.11
-0.14
-0.13
-0.074
0.00041
0.06
0.068
0.036
-0.027
-0.08
-0.089
-0.065
-0.0016
0.058
0.065
-0.0025
-0.079
-0.054
0.057
0.12
0.11
0.07
0.051
0.075
0.099
0.066
-0.0036
-0.063
-0.08
-0.042
0.016
0.066
0.11
0.15
0.16
0.12
-0.0083
-0.13
-0.18
-0.12
0.0073
0.12
0.15
0.13
0.12
0.1
0.085
0.03
-0.038
-0.063
-0.023
0.051
0.1
0.099
0.063
0.023
0.018
0.045
0.044
0.00029
-0.057
-0.1
-0.11
-0.093
-0.072
-0.043
-0.008
0.018
0.017
-0.023
-0.11
-0.18
-0.19
-0.14
-0.085
-0.075
-0.083
-0.08
-0.061
-0.018
0.003
-0.024
-0.077
-0.12
-0.13
-0.091
-0.062
-0.072
-0.091
-0.098
-0.11
-0.15
-0.21
-0.23
-0.21
-0.19
-0.16
-0.13
-0.1
-0.073
-0.044
-0.032
-0.039
-0.059
-0.069
-0.045
-0.012
0.0066
0.00035
-0.037
-0.079
-0.085
-0.058
-0.036
-0.033
-0.053
-0.085
-0.11
-0.13
