0.0095
0.014
0.0055
-0.0035
-0.0028
0.0016
0.0083
-0.0011
-0.013
0.0034
0.0098
-0.014
-0.018
0.008
0.0055
-0.023
-0.011
0.025
0.033
0.018
0.012
0.0083
-0.0065
-0.0081
-0.0029
0.0098
0.028
0.031
0.021
0.013
0.0099
0.00084
0.002
0.0069
0.0021
-0.0013
0.0096
0.015
0.0039
0.0035
0.002
-0.013
-0.021
-0.025
-0.013
0.0084
0.023
0.015
-0.001
0.0005
0.0021
-0.0044
-0.0079
0.0014
-0.0017
0.0026
0.015
0.019
0.015
0.019
0.015
-0.0057
-0.01
0.00056
-0.00075
-0.00087
0.017
0.026
0.00093
-0.012
0.00069
-0.0019
-0.0085
-0.00011
0.0079
0.011
0.0088
-0.0026
-0.0072
0.00038
0.014
0.016
0.0068
0.0062
0.009
0.0055
-0.0011
0.0046
0.006
-0.0036
-0.0063
0.0043
0.0068
-0.0089
-0.019
0.0022
0.0083
-0.0097
-0.018
-0.0016
0.016
0.012
0.0062
0.012
0.013
0.0025
0.0061
0.014
0.014
0.01
0.013
0.014
0.016
0.018
0.015
0.0075
0.00063
-0.0099
-0.012
0.0014
0.022
0.029
0.018
0.0071
0.0097
0.0093
0.0035
0.0074
0.019
0.038
0.036
0.019
0.018
0.023
0.017
0.0017
-0.0005
0.0026
0.0048
0.011
0.018
0.019
0.014
0.0014
-0.015
-0.0086
0.0038
-0.0057
-0.0071
0.0096
0.02
0.00032
-0.016
-0.013
-0.011
-0.02
-0.029
-0.028
-0.018
0.0026
0.004
-0.0092
-0.01
0.00066
-0.00026
-0.016
-0.011
0.014
0.017
0.00093
0.0062
0.022
0.014
0.0089
0.015
0.02
0.014
0.011
0.022
0.023
0.014
0.0054
0.0061
0.0016
-0.0036
0.0082
0.013
-0.0045
-0.0087
0.0053
0.0017
-0.013
-0.014
-0.00041
0.0092
0.0014
-0.0066
0.00093
0.011
0.014
-0.00084
-0.011
0.00087
0.011
-0.001
-0.0061
-0.0011
0.0054
0.011
0.01
0.011
0.019
0.026
0.017
0.012
0.024
0.02
-0.0036
0.0029
0.021
0.0069
-0.003
0.016
0.028
0.013
-0.0066
-0.0096
-0.012
-0.017
-0.015
-0.0014
0.015
0.016
0.0066
0.0024
0.002
-0.0082
-0.024
-0.019
-0.0054
-0.0087
-0.012
0.0022
-0.0066
-0.027
-0.027
-0.015
-0.0056
-0.012
-0.015
-0.0069
0.0075
0.023
0.029
0.029
0.019
0.019
0.0089
0.00014
0.00099
0.0028
0.016
0.025
0.017
0.0093
0.0078
-0.0062
-0.021
-0.012
0.0036
0.0037
0.00069
0.0032
-0.0015
-0.0076
0.0094
0.025
0.018
0.0091
0.0046
0.0093
0.021
0.019
0.0062
0.012
0.035
0.043
0.026
0.016
0.023
0.037
0.046
0.047
0.032
0.0096
0.0074
0.022
0.029
0.017
0.002
0.0049
0.016
0.011
0.004
0.0062
0.017
0.016
0.0065
-0.0063
-0.0094
-0.0099
-0.005
0.0061
0.0074
-0.004
-0.0079
-0.0014
0.0061
0.0024
-0.0069
-0.00023
0.016
0.02
0.013
0.012
0.013
0.017
0.0038
-0.012
-0.00075
0.013
0.0082
0.0012
0.0018
0.013
0.021
0.0047
-0.0063
0.0037
0.014
0.014
0.018
0.022
0.0085
-0.00023
0.0079
0.013
0.0034
1.5e-005
-0.0018
0.0015
0.014
0.011
-0.0012
-0.0015
0.016
0.028
0.016
0.004
0.0029
0.0091
0.0054
-0.005
-0.0076
0.012
0.017
-0.0026
-0.01
0.0036
0.017
0.0053
-0.0098
0.0049
0.026
0.021
0.0013
0.0096
0.026
0.022
0.018
0.025
0.023
0.0067
0.0067
0.02
0.02
0.0083
0.004
0.016
0.014
0.013
0.024
0.022
0.0087
0.0091
0.02
0.015
-0.00023
0.0049
0.026
0.023
-0.001
-0.0081
-0.0035
0.0087
0.0092
0.00056
0.0052
0.019
0.015
-0.0067
-0.0088
0.0019
0.014
0.015
0.012
0.015
0.031
0.039
0.025
0.024
0.034
0.021
0.0073
0.018
0.021
0.0087
0.017
0.038
0.037
0.011
0.003
0.011
0.0043
-0.0015
0.0041
0.017
0.026
0.022
0.011
0.003
-0.0023
-0.0098
-0.007
0.0037
0.0067
0.012
0.016
0.011
0.0031
0.0017
0.0012
-0.0091
-0.012
-0.013
-0.0081
0.009
0.029
0.026
0.011
0.009
0.015
0.021
0.02
0.016
0.0082
0.022
0.047
0.043
0.02
0.015
0.014
-0.0082
-0.016
-0.0027
-0.0054
-0.01
0.006
0.016
-0.0042
-0.015
-0.0092
-0.0079
-0.0057
-0.0083
-0.015
-0.0083
0.0022
0.00056
-0.014
-0.026
-0.019
-0.014
-0.013
-0.016
-0.012
0.003
0.009
0.0029
-0.0044
-0.0076
-0.0027
0.0096
0.01
0.0089
0.011
0.02
0.02
0.01
-0.0054
0.0079
0.026
0.014
0.011
0.0036
-0.00081
-0.008
-0.0065
0.0078
0.011
-0.00066
-0.01
-0.0085
-0.00096
0.0051
0.019
0.034
0.032
0.0081
-0.01
-0.0029
0.0075
-0.0031
-0.0083
-0.0079
-0.00069
0.0087
0.0012
-0.0064
-0.0017
0.015
0.014
0.0096
0.0037
-0.011
-0.0043
0.00075
0.013
0.028
0.03
0.005
-0.029
-0.035
-0.018
0.00053
0.0012
-0.0041
0.0036
-0.0051
-0.012
-0.02
-0.011
0.013
0.022
0.0061
-0.0088
-0.012
-0.0086
0.01
0.028
0.032
0.012
-0.0086
-0.0036
0.02
0.034
0.018
-0.0048
0.0059
0.021
-0.0024
-0.03
-0.013
0.021
0.026
0.009
-0.021
-0.045
-0.025
0.0063
-0.0018
-0.028
-0.028
-0.0018
0.017
0.0078
-0.0053
-0.0083
-0.018
-0.025
-0.015
-0.0052
0.0019
0.0015
0.015
0.027
-1.5e-005
-0.02
-0.0012
0.023
0.032
0.013
0.011
0.027
0.028
0.0031
-0.0062
0.00035
-0.009
-0.013
0.00063
0.022
0.023
0.014
0.017
0.016
0.0088
0.0052
-0.004
-0.017
-0.00041
0.024
0.013
-0.003
-0.017
-0.043
-0.063
-0.057
-0.034
-0.01
7.6e-005
-0.0026
0.0018
0.013
0.029
0.037
0.0055
-0.041
-0.041
-0.014
0.0037
0.018
0.035
0.037
0.006
-0.015
0.0058
0.03
0.027
0.0012
-0.024
-0.024
0.00066
0.056
0.077
0.046
0.012
0.0069
0.0051
0.012
0.026
0.043
0.067
0.057
0.01
-0.012
0.0074
0.038
0.034
0.0061
-0.019
-0.054
-0.06
-0.023
0.013
0.041
0.056
0.05
0.024
0.0036
0.0076
0.039
0.063
0.061
0.036
0.0097
0.0079
0.027
0.04
0.036
0.023
0.014
0.051
0.11
0.14
0.13
0.13
0.16
0.16
0.13
0.11
0.11
0.13
0.14
0.13
0.11
0.12
0.12
0.14
0.16
0.17
0.16
0.14
0.12
0.094
0.068
0.04
0.012
-0.056
-0.17
-0.27
-0.32
-0.33
-0.36
-0.4
-0.44
-0.49
-0.52
-0.52
-0.5
-0.46
-0.4
-0.33
-0.27
-0.23
-0.17
-0.12
-0.08
-0.046
-0.02
0.012
0.045
0.082
0.13
0.16
0.17
0.16
0.17
0.2
0.22
0.22
0.21
0.21
0.22
0.22
0.18
0.11
0.049
-0.012
-0.079
-0.16
-0.23
-0.26
-0.26
-0.24
-0.23
-0.28
-0.39
-0.48
-0.5
-0.45
-0.37
-0.32
-0.3
-0.29
-0.24
-0.14
0.0076
0.15
0.21
0.11
-0.12
-0.36
-0.45
-0.41
-0.37
-0.37
-0.36
-0.31
-0.19
-0.038
0.12
0.25
0.28
0.21
0.098
0.025
0.075
0.26
0.47
0.59
0.57
0.45
0.34
0.3
0.28
0.23
0.15
0.082
0.036
0.01
0.044
0.16
0.3
0.38
0.37
0.29
0.22
0.17
0.17
0.18
0.2
0.2
0.17
0.094
0.019
-0.022
-0.00017
0.064
0.09
0.037
-0.043
-0.068
-0.046
-0.054
-0.099
-0.15
-0.18
-0.17
-0.16
-0.18
-0.23
-0.31
-0.39
-0.43
-0.42
-0.38
-0.34
-0.31
-0.33
-0.34
-0.28
-0.19
-0.14
-0.13
-0.15
-0.19
-0.18
-0.13
-0.075
-0.044
-0.025
-1.5e-005
0.024
0.022
0.0051
-0.0076
0.029
0.11
0.17
0.2
0.21
0.23
0.25
0.29
0.33
0.34
0.32
0.3
0.29
0.29
0.28
0.26
0.22
0.18
0.17
0.2
0.22
0.21
0.19
0.16
0.15
0.14
0.11
0.064
0.022
-0.0028
0.0037
0.016
0.015
0.0061
-0.011
-0.022
-0.022
-0.036
-0.057
-0.068
-0.061
-0.042
-0.016
0.014
0.053
0.065
0.035
0.0005
-0.027
-0.04
-0.046
-0.042
-0.031
-0.02
-0.042
-0.068
-0.068
-0.061
-0.068
-0.076
-0.068
-0.057
-0.043
-0.015
0.01
0.016
0.0085
0.0067
0.0077
0.02
0.044
0.058
0.06
0.057
0.057
0.053
0.052
0.047
0.045
0.046
0.04
0.044
0.061
0.071
0.052
0.021
0.0024
0.00038
0.0022
0.0016
-0.00078
0.0063
0.014
0.03
0.03
0.024
0.012
0.0016
-0.0088
-0.013
-0.004
0.009
0.027
0.04
0.05
0.043
0.024
0.014
0.017
0.025
0.031
0.031
0.04
0.048
0.038
0.024
0.034
0.058
0.076
0.088
0.077
0.061
0.073
0.094
0.091
0.075
0.063
0.057
0.053
0.043
0.036
0.032
0.025
0.022
0.014
-0.017
-0.051
-0.06
-0.044
-0.037
-0.056
-0.069
-0.056
-0.036
-0.023
-0.029
-0.029
-0.018
0.0019
0.0056
-0.0065
-0.019
-0.022
-0.0096
-0.0054
-0.003
-0.0059
-0.0037
0.0049
0.012
0.018
0.0076
-0.018
-0.037
-0.046
-0.052
-0.039
-0.0072
0.0046
-0.015
-0.037
-0.04
-0.029
-0.0069
0.007
0.0029
0.0077
0.022
0.025
0.019
0.027
0.032
0.035
0.037
0.035
0.042
0.072
0.1
0.1
0.076
0.041
0.0069
-0.0048
-0.0039
-0.0024
-0.0017
0.0055
0.028
0.037
0.019
-0.026
-0.047
-0.038
-0.028
-0.029
-0.024
-0.0098
-0.01
-0.017
-0.025
-0.025
-0.013
-0.0031
-0.013
-0.045
-0.065
-0.048
-0.0095
0.0079
0.0048
0.0067
0.0019
-0.012
-0.02
-0.0064
0.02
0.034
0.024
-0.0018
-0.031
-0.043
-0.025
0.0037
0.016
-0.0032
-0.031
-0.038
-0.022
-0.0044
-0.004
-0.012
-0.0094
-0.00032
0.019
0.043
0.069
0.077
0.045
0.0076
-0.0064
0.0098
0.031
0.052
0.051
0.042
0.03
0.019
0.024
0.034
0.031
0.017
0.012
0.015
0.014
0.021
0.051
0.069
0.051
0.034
0.037
0.053
0.06
0.052
0.036
0.021
0.027
0.041
0.051
0.045
0.035
0.033
0.027
0.012
-0.0037
0.0032
0.012
0.014
0.023
0.039
0.056
0.064
0.075
0.075
0.064
0.073
0.087
0.085
0.076
0.081
0.097
0.11
0.092
0.061
0.048
0.045
0.055
0.05
0.043
0.043
0.048
0.055
0.066
0.084
0.089
0.083
0.079
0.082
0.088
0.096
0.11
0.1
0.099
0.11
0.11
0.098
0.086
0.075
0.08
0.085
0.074
0.052
0.048
0.059
0.072
0.076
0.073
0.066
0.063
0.065
0.067
0.063
0.051
0.04
0.038
0.036
0.028
0.018
0.027
0.033
0.023
0.0078
0.0057
0.019
0.026
0.027
0.012
0.012
0.022
0.028
0.03
0.043
0.04
0.027
0.024
0.016
0.0033
0.00017
-0.0085
-0.026
-0.027
-0.014
-0.00029
0.0087
0.014
0.0075
-0.0053
-0.0062
0.014
0.035
0.044
0.035
0.02
0.018
0.02
0.0023
-0.018
-0.019
-0.024
-0.031
-0.023
-0.0079
-0.0078
-0.015
-0.017
-0.011
0.0051
0.0005
-0.017
-0.0087
0.0083
0.022
0.027
0.03
0.029
0.0078
-0.032
-0.046
-0.031
-0.014
0.0075
0.016
0.022
0.026
0.019
0.0069
-0.0063
-0.0076
0.00084
0.0069
0.018
0.03
0.027
0.0031
-0.024
-0.045
-0.058
-0.063
-0.067
-0.064
-0.047
-0.018
-0.0098
-0.0081
-0.016
-0.034
-0.041
-0.037
-0.02
-0.0058
-0.0082
-0.0087
-0.003
-0.0061
-0.015
-0.021
-0.028
-0.017
0.0019
0.0072
0.016
0.022
0.017
0.0076
0.0075
0.016
0.035
0.027
0.006
0.0057
0.013
0.011
-0.0023
-0.012
-0.016
-0.017
-0.021
-0.025
-0.023
-0.028
-0.046
-0.059
-0.057
-0.069
-0.08
-0.061
-0.038
-0.036
-0.044
-0.044
-0.05
-0.057
-0.052
-0.045
-0.038
-0.04
-0.041
-0.045
-0.055
-0.073
-0.085
-0.086
-0.082
-0.07
-0.045
-0.021
-0.027
-0.033
-0.022
-0.017
-0.012
-0.0065
-0.0078
-0.0079
-0.0079
0.0028
0.014
0.021
0.0075
-0.013
-0.032
-0.032
-0.021
-0.021
-0.018
-0.014
-0.027
-0.058
-0.082
-0.09
-0.084
-0.082
-0.078
-0.082
-0.085
-0.073
-0.074
-0.076
-0.057
-0.033
-0.02
-0.014
-0.017
-0.011
0.0047
0.0032
-0.02
-0.04
-0.043
-0.036
-0.037
-0.037
-0.011
0.019
0.043
0.061
0.066
0.062
0.049
0.039
0.035
0.015
-0.012
-0.02
-0.014
-0.012
-0.015
-0.032
-0.035
-0.033
-0.021
-0.0098
-0.011
-0.026
-0.043
-0.046
-0.04
-0.027
-0.028
-0.038
-0.042
-0.038
-0.037
-0.031
-0.014
0.0056
0.016
0.018
0.033
0.058
0.059
0.039
0.022
0.016
0.013
0.019
0.024
0.025
0.023
0.018
0.029
0.046
0.062
0.066
0.066
0.076
0.086
0.098
0.11
0.11
0.096
0.093
0.086
0.054
0.038
0.038
0.037
0.033
0.034
0.056
0.064
0.045
0.031
0.046
0.058
0.064
0.07
0.086
0.098
0.08
0.064
0.062
0.066
0.063
0.055
0.05
0.051
0.053
0.06
0.065
0.059
0.057
0.06
0.057
0.035
0.021
0.022
0.015
0.0071
0.01
0.017
0.014
-0.0052
-0.013
-0.00035
0.012
0.015
0.0098
0.0033
-0.0078
-0.017
-0.014
-0.011
-0.012
-0.016
-0.018
-0.0098
0.013
0.026
0.021
0.021
0.028
0.034
0.029
0.025
0.024
0.014
-0.0024
-0.0038
0.00014
-0.00011
-0.0037
-0.018
-0.022
-0.018
-0.033
-0.051
-0.044
-0.039
-0.037
-0.023
-0.0083
-0.011
-0.04
-0.055
-0.054
-0.063
-0.068
-0.055
-0.025
-0.0032
-0.0037
-0.026
-0.046
-0.057
-0.075
-0.076
-0.069
-0.068
-0.053
-0.037
-0.042
-0.053
-0.037
-0.026
-0.041
-0.047
-0.052
-0.074
-0.089
-0.08
-0.083
-0.092
-0.086
-0.061
-0.041
-0.041
-0.035
-0.032
-0.027
-0.024
-0.032
-0.049
-0.069
-0.089
-0.09
-0.067
-0.038
-0.019
-0.032
-0.069
-0.11
-0.13
-0.12
-0.082
-0.048
-0.034
-0.032
-0.024
-0.00032
0.013
-0.0053
-0.033
-0.034
-0.012
-0.0072
-0.03
-0.038
-0.012
0.026
0.051
0.056
0.042
0.026
0.024
0.03
0.021
-0.0048
-0.025
-0.025
-0.0086
0.018
0.035
0.048
0.057
0.061
0.068
0.064
0.047
0.024
0.023
0.036
0.052
0.071
0.078
0.073
0.08
0.088
0.083
0.076
0.061
0.051
0.061
0.071
0.082
0.078
0.061
0.046
0.033
0.011
-0.0033
0.0046
0.017
0.032
0.037
0.037
0.041
0.046
0.043
0.025
0.019
0.026
0.041
0.053
0.066
0.074
0.058
0.036
0.012
-0.0082
-0.012
-0.01
-0.0054
0.00014
0.0036
-0.0075
-0.022
-0.044
-0.06
-0.06
-0.047
-0.024
-0.0049
0.0067
-0.0068
-0.028
-0.033
-0.037
-0.048
-0.063
-0.073
-0.077
-0.078
-0.08
-0.074
-0.07
-0.082
-0.087
-0.088
-0.081
-0.063
-0.043
-0.039
-0.048
-0.062
-0.084
-0.078
-0.053
-0.045
-0.045
-0.034
-0.022
-0.021
-0.028
-0.04
-0.039
-0.031
-0.028
-0.013
0.0058
0.016
0.0098
0.0034
0.018
0.02
0.014
-0.0055
-0.028
-0.046
-0.057
-0.07
-0.059
-0.031
-0.012
0.0043
0.015
0.018
0.013
0.024
0.054
0.061
0.051
0.053
0.054
0.039
0.037
0.058
0.078
0.08
0.074
0.072
0.064
0.063
0.064
0.06
0.068
0.077
0.069
0.05
0.043
0.043
0.051
0.063
0.053
0.042
0.039
0.038
0.034
0.028
0.021
0.012
0.027
0.044
0.05
0.051
0.07
0.092
0.097
0.1
0.11
0.12
0.11
0.081
0.058
0.066
0.088
0.085
0.073
0.067
0.065
0.066
0.061
0.051
0.046
0.048
0.052
0.063
0.045
0.018
0.018
0.035
0.064
0.08
0.064
0.034
0.031
0.035
0.024
0.017
0.02
0.042
0.057
0.07
0.074
0.065
0.053
0.046
0.055
0.059
0.055
0.051
0.031
0.0013
-0.023
-0.024
-0.0066
0.0052
0.00035
-0.011
-0.016
-0.017
-0.0085
-0.013
-0.028
-0.051
-0.071
-0.082
-0.085
-0.08
-0.056
-0.02
0.011
0.028
0.025
0.016
0.0069
-0.0038
-0.0095
-0.016
-0.028
-0.052
-0.081
-0.095
-0.091
-0.068
-0.039
-0.021
-0.036
-0.067
-0.082
-0.09
-0.082
-0.066
-0.051
-0.055
-0.065
-0.059
-0.047
-0.044
-0.047
-0.048
-0.061
-0.08
-0.093
-0.093
-0.075
-0.066
-0.069
-0.066
-0.058
-0.04
-0.019
-0.0046
-0.021
-0.058
-0.099
-0.11
-0.095
-0.067
-0.032
-0.021
-0.028
-0.042
-0.049
-0.055
-0.059
-0.052
-0.04
-0.035
-0.044
-0.036
-0.02
-0.013
-0.0034
0.00035
-0.02
-0.042
-0.035
-0.0063
0.0069
-0.00047
-0.0079
0.0041
0.011
0.02
0.031
0.024
0.0066
-0.0069
-0.0064
0.0021
0.015
0.022
0.031
0.041
0.041
0.038
0.034
0.048
0.062
0.06
0.058
0.063
0.069
0.069
0.068
0.061
0.049
0.044
0.065
0.088
0.094
0.087
0.066
0.061
0.063
0.052
0.053
0.057
0.052
0.049
0.058
0.059
0.047
0.052
0.065
0.063
0.05
0.054
0.051
0.049
0.069
0.094
0.1
0.083
0.054
0.039
0.043
0.042
0.019
-0.0022
-0.0022
-0.0065
-0.018
-0.022
-0.02
-0.01
0.0013
0.0012
0.005
0.018
0.047
0.065
0.06
0.042
0.029
0.033
0.038
0.032
0.017
0.017
0.02
0.0049
-0.017
-0.03
-0.033
-0.019
0.0072
0.016
-0.00023
-0.00023
0.02
0.023
-0.0025
-0.026
-0.045
-0.051
-0.031
-0.0032
0.0093
0.0024
-0.0068
-0.026
-0.052
-0.047
-0.018
0.0031
0.00087
-0.0056
-0.012
-0.019
-0.032
-0.044
-0.048
-0.058
-0.059
-0.05
-0.055
-0.068
-0.083
-0.08
-0.072
-0.066
-0.063
-0.061
-0.061
-0.047
-0.031
-0.03
-0.026
-0.013
0.00072
0.0046
-0.0078
-0.018
-0.011
0.0061
0.022
0.027
0.025
0.017
0.0061
0.0027
0.011
0.017
0.031
0.045
0.049
0.04
0.023
0.02
0.025
0.027
0.029
0.041
0.055
0.058
0.055
0.05
0.047
0.041
0.039
0.031
0.031
0.048
0.069
0.081
0.085
0.091
0.094
0.087
0.09
0.087
0.088
0.096
0.11
0.13
0.13
0.12
0.082
0.057
0.048
0.058
0.076
0.094
0.1
0.11
0.12
0.11
0.094
0.095
0.1
0.11
0.11
0.1
0.081
0.068
0.071
0.085
0.09
0.069
0.054
0.074
0.11
0.13
0.13
0.12
0.11
0.097
0.08
0.061
0.053
0.053
0.06
0.078
0.085
0.076
0.055
0.022
-0.0027
-0.013
-0.013
-0.00035
0.0035
0.0055
0.0046
0.016
0.047
0.071
0.079
0.074
0.053
0.024
0.0053
0.0043
0.013
0.03
0.044
0.038
0.024
0.024
0.03
0.029
0.018
0.0052
-0.0039
-0.0053
0.0025
0.0067
0.01
0.027
0.047
0.038
0.024
0.015
-0.0079
-0.021
-0.029
-0.024
-0.0093
0.0031
-0.0061
-0.015
0.00072
0.0021
-0.022
-0.036
-0.034
-0.035
-0.042
-0.053
-0.046
-0.023
-0.01
-0.012
-0.017
-0.035
-0.051
-0.057
-0.054
-0.054
-0.055
-0.058
-0.057
-0.052
-0.026
0.0034
-0.0081
-0.031
-0.029
-0.031
-0.055
-0.069
-0.068
-0.079
-0.09
-0.074
-0.05
-0.054
-0.066
-0.067
-0.072
-0.066
-0.047
-0.037
-0.045
-0.054
-0.054
-0.059
-0.051
-0.033
-0.016
-0.001
-0.003
-0.018
-0.031
-0.039
-0.044
-0.043
-0.036
-0.027
-0.015
-0.015
-0.022
-0.03
-0.029
-0.018
-0.015
-0.02
-0.041
-0.065
-0.079
-0.062
-0.041
-0.042
-0.055
-0.069
-0.075
-0.068
-0.064
-0.057
-0.048
-0.047
-0.048
-0.041
-0.032
-0.036
-0.054
-0.069
-0.073
-0.07
-0.057
-0.045
-0.044
-0.056
-0.068
-0.054
-0.033
-0.024
-0.033
-0.047
-0.046
-0.032
-0.021
-0.023
-0.026
-0.023
-0.025
-0.026
-0.022
-0.02
-0.022
-0.016
-0.0078
-0.0074
-0.0089
-0.012
-0.016
-0.016
-0.02
-0.034
-0.037
-0.018
0.0083
0.0061
-0.0079
-0.033
-0.048
-0.032
-0.015
-0.02
-0.039
-0.051
-0.05
-0.053
-0.043
-0.014
0.02
0.056
0.083
0.094
0.093
0.078
0.065
0.058
0.031
0.01
0.0021
-0.0033
0.0068
0.011
0.026
0.042
0.044
0.033
-0.0047
-0.036
-0.037
-0.013
0.023
0.039
0.057
0.075
0.083
0.077
0.06
0.029
0.0016
0.003
0.035
0.068
0.092
0.11
0.1
0.081
0.051
0.032
0.031
0.047
0.08
0.11
0.12
0.1
0.078
0.048
0.035
0.037
0.042
0.056
0.072
0.088
0.098
0.1
0.088
0.054
0.034
0.052
0.088
0.13
0.13
0.1
0.07
0.046
0.029
0.034
0.053
0.068
0.086
0.12
0.14
0.13
0.11
0.093
0.073
0.056
0.044
0.035
0.043
0.074
0.099
0.11
0.094
0.069
0.03
0.01
0.015
0.04
0.071
0.074
0.039
-0.017
-0.036
-0.0078
0.04
0.087
0.11
0.097
0.068
0.045
0.036
0.032
0.028
0.024
0.012
0.005
0.0081
0.021
0.034
0.038
0.034
0.016
-0.0042
-0.0042
-0.013
-0.013
0.019
0.044
0.046
0.026
-0.0025
-0.017
0.0059
0.035
0.039
0.026
0.011
0.0032
-0.00038
-0.0026
-0.006
-0.0081
0.0053
0.023
0.04
0.054
0.044
0.012
-0.0099
-0.0025
0.02
0.042
0.061
0.071
0.071
0.063
0.043
0.024
0.023
0.024
0.022
0.033
0.051
0.044
0.041
0.062
0.081
0.078
0.059
0.04
0.012
-0.019
-0.039
-0.043
-0.028
-0.0083
0.011
0.029
0.043
0.038
0.022
0.018
0.012
0.0089
0.023
0.047
0.062
0.077
0.085
0.081
0.07
0.045
0.012
-0.022
-0.045
-0.033
-0.014
0.0017
0.007
0.015
0.022
0.021
0.015
0.018
0.042
0.062
0.066
0.055
0.04
0.028
0.023
0.024
0.018
-0.0046
-0.017
-0.0023
0.00011
-0.016
-0.034
-0.061
-0.078
-0.074
-0.066
-0.051
-0.027
-0.0071
-0.0035
-0.02
-0.04
-0.052
-0.061
-0.066
-0.065
-0.052
-0.02
0.015
0.031
0.026
0.0026
-0.022
-0.035
-0.038
-0.035
-0.034
-0.017
0.0032
0.005
-0.014
-0.027
-0.041
-0.047
-0.042
-0.04
-0.051
-0.061
-0.049
-0.035
-0.036
-0.045
-0.049
-0.054
-0.07
-0.073
-0.07
-0.072
-0.072
-0.076
-0.092
-0.093
-0.069
-0.042
-0.022
-0.016
-0.013
-0.011
-0.013
-0.025
-0.048
-0.059
-0.063
-0.055
-0.034
-0.021
-0.022
-0.023
-0.024
-0.044
-0.069
-0.071
-0.052
-0.041
-0.029
-0.017
-0.015
-0.018
-0.024
-0.029
-0.031
-0.032
-0.028
-0.035
-0.048
-0.06
-0.063
-0.051
-0.042
-0.05
-0.047
-0.037
-0.026
-0.0087
0.01
0.018
0.0056
-0.0051
0.006
0.011
0.0052
-0.0057
-0.012
-0.016
-0.012
0.0013
-0.0027
-0.024
-0.038
-0.039
-0.034
-0.026
-0.022
-0.022
-0.024
-0.025
-0.014
-0.0056
-0.0032
0.00026
0.0084
0.013
0.0054
0.004
0.012
0.019
0.022
0.019
0.015
0.02
0.046
0.069
0.064
0.04
0.02
0.014
0.01
0.01
0.013
0.0048
-0.015
-0.032
-0.035
-0.032
-0.021
-0.0059
0.021
0.05
0.052
0.043
0.043
0.044
0.034
0.035
0.039
0.026
0.002
-0.003
0.0076
0.0028
0.00032
0.014
0.021
0.015
0.0017
-0.011
-0.0078
0.005
0.0006
-0.0088
-0.012
-0.019
-0.032
-0.018
0.015
0.035
0.053
0.061
0.058
0.049
0.04
0.041
0.04
0.045
0.045
0.039
0.047
0.049
0.045
0.04
0.024
0.017
0.038
0.06
0.069
0.057
0.045
0.041
0.04
0.052
0.065
0.057
0.05
0.057
0.067
0.058
0.045
0.036
0.028
0.023
0.016
-0.00035
-0.0077
0.0031
0.012
0.014
0.015
0.02
0.04
0.047
0.039
0.015
-0.0059
-0.0069
-0.01
-0.018
-0.027
-0.037
-0.045
-0.048
-0.047
-0.044
-0.031
-0.016
0.0059
0.016
0.013
0.0006
-0.018
-0.029
-0.043
-0.044
-0.043
-0.038
-0.029
-0.019
-0.024
-0.032
-0.026
-0.026
-0.031
-0.02
-0.0027
0.004
-0.00069
-0.0049
-0.0093
-0.0067
-0.0094
-0.019
-0.026
-0.032
-0.037
-0.036
-0.03
-0.036
-0.035
-0.016
-0.0018
-0.0027
-0.012
-0.013
-0.013
0.0065
0.03
0.031
0.018
0.013
0.01
0.0061
0.0048
-0.0058
-0.013
-0.0071
-0.0066
-0.012
-0.015
-0.0089
-0.002
0.011
0.015
-0.0086
-0.035
-0.032
-0.019
-0.0058
0.016
0.025
0.011
0.0022
0.0055
0.011
0.01
0.0086
0.015
0.026
0.042
0.052
0.044
0.013
-0.014
-0.027
-0.035
-0.038
-0.03
-0.015
-0.0086
-0.02
-0.038
-0.045
-0.038
-0.018
0.0053
0.011
0.0076
0.0036
-0.0048
-0.006
-0.0083
-0.02
-0.03
-0.031
-0.029
-0.02
-0.014
-0.022
-0.025
-0.035
-0.042
-0.043
-0.04
-0.039
-0.026
-0.011
-0.011
-0.021
-0.023
-0.02
-0.024
-0.025
-0.027
-0.028
-0.0093
0.01
0.012
0.017
0.028
0.024
0.015
0.017
0.016
0.014
0.011
0.0089
-0.0013
-0.016
-0.026
-0.024
-0.0031
0.023
0.032
0.028
0.027
0.022
0.017
0.026
0.035
0.031
0.021
0.028
0.039
0.044
0.05
0.054
0.05
0.024
-0.0041
0.0014
0.034
0.061
0.066
0.048
0.0053
-0.027
-0.04
-0.043
-0.047
-0.035
0.0019
0.043
0.068
0.077
0.083
0.088
0.086
0.091
0.097
0.088
0.077
0.081
0.071
0.06
0.074
0.08
0.062
0.038
0.036
0.057
0.083
0.085
0.054
0.02
0.0085
0.028
0.059
0.075
0.07
0.055
0.05
0.046
0.036
0.029
0.031
0.046
0.048
0.036
0.033
0.045
0.063
0.079
0.083
0.058
0.025
0.0025
-0.0011
0.006
0.022
0.032
0.027
0.022
0.026
0.03
0.024
0.027
0.038
0.031
0.019
0.014
0.011
0.0051
0.0032
0.0056
0.013
0.0032
-0.032
-0.057
-0.06
-0.055
-0.051
-0.035
-0.028
-0.027
-0.014
0.0045
0.018
0.0071
-0.00053
0.00072
-0.0068
-0.023
-0.042
-0.042
-0.026
-0.012
-0.022
-0.046
-0.079
-0.11
-0.11
-0.092
-0.091
-0.1
-0.12
-0.12
-0.11
-0.11
-0.11
-0.12
-0.11
-0.096
-0.078
-0.072
-0.073
-0.073
-0.07
-0.063
-0.059
-0.063
-0.068
-0.065
-0.061
-0.072
-0.1
-0.12
-0.14
-0.14
-0.14
-0.14
-0.15
-0.15
-0.14
-0.12
-0.11
-0.1
-0.086
-0.059
-0.044
-0.044
-0.051
-0.061
-0.059
-0.05
-0.047
-0.056
-0.073
-0.089
-0.095
-0.092
-0.076
-0.061
-0.069
-0.068
-0.057
-0.047
-0.039
-0.036
-0.04
-0.044
-0.032
-0.018
-0.013
-0.014
-0.02
-0.028
-0.027
-0.015
-0.0088
0.0018
0.012
1.5e-005
-0.024
-0.03
-0.021
-0.0054
0.015
0.023
0.013
-0.0056
-0.017
-0.015
-0.0087
-0.0011
0.0041
0.018
0.042
0.062
0.061
0.048
0.04
0.034
0.039
0.052
0.057
0.052
0.062
0.077
0.067
0.048
0.036
0.042
0.05
0.051
0.053
0.054
0.055
0.064
0.077
0.073
0.05
0.024
0.021
0.034
0.041
0.057
0.072
0.065
0.045
0.039
0.048
0.049
0.037
0.031
0.029
0.033
0.048
0.052
0.022
-0.0031
-0.0093
-0.0063
0.0028
0.011
0.014
0.019
0.027
0.024
0.01
-0.0025
-0.0065
-0.0028
0.0034
0.013
0.015
0.0068
-0.0036
-0.0066
-0.00017
0.0042
0.00063
-0.015
-0.025
-0.021
-0.01
0.0028
0.0076
0.0086
0.0085
0.0058
-0.0011
0.0079
0.026
0.031
0.029
0.019
0.0085
0.0087
0.02
0.029
0.025
0.029
0.02
-0.0093
-0.032
-0.038
-0.049
-0.069
-0.077
-0.072
-0.051
-0.029
-0.01
-0.00099
-0.013
-0.036
-0.054
-0.064
-0.072
-0.071
-0.067
-0.064
-0.054
-0.035
-0.012
-0.0039
-0.0036
0.0025
0.023
0.034
0.028
0.018
0.0069
-0.004
-0.013
-0.016
-0.013
-0.0077
-0.0046
-0.014
-0.027
-0.025
-0.0058
-0.0025
-0.012
-0.028
-0.049
-0.055
-0.036
-0.0059
0.012
0.0059
-0.018
-0.041
-0.048
-0.039
-0.035
-0.026
-0.013
-0.017
-0.035
-0.038
-0.035
-0.027
-0.023
-0.033
-0.033
-0.0079
0.018
0.02
0.013
0.012
0.022
0.027
0.02
0.019
0.021
0.017
0.0087
0.009
0.014
0.023
0.027
0.014
-0.0047
-0.014
-0.0063
0.017
0.044
0.057
0.039
0.011
0.0049
0.016
0.019
0.0081
0.0058
0.021
0.041
0.051
0.051
0.043
0.037
0.024
-0.0034
-0.023
-0.037
-0.048
-0.055
-0.048
-0.034
-0.014
0.032
0.077
0.092
0.086
0.078
0.076
0.082
0.09
0.094
0.11
0.16
0.17
0.11
-0.012
-0.14
-0.16
-0.067
0.044
0.086
0.063
0.063
0.043
-0.03
-0.064
-0.02
0.058
0.096
0.086
0.087
0.081
0.052
-0.027
-0.094
-0.089
-0.067
-0.044
-0.059
-0.077
-0.034
-0.0071
0.026
0.09
0.12
0.083
0.0033
-0.074
-0.093
-0.03
0.063
0.084
0.033
-0.051
-0.14
-0.14
-0.11
-0.051
-0.01
-0.00084
0.017
0.0057
-0.024
-0.074
-0.099
-0.047
0.035
0.1
0.11
0.058
-0.013
-0.044
0.011
0.1
0.14
0.12
0.11
0.1
0.11
0.1
0.093
0.058
-0.0029
-0.024
0.017
0.054
0.057
0.048
0.028
-0.00029
-0.023
-0.037
-0.043
-0.044
-0.039
-0.032
-0.013
0.016
0.017
-0.011
-0.047
-0.059
-0.039
-0.002
0.019
0.0059
-0.0056
-0.013
-0.029
-0.052
-0.075
-0.064
-0.024
0.017
0.045
0.036
-0.0067
-0.033
-0.028
0.006
0.052
0.094
0.1
0.083
0.071
0.07
0.059
0.031
0.0078
0.0054
0.025
0.079
0.13
0.14
0.098
0.035
-0.0039
-0.00035
0.024
0.028
0.024
0.036
0.058
0.065
0.045
-0.0083
-0.064
-0.07
-0.015
0.052
0.083
0.071
0.027
-0.0036
0.011
0.029
0.023
0.011
0.011
0.014
0.012
0.018
0.03
0.036
0.026
0.012
0.031
0.084
0.15
0.18
0.18
0.15
0.11
0.059
0.02
-0.0066
-0.0057
0.026
0.07
0.12
0.15
0.15
0.12
0.081
0.064
0.086
0.13
0.16
0.14
0.11
0.083
0.071
0.068
0.061
0.051
0.057
0.071
0.077
0.08
0.065
0.044
0.046
0.057
0.067
0.074
0.083
0.092
0.11
0.11
0.098
0.062
0.02
-0.011
-0.019
0.0045
0.029
0.032
0.017
-0.0036
-0.017
-0.018
0.01
0.052
0.079
0.082
0.079
0.074
0.063
0.051
0.033
0.023
0.0066
-0.0074
-0.012
-0.016
-0.013
-0.0097
-0.0091
-0.022
-0.037
-0.045
-0.038
-0.036
-0.04
-0.044
-0.051
-0.036
-0.02
-0.016
-0.021
-0.022
-0.017
-0.015
-0.013
-0.018
-0.034
-0.051
-0.051
-0.035
-0.024
-0.012
-0.018
-0.04
-0.058
-0.07
-0.072
-0.056
-0.044
-0.059
-0.071
-0.06
-0.049
-0.049
-0.042
-0.014
0.012
0.0089
-0.0089
-0.013
-0.0064
-0.0096
-0.0022
0.021
0.036
0.03
0.0096
0.00099
-0.0012
0.00023
0.013
0.029
0.024
0.004
-0.029
-0.04
-0.04
-0.048
-0.037
-0.0088
0.013
0.027
0.032
0.019
-0.0071
-0.0087
0.013
0.03
0.045
0.054
0.053
0.033
0.0056
0.0058
0.022
0.028
0.033
0.034
0.036
0.036
0.02
-0.0031
-0.0062
0.014
0.025
0.024
0.027
0.024
0.017
0.013
0.026
0.033
0.016
-0.003
-0.008
-0.007
-0.019
-0.038
-0.051
-0.051
-0.021
0.0081
0.021
0.016
0.021
0.038
0.061
0.063
0.039
0.015
-0.0013
0.0022
0.011
0.007
-0.01
-0.026
-0.032
-0.017
0.012
0.036
0.052
0.05
0.044
0.035
0.025
0.027
0.026
0.0088
0.005
0.026
0.036
0.016
-0.00032
-0.004
-0.0034
-0.0063
-0.0032
-0.0029
-0.02
-0.037
-0.039
-0.024
0.0025
0.023
0.022
0.0024
-0.022
-0.047
-0.059
-0.054
-0.039
-0.027
-0.029
-0.036
-0.035
-0.024
-0.02
-0.023
-0.031
-0.03
-0.024
-0.016
-0.0043
-0.0053
-0.0093
0.004
0.025
0.033
0.02
-0.0064
-0.027
-0.03
-0.028
-0.032
-0.039
-0.055
-0.065
-0.066
-0.063
-0.052
-0.042
-0.038
-0.026
-0.0021
0.017
0.022
0.021
0.017
0.011
-0.0047
-0.035
-0.083
-0.12
-0.14
-0.13
-0.1
-0.08
-0.051
-0.022
0.0088
0.023
0.025
0.016
-0.011
-0.042
-0.073
-0.1
-0.12
-0.12
-0.11
-0.065
-0.023
-0.0055
-0.0065
-0.023
-0.045
-0.065
-0.071
-0.073
-0.081
-0.088
-0.087
-0.073
-0.054
-0.038
-0.044
-0.057
-0.059
-0.069
-0.096
-0.12
-0.12
-0.11
-0.099
-0.076
-0.05
-0.022
-0.0041
-0.0022
-0.0035
-0.0046
-0.027
-0.062
-0.081
-0.078
-0.057
-0.035
-0.0085
0.012
-0.002
-0.027
-0.04
-0.023
-0.0065
-0.016
-0.025
-0.014
-0.0013
0.0095
0.02
0.016
0.0027
0.00011
0.019
0.052
0.061
0.019
-0.034
-0.046
-0.034
-0.028
-0.018
-0.012
-0.03
-0.046
-0.021
0.017
0.022
0.0066
-0.00026
-0.0012
0.0065
0.013
0.0092
0.021
0.037
0.033
0.016
-0.00026
-0.03
-0.074
-0.089
-0.064
-0.029
-0.013
0.0056
0.021
0.0023
-0.028
-0.046
-0.042
-0.025
-0.019
-0.0075
0.0076
0.0098
-0.0036
-0.014
-0.018
-0.0049
0.0079
0.01
0.015
0.00041
-0.0091
-0.013
-0.014
-0.0064
0.014
0.034
0.033
0.019
0.0088
0.0038
0.0046
0.015
0.029
0.034
0.02
-0.0062
-0.036
-0.055
-0.056
-0.049
-0.015
0.034
0.053
0.056
0.058
0.058
0.072
0.077
0.072
0.068
0.077
0.092
0.092
0.079
0.067
0.06
0.044
0.035
0.047
0.052
0.054
0.049
0.042
0.024
0.0021
0.0015
0.02
0.033
0.046
0.059
0.058
0.045
0.04
0.055
0.063
0.053
0.053
0.079
0.093
0.09
0.093
0.1
0.09
0.073
0.074
0.072
0.072
0.075
0.067
0.047
0.041
0.048
0.044
0.038
0.048
0.054
0.047
0.05
0.055
0.059
0.063
0.064
0.059
0.054
0.05
0.047
0.05
0.057
0.061
0.051
0.033
0.012
-0.0069
-0.0074
0.0019
0.012
0.015
0.0087
-0.015
-0.028
-0.029
-0.03
-0.027
-0.033
-0.043
-0.047
-0.042
-0.038
-0.046
-0.061
-0.073
-0.078
-0.078
-0.053
-0.033
-0.028
-0.026
-0.023
-0.015
-0.015
-0.035
-0.051
-0.036
-0.029
-0.041
-0.055
-0.07
-0.076
-0.087
-0.12
-0.14
-0.13
-0.1
-0.085
-0.081
-0.082
-0.075
-0.065
-0.056
-0.04
-0.029
-0.037
-0.061
-0.08
-0.1
-0.12
-0.12
-0.1
-0.1
-0.098
-0.076
-0.058
-0.045
-0.045
-0.06
-0.079
-0.093
-0.1
-0.11
-0.12
-0.11
-0.096
-0.073
-0.026
0.015
0.024
0.019
0.0078
-0.012
-0.039
-0.073
-0.11
-0.13
-0.13
-0.11
-0.091
-0.075
-0.056
-0.024
0.0026
0.0068
-0.008
-0.016
-0.024
-0.045
-0.069
-0.086
-0.089
-0.081
-0.06
-0.041
-0.032
-0.038
-0.065
-0.093
-0.095
-0.076
-0.042
-0.0022
0.02
0.0072
-0.016
-0.035
-0.031
-0.018
-0.015
-0.016
-0.025
-0.041
-0.058
-0.079
-0.1
-0.1
-0.078
-0.057
-0.046
-0.029
-0.0068
-0.014
-0.031
-0.041
-0.051
-0.057
-0.057
-0.067
-0.089
-0.11
-0.11
-0.11
-0.12
-0.12
-0.11
-0.077
-0.042
-0.01
-0.0031
-0.012
-0.011
-0.00041
0.0056
0.0057
0.0053
-0.018
-0.055
-0.071
-0.054
-0.035
-0.032
-0.028
-0.0098
0.014
0.024
0.022
0.014
0.021
0.045
0.063
0.072
0.084
0.097
0.1
0.1
0.1
0.1
0.11
0.099
0.082
0.067
0.076
0.094
0.1
0.11
0.12
0.12
0.11
0.11
0.12
0.12
0.1
0.096
0.09
0.073
0.073
0.095
0.13
0.15
0.15
0.14
0.14
0.13
0.12
0.11
0.11
0.13
0.13
0.12
0.12
0.13
0.13
0.14
0.14
0.13
0.13
0.13
0.11
0.086
0.066
0.058
0.068
0.09
0.11
0.11
0.092
0.081
0.081
0.073
0.066
0.075
0.083
0.084
0.07
0.062
0.063
0.061
0.052
0.035
0.023
0.031
0.049
0.061
0.074
0.076
0.064
0.061
0.062
0.065
0.072
0.06
0.031
0.0047
-0.0046
0.0017
0.0075
0.0005
0.00014
0.0015
-0.013
-0.022
-0.0098
0.012
0.017
0.0069
-0.015
-0.038
-0.054
-0.054
-0.047
-0.049
-0.06
-0.065
-0.062
-0.063
-0.072
-0.085
-0.095
-0.097
-0.094
-0.094
-0.096
-0.097
-0.098
-0.096
-0.092
-0.087
-0.08
-0.078
-0.077
-0.074
-0.069
-0.07
-0.077
-0.082
-0.082
-0.088
-0.1
-0.13
-0.15
-0.15
-0.12
-0.083
-0.062
-0.054
-0.051
-0.055
-0.074
-0.095
-0.11
-0.11
-0.084
-0.062
-0.049
-0.049
-0.057
-0.072
-0.075
-0.066
-0.059
-0.059
-0.051
-0.038
-0.044
-0.045
-0.034
-0.03
-0.035
-0.029
-0.012
0.0072
0.039
0.071
0.087
0.084
0.066
0.046
0.028
0.021
0.019
0.019
0.032
0.055
0.09
0.13
0.16
0.16
0.13
0.1
0.092
0.1
0.099
0.09
0.085
0.094
0.11
0.12
0.12
0.11
0.11
0.11
0.11
0.088
0.073
0.079
0.091
0.11
0.12
0.12
0.11
0.095
0.092
0.096
0.086
0.063
0.057
0.076
0.11
0.13
0.14
0.14
0.12
0.11
0.1
0.098
0.09
0.082
0.075
0.068
0.078
0.095
0.1
0.097
0.096
0.1
0.1
0.099
0.1
0.11
0.12
0.13
0.14
0.13
0.1
0.076
0.072
0.083
0.097
0.11
0.13
0.14
0.15
0.15
0.13
0.1
0.088
0.09
0.11
0.11
0.12
0.13
0.11
0.084
0.066
0.062
0.056
0.051
0.059
0.072
0.077
0.075
0.072
0.069
0.06
0.054
0.055
0.055
0.055
0.055
0.048
0.041
0.02
-0.0082
-0.024
-0.034
-0.017
0.02
0.049
0.053
0.046
0.031
0.021
0.019
0.014
0.017
0.021
0.022
0.03
0.042
0.049
0.043
0.022
0.0051
-0.0049
-0.023
-0.037
-0.033
-0.008
0.013
0.013
0.0074
0.0056
0.0024
-0.003
-0.0044
-0.0072
-0.015
-0.017
-0.0022
0.027
0.054
0.057
0.039
0.0086
-0.015
-0.018
-0.0085
0.0047
0.013
0.0038
-0.012
-0.012
-0.0075
-0.0093
-0.0074
0.0011
0.0035
-0.0072
-0.018
-0.018
-0.0049
0.012
0.029
0.037
0.032
0.024
0.022
0.024
0.021
0.021
0.021
0.026
0.029
0.039
0.053
0.056
0.058
0.051
0.044
0.045
0.061
0.082
0.088
0.082
0.072
0.066
0.057
0.053
0.055
0.068
0.083
0.085
0.074
0.068
0.065
0.056
0.057
0.072
0.088
0.099
0.11
0.11
0.1
0.093
0.094
0.083
0.07
0.073
0.082
0.088
0.093
0.093
0.084
0.081
0.083
0.087
0.084
0.064
0.04
0.029
0.036
0.056
0.08
0.09
0.084
0.075
0.074
0.083
0.093
0.1
0.1
0.084
0.079
0.081
0.075
0.069
0.063
0.053
0.054
0.059
0.059
0.05
0.034
0.02
0.026
0.038
0.046
0.053
0.055
0.049
0.03
0.0043
-0.025
-0.037
-0.024
0.0055
0.037
0.049
0.033
0.014
0.0097
0.0085
0.0081
0.0027
-0.0081
-0.021
-0.011
0.0089
0.007
1.5e-005
0.00063
0.00038
-0.0023
-0.0049
0.0017
0.02
0.036
0.037
0.02
-0.0075
-0.019
-0.02
-0.017
-0.018
-0.029
-0.036
-0.044
-0.052
-0.05
-0.036
-0.027
-0.023
-0.028
-0.028
-0.031
-0.034
-0.032
-0.024
-0.02
-0.038
-0.063
-0.075
-0.058
-0.036
-0.037
-0.05
-0.053
-0.055
-0.052
-0.053
-0.073
-0.091
-0.086
-0.087
-0.09
-0.073
-0.055
-0.047
-0.057
-0.069
-0.064
-0.072
-0.082
-0.07
-0.056
-0.047
-0.037
-0.031
-0.034
-0.043
-0.057
-0.074
-0.079
-0.065
-0.047
-0.036
-0.021
-0.014
-0.021
-0.024
-0.02
-0.014
-0.014
-0.019
-0.032
-0.049
-0.042
-0.013
-0.0092
-0.029
-0.044
-0.045
-0.039
-0.045
-0.062
-0.071
-0.05
-0.024
-0.028
-0.045
-0.056
-0.05
-0.046
-0.056
-0.062
-0.05
-0.032
-0.025
-0.014
-0.01
-0.01
-0.0094
-0.0021
0.0011
0.0063
0.011
0.016
0.019
0.018
0.032
0.053
0.065
0.051
0.027
0.01
0.0072
0.017
0.02
0.016
0.013
0.012
0.0029
-0.00066
0.011
0.015
0.021
0.024
0.019
0.018
0.028
0.027
0.012
0.016
0.027
0.025
0.022
0.025
0.025
0.016
0.016
0.023
0.021
0.018
0.018
0.015
-0.00029
-0.012
-0.014
-0.00041
0.022
0.041
0.052
0.058
0.055
0.027
-0.0018
-0.012
-0.015
-0.014
-0.0031
0.023
0.029
0.0081
-0.02
-0.032
-0.021
-0.014
-0.016
-0.027
-0.046
-0.055
-0.043
-0.028
-0.022
-0.026
-0.034
-0.037
-0.032
-0.029
-0.028
-0.031
-0.025
-0.0021
0.021
0.019
0.0032
-0.018
-0.03
-0.016
0.0016
0.0088
0.0051
-0.011
-0.035
-0.046
-0.037
-0.025
-0.01
-0.0029
0.0054
0.0083
0.0086
0.014
0.018
0.032
0.04
0.038
0.028
0.021
0.013
0.011
0.012
0.0062
0.0037
-0.0064
-0.017
-0.0041
0.017
0.024
0.016
0.014
0.0098
0.0064
0.0015
-0.0011
-0.003
-0.005
0.0038
0.019
0.026
0.018
0.004
-0.01
-0.021
-0.029
-0.023
-0.019
-0.03
-0.035
-0.033
-0.03
-0.021
-0.025
-0.027
-0.013
-0.017
-0.028
-0.027
-0.028
-0.036
-0.037
-0.036
-0.042
-0.06
-0.089
-0.12
-0.14
-0.13
-0.072
-0.011
0.023
0.03
0.021
0.016
-0.0028
-0.035
-0.051
-0.048
-0.04
-0.032
-0.02
-0.018
-0.02
-0.0073
0.009
0.023
0.028
0.014
0.0046
0.012
0.025
0.019
0.0048
0.0035
1.5e-005
0.0015
0.025
0.051
0.052
0.022
-0.014
-0.017
0.02
0.06
0.079
0.079
0.076
0.081
0.09
0.089
0.071
0.053
0.027
-0.0019
-0.011
0.013
0.047
0.064
0.058
0.04
0.031
0.025
0.016
0.0095
0.023
0.053
0.08
0.096
0.1
0.11
0.11
0.088
0.061
0.037
0.021
0.013
0.026
0.031
0.024
0.024
0.041
0.068
0.086
0.072
0.042
0.033
0.037
0.043
0.044
0.043
0.052
0.064
0.074
0.078
0.068
0.05
0.029
0.013
0.017
0.037
0.058
0.066
0.053
0.029
0.017
0.0062
-0.0051
-0.011
-0.014
-0.015
-0.027
-0.037
-0.027
-0.0048
0.014
0.023
0.031
0.032
0.038
0.043
0.057
0.065
0.057
0.046
0.021
-0.02
-0.041
-0.021
0.011
0.03
0.028
0.014
0.018
0.028
0.023
0.0047
0.0061
0.025
0.039
0.044
0.033
0.0043
-0.019
-0.012
-0.00014
0.012
0.013
-0.0056
-0.017
-0.0083
0.018
0.031
0.042
0.058
0.057
0.044
0.019
-0.00041
0.0053
0.025
0.03
0.033
0.036
0.032
0.029
0.016
0.0029
0.00093
0.0071
-0.00026
-0.027
-0.022
0.00032
0.0097
0.0038
-0.012
-0.037
-0.05
-0.042
-0.031
-0.021
-0.019
-0.026
-0.035
-0.034
-0.017
-0.00029
0.0094
0.0093
0.0005
0.00093
0.0068
0.0013
-0.0056
-0.0047
-0.011
-0.029
-0.043
-0.05
-0.044
-0.047
-0.057
-0.048
-0.023
-0.016
-0.02
-0.015
-0.014
-0.015
-0.0052
0.011
-0.002
-0.019
-0.01
0.00047
-0.011
-0.014
-0.0022
-0.017
-0.051
-0.06
-0.045
-0.021
-0.01
-0.016
-0.02
-0.02
-0.0095
0.01
0.024
0.033
0.042
0.035
0.025
0.033
0.039
0.034
0.026
0.027
0.03
0.03
0.03
0.022
0.012
0.02
0.037
0.043
0.057
0.084
0.1
0.094
0.082
0.083
0.087
0.075
0.051
0.038
0.029
0.022
0.024
0.015
-0.0024
-0.013
-0.011
-0.0033
0.0024
0.0011
-0.0092
-0.022
-0.023
-0.013
0.00069
0.0078
-0.0082
-0.025
-0.026
-0.037
-0.05
-0.053
-0.055
-0.064
-0.054
-0.017
0.014
0.039
0.053
0.043
0.027
0.0079
-0.025
-0.055
-0.065
-0.061
-0.045
-0.0076
0.036
0.059
0.056
0.037
0.0048
-0.027
-0.045
-0.071
-0.087
-0.063
-0.024
-0.015
-0.018
-0.017
-0.0079
0.0064
0.0094
0.0075
-0.003
-0.012
-0.025
-0.043
-0.052
-0.052
-0.037
-0.013
0.0069
0.0063
-0.008
-0.028
-0.034
-0.032
-0.047
-0.052
-0.039
-0.03
-0.028
-0.018
-0.0066
-0.0012
0.0032
-0.0028
-0.025
-0.048
-0.066
-0.066
-0.053
-0.037
-0.027
-0.02
-0.01
-0.0025
-0.016
-0.04
-0.05
-0.056
-0.052
-0.021
0.013
0.019
-0.0058
-0.031
-0.03
-0.012
-0.0068
-0.0094
-0.022
-0.039
-0.041
-0.036
-0.032
-0.028
-0.022
-0.023
-0.02
-0.018
-0.022
-0.036
-0.057
-0.061
-0.059
-0.065
-0.06
-0.038
-0.021
-0.017
-0.02
-0.037
-0.064
-0.089
-0.084
-0.05
-0.033
-0.043
-0.051
-0.059
-0.059
-0.066
-0.065
-0.036
-0.021
-0.023
-0.025
-0.024
-0.023
-0.038
-0.067
-0.08
-0.084
-0.081
-0.05
-0.03
-0.019
-0.0026
-0.0065
-0.012
0.0025
0.0034
-0.0029
-0.01
-0.019
-0.0087
0.0024
0.006
0.027
0.05
0.057
0.052
0.037
0.0065
-0.022
-0.044
-0.02
0.02
0.031
0.043
0.062
0.063
0.045
0.027
0.027
0.043
0.056
0.057
0.055
0.048
0.044
0.06
0.076
0.077
0.066
0.061
0.066
0.07
0.057
0.033
0.018
0.019
0.042
0.067
0.085
0.097
0.11
0.12
0.1
0.071
0.043
0.044
0.056
0.063
0.055
0.036
0.028
0.035
0.054
0.072
0.073
0.051
0.015
-0.03
-0.048
-0.029
0.01
0.065
0.11
0.14
0.14
0.071
-0.0035
-0.035
0.00096
0.048
0.052
0.032
0.01
-0.0033
0.012
0.045
0.066
0.09
0.12
0.093
0.021
-0.0094
-0.015
-0.0053
0.031
0.053
0.066
0.079
0.065
0.048
0.029
-0.0077
-0.031
-0.041
-0.035
0.0075
0.046
0.045
0.019
-0.0016
0.0022
0.053
0.11
0.12
0.086
0.05
0.016
-0.013
-0.034
-0.035
0.0019
0.055
0.072
0.039
-0.0053
-0.054
-0.077
-0.041
0.015
0.036
0.013
-0.01
-0.0036
0.0017
-0.024
-0.051
-0.042
-0.019
0.011
0.024
-0.0011
-0.039
-0.03
0.054
0.13
0.13
0.076
-0.0043
-0.074
-0.1
-0.087
-0.043
0.015
0.053
0.058
0.014
-0.067
-0.14
-0.13
-0.037
0.028
0.0034
-0.072
-0.12
-0.13
-0.089
-0.02
0.055
0.12
0.097
0.0045
-0.091
-0.14
-0.15
-0.15
-0.13
-0.068
-0.0033
0.035
0.018
-0.033
-0.057
-0.051
-0.026
-0.012
-0.066
-0.14
-0.14
-0.091
-0.066
-0.029
0.027
0.044
0.001
-0.075
-0.15
-0.17
-0.14
-0.083
-0.012
0.038
0.0066
-0.065
-0.1
-0.096
-0.077
-0.075
-0.096
-0.12
-0.15
-0.19
-0.17
-0.088
-0.033
-0.017
-0.045
-0.14
-0.24
-0.24
-0.16
-0.072
-0.053
-0.082
-0.076
-0.043
-0.062
-0.16
-0.3
-0.34
-0.26
-0.14
-0.095
-0.092
-0.072
-0.048
-0.056
-0.096
-0.14
-0.18
-0.22
-0.26
-0.28
-0.21
-0.082
0.012
0.016
-0.021
-0.0037
0.051
0.053
-0.073
-0.27
-0.38
-0.29
-0.12
-0.021
-0.016
0.0015
0.078
0.14
0.11
-0.013
-0.15
-0.22
-0.2
-0.14
-0.061
0.017
0.11
0.19
0.2
0.14
0.055
-0.025
-0.091
-0.14
-0.18
-0.2
-0.17
-0.079
0.036
0.16
0.24
0.23
0.12
-0.018
-0.13
-0.21
-0.21
-0.14
-0.017
0.094
0.16
0.17
0.17
0.13
0.058
-0.019
-0.07
-0.12
-0.15
-0.13
-0.042
0.042
0.1
0.14
0.12
0.061
0.0063
-0.024
-0.035
-0.045
-0.073
-0.08
-0.03
0.063
0.14
0.14
0.091
0.033
-0.0018
-0.013
-0.014
-0.028
-0.018
0.038
0.084
0.1
0.11
0.12
0.11
0.061
0.0097
0.003
0.043
0.087
0.099
0.1
0.14
0.18
0.16
0.1
0.057
0.056
0.1
0.14
0.11
0.056
0.031
0.062
0.11
0.14
0.13
0.098
0.057
0.049
0.089
0.13
0.14
0.12
0.068
0.011
-0.015
-0.013
-0.0014
-0.0082
-0.047
-0.08
-0.062
-0.026
-0.021
-0.034
-0.049
-0.06
-0.079
-0.099
-0.11
-0.088
-0.057
-0.054
-0.063
-0.061
-0.053
-0.046
-0.043
-0.049
-0.083
-0.14
-0.2
-0.21
-0.16
-0.063
0.011
0.0047
-0.043
-0.076
-0.071
-0.044
-0.024
-0.011
-0.0072
-0.0095
-0.014
-0.0086
-0.0015
-0.0048
-0.0094
-0.0054
0.025
0.052
0.028
-0.05
-0.11
-0.12
-0.077
-0.016
0.026
0.036
0.025
0.0011
-0.019
-0.024
-0.016
-0.0016
0.0017
0.0035
0.0022
-0.0022
0.0014
0.025
0.038
0.033
0.023
0.015
0.014
0.017
-0.019
-0.06
-0.025
0.046
0.11
0.13
0.13
0.11
0.079
0.072
0.1
0.14
0.13
0.061
-0.0019
-0.013
0.031
0.089
0.1
0.059
0.039
0.08
0.14
0.18
0.17
0.12
0.089
0.1
0.1
0.068
0.049
0.058
0.089
0.13
0.18
0.2
0.19
0.16
0.11
0.081
0.086
0.14
0.18
0.18
0.13
0.08
0.072
0.094
0.12
0.12
0.098
0.065
0.037
0.0092
0.0075
0.041
0.067
0.078
0.076
0.074
0.07
0.058
0.036
0.014
-0.02
-0.051
-0.05
-0.028
0.002
0.013
-0.012
-0.044
-0.054
-0.047
-0.055
-0.086
-0.11
-0.098
-0.047
-0.021
-0.036
-0.059
-0.057
-0.027
0.002
-0.0012
-0.04
-0.083
-0.1
-0.093
-0.071
-0.041
-0.011
0.00084
-0.0051
-0.024
-0.035
-0.027
-0.024
-0.04
-0.057
-0.05
-0.043
-0.061
-0.079
-0.073
-0.067
-0.058
-0.055
-0.079
-0.11
-0.13
-0.13
-0.12
-0.092
-0.055
-0.019
-0.012
-0.028
-0.05
-0.062
-0.051
-0.027
-0.019
-0.027
-0.034
-0.044
-0.05
-0.037
-0.0078
0.012
0.029
0.041
0.038
0.033
0.021
0.01
0.0078
0.014
0.03
0.056
0.067
0.058
0.046
0.034
0.025
0.024
0.039
0.052
0.06
0.069
0.075
0.074
0.069
0.074
0.077
0.075
0.07
0.064
0.056
0.061
0.078
0.096
0.11
0.11
0.098
0.07
0.044
0.042
0.058
0.09
0.13
0.14
0.11
0.069
0.044
0.043
0.062
0.081
0.1
0.12
0.13
0.12
0.096
0.071
0.054
0.068
0.11
0.13
0.12
0.11
0.091
0.087
0.11
0.13
0.14
0.16
0.16
0.13
0.093
0.067
0.069
0.086
0.1
0.11
0.11
0.12
0.13
0.13
0.13
0.13
0.13
0.12
0.11
0.083
0.051
0.05
0.076
0.097
0.12
0.14
0.12
0.069
0.048
0.064
0.08
0.086
0.092
0.09
0.073
0.048
0.023
0.03
0.073
0.11
0.12
0.11
0.075
0.049
0.042
0.042
0.052
0.076
0.11
0.13
0.12
0.078
0.029
-0.0053
-0.0072
0.013
0.038
0.045
0.037
0.037
0.048
0.052
0.036
0.012
-0.019
-0.034
-0.038
-0.041
-0.028
-0.013
-0.0052
0.0051
0.0055
-0.017
-0.036
-0.04
-0.041
-0.05
-0.057
-0.059
-0.064
-0.075
-0.088
-0.093
-0.084
-0.08
-0.095
-0.095
-0.067
-0.037
-0.038
-0.065
-0.083
-0.07
-0.06
-0.069
-0.088
-0.11
-0.12
-0.12
-0.13
-0.12
-0.093
-0.062
-0.035
-0.018
-0.027
-0.052
-0.074
-0.091
-0.093
-0.087
-0.089
-0.094
-0.074
-0.048
-0.041
-0.047
-0.057
-0.061
-0.055
-0.045
-0.035
-0.026
-0.025
-0.032
-0.014
0.021
0.048
0.045
0.022
0.0043
-0.0058
-0.0096
-0.017
-0.01
0.00084
-0.0061
-0.018
-0.0086
0.0072
0.012
0.022
0.038
0.056
0.054
0.033
0.018
0.014
0.016
0.034
0.058
0.061
0.055
0.05
0.078
0.11
0.094
0.022
-0.086
-0.17
-0.18
-0.13
-0.063
-0.016
-0.0048
-0.0056
0.0082
0.038
0.069
0.077
0.072
0.05
0.0085
-0.035
-0.058
-0.048
-0.018
0.00053
0.0092
0.012
0.015
0.032
0.057
0.096
0.11
0.071
0.022
0.013
0.044
0.064
0.044
-0.019
-0.09
-0.1
-0.034
-0.012
-0.028
-0.034
-0.029
0.0066
0.016
0.0052
0.0054
0.047
0.062
0.031
0.024
0.0054
-0.047
-0.087
-0.046
0.0061
0.015
0.028
0.0087
-0.046
-0.036
0.035
0.08
0.1
0.096
0.066
0.043
0.028
0.06
0.086
0.086
0.084
0.07
0.039
0.018
0.021
0.039
0.077
0.086
0.044
-0.0089
-0.024
0.0035
0.042
0.055
0.049
0.044
0.037
0.036
0.06
0.088
0.067
0.013
-0.019
-0.014
0.03
0.072
0.083
0.079
0.065
0.041
0.016
0.03
0.057
0.063
0.072
0.086
0.09
0.056
0.019
-0.0032
-0.012
-0.006
0.005
0.028
0.04
0.045
0.027
-0.0034
-0.00072
0.02
0.021
0.0014
-0.0072
0.01
0.034
0.046
0.031
-0.021
-0.089
-0.11
-0.081
-0.046
-0.022
-0.0036
0.0082
0.0026
0.0072
0.017
0.011
-0.0036
-0.012
-0.0066
0.0011
0.0055
-0.016
-0.069
-0.092
-0.063
-0.032
-0.023
-0.041
-0.064
-0.068
-0.045
-0.019
0.012
0.041
0.046
0.012
-0.042
-0.083
-0.087
-0.063
-0.028
-0.0022
-0.00044
0.0065
0.019
0.017
-0.0053
-0.048
-0.073
-0.058
-0.029
-0.013
-0.016
-0.032
-0.045
-0.043
-0.02
0.014
0.017
-0.0056
-0.0033
0.024
0.046
0.037
0.0071
-0.027
-0.038
-0.036
-0.022
0.0038
0.0054
-0.011
-0.026
-0.023
-0.0084
0.00032
-0.016
-0.041
-0.06
-0.057
-0.027
-0.0079
-0.012
-0.03
-0.044
-0.041
-0.037
-0.038
-0.039
-0.021
-0.01
-0.0083
-0.007
-0.02
-0.062
-0.099
-0.1
-0.083
-0.055
-0.041
-0.035
-0.029
-0.036
-0.059
-0.076
-0.084
-0.092
-0.08
-0.05
-0.027
-0.0093
-0.011
-0.031
-0.046
-0.059
-0.077
-0.097
-0.091
-0.073
-0.058
-0.049
-0.048
-0.039
-0.037
-0.033
-0.029
-0.03
-0.013
0.016
0.039
0.039
0.023
0.0054
-0.019
-0.046
-0.048
-0.037
-0.032
-0.027
-0.03
-0.046
-0.061
-0.054
-0.041
-0.027
-0.0037
0.033
0.088
0.13
0.13
0.1
0.071
0.051
0.038
0.035
0.047
0.055
0.047
0.041
0.046
0.043
0.026
0.011
0.0094
0.016
0.036
0.061
0.08
0.093
0.094
0.091
0.083
0.074
0.061
0.047
0.047
0.052
0.055
0.057
0.063
0.048
0.023
0.012
0.015
0.022
0.015
0.012
0.012
0.014
0.013
0.0099
0.018
0.027
0.031
0.031
0.034
0.026
0.01
1.5e-005
-0.0092
-0.022
-0.03
-0.04
-0.059
-0.068
-0.058
-0.042
-0.025
-0.0095
-7.6e-005
0.0051
0.0051
-0.0059
-0.03
-0.043
-0.04
-0.033
-0.015
0.0042
0.0015
-0.013
-0.019
-0.035
-0.056
-0.072
-0.072
-0.061
-0.043
-0.019
-0.0058
-0.021
-0.043
-0.043
-0.038
-0.046
-0.062
-0.054
-0.017
0.005
0.0035
0.0018
0.0058
-0.00047
-0.019
-0.024
-0.021
-0.019
-0.025
-0.03
-0.013
-0.0069
-0.014
-0.0068
0.0062
0.0038
-0.013
-0.011
0.0039
0.015
0.016
0.027
0.035
0.028
0.019
-1.5e-005
-0.0055
-0.0032
0.0074
0.036
0.052
0.032
0.0077
0.00038
0.006
0.046
0.078
0.076
0.072
0.084
0.088
0.083
0.077
0.066
0.048
0.035
0.041
0.049
0.047
0.053
0.058
0.054
0.034
0.013
-0.0057
-0.021
-0.019
-0.0072
0.021
0.045
0.046
0.021
0.0017
-0.0025
-0.00035
0.0065
0.01
0.00017
-0.022
-0.04
-0.038
-0.019
-0.00072
0.018
0.036
0.039
0.034
0.046
0.054
0.061
0.078
0.08
0.049
0.012
-0.011
-0.011
0.012
0.03
0.051
0.079
0.092
0.084
0.069
0.069
0.081
0.073
0.04
0.012
0.0023
0.0002
0.0058
0.034
0.086
0.12
0.11
0.09
0.063
0.037
0.04
0.065
0.076
0.069
0.061
0.062
0.074
0.091
0.1
0.091
0.071
0.042
0.0051
-0.01
0.003
0.026
0.052
0.068
0.045
0.0073
0.023
0.077
0.1
0.097
0.071
0.029
-0.0059
-0.02
-0.018
0.0035
0.03
0.03
0.015
0.015
0.0071
-0.0036
0.00038
0.022
0.052
0.05
0.021
-0.018
-0.036
-0.03
-0.017
-0.012
-0.02
-0.021
-0.023
-0.02
-0.024
-0.031
-0.036
-0.045
-0.057
-0.063
-0.045
-0.017
-0.012
-0.033
-0.056
-0.084
-0.12
-0.13
-0.1
-0.077
-0.068
-0.064
-0.081
-0.11
-0.12
-0.11
-0.077
-0.058
-0.057
-0.062
-0.059
-0.05
-0.066
-0.08
-0.082
-0.089
-0.095
-0.079
-0.049
-0.023
0.0064
0.032
0.034
0.012
-0.016
-0.031
-0.042
-0.043
-0.041
-0.038
-0.028
-0.03
-0.045
-0.054
-0.055
-0.064
-0.059
-0.04
-0.041
-0.056
-0.057
-0.037
-0.02
-0.014
-0.01
-0.02
-0.049
-0.077
-0.073
-0.041
-0.0052
-0.008
-0.025
-0.039
-0.068
-0.093
-0.089
-0.07
-0.07
-0.075
-0.066
-0.061
-0.055
-0.043
-0.019
0.003
0.015
0.0045
-0.024
-0.029
-0.018
-0.01
-0.0065
0.0082
0.021
0.016
0.0035
-0.011
-0.0088
-0.005
-0.01
-0.015
-0.016
-0.0016
0.019
0.039
0.045
0.035
0.011
0.0041
0.02
0.041
0.047
0.025
0.0011
0.0022
0.02
0.024
0.012
0.0071
0.016
0.019
0.019
0.033
0.042
0.028
0.016
0.00066
-0.0048
0.0041
0.0032
-0.0025
0.0071
0.025
0.025
0.019
0.019
0.016
0.0046
0.0006
0.0089
0.015
0.0077
-0.01
-0.035
-0.042
-0.023
-0.0088
-0.012
-0.017
-0.02
-0.023
-0.02
-0.02
-0.0052
0.001
-0.0061
-0.0084
-0.0028
0.005
0.0026
-0.015
-0.025
-0.0095
0.016
0.025
0.021
0.0069
-0.0088
-0.031
-0.038
-0.031
-0.04
-0.051
-0.03
0.017
0.027
0.0079
-0.015
-0.027
-0.041
-0.067
-0.074
-0.032
0.023
0.015
-0.0087
-0.046
-0.082
-0.081
-0.048
-0.028
-0.032
-0.038
-0.04
-0.031
-0.025
-0.0047
-0.0036
-0.063
-0.13
-0.15
-0.12
-0.095
-0.05
0.0071
0.019
-0.008
-0.035
-0.053
-0.08
-0.071
-0.05
-0.048
-0.039
-0.017
0.0096
0.014
0.0063
0.0031
-0.002
-0.017
-0.025
-0.029
-0.035
-0.021
-0.00066
0.015
0.023
0.032
0.048
0.054
0.037
0.012
0.017
0.018
0.01
-0.0025
-0.021
0.013
0.074
0.078
0.038
0.023
0.04
0.079
0.12
0.11
0.086
0.049
0.021
0.02
0.028
0.045
0.053
0.05
0.017
-0.02
-0.03
-0.014
-0.012
-0.015
0.024
0.079
0.1
0.086
0.066
0.048
0.032
0.031
0.028
0.018
0.0039
0.0053
0.035
0.055
0.044
0.035
0.052
0.05
0.021
0.027
0.075
0.095
0.063
0.04
0.043
0.052
0.062
0.071
0.062
0.04
0.016
0.012
0.04
0.053
0.035
0.028
0.04
0.061
0.065
0.051
0.026
0.008
0.0062
0.0011
-0.003
0.012
0.056
0.089
0.089
0.053
0.014
-0.0043
0.0026
0.021
0.027
0.033
0.035
0.034
0.04
0.048
0.026
-0.016
-0.024
-0.0051
-0.0061
-0.027
-0.031
-0.019
-0.0042
0.0059
0.0054
-0.0044
-0.0076
-0.0074
-0.021
-0.038
-0.044
-0.05
-0.052
-0.041
-0.02
-0.002
0.0033
0.019
0.038
0.033
0.018
0.018
0.017
0.0074
0.0016
0.00066
0.016
0.041
0.059
0.077
0.082
0.08
0.072
0.058
0.043
0.035
0.041
0.056
0.071
0.086
0.098
0.097
0.081
0.065
0.056
0.055
0.056
0.05
0.045
0.042
0.036
0.039
0.056
0.062
0.058
0.04
0.016
-0.001
-0.024
-0.047
-0.039
-0.0092
0.0091
0.025
0.027
0.012
-0.0014
-0.011
-0.0077
0.0058
0.016
0.00096
-0.0096
0.0037
0.011
-0.0013
-0.013
-0.0083
-0.0056
-0.0028
-0.0025
-0.0086
-0.0062
0.011
0.036
0.055
0.068
0.067
0.061
0.043
0.025
0.03
0.054
0.084
0.098
0.099
0.096
0.089
0.078
0.073
0.076
0.077
0.082
0.084
0.088
0.093
0.082
0.076
0.09
0.089
0.086
0.095
0.099
0.084
0.068
0.068
0.086
0.1
0.094
0.084
0.083
0.095
0.11
0.11
0.098
0.092
0.077
0.046
0.027
0.02
0.028
0.025
0.017
0.022
0.039
0.068
0.095
0.11
0.1
0.084
0.058
0.008
-0.04
-0.041
-0.0015
0.038
0.061
0.076
0.08
0.075
0.063
0.046
0.036
0.03
0.012
-0.0079
-0.022
-0.019
0.011
0.042
0.055
0.056
0.054
0.036
0.012
0.0023
-0.017
-0.047
-0.063
-0.055
-0.042
-0.022
0.0068
0.023
0.019
0.012
0.0096
0.0064
-0.01
-0.049
-0.072
-0.062
-0.044
-0.024
0.00011
0.028
0.039
0.031
0.022
0.016
-0.0058
-0.055
-0.077
-0.067
-0.041
-0.0088
0.01
0.0063
-0.011
-0.011
-0.0047
-0.016
-0.026
-0.02
0.0034
0.031
0.05
0.031
-0.016
-0.04
-0.049
-0.044
-0.028
-0.02
-0.027
-0.022
0.00011
0.013
0.0034
-0.02
-0.033
-0.042
-0.044
-0.028
-0.0082
-0.0071
-0.015
-0.025
-0.035
-0.038
-0.035
-0.03
-0.023
-0.025
-0.034
-0.043
-0.053
-0.068
-0.089
-0.12
-0.13
-0.12
-0.1
-0.09
-0.087
-0.086
-0.078
-0.079
-0.094
-0.11
-0.11
-0.1
-0.11
-0.12
-0.12
-0.11
-0.11
-0.097
-0.063
-0.055
-0.074
-0.099
-0.099
-0.086
-0.085
-0.087
-0.071
-0.053
-0.049
-0.04
-0.026
-0.015
-0.022
-0.049
-0.073
-0.088
-0.089
-0.041
0.054
0.09
0.016
-0.085
-0.098
-0.025
0.051
0.058
-0.0018
-0.044
-0.067
-0.076
-0.063
-0.027
0.0025
-0.0071
-0.033
-0.049
-0.023
0.025
0.049
0.032
-0.0012
-0.026
-0.047
-0.056
-0.038
0.0077
0.055
0.087
0.11
0.068
-0.027
-0.086
-0.1
-0.062
0.032
0.088
0.08
0.041
-0.0074
-0.024
-0.011
-0.0079
-0.021
-0.053
-0.079
-0.089
-0.084
-0.068
-0.043
-0.012
0.0082
0.014
-0.0018
-0.024
-0.029
-0.012
0.0055
0.027
0.048
0.022
-0.035
-0.094
-0.12
-0.089
-0.0085
0.068
0.077
0.014
-0.054
-0.058
-0.0094
0.052
0.1
0.13
0.12
0.088
0.045
0.018
0.029
0.064
0.096
0.13
0.12
0.078
0.046
0.069
0.11
0.12
0.1
0.085
0.088
0.1
0.1
0.1
0.11
0.11
0.071
0.04
0.023
0.019
0.036
0.061
0.076
0.078
0.063
0.049
0.05
0.059
0.057
0.058
0.061
0.062
0.046
0.026
0.0044
-0.024
-0.055
-0.081
-0.08
-0.063
-0.023
0.035
0.065
0.06
0.043
0.032
0.026
0.035
0.052
0.039
-0.0026
-0.022
-0.022
-0.027
-0.0074
0.024
0.035
0.027
0.022
0.028
0.035
0.037
0.01
-0.034
-0.05
-0.032
0.0018
0.03
0.04
0.037
0.036
0.033
0.018
0.0018
-0.019
-0.031
-0.031
-0.023
-0.0064
0.0071
0.034
0.056
0.048
0.025
7.6e-005
-0.028
-0.054
-0.066
-0.053
-0.022
-0.0011
-0.0032
-0.0073
-0.014
-0.019
-0.015
0.00017
0.0014
-0.026
-0.059
-0.076
-0.091
-0.11
-0.11
-0.12
-0.14
-0.15
-0.16
-0.15
-0.13
-0.12
-0.11
-0.078
-0.06
-0.052
-0.066
-0.091
-0.096
-0.11
-0.12
-0.11
-0.11
-0.11
-0.11
-0.095
-0.089
-0.093
-0.087
-0.071
-0.064
-0.05
-0.025
0.0071
0.035
0.049
0.05
0.044
0.033
0.011
-0.0087
-0.021
-0.027
-0.022
-0.013
0.0076
0.032
0.049
0.059
0.061
0.059
0.057
0.066
0.081
0.091
0.086
0.072
0.071
0.052
0.042
0.046
0.037
0.036
0.048
0.05
0.037
0.031
0.039
0.062
0.076
0.075
0.069
0.048
0.014
-0.007
-0.0029
0.0072
0.015
0.02
0.028
0.039
0.03
0.018
0.015
0.026
0.043
0.049
0.059
0.063
0.058
0.051
0.048
0.055
0.065
0.073
0.078
0.08
0.079
0.071
0.075
0.085
0.096
0.096
0.086
0.081
0.073
0.061
0.081
0.12
0.13
0.13
0.11
0.09
0.042
0.014
0.013
0.027
0.062
0.083
0.088
0.083
0.071
0.043
0.019
0.017
0.031
0.047
0.054
0.058
0.039
0.0036
-0.024
-0.031
-0.027
-0.024
-0.027
-0.037
-0.045
-0.04
-0.024
-0.00087
-0.0011
-0.028
-0.052
-0.047
-0.025
-0.012
-0.0085
0.0061
0.015
0.0048
-0.01
-0.037
-0.075
-0.08
-0.063
-0.055
-0.038
-0.0096
0.0051
0.007
-0.00047
-0.024
-0.039
-0.04
-0.046
-0.058
-0.055
-0.054
-0.074
-0.079
-0.081
-0.076
-0.056
-0.045
-0.03
-0.014
-0.02
-0.032
-0.039
-0.029
-0.014
-0.012
-0.011
-0.0044
-0.011
-0.01
0.0017
0.0012
-0.00044
0.022
0.034
0.022
0.0087
0.009
0.023
0.045
0.056
0.064
0.076
0.08
0.086
0.094
0.094
0.078
0.077
0.077
0.05
0.02
0.026
0.044
0.042
0.05
0.072
0.091
0.095
0.1
0.12
0.11
0.099
0.089
0.081
0.05
0.018
0.014
0.022
0.032
0.056
0.072
0.067
0.069
0.068
0.045
0.019
-0.005
-0.028
-0.047
-0.048
-0.032
-0.0057
0.02
0.04
0.06
0.065
0.049
0.022
0.016
0.016
0.027
0.033
0.039
0.043
0.038
0.03
0.037
0.053
0.059
0.062
0.071
0.063
0.041
0.014
0.025
0.057
0.051
0.048
0.036
0.011
0.017
0.046
0.043
0.022
0.015
0.03
0.037
0.021
0.025
0.051
0.072
0.085
0.082
0.075
0.083
0.081
0.066
0.058
0.053
0.067
0.087
0.075
0.067
0.074
0.083
0.098
0.12
0.1
0.092
0.1
0.1
0.1
0.081
0.065
0.083
0.099
0.1
0.091
0.074
0.062
0.077
0.086
0.093
0.077
0.023
0.0091
0.024
0.032
0.05
0.045
0.02
0.00063
-0.022
-0.032
-0.021
0.0034
0.016
-0.0064
-0.041
-0.061
-0.025
0.029
0.023
-0.0055
-0.016
-0.0039
0.0043
-0.013
-0.035
-0.036
-0.019
-0.012
-0.024
-0.026
-0.0093
0.012
-0.0018
-0.018
-0.033
-0.08
-0.14
-0.16
-0.12
-0.062
-0.038
-0.038
-0.045
-0.063
-0.086
-0.092
-0.11
-0.11
-0.076
-0.047
-0.037
-0.019
-0.014
-0.017
-0.0088
-0.015
-0.036
-0.048
-0.035
0.0048
0.018
-0.013
-0.037
-0.019
0.0072
0.021
0.024
0.0086
0.0087
0.02
0.014
0.02
0.032
0.03
0.021
0.018
0.024
0.043
0.043
0.021
0.014
0.012
0.028
0.052
0.045
0.011
-0.0017
0.015
0.035
0.025
-0.0025
-0.025
-0.036
-0.048
-0.034
-0.008
0.001
-0.015
-0.018
0.015
0.047
0.041
-7.6e-005
-0.038
-0.049
-0.044
-0.037
-0.035
-0.028
-0.022
-0.0091
0.018
0.035
0.024
-0.0052
-0.032
-0.036
-0.019
0.0053
0.019
0.019
0.018
0.016
0.024
0.037
0.04
0.035
0.036
0.064
0.1
0.13
0.13
0.096
0.048
0.01
-0.014
-0.015
0.0045
0.025
0.055
0.078
0.081
0.067
0.032
-0.0062
-0.029
-0.041
-0.044
-0.054
-0.062
-0.058
-0.055
-0.05
-0.032
-0.013
-0.0071
-0.0071
-0.023
-0.043
-0.069
-0.1
-0.11
-0.085
-0.061
-0.058
-0.068
-0.073
-0.047
-0.023
-0.026
-0.051
-0.086
-0.11
-0.11
-0.099
-0.073
-0.026
0.012
0.011
-0.013
-0.042
-0.08
-0.13
-0.15
-0.15
-0.14
-0.1
-0.07
-0.072
-0.097
-0.11
-0.11
-0.094
-0.077
-0.062
-0.037
-0.022
-0.038
-0.065
-0.085
-0.077
-0.05
-0.036
-0.052
-0.072
-0.071
-0.045
-0.014
-0.022
-0.042
-0.045
-0.042
-0.038
-0.023
-0.011
-0.016
-0.023
-0.043
-0.065
-0.073
-0.075
-0.073
-0.051
-0.028
-0.032
-0.052
-0.066
-0.077
-0.084
-0.083
-0.071
-0.035
-0.0026
0.014
0.02
0.015
0.0051
-0.0048
-0.019
-0.054
-0.079
-0.072
-0.046
-0.02
-0.0096
-0.0062
-0.0074
0.0079
0.025
0.023
0.0055
-0.015
-0.029
-0.046
-0.067
-0.064
-0.041
-0.022
-0.017
-0.028
-0.054
-0.1
-0.14
-0.15
-0.12
-0.073
-0.037
-0.012
-0.0043
-0.00041
-0.0078
-0.027
-0.064
-0.088
-0.074
-0.044
-0.023
-0.023
-0.036
-0.056
-0.068
-0.073
-0.077
-0.08
-0.075
-0.051
-0.029
-0.021
-0.026
-0.033
-0.055
-0.076
-0.073
-0.05
-0.023
-0.0025
0.0049
0.0011
-0.02
-0.054
-0.071
-0.061
-0.04
-0.012
0.023
0.052
0.051
0.019
-0.0037
-0.015
-0.032
-0.031
0.0029
0.038
0.05
0.057
0.057
0.065
0.066
0.051
0.046
0.05
0.058
0.064
0.076
0.089
0.084
0.057
0.026
0.0064
0.0069
0.012
0.015
0.033
0.049
0.038
0.034
0.045
0.056
0.061
0.058
0.046
0.04
0.045
0.058
0.066
0.055
0.042
0.044
0.048
0.043
0.041
0.042
0.035
0.026
0.026
0.034
0.05
0.061
0.07
0.063
0.042
0.034
0.042
0.05
0.047
0.036
0.043
0.075
0.088
0.071
0.066
0.075
0.083
0.087
0.087
0.083
0.082
0.089
0.095
0.096
0.1
0.11
0.1
0.094
0.098
0.11
0.11
0.11
0.1
0.09
0.083
0.081
0.085
0.093
0.1
0.12
0.12
0.11
0.11
0.12
0.12
0.14
0.15
0.15
0.13
0.12
0.13
0.15
0.16
0.15
0.13
0.13
0.13
0.12
0.12
0.14
0.14
0.13
0.13
0.11
0.11
0.12
0.14
0.16
0.17
0.16
0.14
0.12
0.091
0.059
0.042
0.045
0.071
0.11
0.15
0.17
0.17
0.14
0.087
0.051
0.036
0.034
0.053
0.073
0.063
0.04
0.029
0.032
0.031
0.026
0.021
0.025
0.036
0.042
0.037
0.0086
-0.026
-0.033
-0.017
-0.00053
0.0061
-0.01
-0.038
-0.058
-0.053
-0.038
-0.041
-0.045
-0.025
-0.016
-0.032
-0.047
-0.052
-0.022
0.0067
-0.003
-0.027
-0.035
-0.035
-0.048
-0.062
-0.056
-0.033
-0.01
-0.011
-0.045
-0.091
-0.11
-0.12
-0.099
-0.069
-0.047
-0.037
-0.035
-0.063
-0.11
-0.13
-0.14
-0.14
-0.12
-0.11
-0.11
-0.1
-0.09
-0.078
-0.077
-0.089
-0.12
-0.16
-0.17
-0.16
-0.14
-0.13
-0.1
-0.093
-0.1
-0.11
-0.12
-0.13
-0.13
-0.14
-0.13
-0.11
-0.1
-0.091
-0.092
-0.095
-0.088
-0.078
-0.064
-0.039
-0.025
-0.054
-0.086
-0.1
-0.12
-0.13
-0.13
-0.11
-0.088
-0.08
-0.09
-0.1
-0.12
-0.15
-0.19
-0.23
-0.26
-0.26
-0.25
-0.24
-0.24
-0.29
-0.33
-0.29
-0.22
-0.16
-0.13
-0.16
-0.17
-0.1
-0.037
-0.014
-0.022
-0.045
-0.059
-0.038
-0.013
-0.0042
0.0027
0.022
0.07
0.16
0.21
0.17
0.14
0.18
0.22
0.21
0.22
0.26
0.29
0.27
0.24
0.25
0.27
0.28
0.24
0.2
0.18
0.2
0.22
0.19
0.12
0.087
0.11
0.13
0.13
0.12
0.12
0.14
0.15
0.16
0.16
0.13
0.094
0.087
0.097
0.12
0.13
0.13
0.12
0.1
0.07
0.025
-0.019
-0.051
-0.066
-0.074
-0.071
-0.061
-0.063
-0.076
-0.097
-0.12
-0.13
-0.13
-0.12
-0.1
-0.11
-0.16
-0.21
-0.24
-0.24
-0.24
-0.25
-0.25
-0.26
-0.26
-0.23
-0.2
-0.18
-0.18
-0.18
-0.16
-0.12
-0.094
-0.1
-0.12
-0.12
-0.11
-0.11
-0.12
-0.14
-0.14
-0.11
-0.08
-0.083
-0.11
-0.14
-0.15
-0.13
-0.099
-0.07
-0.043
-0.018
-0.0064
-0.012
-0.044
-0.096
-0.12
-0.11
-0.089
-0.066
-0.047
-0.043
-0.053
-0.079
-0.095
-0.088
-0.081
-0.096
-0.12
-0.13
-0.12
-0.082
-0.047
-0.029
-0.028
-0.055
-0.11
-0.16
-0.19
-0.2
-0.18
-0.13
-0.11
-0.12
-0.14
-0.15
-0.15
-0.11
-0.083
-0.084
-0.11
-0.14
-0.15
-0.14
-0.12
-0.093
-0.077
-0.068
-0.066
-0.066
-0.05
-0.014
0.012
0.011
0.0076
0.0026
-0.0063
-0.01
-0.013
-0.025
-0.049
-0.075
-0.086
-0.056
-0.024
-0.0084
0.015
0.039
0.049
0.044
0.044
0.049
0.062
0.074
0.089
0.11
0.11
0.12
0.1
0.09
0.074
0.053
0.037
0.021
0.0099
0.0033
0.0042
0.0041
0.0038
-0.012
-0.021
7.6e-005
0.029
0.057
0.08
0.088
0.084
0.082
0.076
0.069
0.07
0.086
0.11
0.11
0.099
0.078
0.06
0.056
0.046
0.018
-0.013
-0.037
-0.039
-0.0098
0.026
0.028
0.0099
0.012
0.036
0.049
0.053
0.06
0.065
0.063
0.056
0.05
0.052
0.064
0.069
0.061
0.047
0.028
0.013
0.0037
-0.0074
-0.014
-0.0048
-0.00041
-0.0028
0.0046
0.004
-0.004
-0.012
-0.017
-0.014
-0.0039
-0.0018
0.0027
0.014
0.022
0.018
0.013
0.018
0.009
-0.017
-0.037
-0.039
-0.043
-0.043
-0.033
-0.019
-0.0084
-0.0085
-0.007
-0.0067
-0.024
-0.043
-0.03
0.0025
0.035
0.052
0.046
0.023
0.0095
0.024
0.035
0.033
0.036
0.044
0.042
0.043
0.05
0.046
0.044
0.037
0.023
0.018
0.025
0.036
0.042
0.042
0.027
0.014
0.0062
-0.0028
-0.0056
0.0047
0.019
0.024
0.015
0.0002
-0.013
-0.024
-0.028
-0.032
-0.03
-0.025
-0.017
-0.009
-0.013
-0.037
-0.056
-0.045
-0.038
-0.039
-0.022
-0.0027
0.0069
0.0061
-0.0079
-0.018
-0.033
-0.047
-0.042
-0.031
-0.023
-0.023
-0.026
-0.026
-0.026
-0.035
-0.047
-0.042
-0.03
-0.018
-0.0058
0.0082
0.011
0.0074
0.0063
0.015
0.018
0.012
0.017
0.024
0.024
0.021
0.033
0.046
0.049
0.05
0.05
0.058
0.061
0.056
0.059
0.071
0.084
0.087
0.078
0.085
0.092
0.1
0.11
0.11
0.11
0.1
0.095
0.1
0.13
0.15
0.16
0.16
0.16
0.14
0.13
0.13
0.13
0.15
0.16
0.17
0.18
0.18
0.17
0.17
0.18
0.2
0.22
0.25
0.25
0.23
0.22
0.21
0.21
0.21
0.2
0.21
0.24
0.26
0.24
0.2
0.17
0.17
0.17
0.16
0.15
0.16
0.17
0.17
0.17
0.15
0.13
0.12
0.12
0.12
0.13
0.15
0.14
0.094
0.051
0.023
0.0065
-0.0049
-0.01
0.00026
0.033
0.076
0.088
0.045
-0.026
-0.083
-0.1
-0.079
-0.046
-0.027
-0.031
-0.059
-0.091
-0.11
-0.11
-0.12
-0.13
-0.13
-0.12
-0.092
-0.075
-0.063
-0.063
-0.07
-0.077
-0.077
-0.069
-0.063
-0.057
-0.044
-0.045
-0.073
-0.099
-0.11
-0.12
-0.12
-0.11
-0.091
-0.068
-0.051
-0.041
-0.032
-0.027
-0.022
-0.0083
0.0065
0.018
0.038
0.078
0.12
0.14
0.13
0.089
0.053
0.048
0.076
0.12
0.15
0.16
0.14
0.12
0.12
0.13
0.14
0.14
0.11
0.097
0.1
0.12
0.14
0.16
0.14
0.11
0.085
0.06
0.044
0.05
0.09
0.15
0.18
0.18
0.21
0.2
0.12
0.032
-0.06
-0.018
0.13
0.23
0.25
0.21
0.17
0.15
0.096
0.088
0.14
0.2
0.25
0.26
0.2
0.14
0.14
0.15
0.11
0.1
0.15
0.25
0.32
0.28
0.21
0.12
0.098
0.18
0.24
0.25
0.24
0.23
0.22
0.2
0.2
0.22
0.17
0.077
0.015
0.032
0.088
0.13
0.16
0.16
0.14
0.078
0.022
0.032
0.087
0.12
0.13
0.13
0.099
0.07
0.073
0.091
0.11
0.13
0.14
0.11
0.053
0.013
0.017
0.043
0.082
0.11
0.097
0.044
-0.02
-0.023
0.034
0.064
0.014
-0.092
-0.19
-0.2
-0.15
-0.072
-0.0051
0.029
0.025
-0.017
-0.056
-0.081
-0.11
-0.12
-0.094
-0.042
0.013
0.054
0.056
0.038
0.014
-0.019
-0.039
-0.047
-0.04
-0.018
0.0072
0.014
-0.016
-0.07
-0.1
-0.067
0.013
0.063
0.031
-0.06
-0.14
-0.15
-0.11
-0.082
-0.08
-0.085
