-0.0046
0.0033
-0.0085
-0.015
-0.0088
-0.0043
-0.012
-0.034
-0.034
-0.0064
-0.0012
-0.019
-0.025
-0.0095
-0.0013
-0.0069
-0.021
-0.016
-0.018
-0.023
-0.017
-0.012
-0.01
0.0024
-4.6e-005
-0.02
-0.018
-0.0077
-0.02
-0.042
-0.033
-0.0096
-0.024
-0.038
-0.01
0.0057
-0.014
-0.028
-0.03
-0.035
-0.034
-0.02
-0.00014
0.0071
-0.0006
0.001
0.011
-0.019
-0.052
-0.018
-0.0029
-0.032
-0.0079
0.034
0.026
0.0037
0.013
0.01
-0.044
-0.065
-0.018
0.027
0.00053
-0.038
-0.0089
0.037
0.039
-0.0066
-0.025
-0.0054
0.0032
-0.0095
0.025
0.07
0.045
-0.016
-0.041
-0.025
-0.015
-0.018
-0.013
-0.013
-0.0056
0.014
0.023
0.0006
-0.01
0.026
0.028
-0.0028
-0.012
-0.0041
-0.0053
0.0034
0.0025
-0.027
-0.045
-0.045
-0.031
-0.037
-0.04
0.0013
0.031
0.023
0.018
-0.0068
-0.02
0.0071
0.026
0.017
-0.0014
-0.011
-0.0025
-0.00035
0.0062
0.0025
-0.023
-0.0079
0.018
0.014
0.0038
0.0055
0.0067
0.0061
0.026
0.048
0.011
-0.024
0.0025
0.026
0.0022
-0.02
-0.0081
0.017
0.019
-0.0068
-0.02
0.0095
0.047
0.042
0.0079
-0.0049
0.02
0.027
0.0052
0.0037
0.021
0.014
-0.014
-0.021
-0.00081
0.02
0.0095
-0.0093
-0.015
-0.0016
0.0075
-0.0019
0.0043
0.025
0.029
0.011
0.0091
0.014
-0.0071
-0.013
0.012
0.039
0.035
0.01
0.012
0.029
0.032
0.027
0.034
0.038
0.06
0.075
0.064
0.048
0.043
0.036
0.01
-0.012
0.0027
0.016
0.014
0.017
0.012
-0.015
-0.014
0.019
0.04
0.04
0.018
0.01
0.017
0.011
0.0015
0.0088
0.022
0.013
-0.0057
-0.0051
0.0052
0.016
0.039
0.041
0.025
0.016
0.0088
0.013
0.027
0.029
0.041
0.044
0.037
0.03
0.0024
-0.021
-0.007
0.008
0.02
0.018
-0.0042
-0.018
-0.014
0.0052
0.024
0.034
0.014
-0.0094
0.0073
0.029
0.01
0.0012
0.019
0.011
-0.015
-0.0022
0.044
0.061
0.034
0.024
0.024
0.013
0.014
0.024
0.051
0.07
0.062
0.052
0.054
0.056
0.05
0.052
0.042
0.016
0.016
0.049
0.058
0.042
0.037
0.03
0.014
0.0099
-0.0017
0.0013
0.021
0.049
0.048
0.03
0.013
-0.00011
-0.0048
0.0016
0.015
0.0048
0.0077
0.018
0.0085
-0.0035
-0.0014
-0.0038
-0.019
-0.033
-0.029
-0.019
-0.009
-0.0038
-0.013
-0.035
-0.037
-0.025
-0.03
-0.038
-0.036
-0.025
-0.009
-0.0022
-0.02
-0.034
-0.03
-0.018
-0.0094
-0.0094
-0.006
-0.00093
0.0021
0.0088
0.01
-0.0032
-0.0066
0.0093
0.019
0.009
-0.0023
0.0082
0.045
0.053
0.038
0.0086
0.0073
0.022
0.025
0.023
0.026
0.033
0.026
0.021
0.021
0.023
0.0079
-0.0029
0.0037
0.013
0.019
0.014
4.6e-005
-0.01
-0.02
-0.014
0.0045
0.014
0.0062
-0.013
-0.032
-0.04
-0.038
-0.031
-0.021
-0.015
-0.006
-0.0043
-0.0051
-0.0087
-0.018
-0.026
-0.03
-0.03
-0.023
-0.01
-0.0022
0.00066
-0.0045
-0.012
-0.023
-0.033
-0.015
0.0099
0.014
0.013
0.014
0.023
0.02
0.018
0.018
0.019
0.0098
0.0069
0.024
0.045
0.061
0.051
0.038
0.035
0.041
0.043
0.03
0.018
0.027
0.036
0.027
0.021
0.018
0.013
0.019
0.02
0.01
0.009
0.03
0.046
0.029
0.0017
-0.013
-0.002
0.0071
0.002
0.0041
0.015
0.014
0.0091
0.006
-0.0043
-0.012
-0.0083
-0.0023
0.0044
-0.00081
-0.0044
0.0047
0.0092
0.0046
-0.0029
0.0006
0.0049
0.0015
-0.0031
0.018
0.032
0.032
0.025
0.017
0.018
0.026
0.035
0.032
0.025
0.022
0.014
0.021
0.038
0.036
0.02
0.018
0.036
0.054
0.051
0.03
0.016
0.011
0.0075
0.0056
0.021
0.05
0.058
0.047
0.041
0.039
0.032
0.046
0.063
0.069
0.076
0.081
0.071
0.049
0.045
0.066
0.082
0.087
0.088
0.09
0.088
0.085
0.098
0.11
0.12
0.11
0.093
0.088
0.11
0.13
0.16
0.19
0.18
0.15
0.13
0.13
0.13
0.15
0.17
0.18
0.19
0.2
0.2
0.19
0.2
0.23
0.24
0.22
0.21
0.21
0.21
0.21
0.22
0.2
0.2
0.19
0.19
0.2
0.21
0.21
0.22
0.21
0.18
0.15
0.15
0.16
0.16
0.14
0.11
0.071
0.043
0.04
0.043
0.023
-0.01
-0.023
-0.037
-0.05
-0.064
-0.078
-0.11
-0.14
-0.15
-0.14
-0.13
-0.13
-0.13
-0.12
-0.14
-0.16
-0.16
-0.15
-0.14
-0.13
-0.12
-0.11
-0.1
-0.093
-0.082
-0.079
-0.069
-0.063
-0.057
-0.043
-0.026
-0.015
-0.018
-0.026
-0.043
-0.046
-0.044
-0.037
-0.023
-0.004
0.012
0.017
0.016
0.016
0.019
0.025
0.035
0.067
0.087
0.079
0.028
-0.093
-0.26
-0.42
-0.48
-0.43
-0.33
-0.24
-0.15
-0.02
0.11
0.16
0.12
0.015
-0.083
-0.13
-0.11
-0.076
-0.036
0.016
0.061
0.088
0.098
0.1
0.11
0.11
0.088
0.058
0.05
0.032
-0.054
-0.18
-0.28
-0.34
-0.37
-0.4
-0.39
-0.33
-0.25
-0.17
-0.12
-0.12
-0.16
-0.2
-0.22
-0.23
-0.23
-0.2
-0.13
-0.07
-0.046
-0.076
-0.14
-0.18
-0.21
-0.25
-0.26
-0.23
-0.2
-0.17
-0.15
-0.11
-0.072
-0.053
-0.064
-0.081
-0.088
-0.084
-0.08
-0.067
-0.045
-0.027
-0.00053
0.036
0.073
0.087
0.09
0.1
0.1
0.084
0.057
0.0071
-0.036
-0.07
-0.092
-0.1
-0.1
-0.1
-0.08
-0.041
-0.0061
0.02
0.033
0.03
0.0068
-0.01
-0.009
-0.019
-0.032
-0.036
-0.053
-0.079
-0.11
-0.12
-0.13
-0.14
-0.15
-0.15
-0.14
-0.15
-0.15
-0.15
-0.13
-0.1
-0.086
-0.068
-0.037
-0.0052
0.0069
0.017
0.035
0.043
0.052
0.069
0.067
0.046
0.032
0.021
-0.01
-0.044
-0.067
-0.073
-0.07
-0.075
-0.096
-0.12
-0.12
-0.088
-0.053
-0.026
-0.031
-0.053
-0.052
-0.027
-0.002
0.0075
0.026
0.059
0.072
0.063
0.068
0.094
0.14
0.15
0.14
0.13
0.12
0.11
0.11
0.089
0.073
0.062
0.041
0.025
0.032
0.039
0.028
0.036
0.057
0.047
0.014
-0.0094
-0.0065
0.00029
0.0022
0.014
0.018
0.011
-0.0039
-0.023
-0.04
-0.037
-0.019
0.0027
0.035
0.054
0.054
0.057
0.064
0.059
0.06
0.063
0.056
0.048
0.052
0.063
0.065
0.064
0.054
0.049
0.052
0.051
0.063
0.087
0.11
0.12
0.12
0.13
0.13
0.12
0.12
0.13
0.12
0.099
0.087
0.08
0.076
0.058
0.04
0.031
0.021
0.0079
-0.002
0.0021
0.0088
0.011
0.00093
0.0046
0.027
0.047
0.066
0.078
0.078
0.089
0.12
0.13
0.11
0.088
0.076
0.082
0.075
0.078
0.11
0.11
0.077
0.03
-0.015
-0.035
-0.03
-0.015
-0.0025
-0.0086
-0.033
-0.043
-0.027
-0.0024
0.0054
-0.0012
0.0064
0.018
0.018
-0.0047
-0.013
-0.016
-0.02
-0.029
-0.038
-0.035
-0.03
-0.03
-0.048
-0.059
-0.066
-0.085
-0.11
-0.11
-0.1
-0.1
-0.088
-0.07
-0.061
-0.068
-0.081
-0.083
-0.089
-0.087
-0.077
-0.064
-0.04
-0.0069
0.013
0.0028
-0.0072
-0.026
-0.036
-0.026
-0.024
-0.016
-0.0095
-0.013
-0.03
-0.034
-0.035
-0.047
-0.035
-0.021
-0.024
-0.021
-0.0024
0.02
0.026
0.03
0.039
0.042
0.038
0.046
0.049
0.058
0.082
0.093
0.077
0.059
0.062
0.065
0.059
0.053
0.047
0.052
0.068
0.076
0.064
0.061
0.076
0.082
0.08
0.08
0.087
0.099
0.11
0.098
0.08
0.066
0.057
0.044
0.032
0.029
0.023
0.02
0.024
0.025
0.026
0.032
0.048
0.075
0.082
0.073
0.065
0.069
0.068
0.054
0.028
0.016
0.021
0.017
0.014
0.0076
0.0061
0.01
0.017
0.024
0.034
0.038
0.028
0.025
0.033
0.035
0.039
0.042
0.035
0.025
0.029
0.036
0.032
0.032
0.036
0.028
0.024
0.04
0.049
0.052
0.059
0.072
0.082
0.082
0.071
0.054
0.053
0.043
0.034
0.044
0.064
0.073
0.066
0.043
0.018
0.0057
0.017
0.027
0.036
0.038
0.036
0.023
0.0065
0.0063
0.0038
0.0022
0.0071
0.022
0.034
0.057
0.092
0.12
0.11
0.079
0.038
-0.00072
-0.0055
0.013
0.013
0.0041
0.015
0.0099
-0.027
-0.056
-0.071
-0.066
-0.041
-0.031
-0.015
0.022
0.031
0.018
0.0061
-0.0011
0.0044
0.02
0.024
0.0081
-0.015
-0.03
-0.029
-0.031
-0.039
-0.054
-0.078
-0.09
-0.092
-0.091
-0.079
-0.043
-0.022
-0.022
-0.043
-0.051
-0.029
-0.014
-0.021
-0.024
-0.017
-0.018
-0.024
-0.036
-0.029
-0.022
-0.032
-0.039
-0.021
0.0093
0.022
0.0067
-0.012
-0.018
-0.025
-0.019
0.017
0.054
0.057
0.043
0.027
0.004
-0.0058
-0.00011
-0.0028
-0.028
-0.057
-0.055
-0.034
-0.0071
0.016
0.019
0.02
0.021
0.016
0.011
0.017
0.016
0.019
0.014
-0.009
-0.025
-0.02
-0.013
-0.012
-0.018
-0.016
-0.023
-0.034
-0.041
-0.039
-0.039
-0.039
-0.026
-0.016
-0.0021
0.0069
0.0065
-0.0058
-0.019
-0.018
-0.023
-0.038
-0.046
-0.051
-0.056
-0.051
-0.043
-0.043
-0.035
-0.041
-0.059
-0.054
-0.022
0.0032
0.022
0.036
0.031
0.035
0.05
0.055
0.055
0.039
0.0051
-0.0082
0.0057
0.023
0.029
0.026
0.029
0.05
0.062
0.055
0.054
0.052
0.053
0.058
0.065
0.065
0.062
0.049
0.044
0.052
0.051
0.037
0.033
0.042
0.045
0.05
0.046
0.044
0.042
0.025
0.011
0.016
0.035
0.043
0.054
0.081
0.084
0.051
0.026
0.011
-0.0027
0.01
0.034
0.042
0.037
0.044
0.049
0.035
0.012
-0.019
-0.036
-0.044
-0.05
-0.043
-0.023
-0.014
-0.026
-0.034
-0.038
-0.038
-0.03
-0.019
-0.014
-0.022
-0.034
-0.038
-0.044
-0.038
-0.041
-0.046
-0.061
-0.067
-0.062
-0.047
-0.038
-0.041
-0.05
-0.061
-0.073
-0.085
-0.088
-0.079
-0.072
-0.063
-0.045
-0.033
-0.054
-0.081
-0.083
-0.068
-0.051
-0.045
-0.047
-0.045
-0.036
-0.035
-0.058
-0.084
-0.078
-0.052
-0.036
-0.021
-0.0059
0.005
0.004
-0.0015
-0.0094
-0.0033
0.0064
0.01
0.018
0.022
0.021
0.024
0.023
0.018
0.016
-0.0056
-0.012
-0.0022
0.017
0.015
0.0094
0.014
0.025
0.044
0.063
0.061
0.04
0.034
0.039
0.024
0.0026
0.0065
0.0055
0.0039
0.018
0.033
0.064
0.082
0.078
0.067
0.046
0.018
-0.0052
-0.015
-0.012
-0.0032
-0.0029
0.0014
0.0063
0.0027
-0.015
-0.064
-0.098
-0.083
-0.041
-0.0076
0.02
0.039
0.022
-0.0036
-0.027
-0.054
-0.054
-0.037
-0.037
-0.044
-0.038
-0.031
-0.021
-0.011
-0.003
0.02
0.023
0.016
0.006
0.02
0.057
0.082
0.081
0.063
0.04
0.012
0.009
0.025
0.049
0.067
0.059
0.043
0.029
0.026
0.034
0.053
0.069
0.084
0.12
0.14
0.15
0.13
0.087
0.044
0.0044
-0.0096
0.023
0.05
0.042
0.042
0.042
0.04
0.052
0.063
0.058
0.039
0.0091
0.0069
0.03
0.057
0.069
0.063
0.048
0.035
0.023
0.019
0.024
0.023
0.03
0.029
0.034
0.042
0.039
0.013
-0.0026
-0.0011
0.0022
0.016
0.028
0.042
0.033
0.0039
-0.0044
0.0079
0.018
0.014
0.019
0.0054
-0.014
-0.029
-0.038
-0.018
0.016
0.039
0.019
-0.027
-0.06
-0.05
-0.014
0.02
0.036
0.028
0.016
0.0043
-0.0059
-0.011
-0.01
-0.0061
0.00029
0.01
0.022
0.024
0.022
-0.011
-0.056
-0.093
-0.1
-0.081
-0.056
-0.035
-0.019
0.013
0.049
0.082
0.099
0.095
0.086
0.079
0.067
0.051
0.037
0.036
0.047
0.056
0.066
0.084
0.083
0.066
0.065
0.074
0.075
0.088
0.095
0.08
0.052
0.027
0.034
0.05
0.048
0.043
0.046
0.048
0.058
0.069
0.066
0.058
0.034
-0.0015
-0.043
-0.091
-0.12
-0.1
-0.079
-0.058
-0.044
-0.023
-0.0039
0.0022
-0.0015
-0.012
-0.019
-0.018
-0.011
-0.02
-0.014
0.00053
-0.0043
-0.021
-0.029
-0.025
-0.027
-0.015
0.025
0.052
0.058
0.061
0.064
0.053
0.034
0.014
0.01
0.021
0.039
0.063
0.065
0.043
0.02
0.032
0.039
0.034
0.019
-0.0056
-0.028
-0.048
-0.037
-0.0092
0.0076
-0.0098
-0.0082
0.0058
-0.012
-0.023
-0.033
-0.045
-0.041
-0.032
-0.023
-0.034
-0.062
-0.082
-0.075
-0.065
-0.041
-0.0076
0.011
0.0044
-0.027
-0.041
-0.036
-0.033
-0.035
-0.043
-0.037
-0.032
-0.046
-0.059
-0.044
-0.038
-0.046
-0.042
-0.032
-0.027
-0.0098
0.021
0.039
0.041
0.024
0.0057
-0.0087
-0.031
-0.04
-0.019
0.0063
0.033
0.078
0.084
0.04
0.015
0.009
0.0058
0.019
0.022
0.014
-0.0031
-0.013
0.0031
0.014
0.02
0.036
0.043
0.028
0.017
-0.0011
-0.019
-0.036
-0.033
-0.0081
-0.0028
-0.029
-0.047
-0.029
0.0088
0.032
0.027
0.0062
-0.002
0.011
0.031
0.05
0.056
0.045
0.034
0.038
0.044
0.054
0.047
0.042
0.029
0.0097
0.0013
-0.0094
-0.00087
0.023
0.039
0.037
0.019
-0.004
-0.018
-0.026
-0.041
-0.052
-0.05
-0.028
-0.005
-0.0071
-0.019
-0.046
-0.08
-0.083
-0.071
-0.067
-0.075
-0.071
-0.061
-0.043
-0.05
-0.079
-0.085
-0.073
-0.059
-0.033
0.00081
0.019
0.01
-0.0092
-0.041
-0.064
-0.06
-0.061
-0.078
-0.073
-0.056
-0.038
-0.021
-0.033
-0.047
-0.051
-0.049
-0.036
-0.031
-0.013
-0.0012
0.0025
0.004
-0.0021
-0.015
-0.018
-0.011
-0.006
-0.0026
0.0081
0.015
0.014
-0.00023
-0.017
-0.019
0.0036
0.023
0.023
0.022
0.021
0.042
0.073
0.092
0.077
0.05
0.021
-0.0021
-0.012
0.002
0.021
0.016
0.021
0.03
0.026
0.025
0.031
0.043
0.043
0.035
0.035
0.039
0.039
0.02
-0.0026
-0.0043
-0.012
-0.028
-0.035
-0.044
-0.042
-0.027
-0.0043
0.016
0.011
-0.0064
-0.02
-0.029
-0.037
-0.036
-0.017
0.0078
0.02
0.019
0.0099
-0.012
-0.046
-0.066
-0.061
-0.029
-0.00044
0.022
0.051
0.065
0.056
0.035
0.024
0.0035
-0.012
-0.015
-0.024
-0.028
-0.015
0.012
0.034
0.061
0.078
0.081
0.074
0.055
0.033
1.5e-005
-0.0076
0.0002
0.013
0.04
0.062
0.09
0.11
0.13
0.12
0.1
0.076
0.044
0.033
0.037
0.047
0.053
0.052
0.05
0.047
0.021
0.0038
0.0074
0.018
0.043
0.064
0.065
0.051
0.028
0.031
0.05
0.05
0.044
0.037
0.0099
-0.0066
0.0089
0.011
0.0036
0.017
0.044
0.046
0.036
0.021
0.013
0.012
-0.0025
-0.0063
-0.0021
0.015
0.02
0.0093
0.015
0.02
0.02
0.012
-0.004
-0.034
-0.07
-0.077
-0.068
-0.057
-0.033
-0.01
0.0067
0.017
0.013
0.0067
0.013
0.019
0.0099
-0.008
-0.027
-0.059
-0.097
-0.1
-0.077
-0.048
-0.027
-0.021
-0.019
-0.016
-0.003
-0.012
-0.039
-0.064
-0.071
-0.072
-0.068
-0.059
-0.052
-0.026
-0.00014
0.0037
-0.026
-0.083
-0.12
-0.12
-0.075
-0.045
-0.041
-0.04
-0.04
-0.034
-0.0089
0.027
0.036
0.012
-0.025
-0.06
-0.091
-0.1
-0.1
-0.11
-0.11
-0.097
-0.062
-0.025
0.0099
0.041
0.057
0.047
-0.00038
-0.042
-0.048
-0.026
-0.0012
0.012
0.0042
-0.027
-0.061
-0.067
-0.057
-0.05
-0.058
-0.059
-0.045
-0.016
0.018
0.031
0.028
0.019
0.014
-0.0021
-0.041
-0.072
-0.062
-0.022
0.0043
0.017
0.012
0.0064
0.01
0.013
0.0095
-0.014
-0.036
-0.045
-0.046
-0.034
-0.008
0.028
0.073
0.098
0.091
0.063
0.037
0.02
-0.0073
-0.028
-0.01
0.03
0.064
0.072
0.088
0.12
0.13
0.11
0.083
0.069
0.066
0.058
0.042
0.027
0.036
0.06
0.097
0.13
0.13
0.12
0.1
0.096
0.074
0.036
0.027
0.049
0.066
0.088
0.11
0.12
0.099
0.064
0.032
0.019
0.025
0.04
0.056
0.061
0.07
0.092
0.11
0.11
0.12
0.13
0.13
0.12
0.089
0.052
0.037
0.053
0.091
0.13
0.14
0.14
0.13
0.12
0.11
0.094
0.085
0.078
0.084
0.098
0.11
0.091
0.072
0.045
0.0044
-0.012
-0.022
-0.014
0.0066
0.016
0.017
0.028
0.044
0.054
0.058
0.057
0.046
0.012
-0.012
-0.014
-0.022
-0.014
0.012
0.027
0.021
0.019
0.026
0.022
0.014
0.008
0.00047
-0.018
-0.02
-0.0012
0.025
0.06
0.082
0.088
0.078
0.05
0.0077
-0.0085
0.00056
-0.0075
-0.011
-0.0045
0.0082
0.025
0.049
0.062
0.051
0.036
0.0063
-0.005
0.00078
0.0083
0.018
0.018
0.02
0.01
0.0087
0.01
0.0032
-0.0074
-0.018
-0.017
-0.034
-0.051
-0.053
-0.056
-0.053
-0.039
-0.0046
0.011
0.01
0.013
0.0018
-0.024
-0.044
-0.044
-0.046
-0.042
-0.027
-0.017
-0.003
0.017
0.022
-0.0048
-0.046
-0.077
-0.076
-0.048
-0.013
0.012
0.02
-0.0025
-0.028
-0.02
0.016
0.044
0.049
0.029
0.0029
-0.015
-0.0011
0.018
0.015
-0.013
-0.024
-0.03
-0.047
-0.05
-0.054
-0.051
-0.048
-0.033
-0.016
-0.015
-0.021
-0.0071
0.027
0.026
-0.0022
-0.022
-0.038
-0.048
-0.05
-0.041
-0.036
-0.027
-0.0047
0.0064
-0.0042
-0.028
-0.043
-0.045
-0.057
-0.094
-0.12
-0.094
-0.052
-0.018
-0.017
-0.023
-0.027
-0.023
-0.043
-0.079
-0.086
-0.077
-0.077
-0.082
-0.077
-0.063
-0.045
-0.012
0.012
0.011
-0.013
-0.041
-0.062
-0.064
-0.048
-0.033
-0.012
0.004
-0.0026
-0.031
-0.045
-0.044
-0.042
-0.032
-0.035
-0.05
-0.06
-0.066
-0.066
-0.066
-0.061
-0.054
-0.052
-0.071
-0.084
-0.074
-0.063
-0.057
-0.043
-0.031
-0.044
-0.083
-0.11
-0.1
-0.083
-0.074
-0.062
-0.058
-0.057
-0.052
-0.048
-0.041
-0.031
-0.025
-0.019
-0.019
-0.032
-0.04
-0.044
-0.052
-0.05
-0.038
-0.033
-0.029
-0.028
-0.031
-0.039
-0.055
-0.055
-0.039
-0.028
-0.018
0.0013
0.024
0.036
0.031
0.032
0.028
0.014
0.00035
-0.015
-0.044
-0.057
-0.034
-0.0079
0.0088
0.02
0.022
-0.0049
-0.039
-0.045
-0.034
-0.011
0.011
0.025
0.032
0.018
-0.0079
-0.023
-0.013
-0.015
-0.024
-0.011
0.0038
0.0023
-0.0013
0.0066
0.021
0.033
0.045
0.045
0.039
0.022
0.0051
-0.002
0.0028
0.0061
0.012
0.00038
-0.0065
-0.0069
0.003
0.026
0.031
0.0057
-0.014
-0.012
-0.015
-0.03
-0.037
-0.035
-0.033
-0.014
0.016
0.0087
-0.018
-0.044
-0.062
-0.069
-0.072
-0.068
-0.052
-0.041
-0.032
-0.031
-0.032
-0.025
-0.0082
-0.011
-0.039
-0.075
-0.075
-0.032
-0.017
-0.025
-0.042
-0.068
-0.068
-0.048
-0.028
-0.02
-0.016
0.00026
0.0083
0.0028
-0.0059
-0.0049
-0.0022
0.0066
0.0098
0.0028
-0.021
-0.029
0.0013
0.04
0.067
0.064
0.05
0.04
0.022
0.014
0.021
0.028
0.023
0.033
0.054
0.06
0.063
0.07
0.075
0.068
0.06
0.062
0.066
0.061
0.06
0.078
0.11
0.12
0.12
0.11
0.082
0.068
0.089
0.11
0.12
0.12
0.11
0.096
0.1
0.12
0.12
0.098
0.085
0.087
0.096
0.11
0.1
0.082
0.061
0.046
0.055
0.088
0.13
0.16
0.19
0.19
0.17
0.14
0.088
0.034
0.024
0.053
0.099
0.15
0.19
0.19
0.17
0.14
0.13
0.11
0.1
0.078
0.052
0.052
0.076
0.097
0.12
0.13
0.14
0.13
0.11
0.067
0.031
0.032
0.034
0.027
0.021
0.023
0.05
0.093
0.12
0.12
0.095
0.052
0.023
-0.013
-0.038
-0.02
0.014
0.054
0.076
0.072
0.068
0.068
0.069
0.066
0.039
-0.0016
-0.032
-0.047
-0.036
0.0022
0.037
0.062
0.058
0.014
-0.045
-0.076
-0.083
-0.081
-0.063
-0.039
-0.029
-0.022
-0.02
-0.033
-0.048
-0.059
-0.066
-0.071
-0.084
-0.11
-0.12
-0.096
-0.07
-0.072
-0.095
-0.1
-0.089
-0.079
-0.081
-0.1
-0.11
-0.11
-0.094
-0.089
-0.1
-0.098
-0.079
-0.068
-0.073
-0.087
-0.098
-0.11
-0.13
-0.14
-0.12
-0.086
-0.065
-0.045
-0.02
-0.015
-0.036
-0.057
-0.076
-0.11
-0.13
-0.13
-0.11
-0.089
-0.062
-0.041
-0.04
-0.057
-0.07
-0.059
-0.05
-0.069
-0.094
-0.1
-0.076
-0.035
0.015
0.045
0.039
0.0036
-0.038
-0.051
-0.024
0.0099
0.021
0.018
0.015
0.025
0.046
0.054
0.052
0.041
0.031
0.027
0.033
0.03
0.019
0.022
0.038
0.042
0.036
0.033
0.036
0.051
0.052
0.045
0.047
0.035
0.014
0.0084
0.025
0.036
0.027
0.034
0.035
0.018
0.00072
-0.00096
-0.00081
0.0044
0.0097
0.018
0.021
0.015
0.016
0.02
0.025
0.016
-0.017
-0.022
-0.0094
0.00044
0.0096
0.0094
0.0085
0.017
0.017
-0.0055
-0.033
-0.056
-0.064
-0.057
-0.036
-0.007
0.014
0.03
0.029
0.022
0.025
0.039
0.046
0.049
0.056
0.062
0.063
0.055
0.057
0.066
0.071
0.078
0.089
0.082
0.069
0.066
0.059
0.042
0.053
0.076
0.081
0.083
0.086
0.084
0.083
0.087
0.072
0.049
0.044
0.062
0.076
0.06
0.052
0.056
0.055
0.053
0.031
-0.008
-0.024
-0.01
0.0098
0.034
0.043
0.02
-0.0028
-0.01
0.0002
0.024
0.036
0.021
0.0081
0.0075
0.0083
0.014
0.026
0.024
0.024
0.024
0.012
0.0023
-0.013
-0.055
-0.086
-0.069
-0.029
0.0093
0.019
0.0056
-0.0027
0.0047
0.0095
-0.025
-0.1
-0.15
-0.15
-0.078
-0.011
0.02
0.038
0.051
0.069
0.059
0.019
-0.026
-0.078
-0.1
-0.08
-0.041
-0.004
0.028
0.036
0.051
0.079
0.088
0.073
0.025
-0.032
-0.069
-0.069
-0.021
0.017
0.016
0.012
0.035
0.074
0.11
0.11
0.073
0.021
-0.02
-0.038
-0.024
0.008
0.045
0.075
0.094
0.1
0.1
0.095
0.075
0.032
-0.027
-0.067
-0.076
-0.067
-0.037
0.012
0.051
0.061
0.045
0.0032
-0.029
-0.036
-0.035
-0.051
-0.063
-0.039
-0.0049
0.0033
-0.011
-0.027
-0.051
-0.045
-0.018
-0.003
0.0042
-0.0065
-0.025
-0.039
-0.057
-0.061
-0.041
-0.0097
0.018
0.037
0.04
0.023
0.0049
0.026
0.071
0.1
0.12
0.1
0.056
0.031
0.0065
-0.0052
0.014
0.031
0.033
0.037
0.039
0.045
0.054
0.069
0.092
0.085
0.069
0.059
0.05
0.066
0.089
0.043
-0.048
-0.11
-0.12
0.019
0.21
0.3
0.23
0.05
-0.095
-0.14
-0.11
-0.031
0.024
0.029
-0.0072
-0.04
-0.071
-0.094
-0.086
-0.03
-0.01
-0.068
-0.12
-0.12
-0.045
0.0051
0.0075
0.0044
-0.0086
-0.043
-0.079
-0.085
-0.072
-0.076
-0.084
-0.077
-0.068
-0.036
-0.00017
-0.0077
-0.05
-0.08
-0.095
-0.11
-0.1
-0.063
-0.0056
0.016
-0.0055
-0.028
-0.014
0.015
0.029
0.021
0.0084
0.00078
-0.0024
0.0051
0.018
0.044
0.071
0.076
0.066
0.069
0.094
0.12
0.12
0.11
0.09
0.053
0.019
0.035
0.086
0.14
0.16
0.16
0.14
0.091
0.066
0.064
0.072
0.073
0.08
0.09
0.097
0.13
0.15
0.17
0.14
0.092
0.061
0.035
0.031
0.048
0.071
0.076
0.069
0.068
0.072
0.076
0.087
0.085
0.056
0.026
0.0058
0.026
0.062
0.083
0.085
0.089
0.091
0.08
0.054
0.013
0.0022
0.021
0.043
0.065
0.059
0.044
0.043
0.045
0.042
0.016
-0.024
-0.049
-0.05
-0.03
-0.0057
-0.012
-0.026
-0.022
-0.0053
0.022
0.032
0.01
-0.0089
-0.015
-0.0082
0.007
0.031
0.022
-0.0015
-0.007
-0.0013
0.0031
-0.011
-0.039
-0.041
-0.0099
0.0092
0.022
0.028
0.04
0.081
0.11
0.13
0.13
0.074
0.011
-0.028
-0.03
-0.0067
0.033
0.089
0.13
0.14
0.13
0.098
0.057
0.035
0.028
0.026
0.036
0.047
0.056
0.073
0.089
0.11
0.13
0.12
0.075
0.029
0.0054
0.0051
0.024
0.054
0.086
0.12
0.14
0.16
0.14
0.096
0.054
0.014
-0.018
-0.038
-0.038
-0.029
-0.015
0.0018
0.017
0.044
0.062
0.046
-0.005
-0.056
-0.085
-0.095
-0.082
-0.062
-0.052
-0.056
-0.038
-0.0083
-0.012
-0.051
-0.094
-0.13
-0.16
-0.15
-0.11
-0.081
-0.043
-0.023
-0.013
-0.018
-0.038
-0.081
-0.13
-0.15
-0.15
-0.12
-0.066
-0.039
-0.033
-0.026
-0.019
-0.019
-0.033
-0.062
-0.093
-0.1
-0.091
-0.077
-0.069
-0.054
-0.043
-0.047
-0.068
-0.08
-0.07
-0.059
-0.057
-0.062
-0.06
-0.058
-0.055
-0.054
-0.044
-0.029
-0.018
-0.018
-0.0066
0.0093
-0.0089
-0.037
-0.042
-0.038
-0.026
-0.0098
0.00096
0.00075
-0.016
-0.027
-0.029
-0.028
-0.023
-0.0012
0.0045
-0.0095
-0.018
-0.023
-0.014
0.0029
-0.0016
-0.014
-0.023
-0.019
-0.014
-0.0021
0.016
0.033
0.039
0.033
0.022
0.003
-0.0089
-0.026
-0.031
-0.015
0.017
0.044
0.052
0.044
0.021
0.016
0.011
0.014
0.018
0.009
0.0096
0.013
0.011
0.011
0.026
0.038
0.05
0.044
0.029
0.011
-0.0036
0.0041
0.019
0.037
0.04
0.043
0.059
0.063
0.079
0.086
0.063
0.023
0.0028
-0.0035
0.0038
0.04
0.075
0.083
0.087
0.091
0.086
0.077
0.067
0.061
0.056
0.05
0.06
0.081
0.095
0.11
0.094
0.056
0.035
0.048
0.069
0.081
0.092
0.094
0.1
0.11
0.11
0.12
0.12
0.1
0.09
0.08
0.078
0.085
0.089
0.093
0.092
0.085
0.077
0.058
0.039
0.039
0.03
0.018
0.02
0.031
0.035
0.026
0.01
0.0018
0.0087
0.023
0.032
0.032
0.022
0.0091
-0.013
-0.029
-0.021
0.0016
0.017
0.0073
-0.0056
-0.0059
-0.0024
-0.0077
-0.023
-0.037
-0.041
-0.025
0.005
0.013
-0.00072
-0.0076
-0.011
-0.014
-0.018
-0.017
-0.033
-0.056
-0.064
-0.079
-0.092
-0.085
-0.053
-0.028
-0.02
-0.021
-0.025
-0.025
-0.035
-0.028
-0.016
-0.018
-0.016
-0.021
-0.064
-0.12
-0.14
-0.11
-0.048
0.028
0.078
0.082
0.044
-0.013
-0.044
-0.046
-0.032
-0.032
-0.049
-0.066
-0.054
-0.0047
0.041
0.058
0.043
0.0091
-0.038
-0.079
-0.099
-0.085
-0.061
-0.056
-0.054
-0.037
-0.011
0.014
0.035
0.0098
-0.038
-0.079
-0.11
-0.13
-0.11
-0.062
-0.032
-0.011
-0.0022
-0.015
-0.034
-0.048
-0.048
-0.057
-0.074
-0.096
-0.1
-0.089
-0.05
-0.011
0.0016
-0.016
-0.065
-0.1
-0.11
-0.1
-0.083
-0.061
-0.049
-0.055
-0.043
-0.011
-0.0018
-0.015
-0.031
-0.033
-0.042
-0.053
-0.055
-0.052
-0.04
-0.028
-0.022
0.00038
0.026
0.02
0.015
0.0031
-0.03
-0.046
-0.044
-0.023
0.00084
0.017
0.014
0.0017
0.00026
-0.012
-0.0053
0.017
0.013
-0.015
-0.037
-0.038
-0.035
-0.0021
0.031
0.038
0.025
0.0054
-0.024
-0.048
-0.047
-0.034
-0.0012
0.024
0.032
0.023
0.013
0.0013
-0.005
-0.0022
-0.0014
-0.0086
-0.017
-0.013
-0.0039
-0.00041
-0.0024
-0.015
-0.026
-0.025
-0.035
-0.051
-0.033
0.0053
0.0056
-0.0099
-0.0084
0.016
0.058
0.073
0.059
0.029
0.00035
-0.013
-0.0025
0.019
0.041
0.047
0.04
0.046
0.045
0.036
0.046
0.065
0.055
0.016
-0.026
-0.058
-0.058
-0.037
-0.0012
0.029
0.033
0.027
0.012
-0.0098
-0.023
-0.03
-0.028
-0.014
0.0045
0.028
0.033
0.022
0.0083
-0.0077
-0.013
-0.02
-0.042
-0.076
-0.09
-0.068
-0.041
-0.021
-0.0023
-0.0015
-0.0065
-0.014
-0.025
-0.027
-0.014
0.0066
0.02
0.026
0.023
0.017
-0.0021
-0.011
-0.0058
0.0036
0.023
0.032
0.031
0.0062
-0.019
-0.016
-0.004
0.015
0.027
0.034
0.029
0.012
-0.016
-0.024
0.00011
0.0033
-0.012
-0.023
-0.02
-0.014
-0.0075
0.0013
-0.0022
-0.011
-0.011
-0.014
-0.024
-0.029
-0.034
-0.022
0.0034
0.021
0.015
-0.0023
-0.013
-0.0095
-0.0018
-0.0011
-0.017
-0.033
-0.029
-0.026
-0.019
-0.015
-0.019
-0.027
-0.043
-0.046
-0.03
-0.025
-0.039
-0.046
-0.044
-0.038
-0.035
-0.034
-0.028
-0.026
-0.036
-0.043
-0.048
-0.061
-0.052
-0.036
-0.029
-0.013
0.015
0.048
0.085
0.11
0.099
0.07
0.01
-0.057
-0.079
-0.036
0.031
0.083
0.13
0.16
0.14
0.087
0.042
0.021
0.0056
-0.011
-0.018
0.0013
0.025
0.057
0.096
0.11
0.11
0.097
0.058
0.032
0.026
0.012
-0.0056
-0.003
0.022
0.068
0.098
0.093
0.079
0.054
0.043
0.027
0.0073
0.004
0.0016
-0.00023
-0.0035
0.0082
0.0012
-0.0085
0.0012
0.028
0.034
0.015
0.00023
-0.0096
-0.0096
-0.015
-0.015
-0.0018
0.0037
-0.011
-0.017
-0.0096
-0.0034
0.0011
0.0029
-0.0075
-0.027
-0.044
-0.044
-0.022
0.0002
0.0059
-0.016
-0.043
-0.051
-0.031
-0.011
-0.0061
0.0016
-0.0045
-0.017
-0.031
-0.039
-0.037
-0.024
-0.0053
0.0013
-0.0069
-0.025
-0.027
-0.02
-0.0037
0.0015
-0.024
-0.043
-0.034
-0.018
-0.007
-0.0028
-0.002
-0.0082
-0.018
-0.014
-0.0085
-0.0076
-0.00099
0.014
0.026
0.037
0.042
0.036
0.015
0.0065
0.023
0.031
0.031
0.041
0.044
0.045
0.046
0.042
0.04
0.028
0.021
0.03
0.042
0.053
0.038
0.0083
-0.012
-0.0092
0.005
0.016
0.023
0.05
0.082
0.094
0.092
0.076
0.062
0.052
0.047
0.049
0.05
0.063
0.081
0.084
0.076
0.069
0.069
0.062
0.053
0.038
0.026
0.027
0.036
0.04
0.051
0.071
0.073
0.078
0.077
0.055
0.038
0.022
0.013
0.0018
-0.013
-0.024
-0.026
-0.0097
0.013
0.027
0.033
0.024
-0.013
-0.054
-0.07
-0.061
-0.042
-0.021
-0.00038
0.011
0.01
-0.0052
-0.021
-0.021
-0.015
-0.0033
0.012
0.011
0.0047
-0.0021
-0.0006
-0.0044
-0.0042
0.0073
0.021
0.018
0.013
0.017
0.015
0.017
0.025
0.032
0.033
0.03
0.033
0.052
0.061
0.045
0.024
0.018
0.026
0.026
0.026
0.029
0.012
-0.0068
-0.013
0.0024
0.02
0.021
0.0047
-0.012
-0.027
-0.041
-0.043
-0.043
-0.041
-0.019
0.0071
0.01
-0.012
-0.04
-0.063
-0.06
-0.038
-0.026
-0.014
-0.013
-0.021
-0.042
-0.065
-0.061
-0.038
0.0042
0.024
0.015
-0.015
-0.054
-0.098
-0.13
-0.13
-0.089
-0.039
0.0027
0.034
0.032
0.017
0.00093
-0.031
-0.061
-0.07
-0.06
-0.038
0.0002
0.039
0.066
0.079
0.07
0.054
0.024
-0.035
-0.081
-0.066
-0.023
0.009
0.04
0.069
0.082
0.082
0.062
0.033
0.0047
-0.0085
-0.02
-0.025
-0.0034
0.033
0.064
0.072
0.067
0.055
0.042
0.026
0.0044
-0.0052
-0.0064
0.0093
0.03
0.054
0.082
0.097
0.083
0.051
0.014
-0.02
-0.036
-0.022
0.014
0.057
0.09
0.1
0.11
0.13
0.12
0.11
0.082
0.045
0.012
-0.022
-0.048
-0.05
-0.031
0.0025
0.05
0.086
0.08
0.045
0.0014
-0.029
-0.04
-0.054
-0.059
-0.052
-0.026
-0.0063
0.0012
-0.0055
-0.026
-0.04
-0.04
-0.047
-0.068
-0.078
-0.077
-0.063
-0.033
-0.014
-0.0065
-0.0088
-0.015
-0.031
-0.048
-0.057
-0.053
-0.045
-0.035
-0.017
0.0017
0.028
0.042
0.021
-0.016
-0.041
-0.035
-0.025
-0.037
-0.058
-0.048
-0.025
-0.015
-0.009
-0.0068
-0.0089
-0.018
-0.021
-0.015
-0.02
-0.045
-0.075
-0.068
-0.045
-0.033
-0.026
-0.029
-0.037
-0.041
-0.032
-0.021
-0.026
-0.042
-0.05
-0.042
-0.028
-0.015
-0.021
-0.03
-0.027
-0.024
-0.015
0.00035
0.0066
0.0075
0.016
0.012
0.008
0.015
0.029
0.046
0.054
0.069
0.093
0.1
0.093
0.094
0.1
0.092
0.062
0.049
0.063
0.074
0.085
0.098
0.091
0.072
0.047
0.02
0.0092
0.022
0.057
0.076
0.065
0.05
0.037
0.019
0.019
0.037
0.047
0.038
0.04
0.063
0.078
0.077
0.067
0.055
0.046
0.022
0.012
0.03
0.04
0.044
0.048
0.043
0.036
0.035
0.021
0.011
0.0046
0.0092
0.035
0.063
0.074
0.062
0.042
0.019
-0.012
-0.025
-0.024
-0.029
-0.042
-0.047
-0.045
-0.031
-0.016
-0.014
-0.02
-0.025
-0.039
-0.049
-0.045
-0.044
-0.054
-0.063
-0.056
-0.031
-0.02
-0.034
-0.053
-0.062
-0.054
-0.044
-0.044
-0.046
-0.039
-0.039
-0.055
-0.061
-0.061
-0.044
-0.026
-0.016
-0.014
-0.024
-0.034
-0.043
-0.035
-0.034
-0.045
-0.057
-0.054
-0.049
-0.052
-0.057
-0.054
-0.048
-0.046
-0.035
-0.019
-0.022
-0.054
-0.071
-0.042
-0.0098
-0.0024
-0.0038
-0.0086
-0.013
-0.027
-0.043
-0.048
-0.042
-0.022
-0.0027
0.023
0.047
0.055
0.047
0.042
0.027
0.015
0.016
0.0095
-0.0086
-0.013
-0.0015
0.011
0.026
0.036
0.05
0.067
0.066
0.057
0.024
-0.02
-0.033
-0.029
-0.05
-0.085
-0.09
-0.065
-0.011
0.041
0.071
0.073
0.061
0.046
0.01
-0.038
-0.07
-0.088
-0.09
-0.052
0.0057
0.039
0.063
0.055
-0.0039
-0.042
-0.028
-0.015
-0.033
-0.049
-0.036
-0.01
-0.0067
-0.0055
0.018
0.025
0.014
0.0054
-0.0056
-0.024
-0.042
-0.042
-0.014
0.017
0.028
0.024
0.009
-0.0076
-0.015
-0.0022
0.028
0.023
-0.0099
-0.032
-0.029
-0.013
0.0072
0.0091
-0.01
-0.033
-0.038
-0.017
0.01
0.023
0.026
0.026
0.022
0.021
0.029
0.042
0.042
0.022
0.012
0.0049
-0.0073
-0.019
-0.028
-0.006
0.022
0.037
0.044
0.026
-0.015
-0.046
-0.038
-0.013
0.0043
-0.0065
-0.017
0.001
0.003
-0.014
-0.026
-0.019
0.0074
0.028
0.027
-0.0061
-0.036
-0.055
-0.078
-0.064
-0.025
0.007
0.0067
-0.023
-0.048
-0.029
-0.00047
0.0079
-0.0018
-0.0094
-0.0016
-0.0013
-0.012
-0.012
-0.012
-0.025
-0.034
-0.019
0.014
0.044
0.046
0.045
0.045
0.026
0.012
-0.0034
-0.01
0.0015
0.004
0.007
0.035
0.077
0.078
0.04
0.011
0.012
0.027
0.02
-0.0045
-0.0074
0.017
0.037
0.052
0.074
0.086
0.081
0.056
0.023
-0.00093
0.0029
0.031
0.028
0.0022
0.00066
0.016
0.012
0.0057
0.0049
0.0098
0.0078
0.0024
0.0054
0.01
0.0089
-0.0014
-0.015
-0.019
-0.017
-0.0032
0.015
0.0087
-0.014
-0.021
-0.022
-0.028
-0.014
-0.0026
-0.0051
-0.0042
-0.0045
-0.00066
-0.0018
-0.0057
0.00041
0.0035
-0.005
0.0035
0.02
0.023
0.024
0.021
0.025
0.035
0.038
0.02
-0.007
-0.021
-0.0025
0.026
0.042
0.054
0.054
0.043
0.034
0.01
-0.004
0.0064
0.02
0.026
0.033
0.026
0.024
0.024
0.019
0.024
0.027
0.021
0.0071
-0.0098
-0.025
-0.021
0.0017
0.02
0.034
0.041
0.04
0.028
-0.0033
-0.013
-0.008
-0.011
-0.017
-0.0024
0.03
0.041
0.029
0.0075
-0.0024
0.00078
0.012
0.025
0.035
0.038
0.029
0.019
0.027
0.037
0.02
0.01
0.011
0.0058
0.003
0.021
0.058
0.086
0.086
0.066
0.025
-0.033
-0.075
-0.084
-0.082
-0.051
0.01
0.06
0.072
0.044
0.0086
0.00066
-0.011
-0.029
-0.046
-0.066
-0.081
-0.06
-0.0081
0.047
0.075
0.069
0.044
0.0074
-0.026
-0.034
-0.0051
0.011
0.01
0.035
0.072
0.076
0.041
0.024
0.025
0.028
0.037
0.021
-0.0099
-0.015
0.011
0.043
0.079
0.091
0.076
0.052
0.011
-0.0052
0.028
0.056
0.051
0.029
0.019
0.02
0.0071
-0.016
-0.023
-0.017
-0.017
-0.017
-0.027
-0.05
-0.033
-0.01
0.0015
0.016
0.016
0.0068
-0.00081
0.0043
-0.00075
-0.014
-0.02
-0.025
-0.02
0.004
0.016
0.021
0.032
0.032
0.02
0.011
0.011
0.016
0.03
0.011
-0.017
-0.005
0.014
0.02
0.033
0.036
0.022
0.012
-0.0087
-0.023
-0.019
-0.0062
0.012
0.014
0.0073
0.013
0.045
0.073
0.083
0.078
0.049
0.0098
-0.021
-0.031
-0.0023
0.032
0.055
0.067
0.057
0.054
0.059
0.063
0.05
0.031
0.018
0.018
0.029
0.053
0.081
0.098
0.099
0.086
0.059
0.031
0.0074
0.0046
0.047
0.094
0.1
0.092
0.067
0.059
0.074
0.077
0.07
0.073
0.079
0.082
0.084
0.082
0.086
0.078
0.05
0.035
0.032
0.037
0.042
0.053
0.057
0.042
0.014
-0.0034
0.004
0.023
0.049
0.053
0.045
0.037
0.018
0.0054
0.017
0.018
0.0083
-0.0013
-0.013
0.0014
0.031
0.037
0.027
-0.0016
-0.028
-0.036
-0.055
-0.067
-0.05
-0.021
-0.0097
-0.017
-0.024
-0.012
0.0069
-0.019
-0.061
-0.075
-0.059
-0.034
-0.016
0.0032
0.014
0.0011
-0.015
-0.00087
0.011
-0.00099
-0.015
-0.022
-0.011
-0.013
-0.019
-0.0047
0.0086
0.0044
0.00066
-0.0078
-0.017
-0.0089
0.0028
0.0091
0.0098
0.0045
0.007
0.0084
0.006
0.011
0.0024
-0.016
-0.024
-0.032
-0.036
-0.02
-0.018
-0.029
-0.025
-0.018
-0.018
-0.02
-0.016
-0.018
-0.016
-0.027
-0.049
-0.059
-0.063
-0.054
-0.048
-0.031
-0.0074
-0.0012
-0.0014
-0.013
-0.045
-0.063
-0.064
-0.053
-0.017
0.021
0.03
0.023
0.03
0.022
0.002
-0.0032
-0.022
-0.035
-0.034
-0.015
0.014
0.055
0.096
0.12
0.11
0.068
0.019
-0.031
-0.069
-0.082
-0.052
-0.0043
0.026
0.059
0.085
0.083
0.059
0.024
-0.0025
-0.0098
-0.01
-0.027
-0.038
-0.017
0.014
0.043
0.059
0.055
0.045
0.042
0.04
0.014
-0.024
-0.046
-0.034
-0.0025
0.017
0.022
0.036
0.081
0.1
0.088
0.064
0.027
-0.0005
-0.026
-0.07
-0.093
-0.052
0.0018
0.025
0.03
0.036
0.047
0.056
0.048
0.038
0.023
0.0058
-0.016
-0.03
-0.016
0.01
0.0099
0.005
0.02
0.019
0.0072
0.006
0.01
0.013
0.0053
-0.0098
-0.0072
0.0073
0.012
0.026
0.046
0.058
0.042
0.011
0.0048
0.0018
-0.03
-0.068
-0.068
-0.035
-0.0024
-0.0011
-0.0081
0.0086
0.00081
-0.03
-0.047
-0.035
-0.014
-0.017
-0.035
-0.053
-0.05
-0.043
-0.026
-0.023
-0.04
-0.051
-0.046
-0.024
-0.0011
0.0096
-0.0077
-0.037
-0.042
-0.017
0.0069
0.0044
0.0051
0.0068
-0.0094
-0.024
-0.035
-0.039
-0.037
-0.047
-0.044
-0.017
0.0051
0.0042
-0.016
-0.031
-0.022
-0.022
-0.047
-0.066
-0.06
-0.032
-0.0022
0.015
0.032
0.036
0.011
-0.018
-0.014
0.0054
0.02
0.028
0.026
0.013
0.003
0.0074
0.02
0.032
0.036
0.034
0.022
0.026
0.027
0.016
0.022
0.038
0.04
0.023
0.00072
0.0066
0.033
0.048
0.052
0.07
0.07
0.046
0.022
0.0088
0.027
0.052
0.051
0.047
0.048
0.044
0.051
0.059
0.057
0.056
0.038
0.022
0.013
-0.0011
-0.0022
0.0076
-0.0061
-0.04
-0.046
-0.025
-0.0083
-0.012
-0.021
-0.027
-0.045
-0.058
-0.052
-0.042
-0.046
-0.046
-0.046
-0.054
-0.049
-0.035
-0.024
-0.04
-0.069
-0.076
-0.066
-0.067
-0.06
-0.05
-0.065
-0.074
-0.067
-0.064
-0.065
-0.068
-0.057
-0.043
-0.041
-0.053
-0.067
-0.056
-0.034
-0.028
-0.045
-0.056
-0.07
-0.086
-0.071
-0.05
-0.049
-0.037
-0.018
-0.013
-0.016
-0.0092
0.0053
0.005
0.0033
0.0064
-0.02
-0.049
-0.061
-0.07
-0.039
-0.0072
-0.011
-0.015
0.0047
-0.00032
-0.0015
0.012
-0.012
-0.018
0.015
0.037
0.034
0.011
0.0043
0.015
0.012
0.0023
-0.0034
-0.014
-0.026
-0.034
-0.028
0.0058
0.022
0.018
0.024
0.041
0.043
0.025
-0.014
-0.07
-0.1
-0.092
-0.04
0.023
0.051
0.044
0.029
0.023
0.027
0.022
-0.0085
-0.036
-0.06
-0.069
-0.038
-0.0091
-0.0021
0.0047
0.011
0.018
0.0059
-0.019
-0.04
-0.038
-0.023
-0.0078
0.006
0.022
0.036
0.031
0.022
0.016
0.0072
-0.0047
-0.0034
-0.019
-0.048
-0.047
-0.024
0.0054
0.029
0.067
0.12
0.13
0.1
0.069
0.028
-0.0032
-0.027
-0.053
-0.039
0.012
0.046
0.043
0.021
0.0025
-0.0057
-0.0071
-0.0045
0.0025
0.009
0.0051
0.0015
0.011
0.037
0.041
0.0076
-0.0065
0.0058
-0.015
-0.047
-0.051
-0.037
-0.022
-0.013
-0.0075
-0.011
-0.028
-0.042
-0.033
-0.015
-0.00053
0.0016
-0.0064
-0.02
-0.03
-0.035
-0.058
-0.067
-0.041
-0.018
-0.027
-0.049
-0.057
-0.056
-0.035
-0.024
-0.031
-0.025
-0.021
-0.0088
0.03
0.042
0.012
-0.0083
-0.011
-0.0091
-0.012
-0.032
-0.045
-0.023
0.0094
0.015
0.021
0.026
0.016
-0.012
-0.038
-0.024
0.0058
0.03
0.043
0.035
0.036
0.051
0.047
0.026
0.018
0.0058
0.0026
0.0015
-0.0011
-0.0039
-0.003
0.011
0.02
0.03
0.049
0.071
0.069
0.037
0.011
0.0058
0.0078
0.0087
0.014
0.021
0.0098
-0.0013
-0.00023
0.0033
0.0045
0.011
0.015
0.016
0.011
0.00032
0.0097
0.012
-0.0023
-0.0057
0.00072
0.012
0.023
0.017
0.0087
0.027
0.024
0.0094
0.025
0.03
0.016
0.0013
-0.0098
-0.012
-0.013
-0.0074
0.005
0.0044
-0.01
-0.02
-0.012
0.0077
0.024
0.026
0.0074
-0.022
-0.03
0.0037
0.026
0.0026
-0.0061
0.011
0.014
0.028
0.043
0.046
0.048
0.03
0.0039
0.0032
0.03
0.055
0.057
0.039
0.033
0.054
0.078
0.098
0.083
0.053
0.069
0.096
0.095
0.096
0.1
0.082
0.07
0.073
0.074
0.074
0.071
0.083
0.079
0.057
0.05
0.053
0.078
0.11
0.1
0.081
0.064
0.031
0.011
0.0083
0.0056
0.032
0.087
0.12
0.11
0.074
0.026
-0.0087
0.0033
0.022
0.027
0.017
0.025
0.044
0.051
0.054
0.041
0.024
0.022
0.021
0.012
0.022
0.037
0.046
0.067
0.09
0.092
0.075
0.047
0.022
-0.0077
-0.03
-0.012
0.034
0.074
0.1
0.11
0.075
0.042
0.0087
-0.028
-0.054
-0.055
-0.024
0.0073
0.01
0.0037
0.0036
0.0006
0.013
0.017
-0.0069
-0.028
-0.048
-0.058
-0.044
-0.023
-0.0039
0.01
0.034
0.061
0.052
-0.0054
-0.035
-0.034
-0.05
-0.053
-0.039
-0.0051
0.027
0.017
-0.0073
-0.02
-0.034
-0.026
0.011
0.021
0.0072
-0.014
-0.03
-0.024
-0.013
-0.014
-0.015
-0.01
-0.0062
-0.0033
-0.035
-0.067
-0.061
-0.03
-7.6e-005
0.0031
-0.0027
-0.0016
-0.0014
-0.014
-0.02
-0.015
-0.022
-0.034
-0.039
-0.0048
0.029
0.038
0.044
0.039
0.024
0.013
-0.0024
-0.0091
0.0055
0.0069
-0.011
-0.014
-0.0006
0.0061
-0.0087
-0.021
-0.0011
0.016
0.0022
-0.017
-0.019
-0.015
-0.0044
-0.016
-0.037
-0.026
-0.012
-0.012
-0.0062
0.01
0.034
0.034
0.013
0.0069
0.0073
0.0044
0.0039
0.0067
0.014
0.033
0.051
0.054
0.042
0.01
-0.023
-0.028
-0.017
0.0043
0.016
0.007
-0.004
0.0031
0.019
0.028
0.027
0.018
0.015
0.013
0.016
0.024
0.032
0.049
0.04
0.0075
0.003
0.011
0.014
0.019
0.028
0.021
0.003
0.0061
0.033
0.059
0.054
0.038
0.033
0.0073
-0.032
-0.053
-0.038
0.0016
0.035
0.041
0.042
0.039
0.029
0.029
0.017
0.009
0.0076
-0.0089
-0.011
0.0092
0.027
0.036
0.038
0.039
0.056
0.047
0.015
0.0013
0.019
0.055
0.075
0.06
0.033
0.028
0.036
0.032
0.032
0.045
0.07
0.08
0.064
0.05
0.046
0.035
-0.0089
-0.046
-0.044
-0.021
0.0025
0.019
0.035
0.038
0.038
0.037
0.024
0.0073
-0.0098
-0.015
-0.012
-0.036
-0.062
-0.038
0.016
0.057
0.076
0.066
0.053
0.04
0.013
0.011
0.032
0.041
0.033
0.013
-0.017
-0.021
0.0041
0.046
0.088
0.11
0.1
0.067
0.029
0.022
0.039
0.05
0.065
0.083
0.068
0.045
0.029
0.033
0.073
0.087
0.066
0.048
0.048
0.061
0.07
0.067
0.069
0.081
0.088
0.097
0.1
0.088
0.076
0.064
0.057
0.069
0.074
0.051
0.034
0.059
0.11
0.14
0.14
0.13
0.12
0.11
0.1
0.1
0.088
0.052
0.035
0.041
0.065
0.1
0.13
0.15
0.14
0.12
0.083
0.065
0.069
0.077
0.07
0.057
0.049
0.04
0.041
0.054
0.073
0.081
0.068
0.05
0.026
0.0019
-0.021
-0.024
-0.0059
0.0077
0.0072
0.0087
0.0018
-0.032
-0.046
-0.031
-0.013
0.0083
0.02
0.016
-0.0029
-0.017
-0.0089
-0.013
-0.046
-0.073
-0.077
-0.054
-0.028
-0.035
-0.038
-0.023
-0.035
-0.077
-0.11
-0.13
-0.15
-0.16
-0.13
-0.12
-0.12
-0.13
-0.12
-0.14
-0.15
-0.15
-0.14
-0.13
-0.13
-0.15
-0.16
-0.16
-0.18
-0.18
-0.16
-0.15
-0.17
-0.17
-0.16
-0.16
-0.17
-0.18
-0.22
-0.26
-0.28
-0.26
-0.21
-0.19
-0.16
-0.13
-0.13
-0.13
-0.14
-0.17
-0.2
-0.24
-0.27
-0.26
-0.21
-0.12
-0.052
-0.03
-0.052
-0.073
-0.079
-0.09
-0.098
-0.091
-0.074
-0.062
-0.031
0.012
0.044
0.06
0.053
0.049
0.058
0.071
0.098
0.12
0.13
0.12
0.093
0.092
0.12
0.14
0.14
0.12
0.1
0.11
0.13
0.13
0.15
0.18
0.18
0.16
0.15
0.12
0.066
0.022
0.042
0.12
0.2
0.26
0.28
0.23
0.17
0.11
0.058
0.061
0.1
0.12
0.15
0.17
0.13
0.078
0.035
0.022
0.066
0.099
0.097
0.08
0.055
0.044
0.02
-0.0082
0.011
0.06
0.075
0.054
0.012
-0.026
-0.041
-0.053
-0.052
-0.021
0.0018
-0.0064
-0.056
-0.13
-0.17
-0.16
-0.14
-0.11
-0.075
-0.083
-0.13
-0.17
-0.17
-0.15
-0.16
-0.17
-0.16
-0.13
-0.11
-0.075
-0.04
-0.049
-0.096
-0.15
-0.18
-0.17
-0.15
-0.12
-0.12
-0.11
-0.089
-0.077
-0.082
-0.078
-0.067
-0.071
-0.076
-0.071
-0.066
-0.078
-0.11
-0.12
-0.095
-0.061
-0.059
-0.078
-0.074
-0.06
-0.049
-0.038
-0.023
-0.017
-0.021
-0.038
-0.048
-0.028
-0.01
-0.018
-0.051
-0.099
-0.12
-0.11
-0.1
-0.089
-0.064
-0.061
-0.074
-0.082
-0.073
-0.069
-0.087
-0.092
-0.047
-0.0029
-0.0046
-0.037
-0.098
-0.15
-0.17
-0.15
-0.096
-0.052
-0.021
0.00056
-0.0097
-0.041
-0.061
-0.078
-0.084
-0.059
0.003
0.084
0.14
0.16
0.16
0.12
0.06
0.046
0.048
0.023
0.0073
0.044
0.11
0.17
0.21
0.23
0.24
0.22
0.17
0.13
0.13
0.16
0.16
0.14
0.15
0.18
0.17
0.16
0.16
0.19
0.21
0.2
0.16
0.15
0.16
0.17
0.19
0.19
0.19
0.18
0.16
0.14
0.16
0.19
0.2
0.19
0.16
0.14
0.13
0.12
0.12
0.12
0.12
0.12
0.11
0.1
0.096
0.075
0.066
0.07
0.072
0.069
0.064
0.066
0.059
0.025
-0.016
-0.035
-0.029
-0.017
-0.014
-0.0083
0.021
0.046
0.025
-0.0073
-0.019
-0.018
-0.024
-0.04
-0.048
-0.05
-0.053
-0.04
-0.0037
0.019
0.014
-0.022
-0.083
-0.13
-0.16
-0.13
-0.071
-0.031
-0.019
-0.024
-0.058
-0.091
-0.088
-0.077
-0.075
-0.089
-0.1
-0.099
-0.095
-0.099
-0.073
-0.037
-0.042
-0.066
-0.078
-0.063
-0.043
-0.06
-0.075
-0.053
-0.026
-0.017
-0.036
-0.051
-0.053
-0.05
-0.051
-0.059
-0.083
-0.097
-0.071
-0.041
-0.0046
0.021
0.031
0.04
0.032
-0.0011
-0.039
-0.057
-0.058
-0.046
-0.022
0.0054
0.043
0.061
0.028
-0.039
-0.061
-0.008
0.055
0.1
0.12
0.098
0.017
-0.068
-0.11
-0.078
0.0094
0.083
0.088
0.042
0.0099
0.018
0.017
0.0064
0.019
0.033
0.028
0.027
0.048
0.078
0.079
0.063
0.051
0.022
-0.0098
-0.019
-0.0053
0.03
0.068
0.086
0.08
0.07
0.054
0.04
0.036
0.036
0.039
0.039
0.045
0.071
0.1
0.11
0.084
0.054
0.028
0.026
0.025
0.03
0.045
0.061
0.085
0.1
0.1
0.095
0.071
0.044
0.042
0.054
0.059
0.064
0.065
0.07
0.078
0.076
0.077
0.089
0.091
0.069
0.053
0.066
0.098
0.1
0.078
0.061
0.052
0.038
0.025
0.025
0.036
0.049
0.048
0.026
0.0043
-0.011
-0.024
-0.034
-0.026
-0.0058
0.0025
-0.0051
-0.01
-0.0057
-0.0052
-0.014
-0.05
-0.081
-0.088
-0.091
-0.082
-0.081
-0.085
-0.061
-0.026
-0.016
-0.035
-0.072
-0.11
-0.11
-0.076
-0.025
0.0037
0.011
-0.005
-0.037
-0.062
-0.093
-0.12
-0.12
-0.1
-0.073
-0.022
0.038
0.06
0.047
0.02
-0.023
-0.058
-0.085
-0.1
-0.12
-0.12
-0.11
-0.082
-0.038
0.0036
0.027
0.013
-0.028
-0.055
-0.047
-0.032
-0.048
-0.074
-0.09
-0.089
-0.082
-0.063
-0.022
-1.5e-005
0.015
0.032
0.037
0.038
0.037
-0.0061
-0.088
-0.15
-0.14
-0.068
0.004
0.053
0.077
0.09
0.09
0.051
-0.015
-0.061
-0.059
-0.018
0.025
0.038
0.05
0.077
0.081
0.071
0.066
0.05
0.014
-0.027
-0.05
-0.06
-0.041
-0.023
-0.031
-0.058
-0.057
-0.029
-0.027
-0.053
-0.074
-0.064
-0.045
-0.032
-0.035
-0.044
-0.045
-0.055
-0.072
-0.088
-0.098
-0.075
-0.032
0.0092
0.0088
-0.032
-0.061
-0.042
-0.036
-0.068
-0.081
-0.085
-0.084
-0.087
-0.099
-0.086
-0.044
-0.026
-0.049
-0.047
-0.0069
0.022
0.016
0.0028
0.0023
-0.0035
-0.027
-0.067
-0.087
-0.06
-0.012
0.018
0.031
0.021
-0.014
-0.029
-0.011
0.026
0.056
0.057
0.042
0.02
0.0086
0.022
0.052
0.075
0.066
0.029
-0.007
-0.022
-0.015
-0.00014
0.02
0.036
0.045
0.033
0.025
0.03
0.038
0.052
0.049
0.032
0.013
0.0073
0.013
0.019
0.028
0.029
0.039
0.054
0.046
0.043
0.071
0.091
0.084
0.076
0.058
0.044
0.039
0.039
0.044
0.042
0.04
0.047
0.053
0.051
0.058
0.076
0.085
0.068
0.046
0.031
0.021
0.021
0.03
0.056
0.079
0.086
0.066
0.026
0.0028
0.01
0.027
0.032
0.037
0.06
0.086
0.079
0.035
0.0068
7.6e-005
0.0055
0.01
0.011
0.014
0.023
0.037
0.049
0.046
0.025
0.006
-0.00078
0.0058
0.027
0.042
0.04
0.037
0.038
0.033
0.016
0.0046
0.0036
-0.0033
-0.017
-0.0058
0.018
0.021
0.023
0.019
0.0067
-0.013
-0.023
-0.018
-0.0041
0.016
0.032
0.031
0.019
0.023
0.023
0.0023
-0.019
-0.035
-0.03
-0.021
-0.0094
0.0034
-0.0081
-0.039
-0.062
-0.064
-0.046
-0.026
-0.03
-0.033
-0.018
-0.0041
-0.0075
-0.035
-0.075
-0.1
-0.11
-0.092
-0.052
-0.013
-0.013
-0.03
-0.051
-0.055
-0.04
-0.028
-0.023
-0.022
-0.034
-0.058
-0.064
-0.056
-0.051
-0.051
-0.069
-0.079
-0.069
-0.047
-0.039
-0.031
0.0054
0.031
0.015
-0.016
-0.045
-0.093
-0.13
-0.13
-0.089
-0.023
0.027
0.046
0.05
0.038
0.0033
-0.025
-0.031
-0.043
-0.068
-0.092
-0.087
-0.053
-0.0091
0.023
0.03
0.032
0.033
0.026
0.027
0.018
-0.0054
-0.031
-0.047
-0.043
-0.0065
0.039
0.055
0.043
0.034
0.043
0.049
0.049
0.045
0.046
0.033
0.0094
0.0035
0.021
0.045
0.054
0.067
0.094
0.11
0.1
0.076
0.048
0.046
0.072
0.1
0.11
0.099
0.073
0.055
0.046
0.053
0.091
0.12
0.11
0.068
0.054
0.056
0.035
0.0099
0.016
0.049
0.052
0.039
0.051
0.062
0.056
0.038
0.039
0.06
0.061
0.037
0.036
0.04
0.042
0.041
0.018
0.017
0.025
0.01
-0.0045
-0.019
-0.033
-0.016
0.0097
0.013
0.027
0.028
-0.0022
-0.038
-0.05
-0.034
0.0086
0.053
0.079
0.079
0.05
0.025
0.0052
-0.018
-0.0061
0.013
0.037
0.066
0.059
0.025
-0.0072
-0.018
0.009
0.038
0.015
-0.017
-0.015
0.013
0.028
0.016
0.011
0.025
0.019
0.0043
-0.005
-0.017
-0.022
-0.025
-0.016
0.0098
0.018
-0.0049
-0.022
-0.027
-0.028
-0.021
-0.018
-0.032
-0.042
-0.05
-0.048
-0.033
-0.048
-0.078
-0.086
-0.071
-0.044
-0.03
-0.039
-0.051
-0.065
-0.078
-0.066
-0.055
-0.049
-0.038
-0.034
-0.025
-0.031
-0.062
-0.087
-0.095
-0.099
-0.089
-0.066
-0.041
-0.024
-0.028
-0.054
-0.083
-0.099
-0.083
-0.057
-0.039
-0.042
-0.06
-0.073
-0.07
-0.056
-0.032
-0.011
-0.03
-0.073
-0.087
-0.076
-0.071
-0.066
-0.055
-0.052
-0.042
-0.028
-0.027
-0.036
-0.048
-0.056
-0.066
-0.05
-0.03
-0.03
-0.043
-0.053
-0.043
-0.031
-0.023
-0.0082
0.021
0.027
-0.0064
-0.042
-0.044
-0.015
0.0059
0.016
0.018
0.005
-0.019
-0.027
-0.007
0.014
0.028
0.042
0.048
0.049
0.059
0.07
0.076
0.088
0.1
0.1
0.093
0.088
0.085
0.081
0.086
0.092
0.093
0.09
0.063
0.046
0.075
0.11
0.12
0.1
0.088
0.087
0.096
0.11
0.13
0.14
0.13
0.11
0.085
0.06
0.052
0.055
0.064
0.072
0.073
0.086
0.11
0.11
0.1
0.11
0.1
0.067
0.033
0.02
0.038
0.059
0.051
0.06
0.1
0.12
0.12
0.11
0.076
0.048
0.031
0.03
0.032
0.028
0.038
0.05
0.051
0.067
0.09
0.12
0.12
0.063
0.013
-0.0083
-0.02
-0.02
-0.005
0.013
0.037
0.064
0.064
0.038
-0.00096
-0.037
-0.059
-0.062
-0.043
-0.012
0.01
0.004
-0.021
-0.038
-0.031
-0.025
-0.024
-0.013
0.004
0.0022
-0.031
-0.068
-0.094
-0.091
-0.08
-0.09
-0.12
-0.13
-0.1
-0.074
-0.067
-0.068
-0.092
-0.12
-0.12
-0.1
-0.094
-0.1
-0.1
-0.073
-0.042
-0.045
-0.076
-0.11
-0.12
-0.12
-0.089
-0.041
-0.0052
-0.0075
-0.037
-0.057
-0.054
-0.058
-0.079
-0.097
-0.082
-0.049
-0.037
-0.045
-0.039
-0.03
-0.031
-0.042
-0.051
-0.041
-0.032
-0.026
-0.023
-0.035
-0.04
-0.026
0.0047
0.042
0.054
0.037
0.015
0.00014
-0.016
-0.016
0.0017
0.011
0.01
-0.0036
-0.0061
0.015
0.044
0.045
0.016
-0.023
-0.043
-0.03
-0.022
-0.033
-0.041
-0.039
-0.022
0.013
0.035
0.031
0.0094
-0.011
-0.0067
0.0066
0.016
0.025
0.041
0.04
0.014
0.0032
0.021
0.044
0.042
0.021
0.0039
-0.0018
-0.0025
-0.004
0.002
0.0093
0.03
0.062
0.078
0.072
0.052
0.03
0.024
0.028
0.033
0.054
0.074
0.085
0.08
0.069
0.073
0.074
0.06
0.045
0.05
0.056
0.053
0.047
0.044
0.06
0.083
0.095
0.1
0.12
0.12
0.1
0.073
0.067
0.094
0.12
0.12
0.12
0.12
0.12
0.12
0.13
0.14
0.14
0.13
0.12
0.13
0.13
0.11
0.09
0.11
0.15
0.15
0.13
0.12
0.11
0.088
0.083
0.098
0.12
0.13
0.12
0.099
0.09
0.1
0.11
0.11
0.094
0.071
0.066
0.067
0.058
0.046
0.047
0.06
0.055
0.041
0.043
0.052
0.038
0.0016
-0.0069
0.006
0.019
0.032
0.033
0.039
0.049
0.044
0.028
0.024
0.021
0.0037
-0.024
-0.044
-0.015
0.03
0.04
0.013
-0.034
-0.067
-0.061
-0.031
-0.0047
0.02
0.021
0.011
0.0062
-0.0037
-0.045
-0.084
-0.089
-0.071
-0.031
0.007
0.027
0.03
0.034
0.039
0.037
0.029
0.011
-0.043
-0.093
-0.085
-0.016
0.043
0.068
0.078
0.061
0.023
-0.017
-0.022
0.0019
0.012
-0.019
-0.067
-0.098
-0.079
-0.014
0.058
0.11
0.12
0.085
0.012
-0.067
-0.11
-0.1
-0.048
-0.00084
0.017
0.015
0.0006
-0.0089
-0.013
-0.00047
0.029
0.036
-0.00069
-0.049
-0.09
-0.095
-0.063
-0.01
0.045
0.067
0.038
0.0055
-0.013
-0.021
-0.03
-0.056
-0.057
-0.034
-0.025
-0.027
-0.018
-0.013
-0.017
-0.044
-0.073
-0.07
-0.062
-0.051
-0.039
-0.034
-0.04
-0.035
-0.023
0.0088
0.034
0.021
-0.016
-0.074
-0.11
-0.11
-0.063
-0.0035
0.036
0.043
0.014
-0.032
-0.068
-0.075
-0.06
-0.038
-0.019
-0.015
-0.013
-0.024
-0.03
-0.027
-0.023
-0.018
-0.024
-0.031
-0.027
-0.0061
0.0018
-0.012
-0.0029
0.028
0.049
0.055
0.058
0.059
0.051
0.027
0.0054
-0.011
-0.029
-0.028
-0.004
0.012
0.01
0.015
0.025
0.032
0.028
0.028
0.053
0.066
0.062
0.047
0.028
0.031
0.05
0.062
0.048
0.027
0.014
0.0084
0.023
0.043
0.045
0.027
0.028
0.042
0.043
0.036
0.031
0.023
0.03
0.061
0.085
0.083
0.054
0.037
0.056
0.082
0.096
0.097
0.097
0.1
0.078
0.051
0.055
0.07
0.079
0.087
0.083
0.066
0.054
0.061
0.069
0.06
0.035
0.018
0.023
0.036
0.05
0.062
0.071
0.075
0.063
0.046
0.027
0.02
0.02
0.014
0.017
0.027
0.024
0.014
0.026
0.05
0.047
0.027
0.0056
0.0034
0.018
0.039
0.055
0.052
0.037
0.0072
-0.008
0.0013
0.036
0.064
0.052
0.0083
-0.028
-0.04
-0.039
-0.019
0.01
0.034
0.031
0.018
0.015
0.0041
-0.0091
-0.012
-0.012
0.002
0.014
0.014
0.013
0.01
-0.0013
0.0044
0.032
0.049
0.052
0.03
-0.009
-0.039
-0.04
-0.024
0.008
0.033
0.032
0.025
0.012
-0.0064
-0.0081
0.0015
0.0094
0.0073
-0.0002
-0.0012
-0.0038
-0.021
-0.036
-0.034
-0.032
-0.025
-0.015
-0.0062
0.0074
0.0064
-0.0048
0.0054
0.044
0.07
0.054
0.016
-0.0011
-0.0047
-0.014
-0.026
-0.032
-0.0098
0.033
0.063
0.062
0.06
0.068
0.079
0.1
0.12
0.13
0.098
0.018
-0.038
-0.031
0.032
0.09
0.11
0.11
0.078
0.042
0.01
0.0044
0.0071
0.018
0.024
0.0097
-0.0016
-0.0043
0.024
0.067
0.099
0.092
0.074
0.044
-0.025
-0.091
-0.12
-0.092
-0.027
0.034
0.045
0.02
-0.0064
-0.045
-0.064
-0.045
-0.025
-0.036
-0.073
-0.1
-0.12
-0.092
-0.061
-0.035
-0.021
-0.049
-0.1
-0.13
-0.14
-0.14
-0.14
-0.14
-0.13
-0.11
-0.1
-0.11
-0.12
-0.13
-0.13
-0.11
-0.11
-0.12
-0.13
-0.14
-0.13
-0.12
-0.099
-0.079
-0.067
-0.06
-0.068
-0.082
-0.089
-0.098
-0.1
-0.086
-0.063
-0.048
-0.043
-0.059
-0.092
-0.12
-0.12
-0.11
-0.1
-0.1
-0.1
-0.1
-0.1
-0.086
-0.066
-0.065
-0.051
-0.034
-0.034
-0.04
-0.046
-0.064
-0.083
-0.08
-0.057
-0.0078
0.037
0.058
0.06
0.037
-0.00014
-0.044
-0.061
-0.031
0.01
0.035
0.045
0.038
0.0089
-0.011
0.015
0.058
0.072
0.048
0.022
-0.00011
-0.0065
0.0031
0.029
0.062
0.071
0.052
0.03
0.022
0.013
0.034
0.074
0.09
0.074
0.032
0.0049
0.0061
0.02
0.051
0.069
0.052
0.04
0.051
0.047
0.024
-0.0072
-0.019
-0.012
-0.0049
0.016
0.036
0.034
0.0043
-0.016
-0.014
-0.0025
0.013
0.023
0.032
0.049
0.074
0.093
0.089
0.051
0.013
0.017
0.035
0.038
0.035
0.044
0.066
0.064
0.052
0.048
0.045
0.043
0.047
0.034
-0.00011
-0.026
-0.034
-0.038
-0.017
0.06
0.11
0.058
-0.0067
-0.0076
0.035
0.054
0.026
-0.0036
0.034
0.097
0.098
0.052
-0.0021
-0.027
-0.011
0.0037
0.015
0.023
0.0086
-0.017
-0.018
-0.0038
0.0091
0.027
0.042
0.026
-0.0076
-0.025
-0.034
-0.019
0.0051
0.021
0.03
0.024
0.031
0.037
0.027
0.015
-0.014
-0.051
-0.068
-0.056
-0.056
-0.067
-0.066
-0.041
-0.0038
0.017
0.0056
-0.031
-0.073
-0.091
-0.076
-0.053
-0.036
-0.029
-0.041
-0.058
-0.067
-0.057
-0.035
-0.017
-0.03
-0.071
-0.084
-0.07
-0.069
-0.072
-0.058
-0.042
-0.038
-0.045
-0.052
-0.052
-0.065
-0.094
-0.11
-0.099
-0.057
-0.039
-0.048
-0.038
-0.0065
0.011
-0.0048
-0.041
-0.08
-0.1
-0.11
-0.086
-0.051
-0.011
0.032
0.055
0.056
0.042
0.038
0.022
0.0032
0.011
0.032
0.042
0.041
0.055
0.078
0.084
0.079
0.075
0.061
0.037
0.01
-0.01
0.0002
0.046
0.086
0.1
0.11
0.11
0.098
0.081
0.078
0.082
0.062
0.018
-0.0075
0.019
0.081
0.14
0.2
0.23
0.21
0.16
0.097
0.067
0.064
0.083
0.12
0.18
0.24
0.26
0.24
0.23
0.22
0.2
0.19
0.17
0.15
0.14
0.16
0.19
0.23
0.26
0.26
0.25
0.23
0.2
0.15
0.1
0.089
0.11
0.13
0.15
0.18
0.17
0.12
0.1
0.11
0.12
0.12
0.094
0.071
0.083
0.14
0.2
0.24
0.26
0.24
0.2
0.16
0.14
0.15
0.2
0.25
0.27
0.26
0.25
0.26
0.26
0.22
0.18
0.18
0.2
0.21
0.2
0.18
0.16
0.14
0.12
0.12
0.13
0.11
0.076
0.044
0.037
0.03
0.01
0.019
0.058
0.08
0.067
0.048
0.034
0.018
-0.013
-0.029
-0.036
-0.042
-0.046
-0.054
-0.05
-0.044
-0.043
-0.05
-0.059
-0.078
-0.092
-0.076
-0.055
-0.044
-0.063
-0.094
-0.11
-0.094
-0.08
-0.084
-0.099
-0.12
-0.13
-0.14
-0.13
-0.14
-0.15
-0.17
-0.17
-0.18
-0.18
-0.18
-0.19
-0.22
-0.25
-0.28
-0.28
-0.26
-0.26
-0.26
-0.25
-0.23
-0.24
-0.27
-0.28
-0.28
-0.28
-0.27
-0.28
-0.3
-0.32
-0.3
-0.26
-0.23
-0.23
-0.24
-0.28
-0.33
-0.31
-0.27
-0.25
-0.23
-0.23
-0.22
-0.22
-0.24
-0.25
-0.24
-0.22
-0.2
-0.2
-0.19
-0.2
-0.18
-0.16
-0.15
-0.13
-0.12
-0.13
-0.15
-0.17
-0.17
-0.17
-0.15
-0.12
-0.1
-0.079
-0.079
-0.096
-0.1
-0.094
-0.087
-0.068
-0.046
-0.031
-0.017
-0.0033
0.0062
0.0097
0.018
0.039
0.056
0.041
0.039
0.044
0.034
0.055
0.1
0.12
0.12
0.12
0.13
0.15
0.19
0.22
0.25
0.25
0.23
0.2
0.19
0.17
0.16
0.17
0.21
0.28
0.32
0.33
0.29
0.25
0.19
0.13
0.11
0.12
0.14
0.16
0.18
0.18
0.18
0.17
0.15
0.12
0.086
0.058
0.052
0.074
0.1
0.12
0.12
0.1
0.1
0.12
0.12
0.12
0.1
0.071
0.029
0.017
0.043
0.068
0.095
0.12
0.12
0.12
0.11
0.076
0.055
0.054
0.053
0.034
0.005
0.014
0.067
0.13
0.17
0.17
0.14
0.094
0.054
0.027
0.033
0.05
0.072
0.097
0.12
0.14
0.14
0.11
0.047
0.0085
-0.0059
-0.0002
0.024
0.054
0.091
0.11
0.11
0.089
0.066
0.025
-0.026
-0.061
-0.058
-0.022
-0.0038
0.015
0.043
0.047
0.017
-0.026
-0.061
-0.084
-0.094
-0.085
-0.057
-0.025
-0.019
-0.028
-0.053
-0.075
-0.08
-0.096
-0.12
-0.14
-0.13
-0.12
-0.11
-0.13
-0.14
-0.13
-0.1
-0.077
-0.1
-0.14
-0.15
-0.13
-0.12
-0.11
-0.12
-0.15
-0.18
-0.22
-0.24
-0.24
-0.24
-0.23
-0.23
-0.22
-0.18
-0.14
-0.13
-0.14
-0.17
-0.2
-0.2
-0.19
-0.15
-0.13
-0.12
-0.13
-0.14
-0.14
-0.12
-0.099
-0.077
-0.065
-0.065
-0.066
-0.081
-0.11
-0.11
-0.085
-0.072
-0.078
-0.06
-0.035
-0.052
-0.097
-0.12
-0.12
-0.13
-0.14
-0.14
-0.16
-0.16
-0.14
-0.12
-0.097
-0.074
-0.082
-0.12
-0.17
-0.2
-0.18
-0.15
-0.13
-0.1
-0.093
-0.088
-0.063
-0.027
-0.0035
-0.012
-0.038
-0.054
-0.047
-0.03
-0.011
-0.00096
0.012
0.035
0.031
0.0056
-0.014
-0.021
-0.0096
0.03
0.068
0.075
0.064
0.05
0.036
0.02
0.029
0.042
0.055
0.062
0.057
0.062
0.073
0.084
0.082
0.071
0.08
0.1
0.11
0.098
0.08
0.085
0.12
0.15
0.16
0.17
0.17
0.16
0.14
0.13
0.14
0.18
0.21
0.22
0.21
0.2
0.19
0.19
0.19
0.22
0.24
0.23
0.2
0.19
0.19
0.17
0.16
0.15
0.16
0.16
0.17
0.17
0.16
0.13
0.1
0.098
0.094
0.085
0.082
0.11
0.13
0.12
0.098
0.078
0.056
0.042
0.054
0.067
0.071
0.071
0.074
0.091
0.094
0.054
0.016
-0.009
-0.048
-0.049
-0.016
0.0098
0.045
0.075
0.071
0.053
0.041
0.038
0.032
0.01
-0.023
-0.051
-0.051
-0.037
-0.024
-0.0061
0.024
0.054
0.047
-0.0025
-0.082
-0.16
-0.19
-0.2
-0.18
-0.13
-0.088
-0.075
-0.088
-0.11
-0.12
-0.091
-0.076
-0.1
-0.14
-0.18
-0.19
-0.18
-0.15
-0.12
-0.097
-0.083
-0.084
-0.12
-0.17
-0.2
-0.21
-0.21
-0.21
-0.21
-0.16
-0.11
-0.095
-0.12
-0.18
-0.23
-0.24
-0.21
-0.17
-0.15
-0.17
-0.18
-0.16
-0.14
-0.11
-0.13
-0.18
-0.22
-0.21
-0.16
-0.13
-0.13
-0.16
-0.16
-0.12
-0.078
-0.064
-0.1
-0.13
-0.11
-0.088
-0.1
-0.12
-0.11
-0.07
-0.052
-0.05
-0.058
-0.072
-0.067
-0.052
-0.039
-0.027
-0.034
-0.045
-0.046
-0.049
-0.052
-0.05
-0.053
-0.062
-0.07
-0.074
-0.068
-0.064
-0.069
-0.067
-0.054
-0.046
-0.043
-0.036
-0.018
0.0036
0.015
0.0078
-0.0032
-0.021
-0.048
-0.074
-0.089
-0.059
-0.011
0.014
0.028
0.047
0.063
0.072
0.066
0.054
0.055
0.051
0.058
0.074
0.076
0.065
0.062
0.081
0.088
0.087
0.084
0.083
0.081
0.075
0.08
0.11
0.15
0.17
0.16
0.15
0.13
0.12
0.14
0.15
0.15
0.14
0.12
0.13
0.15
0.15
0.15
0.16
0.17
0.16
0.14
0.11
0.091
0.12
0.15
0.16
0.16
0.14
0.11
0.084
0.066
0.072
0.097
0.11
0.11
0.091
0.072
0.081
0.098
0.1
0.068
0.022
-0.0038
-0.0039
0.011
0.024
0.0094
-0.033
-0.066
-0.088
-0.086
-0.066
-0.067
-0.07
-0.077
-0.095
-0.099
-0.1
-0.11
-0.095
-0.11
-0.14
-0.14
-0.15
-0.14
-0.13
-0.094
-0.059
-0.052
-0.079
-0.13
-0.16
-0.17
-0.16
-0.11
-0.073
-0.054
-0.077
-0.12
-0.14
-0.12
-0.092
-0.079
-0.066
-0.072
-0.095
-0.13
-0.13
-0.079
-0.034
-0.012
-0.019
-0.046
-0.077
-0.094
-0.095
-0.089
-0.077
-0.064
-0.035
0.0072
0.043
0.055
0.051
0.049
0.053
0.079
0.13
0.18
0.21
0.21
0.19
0.17
0.16
0.16
0.16
0.16
0.2
0.24
0.27
0.3
0.34
0.4
0.43
0.41
0.37
0.35
0.38
0.43
0.48
0.52
0.54
0.53
0.53
0.53
0.52
0.5
0.41
0.29
0.18
0.19
0.32
0.42
0.39
0.28
0.24
0.3
0.36
0.34
0.28
0.16
-0.011
-0.088
0.041
0.26
0.38
0.3
0.063
-0.15
-0.13
0.065
0.24
0.28
0.24
0.17
0.088
-0.019
-0.11
-0.14
-0.15
-0.099
0.098
0.27
0.2
0.025
-0.0025
0.092
0.084
-0.017
-0.071
-0.058
-0.054
-0.031
0.039
0.096
0.1
0.072
0.02
-0.0062
0.0094
0.0014
-0.003
0.041
0.07
0.059
-0.0013
-0.065
-0.097
-0.17
-0.26
-0.28
-0.2
-0.12
-0.14
-0.22
-0.28
-0.3
-0.29
-0.28
-0.24
-0.18
-0.15
-0.14
-0.11
-0.027
0.059
0.11
0.1
0.072
0.071
0.1
0.14
0.17
0.16
0.14
0.14
0.12
0.061
-0.016
-0.074
-0.11
-0.13
-0.11
-0.047
-0.026
-0.072
-0.14
-0.21
-0.27
-0.28
-0.23
-0.13
-0.022
0.0076
-0.044
-0.095
-0.12
-0.13
-0.12
-0.09
-0.054
-0.06
-0.12
-0.17
-0.17
-0.17
-0.17
-0.18
-0.19
-0.17
-0.096
-0.066
-0.13
-0.31
-0.44
-0.29
-0.074
0.025
0.022
-0.0084
0.036
0.07
0.044
0.06
0.1
0.13
0.13
0.09
0.094
0.098
0.12
0.14
0.11
0.043
-0.0047
0.0084
0.071
0.18
0.26
0.25
0.17
0.11
0.071
0.073
0.12
0.18
0.18
0.13
0.076
0.051
0.047
0.0089
-0.018
0.019
0.046
0.028
0.022
0.05
0.084
0.096
0.055
-0.0093
-0.044
-0.042
-0.019
0.012
0.048
0.055
0.011
-0.059
-0.086
-0.088
-0.086
-0.064
-0.033
0.018
0.05
0.058
0.038
-0.0056
-0.028
-0.036
-0.044
-0.03
0.0009
0.056
0.096
0.097
0.068
0.028
0.0019
-0.0066
0.02
0.061
0.11
0.15
0.15
0.14
0.12
0.1
0.064
0.025
0.018
0.034
0.058
0.075
0.055
0.025
0.009
-0.011
-0.018
-0.013
0.0015
0.011
-0.0026
-0.0087
-0.0025
0.011
0.024
0.03
0.029
0.035
0.048
0.057
0.068
0.065
0.043
0.042
0.055
0.074
0.077
0.057
0.047
0.045
0.034
0.022
-7.6e-005
-0.046
-0.088
-0.11
-0.12
-0.13
-0.18
-0.25
-0.3
-0.32
-0.3
-0.26
-0.23
-0.24
-0.26
-0.3
-0.32
-0.32
-0.3
-0.31
-0.31
-0.29
-0.26
-0.25
-0.24
-0.21
-0.18
-0.16
-0.17
-0.19
-0.18
-0.15
-0.13
-0.13
-0.15
-0.2
-0.21
-0.2
-0.19
-0.16
-0.11
-0.074
-0.07
-0.1
-0.14
-0.17
-0.17
-0.16
-0.16
-0.15
-0.11
-0.072
-0.046
-0.048
-0.08
-0.12
-0.15
-0.16
-0.16
-0.13
-0.099
-0.064
-0.049
-0.066
-0.088
-0.1
-0.1
-0.078
-0.061
-0.041
-0.0094
0.011
-0.0027
-0.043
-0.084
-0.11
-0.12
-0.11
-0.12
-0.14
-0.13
-0.1
-0.074
-0.052
-0.023
-0.0065
-0.0029
-0.0032
-0.012
-0.018
-0.031
-0.048
-0.04
0.0013
0.036
0.057
0.076
0.088
0.091
0.082
0.057
0.039
0.037
0.059
0.09
0.091
0.073
0.068
0.078
0.098
0.13
0.14
0.13
0.11
0.075
0.062
0.071
0.099
0.12
0.11
0.099
0.1
0.13
0.17
0.19
0.17
0.13
0.093
0.068
0.087
0.12
0.14
0.14
0.13
0.12
0.12
0.11
0.1
0.096
0.1
0.12
0.13
0.12
0.095
0.069
0.065
0.085
0.091
0.068
0.04
0.018
0.0081
0.023
0.05
0.065
0.055
0.016
-0.031
-0.051
-0.037
-0.015
0.0092
0.03
0.023
-0.029
-0.099
-0.13
-0.13
-0.092
-0.047
-0.029
-0.037
-0.055
-0.092
-0.13
-0.13
-0.13
-0.13
-0.11
-0.085
-0.074
-0.088
-0.12
-0.16
-0.2
-0.2
-0.18
-0.16
-0.11
-0.066
-0.044
-0.04
-0.052
-0.077
-0.089
-0.085
-0.065
-0.032
-0.011
-0.015
-0.051
-0.072
-0.06
-0.041
-0.024
-0.0025
0.01
0.0058
-0.01
-0.032
-0.044
-0.038
-0.025
-0.017
-0.0047
0.0019
0.015
0.039
0.061
0.065
0.048
0.042
0.05
0.045
0.032
0.034
0.065
0.1
0.11
0.09
0.083
0.086
0.087
0.071
0.032
0.017
0.034
0.06
0.075
0.079
0.067
0.041
0.019
0.025
0.047
0.054
0.06
0.087
0.12
0.13
0.12
0.099
0.083
0.093
0.11
0.12
0.1
0.09
0.098
0.11
0.11
0.12
0.12
0.11
0.11
0.13
0.14
0.14
0.12
0.11
0.13
0.13
0.13
0.13
0.15
0.17
0.18
0.18
0.16
0.14
0.14
0.15
0.16
0.17
0.17
0.16
0.16
0.14
0.13
0.12
0.12
0.11
0.12
0.13
0.12
0.1
0.074
0.071
0.093
0.11
0.12
0.12
0.12
0.12
0.097
0.062
0.041
0.03
0.064
0.15
0.18
0.11
0.021
-0.032
-0.042
-0.02
0.014
0.04
0.068
0.072
0.058
0.052
0.043
0.022
0.0039
0.01
0.025
0.038
0.029
0.0092
-0.0043
-0.0041
0.0054
0.015
0.0075
-0.0061
-0.012
-0.0057
0.0082
0.021
0.025
0.049
0.067
0.056
0.033
0.013
0.0093
0.015
0.04
0.077
0.092
0.093
0.1
0.1
0.075
0.045
0.019
0.015
0.051
0.099
0.11
0.087
0.063
0.039
0.026
0.015
0.0031
-0.0033
0.016
0.051
0.065
0.07
0.073
0.069
0.048
0.02
0.015
0.022
0.028
0.04
0.045
0.042
0.032
0.026
0.014
0.0065
-0.0028
-0.0064
0.0029
0.0023
-0.004
-0.0039
-0.0029
-0.011
-0.018
-0.023
-0.0056
0.025
0.048
0.041
0.0043
-0.024
-0.027
-0.015
-0.012
-0.021
-0.016
0.0075
0.026
0.018
-0.00011
-0.024
-0.036
-0.028
-0.036
-0.06
-0.073
-0.062
-0.018
0.025
0.024
-0.016
-0.042
-0.054
-0.068
-0.09
-0.098
-0.076
-0.033
-0.0036
-0.0077
-0.0072
0.0021
-0.0036
-0.024
-0.024
-0.013
-0.011
-0.01
-0.012
-0.0026
0.0085
0.0089
0.016
0.029
0.025
0.0055
-0.0058
-0.0036
0.016
0.034
0.052
0.074
0.089
0.093
0.1
0.11
0.12
0.11
0.09
0.08
0.074
0.073
0.099
0.14
0.16
0.17
0.16
0.11
0.068
0.035
0.024
0.034
0.044
0.055
0.073
0.073
0.063
0.062
0.054
0.036
0.0055
-0.022
-0.024
-0.022
-0.015
0.016
0.044
0.054
0.042
0.01
-0.018
-0.029
-0.026
-0.011
0.01
0.039
0.061
0.051
0.019
-0.0088
-0.025
-0.027
-0.015
0.0026
0.017
0.027
0.028
0.017
-0.00038
-0.011
-0.01
-0.0035
0.0077
0.024
0.025
0.0057
-0.005
-0.00056
0.008
0.013
0.016
0.0074
0.0074
0.019
0.038
0.053
0.057
0.053
0.048
0.05
0.046
0.038
0.032
0.033
0.044
0.054
0.042
0.018
0.0013
0.00075
0.017
0.037
0.043
0.042
0.041
0.045
0.049
0.042
0.039
0.035
0.02
-0.0041
-0.028
-0.036
-0.026
