0.032
0.025
0.011
-0.0047
-0.011
-0.0051
-0.0055
0.0026
0.014
0.026
0.027
1.5e-005
-0.0094
0.025
0.038
0.009
-0.016
-0.0034
0.016
0.0027
-0.0079
0.014
0.021
-0.00084
0.0018
0.021
0.015
0.00084
0.024
0.035
0.011
-0.00041
0.0026
-0.0058
-0.014
-0.0079
0.0015
0.0054
0.014
0.018
0.012
0.003
0.0036
0.0022
-0.0048
-0.0072
-0.0074
0.014
0.033
0.021
0.00017
-0.0094
-0.019
-0.023
0.004
0.022
0.0092
-0.0054
-0.0019
0.0049
0.007
0.0024
-0.014
-0.012
0.0017
-0.0092
-0.011
0.012
0.036
0.023
-0.00087
-0.0074
-0.0064
-0.0057
0.0048
0.019
0.019
0.028
0.034
0.021
0.0051
0.0059
0.0034
-0.013
-0.0054
0.012
0.0093
-0.0072
-0.014
-0.013
-0.024
-0.018
-0.0054
-0.011
-0.019
-0.015
-0.0036
0.0025
0.0026
-0.0095
-0.011
-0.0036
0.0013
0.0078
0.013
-0.0028
-0.012
0.013
0.01
-0.012
-0.0083
0.015
0.027
0.017
0.0032
0.0081
0.025
0.037
0.026
0.012
0.017
0.026
0.0076
0.0021
0.013
0.011
0.0043
-0.0042
-0.0063
0.0044
0.0087
-0.012
-0.011
0.0099
-0.00078
-0.016
0.0098
0.03
0.0049
-0.0094
0.018
0.038
0.025
0.0083
0.013
0.01
0.00075
0.0032
0.013
0.027
0.028
0.022
0.021
0.017
0.0018
-0.0034
0.0065
0.0099
0.0082
0.0044
0.0077
0.011
0.0052
-0.0017
-0.01
-0.011
-0.0087
-0.012
-0.004
0.011
0.011
-0.0011
0.0063
0.0083
0.0043
0.0035
0.012
0.013
0.0093
0.023
0.02
0.0017
0.0054
0.018
0.0034
-0.016
-0.0043
0.0054
-0.0061
-0.0023
0.016
0.0057
-0.022
-0.013
-0.0024
-0.0064
-0.0072
-0.012
-0.0095
0.0058
0.0094
-0.0061
-0.0099
-0.00081
0.0098
0.015
0.019
0.018
0.016
0.012
0.0089
0.0067
-0.0023
0.0012
0.013
0.012
0.00093
-0.0048
0.00066
0.011
-0.00044
-0.012
-0.0087
0.00078
-0.0038
-0.0067
-0.0091
-0.011
-0.013
-0.017
-0.016
-0.014
-0.022
-0.019
-0.0039
-0.0029
-0.0097
-0.013
-0.014
-0.0093
-0.011
-0.026
-0.023
-0.013
0.00063
0.0095
-0.0039
-0.011
-0.013
-0.035
-0.043
-0.036
-0.025
-0.009
-0.011
-0.014
-0.016
-0.018
-0.014
-0.0079
-0.011
-0.012
0.0014
0.0046
-0.006
-0.017
-0.021
-0.026
-0.017
0.0063
-0.0029
-0.035
-0.034
-0.0075
0.0036
-0.023
-0.026
-0.0091
-0.013
-0.038
-0.039
-0.02
-0.0006
0.0075
0.0035
-0.00011
-0.014
-0.022
-0.03
-0.039
-0.02
-0.0029
-0.014
-0.026
-0.0085
0.0094
0.0061
0.0029
0.0043
-0.0076
-0.022
-0.0077
0.01
0.006
0.0032
0.013
0.022
0.0038
-0.019
-0.014
-0.0038
0.0054
0.027
0.027
-0.008
-0.026
-0.0052
0.016
0.008
-0.017
-0.02
-0.01
0.0031
0.023
0.027
0.0087
-0.0087
-0.007
0.0021
0.018
0.025
0.027
0.024
0.022
0.022
0.026
0.025
0.017
0.021
0.029
0.019
0.00078
0.0032
0.01
0.0095
0.021
0.019
-0.0063
-0.023
-0.0072
0.0068
-0.013
-0.034
-0.036
-0.011
0.016
0.0076
-0.015
-0.015
-0.0096
-0.026
-0.034
-0.031
-0.038
-0.041
-0.028
-0.015
-0.02
-0.032
-0.042
-0.044
-0.032
-0.026
-0.021
-0.0023
0.017
0.015
0.0057
0.01
0.014
0.015
0.014
0.031
0.045
0.062
0.061
0.036
0.021
0.027
0.028
0.011
0.01
0.03
0.033
0.022
0.017
0.011
-0.011
-0.018
-0.0088
-0.0037
-0.0009
-0.01
-0.02
-0.0062
0.016
0.01
-0.011
-0.016
-0.01
-0.0006
0.0099
0.019
0.018
0.019
0.018
0.014
0.0071
0.0065
0.023
0.046
0.046
0.036
0.036
0.05
0.062
0.057
0.04
0.042
0.055
0.054
0.054
0.05
0.049
0.034
0.022
0.027
0.033
0.029
0.029
0.025
0.019
0.022
0.023
0.02
0.015
4.6e-005
-0.0019
0.013
0.029
0.037
0.029
0.019
0.019
0.024
0.021
0.015
0.0098
0.03
0.058
0.05
0.032
0.027
0.027
0.022
0.023
0.02
0.018
0.026
0.038
0.035
0.026
0.018
0.01
0.008
0.015
0.0046
0.00011
0.0097
0.027
0.027
0.011
0.0029
0.0047
0.01
0.005
0.0055
0.017
0.038
0.043
0.03
0.025
0.037
0.045
0.032
0.019
0.021
0.029
0.019
0.00014
-0.0063
-0.013
-0.016
-0.0099
-0.0034
0.00072
0.064
0.16
0.16
0.068
-0.0029
0.019
0.043
0.0096
-0.014
-0.007
-0.0076
-0.027
-0.022
0.0014
0.011
0.01
0.017
0.0075
-0.033
-0.058
-0.037
0.012
0.062
0.065
0.042
0.025
0.022
0.018
0.017
0.025
0.039
0.056
0.057
0.052
0.034
0.011
-0.012
-0.039
-0.061
-0.08
-0.086
-0.059
-0.02
-0.006
0.0006
0.012
-0.0011
-0.044
-0.069
-0.049
-0.013
0.0048
0.0069
0.0025
0.01
0.017
0.0076
-0.0053
0.0084
0.037
0.053
0.054
0.038
0.018
0.027
0.056
0.051
0.015
-0.0054
0.0062
0.033
0.046
0.03
0.0014
-0.023
-0.022
-0.012
-0.005
-0.012
-0.024
-0.04
-0.052
-0.056
-0.05
-0.015
0.0012
-0.027
-0.051
-0.027
0.016
0.04
0.041
0.019
-0.017
-0.035
-0.023
-0.0072
0.0024
0.027
0.045
0.034
-0.0028
-0.026
-0.0074
0.028
0.045
0.026
0.011
0.014
0.02
0.021
0.02
0.013
0.007
0.00084
-0.015
-0.026
-0.014
0.0034
0.0074
-0.012
-0.043
-0.053
-0.042
-0.022
-0.012
-0.0067
0.00011
0.0054
-0.02
-0.034
-0.024
-0.011
-0.011
-0.022
-0.012
0.016
0.032
0.015
0.013
0.02
0.0057
-0.006
-0.003
0.0079
0.0006
-0.0045
0.025
0.04
0.022
-0.0011
-0.015
-0.02
0.00047
0.027
0.032
0.028
0.024
0.015
-0.012
-0.032
-0.033
-0.016
-0.008
-0.023
-0.024
0.0031
0.016
0.0023
-0.0076
-0.012
-0.02
-0.026
-0.017
0.0018
0.0045
-0.0046
-0.0031
-0.0052
-0.005
-0.0058
-0.012
-0.031
-0.041
-0.049
-0.049
-0.041
-0.033
-0.027
-0.04
-0.05
-0.047
-0.043
-0.04
-0.048
-0.055
-0.036
-0.013
-0.015
-0.03
-0.027
-0.0098
0.019
0.05
0.056
0.058
0.067
0.067
0.057
0.059
0.073
0.091
0.093
0.092
0.1
0.096
0.089
0.083
0.066
0.045
0.046
0.068
0.095
0.11
0.081
0.056
0.049
0.047
0.032
-0.0034
-0.021
-0.023
-0.025
-0.041
-0.053
-0.061
-0.054
-0.046
-0.049
-0.044
-0.032
-0.0031
0.017
0.023
0.011
-0.025
-0.049
-0.044
-0.036
-0.032
0.0024
0.057
0.084
0.074
0.057
0.055
0.056
0.055
0.049
0.04
0.054
0.083
0.1
0.097
0.075
0.063
0.069
0.062
0.046
0.043
0.056
0.059
0.045
0.036
0.032
0.035
0.054
0.053
0.022
0.0014
0.027
0.069
0.08
0.066
0.046
0.034
0.026
0.027
0.033
0.048
0.063
0.066
0.059
0.048
0.033
0.0086
-0.013
-0.02
-0.031
-0.062
-0.097
-0.13
-0.15
-0.16
-0.14
-0.14
-0.16
-0.18
-0.14
-0.068
0.0052
0.043
0.043
0.036
0.038
0.054
0.074
0.073
0.05
0.034
0.028
0.004
-0.039
-0.1
-0.2
-0.34
-0.5
-0.57
-0.51
-0.35
-0.21
-0.15
-0.14
-0.12
-0.1
-0.093
-0.064
-0.015
0.059
0.15
0.23
0.32
0.4
0.47
0.5
0.48
0.43
0.38
0.32
0.24
0.13
0.042
0.018
0.029
0.019
-0.031
-0.093
-0.13
-0.13
-0.11
-0.11
-0.13
-0.16
-0.17
-0.16
-0.14
-0.14
-0.15
-0.14
-0.11
-0.067
-0.02
0.0042
-0.014
-0.059
-0.097
-0.1
-0.074
-0.036
-0.019
-0.022
-0.029
-0.016
-0.0065
-0.0047
-0.0072
-0.019
-0.038
-0.066
-0.1
-0.14
-0.15
-0.14
-0.13
-0.12
-0.12
-0.093
-0.053
-0.0065
0.031
0.045
0.044
0.052
0.055
0.044
0.039
0.037
0.029
0.023
0.018
0.019
0.026
0.027
0.0077
-0.019
-0.024
0.0065
0.04
0.056
0.06
0.055
0.042
0.026
0.0053
-0.031
-0.076
-0.11
-0.11
-0.1
-0.095
-0.091
-0.068
-0.048
-0.045
-0.072
-0.092
-0.096
-0.1
-0.12
-0.13
-0.12
-0.1
-0.082
-0.079
-0.08
-0.066
-0.041
-0.031
-0.038
-0.043
-0.051
-0.054
-0.034
-0.011
-0.0092
-0.0097
0.023
0.073
0.1
0.1
0.1
0.092
0.089
0.096
0.1
0.12
0.14
0.15
0.15
0.13
0.097
0.071
0.057
0.033
-0.0031
-0.026
-0.035
-0.058
-0.078
-0.09
-0.11
-0.11
-0.081
-0.063
-0.055
-0.043
-0.017
0.0027
0.011
0.013
0.024
0.035
0.037
0.038
0.038
0.049
0.058
0.056
0.045
0.016
-0.024
-0.061
-0.072
-0.059
-0.049
-0.055
-0.067
-0.073
-0.077
-0.07
-0.068
-0.076
-0.084
-0.075
-0.049
-0.028
-0.014
-0.0065
0.006
0.024
0.049
0.074
0.086
0.085
0.088
0.1
0.11
0.095
0.076
0.064
0.062
0.06
0.049
0.034
0.035
0.056
0.072
0.073
0.075
0.093
0.11
0.12
0.15
0.17
0.18
0.19
0.19
0.19
0.19
0.18
0.16
0.14
0.12
0.098
0.091
0.09
0.075
0.066
0.074
0.082
0.073
0.049
0.02
-0.015
-0.024
-0.018
-0.017
-0.029
-0.051
-0.066
-0.062
-0.037
-0.015
-0.0039
-0.016
-0.045
-0.054
-0.024
0.021
0.039
0.042
0.029
0.0087
0.0037
0.014
0.019
0.014
0.02
0.032
0.033
0.022
-0.0011
-0.0032
0.011
0.037
0.05
0.046
0.035
0.022
0.023
0.044
0.069
0.063
0.031
0.012
0.013
0.029
0.051
0.062
0.051
0.024
0.019
0.029
0.033
0.023
0.012
0.0039
0.0016
0.0072
0.0033
-0.0085
-0.023
-0.042
-0.061
-0.062
-0.046
-0.022
-0.0071
-0.015
-0.036
-0.056
-0.056
-0.029
-0.018
-0.041
-0.081
-0.098
-0.078
-0.043
-0.021
-0.025
-0.038
-0.055
-0.051
-0.044
-0.033
-0.017
-0.0079
-0.0032
0.016
0.028
0.017
0.0085
-0.0044
-0.029
-0.053
-0.059
-0.058
-0.07
-0.094
-0.11
-0.11
-0.12
-0.13
-0.14
-0.16
-0.16
-0.15
-0.13
-0.13
-0.12
-0.11
-0.096
-0.1
-0.13
-0.13
-0.12
-0.099
-0.061
-0.032
-0.016
-0.0066
-0.011
-0.023
-0.026
-0.032
-0.036
-0.017
0.0052
0.019
0.018
0.0098
0.0084
0.0056
-0.01
-0.024
-0.0071
0.017
0.036
0.045
0.052
0.061
0.054
0.035
0.019
0.015
0.028
0.055
0.075
0.077
0.067
0.044
0.039
0.053
0.07
0.077
0.06
0.037
0.039
0.062
0.069
0.053
0.031
0.022
0.025
0.03
0.051
0.08
0.094
0.092
0.081
0.069
0.061
0.066
0.082
0.11
0.13
0.11
0.1
0.093
0.094
0.09
0.083
0.083
0.097
0.11
0.1
0.11
0.11
0.12
0.12
0.11
0.1
0.11
0.11
0.11
0.12
0.12
0.11
0.098
0.088
0.071
0.07
0.09
0.1
0.11
0.09
0.078
0.071
0.074
0.078
0.074
0.081
0.1
0.11
0.11
0.12
0.12
0.12
0.11
0.093
0.08
0.098
0.13
0.16
0.19
0.2
0.2
0.22
0.24
0.26
0.29
0.33
0.37
0.39
0.4
0.39
0.38
0.35
0.31
0.28
0.22
0.15
0.074
-0.0058
-0.12
-0.26
-0.51
-0.87
-0.95
-0.95
-0.92
-0.96
-0.76
-0.62
-0.91
-0.92
-0.92
-0.45
0.13
0.18
0.083
0.16
0.45
0.64
0.56
0.34
0.2
0.25
0.32
0.28
0.12
-0.03
-0.082
-0.076
-0.048
0.028
0.17
0.27
0.22
0.094
0.077
0.18
0.24
0.14
-0.027
-0.059
0.039
0.092
-0.0055
-0.17
-0.2
-0.07
0.085
0.12
0.026
-0.058
-0.0044
0.11
0.12
0.032
-0.0073
0.044
0.098
0.079
0.032
0.028
0.084
0.16
0.17
0.083
-0.019
-0.035
0.027
0.065
0.043
4.6e-005
-0.03
-0.033
-0.046
-0.07
-0.068
-0.052
-0.044
-0.039
-0.022
0.0017
0.019
-0.016
-0.11
-0.21
-0.26
-0.23
-0.16
-0.086
-0.037
-0.0089
0.014
0.044
0.071
0.057
0.034
0.031
0.036
0.042
0.046
0.05
0.041
0.032
0.02
-0.0031
-0.023
-0.011
0.023
0.044
0.032
0.0054
-0.0034
0.027
0.11
0.16
0.11
-0.022
-0.11
-0.055
0.067
0.11
0.073
0.069
0.15
0.16
0.091
0.12
0.2
0.21
0.18
0.12
0.071
0.045
0.042
0.039
-0.0089
0.00069
0.072
0.11
0.14
0.14
0.1
0.064
0.11
0.12
0.012
-0.048
-0.069
-0.07
-0.074
-0.078
-0.068
-0.09
-0.1
-0.095
-0.014
0.1
0.081
0.02
0.025
0.03
0.016
0.008
0.039
0.053
0.017
0.02
0.062
0.071
0.022
-0.0073
0.015
0.009
0.0019
0.057
0.096
0.057
0.019
0.024
0.0073
-0.048
-0.094
-0.13
-0.14
-0.11
-0.049
-0.013
-0.031
-0.027
0.0053
0.0094
-0.0089
-0.0043
0.017
0.044
0.079
0.084
0.082
0.076
0.052
0.038
0.044
0.062
0.066
0.083
0.1
0.085
0.069
0.059
0.042
0.026
0.024
0.043
0.076
0.096
0.088
0.056
0.03
0.015
0.016
0.046
0.069
0.063
0.035
0.037
0.051
0.035
0.0088
-0.015
-0.022
-0.00063
0.041
0.064
0.059
0.053
0.053
0.063
0.086
0.082
0.056
0.032
0.024
0.045
0.056
0.046
0.026
0.0021
-0.027
-0.037
-0.028
-0.022
-0.018
-0.0023
0.015
0.013
0.0059
-0.0072
-0.04
-0.065
-0.068
-0.054
-0.029
-0.033
-0.063
-0.072
-0.067
-0.058
-0.032
-0.00066
0.0026
-0.018
-0.019
-0.004
0.0017
0.0079
0.032
0.042
0.041
0.044
0.023
0.0014
-0.0055
-0.0073
-0.019
-0.019
0.0051
0.022
0.034
0.029
0.035
0.062
0.066
0.049
0.017
-0.01
-0.04
-0.044
-0.0077
0.021
0.029
0.027
0.032
0.038
0.055
0.063
0.053
0.03
-0.02
-0.063
-0.049
0.0044
0.021
-0.0099
-0.028
-0.0034
0.021
-0.0018
-0.039
-0.041
-0.016
0.019
0.044
0.027
-0.0086
-0.011
0.014
0.037
0.044
0.047
0.034
-0.011
-0.035
-0.026
-0.022
-0.035
-0.054
-0.085
-0.098
-0.071
-0.03
-0.00023
-0.0051
-0.039
-0.068
-0.067
-0.04
-0.024
-0.033
-0.04
-0.047
-0.079
-0.11
-0.11
-0.079
-0.066
-0.083
-0.089
-0.058
-0.021
-0.029
-0.058
-0.079
-0.089
-0.083
-0.064
-0.045
-0.041
-0.036
-0.013
-0.0047
-0.025
-0.066
-0.11
-0.13
-0.14
-0.13
-0.1
-0.081
-0.079
-0.071
-0.048
-0.034
-0.036
-0.045
-0.041
-0.037
-0.039
-0.032
-0.011
-0.022
-0.056
-0.063
-0.055
-0.043
-0.024
-0.015
-0.008
-0.0025
0.0073
0.0097
-0.0041
-0.026
-0.024
0.0037
0.03
0.05
0.053
0.045
0.023
0.0015
0.013
0.024
0.021
0.015
0.019
0.035
0.067
0.093
0.094
0.078
0.047
0.036
0.029
0.019
0.015
0.019
0.046
0.079
0.089
0.065
0.036
0.03
0.044
0.064
0.069
0.064
0.062
0.058
0.039
0.013
0.0028
0.00075
0.0035
0.0015
-4.6e-005
0.0052
-0.0022
-0.0018
-0.0033
0.0066
0.021
0.036
0.027
0.017
0.023
0.03
0.037
0.03
0.028
0.017
0.00093
-0.015
-0.031
-0.02
-4.6e-005
0.016
0.024
0.019
-0.017
-0.046
-0.048
-0.055
-0.053
-0.036
-0.014
-0.016
-0.027
-0.041
-0.054
-0.043
-0.025
-0.013
-0.014
-0.013
-0.012
-0.015
-0.011
-0.014
-0.02
-0.025
-0.021
-0.019
-0.015
-0.0024
-0.002
-0.0047
-0.015
-0.029
-0.03
-0.022
-0.0085
-0.0083
0.0032
0.014
0.019
0.02
0.017
-0.001
-0.015
0.00011
0.016
0.031
0.041
0.04
0.032
0.023
0.02
0.018
0.014
0.012
0.015
0.0053
-0.0051
0.0086
0.02
0.024
0.021
0.0097
0.0036
0.0099
0.024
0.027
0.018
0.014
0.023
0.029
0.025
0.026
0.031
0.018
-0.0083
-0.018
-0.017
-0.012
-0.011
-0.022
-0.036
-0.058
-0.056
-0.023
0.0025
0.0066
-0.0015
0.016
0.032
0.031
0.00038
-0.048
-0.094
-0.09
-0.047
-0.027
-0.028
-0.033
-0.025
-0.011
0.0015
0.0018
0.00066
0.0025
-0.02
-0.076
-0.12
-0.096
-0.035
-0.014
-0.033
-0.036
-0.03
-0.051
-0.08
-0.095
-0.085
-0.054
-0.031
-0.03
-0.067
-0.12
-0.13
-0.098
-0.039
-0.0055
-0.002
-0.017
-0.038
-0.08
-0.11
-0.12
-0.13
-0.13
-0.12
-0.091
-0.074
-0.062
-0.053
-0.06
-0.08
-0.1
-0.09
-0.075
-0.071
-0.075
-0.082
-0.085
-0.1
-0.11
-0.079
-0.061
-0.069
-0.088
-0.084
-0.057
-0.026
-0.015
-0.022
-0.039
-0.067
-0.085
-0.091
-0.085
-0.071
-0.046
-0.036
-0.037
-0.035
-0.033
-0.028
-0.037
-0.037
-0.013
0.021
0.044
0.04
-0.0028
-0.053
-0.065
-0.05
-0.02
0.0042
0.0022
-0.0016
0.003
0.014
0.021
0.0088
-0.0029
0.0051
0.02
0.035
0.059
0.057
0.037
0.022
0.018
0.023
0.02
0.0094
0.016
0.044
0.068
0.067
0.052
0.047
0.058
0.065
0.072
0.065
0.047
0.035
0.029
0.031
0.034
0.032
0.023
0.027
0.05
0.061
0.058
0.056
0.053
0.054
0.063
0.064
0.044
0.032
0.046
0.061
0.064
0.066
0.056
0.036
0.043
0.048
0.059
0.069
0.072
0.069
0.064
0.07
0.06
0.049
0.041
0.044
0.053
0.067
0.074
0.064
0.049
0.045
0.054
0.07
0.066
0.045
0.043
0.046
0.036
0.027
0.013
0.0097
0.017
0.025
0.027
0.018
0.013
0.032
0.063
0.067
0.042
0.02
0.02
0.051
0.065
0.046
0.038
0.05
0.055
0.051
0.046
0.04
0.048
0.07
0.099
0.11
0.089
0.051
0.022
0.017
0.026
0.035
0.032
0.033
0.038
0.029
0.024
0.026
0.042
0.045
0.037
0.044
0.052
0.049
0.034
0.026
0.023
0.015
0.0084
0.00078
-0.009
-0.022
-0.011
0.026
0.045
0.026
-0.00011
-0.005
0.011
0.026
0.02
0.014
0.017
0.018
0.015
0.0028
-0.015
-0.026
-0.014
-0.0074
-0.017
-0.029
-0.027
-0.014
0.0055
0.023
0.0058
-0.032
-0.044
-0.055
-0.058
-0.056
-0.044
-0.042
-0.063
-0.067
-0.044
-0.01
-0.01
-0.021
-0.01
0.0026
-0.0083
-0.032
-0.051
-0.066
-0.06
-0.038
-0.017
0.015
0.039
0.045
0.045
0.034
0.00099
-0.03
-0.052
-0.087
-0.12
-0.12
-0.094
-0.058
-0.021
0.011
0.041
0.06
0.039
-0.0014
-0.033
-0.058
-0.076
-0.083
-0.084
-0.071
-0.045
-0.0061
0.043
0.068
0.057
0.018
-0.011
-0.018
-0.049
-0.09
-0.1
-0.073
-0.045
-0.0024
0.049
0.064
0.071
0.082
0.078
0.045
0.0039
-0.023
-0.028
-0.012
-0.0055
-0.017
-0.02
-0.013
-0.0048
0.0034
0.012
0.012
0.0014
-0.0097
-0.0089
-0.002
-0.0019
-0.0015
0.0027
0.03
0.06
0.06
0.044
0.028
0.0095
0.0014
0.014
0.017
0.0093
0.019
0.041
0.034
0.018
0.013
0.0031
0.0062
0.017
0.012
0.016
0.033
0.049
0.036
0.012
-0.0074
-0.01
-0.0027
0.0029
0.019
0.037
0.061
0.092
0.097
0.084
0.074
0.071
0.067
0.063
0.055
0.046
0.056
0.082
0.089
0.081
0.079
0.082
0.088
0.092
0.078
0.061
0.066
0.075
0.062
0.038
0.034
0.062
0.081
0.083
0.08
0.074
0.073
0.069
0.066
0.063
0.059
0.063
0.064
0.07
0.07
0.068
0.071
0.053
0.04
0.039
0.042
0.031
0.035
0.041
0.037
0.033
0.033
0.047
0.06
0.053
0.035
0.026
0.02
0.0099
0.024
0.062
0.088
0.091
0.072
0.029
-0.0011
0.0043
0.0091
0.013
0.02
0.02
0.025
0.024
0.012
0.0032
0.0097
0.011
0.0052
-0.013
-0.038
-0.055
-0.056
-0.036
-0.021
-0.012
-0.002
-0.0054
-0.016
-0.027
-0.047
-0.066
-0.063
-0.043
-0.026
-0.013
-0.01
-0.00014
0.0072
0.013
0.011
0.0043
-0.0064
-0.031
-0.054
-0.043
-0.013
-0.00041
0.00099
0.0045
0.0018
-0.02
-0.035
-0.027
-0.026
-0.034
-0.041
-0.042
-0.048
-0.052
-0.039
-0.041
-0.047
-0.048
-0.029
-0.0072
-0.013
-0.029
-0.048
-0.056
-0.069
-0.07
-0.049
-0.04
-0.029
-0.017
-0.016
-0.022
-0.033
-0.049
-0.07
-0.087
-0.094
-0.091
-0.08
-0.051
-0.038
-0.052
-0.058
-0.048
-0.041
-0.046
-0.051
-0.061
-0.073
-0.065
-0.035
-0.013
-0.0093
-0.018
-0.031
-0.04
-0.028
-0.0075
0.014
0.025
0.017
0.024
0.046
0.045
0.019
-0.02
-0.039
-0.03
-0.014
0.00035
0.022
0.063
0.098
0.1
0.082
0.061
0.035
-0.0005
-0.012
-0.011
-0.026
-0.02
0.032
0.1
0.13
0.12
0.11
0.079
0.031
-0.029
-0.058
-0.037
0.0014
0.018
0.012
0.014
0.038
0.072
0.069
0.033
-0.015
-0.039
-0.042
-0.055
-0.063
-0.053
-0.033
-0.011
0.0074
0.045
0.078
0.086
0.085
0.067
0.029
-0.013
-0.037
-0.042
-0.024
-0.0028
0.02
0.053
0.076
0.068
0.02
-0.029
-0.047
-0.037
-0.0094
0.028
0.064
0.086
0.071
0.041
0.028
0.031
0.028
-0.0065
-0.042
-0.044
-0.029
-0.014
-0.0062
0.0063
0.035
0.063
0.059
0.034
0.018
-0.003
-0.027
-0.042
-0.035
-0.014
0.0039
-0.00081
-0.02
-0.027
-0.029
-0.024
-0.013
-0.019
-0.041
-0.057
-0.057
-0.045
-0.019
0.0052
0.012
0.016
0.016
0.0035
-0.00087
-0.0018
-0.022
-0.047
-0.05
-0.037
-0.015
-0.0089
-0.013
-0.016
-0.014
-0.023
-0.042
-0.05
-0.035
-0.016
-0.0029
0.013
0.022
0.019
0.0024
-0.032
-0.041
-0.036
-0.036
-0.047
-0.067
-0.078
-0.076
-0.055
-0.03
-0.013
-0.00063
0.0079
-0.0018
-0.03
-0.061
-0.081
-0.082
-0.067
-0.039
-0.013
-0.0083
-0.012
-0.011
-0.016
-0.037
-0.051
-0.052
-0.063
-0.064
-0.033
-0.002
0.0024
-0.01
-0.031
-0.049
-0.048
-0.037
-0.02
-0.0066
0.012
0.032
0.042
0.038
0.026
0.011
-0.0035
-0.024
-0.044
-0.052
-0.063
-0.065
-0.046
-0.044
-0.049
-0.041
-0.035
-0.031
-0.027
-0.022
-0.019
-0.022
-0.016
-0.0039
0.0057
0.018
0.021
0.02
0.041
0.058
0.056
0.049
0.025
-0.019
-0.04
-0.028
-0.016
-0.013
-0.00081
0.027
0.034
0.012
-0.01
-0.023
-0.031
-0.036
-0.047
-0.049
-0.033
-0.019
-0.0044
0.029
0.047
0.038
0.025
0.013
-0.012
-0.023
-0.013
-0.0032
0.012
0.034
0.052
0.06
0.06
0.057
0.044
0.035
0.03
0.031
0.029
0.026
0.019
0.016
0.02
0.0096
-0.004
-0.01
-0.014
-0.017
-0.025
-0.024
-0.019
-0.019
-0.007
0.02
0.038
0.05
0.063
0.07
0.072
0.07
0.067
0.06
0.063
0.077
0.085
0.1
0.13
0.15
0.15
0.1
0.055
0.0061
-0.018
-0.013
0.013
0.048
0.082
0.099
0.084
0.063
0.043
0.024
0.025
0.014
-0.0096
-0.014
0.0013
0.016
0.042
0.07
0.089
0.11
0.11
0.069
0.019
-0.019
-0.032
-0.017
0.008
0.028
0.042
0.055
0.074
0.079
0.063
0.03
-0.01
-0.035
-0.039
-0.016
0.016
0.034
0.033
0.03
0.03
0.022
0.013
0.0014
-0.013
-0.047
-0.092
-0.11
-0.096
-0.064
-0.043
-0.041
-0.053
-0.072
-0.077
-0.065
-0.059
-0.079
-0.1
-0.12
-0.11
-0.087
-0.065
-0.049
-0.041
-0.035
-0.043
-0.057
-0.079
-0.096
-0.094
-0.077
-0.062
-0.058
-0.046
-0.032
-0.027
-0.035
-0.048
-0.067
-0.086
-0.099
-0.11
-0.11
-0.094
-0.071
-0.041
-0.027
-0.049
-0.067
-0.059
-0.051
-0.054
-0.049
-0.043
-0.043
-0.046
-0.039
-0.025
-0.0076
0.02
0.021
0.0031
-0.013
-0.014
-0.0027
0.0031
-0.0023
-0.012
-0.018
-0.034
-0.034
-0.021
-0.015
0.0029
0.021
0.024
-0.0017
-0.034
-0.043
-0.026
-0.012
0.012
0.029
0.028
0.032
0.03
0.023
0.034
0.05
0.065
0.077
0.068
0.044
0.038
0.048
0.059
0.069
0.077
0.076
0.063
0.058
0.054
0.056
0.077
0.09
0.088
0.082
0.073
0.055
0.058
0.068
0.064
0.075
0.098
0.11
0.097
0.075
0.058
0.041
0.025
0.027
0.046
0.054
0.062
0.076
0.081
0.086
0.076
0.052
0.022
-0.0051
-0.015
0.0062
0.044
0.064
0.064
0.063
0.055
0.032
0.017
0.015
0.0094
0.01
0.022
0.041
0.041
0.037
0.035
0.015
0.00072
0.019
0.05
0.056
0.043
0.019
0.0062
0.014
0.027
0.036
0.037
0.043
0.047
0.047
0.046
0.04
0.042
0.042
0.038
0.03
0.021
0.01
0.0036
0.028
0.058
0.063
0.046
0.036
0.037
0.036
0.033
0.0053
-0.011
0.0064
0.052
0.084
0.086
0.077
0.062
0.053
0.053
0.043
0.023
0.029
0.037
0.035
0.045
0.048
0.037
0.021
0.0089
0.003
0.0095
0.028
0.045
0.052
0.045
0.025
0.0051
0.00029
0.0017
-0.0014
0.012
0.022
0.013
0.0051
0.015
0.024
0.02
0.029
0.046
0.062
0.063
0.049
0.04
0.044
0.049
0.032
-0.0029
-0.057
-0.074
-0.042
0.0061
0.058
0.081
0.087
0.084
0.067
0.042
0.018
0.0087
0.013
0.021
0.034
0.036
0.028
0.034
0.048
0.047
0.045
0.041
0.024
0.0029
-0.029
-0.04
-0.024
-0.014
-0.0096
0.0022
0.032
0.068
0.092
0.077
0.046
0.021
-0.0056
-0.034
-0.057
-0.071
-0.062
-0.038
-0.017
-0.0032
0.01
0.026
0.039
0.028
-0.0025
-0.04
-0.054
-0.037
-0.019
-0.018
-0.031
-0.047
-0.063
-0.064
-0.045
-0.013
-0.0079
-0.032
-0.052
-0.067
-0.072
-0.064
-0.062
-0.076
-0.083
-0.069
-0.04
-0.0086
-0.0069
-0.024
-0.039
-0.053
-0.068
-0.07
-0.062
-0.062
-0.051
-0.043
-0.036
-0.036
-0.046
-0.052
-0.062
-0.066
-0.068
-0.066
-0.058
-0.037
-0.038
-0.049
-0.037
-0.024
-0.013
-0.0096
-0.023
-0.028
-0.022
-0.01
-0.0082
-0.019
-0.042
-0.05
-0.043
-0.017
0.005
0.006
0.016
0.024
0.015
0.011
0.0085
-0.0032
-0.017
-0.014
-0.0049
0.0033
0.01
0.011
0.0034
-0.018
-0.027
-0.031
-0.04
-0.037
-0.016
0.0083
0.037
0.053
0.048
0.05
0.041
0.01
-0.017
-0.029
-0.032
-0.024
0.0074
0.046
0.072
0.068
0.041
0.017
-0.0023
-0.0037
0.0041
0.0049
0.011
-0.00069
-0.023
-0.028
-0.02
-0.014
0.01
0.039
0.049
0.04
0.021
0.0049
0.0026
0.017
0.031
0.035
0.041
0.034
0.019
0.015
0.021
0.027
0.043
0.039
0.0079
-0.0086
-0.014
-0.013
-0.01
0.003
0.014
0.014
0.0045
-0.0077
-0.017
-0.02
-0.0083
0.0049
0.015
0.013
-0.0014
-0.017
-0.024
-0.017
-0.017
-0.024
-0.029
-0.032
-0.026
-0.024
-0.026
-0.024
-0.017
-0.0054
-0.01
-0.021
-0.034
-0.039
-0.039
-0.026
-0.013
-0.0021
0.014
0.018
0.0024
-0.008
-0.016
-0.02
-0.019
-0.024
-0.029
-0.039
-0.032
-0.012
-0.0088
-0.0087
-0.0067
-0.0099
0.00023
0.0077
-0.0021
-0.0055
0.00063
-0.0051
-0.02
-0.016
-0.0048
0.0096
0.011
0.016
0.023
0.021
0.027
0.03
0.004
-0.028
-0.026
0.011
0.044
0.049
0.035
0.019
-0.003
-0.021
-0.012
-0.0053
0.0077
0.033
0.073
0.11
0.12
0.11
0.086
0.054
0.02
0.01
0.011
0.011
0.02
0.018
0.015
0.035
0.073
0.11
0.13
0.1
0.06
0.046
0.036
0.014
-0.012
-0.025
-0.019
0.00047
0.02
0.042
0.062
0.056
0.052
0.058
0.058
0.057
0.056
0.04
0.0066
-0.017
-0.008
0.024
0.054
0.078
0.081
0.067
0.057
0.042
0.026
0.0039
-0.014
-0.0095
-0.003
-0.0034
-0.011
-0.025
-0.02
0.016
0.056
0.092
0.11
0.11
0.077
0.036
0.0005
-0.016
-0.021
-0.024
-0.0076
0.032
0.068
0.092
0.1
0.093
0.073
0.021
-0.03
-0.042
-0.012
0.026
0.057
0.079
0.09
0.1
0.11
0.11
0.096
0.055
0.017
-0.011
-0.023
-0.014
0.0082
0.028
0.056
0.08
0.09
0.088
0.064
0.045
0.033
0.024
0.022
0.025
0.024
0.032
0.057
0.08
0.088
0.086
0.079
0.063
0.046
0.039
0.033
0.03
0.042
0.058
0.061
0.048
0.038
0.053
0.073
0.061
0.02
-0.0036
0.0085
0.031
0.046
0.06
0.069
0.082
0.097
0.093
0.062
0.023
-0.0047
-0.0025
0.027
0.065
0.087
0.087
0.083
0.078
0.071
0.076
0.079
0.076
0.051
0.015
-0.0083
-0.0082
0.021
0.058
0.085
0.089
0.075
0.028
-0.02
-0.034
-0.027
-0.013
0.0025
0.013
0.015
0.018
0.012
0.0025
0.0069
0.027
0.032
0.022
0.022
0.016
-0.015
-0.04
-0.026
0.0012
0.027
0.04
0.036
0.029
0.022
0.00044
-0.019
-0.027
-0.011
0.012
0.015
0.0094
-0.0031
-0.018
-0.019
-0.0052
0.0039
0.0012
0.00053
0.002
-0.0045
-0.021
-0.041
-0.041
-0.038
-0.042
-0.048
-0.055
-0.068
-0.073
-0.064
-0.063
-0.061
-0.054
-0.055
-0.067
-0.078
-0.092
-0.099
-0.085
-0.064
-0.043
-0.024
-0.0089
-0.013
-0.035
-0.064
-0.1
-0.11
-0.087
-0.062
-0.051
-0.052
-0.049
-0.031
-0.021
-0.023
-0.018
-0.024
-0.037
-0.036
-0.03
-0.021
-0.02
-0.019
-0.024
-0.044
-0.042
-0.024
-0.021
-0.03
-0.025
-0.015
-0.018
-0.025
-0.031
-0.03
-0.046
-0.052
-0.034
-0.013
-0.011
-0.019
-0.03
-0.038
-0.051
-0.059
-0.039
-0.017
-0.015
-0.0036
0.039
0.054
0.031
0.0082
0.0065
0.014
0.0094
0.0066
0.012
0.027
0.049
0.066
0.052
0.04
0.043
0.016
-0.046
-0.099
-0.11
-0.072
-0.026
0.02
0.072
0.098
0.1
0.082
0.053
0.03
0.0038
-0.042
-0.089
-0.11
-0.12
-0.093
-0.044
0.013
0.06
0.061
0.019
-0.032
-0.068
-0.11
-0.13
-0.12
-0.1
-0.065
-0.031
-0.0068
0.0014
0.0029
0.017
0.015
0.0011
-0.033
-0.078
-0.11
-0.12
-0.096
-0.042
0.013
0.038
0.032
0.023
0.018
0.019
0.011
-0.0071
-0.025
-0.027
-0.01
0.013
0.025
0.0086
-0.0074
0.003
0.037
0.05
0.026
-0.00023
-0.014
-0.018
-0.017
-0.0045
0.015
0.02
0.012
0.017
0.026
0.028
0.034
0.041
0.032
0.0018
-0.022
-0.039
-0.025
0.012
0.038
0.04
0.028
0.0084
-0.0098
-0.011
-0.0048
0.0028
0.0045
-0.0057
-0.025
-0.029
-0.015
-0.0026
0.0058
0.0076
0.0055
-0.0045
-0.023
-0.046
-0.05
-0.021
0.0016
-0.012
-0.028
-0.042
-0.056
-0.056
-0.031
0.00053
0.00081
-0.029
-0.06
-0.059
-0.031
0.0033
0.023
0.0087
-0.021
-0.049
-0.048
-0.037
-0.029
-0.027
-0.026
-0.034
-0.045
-0.028
-0.0069
-0.00014
0.0081
0.013
0.0043
-0.0073
-0.0054
0.021
0.042
0.052
0.051
0.029
0.0089
0.0069
0.018
0.032
0.027
-0.0032
-0.032
-0.033
-0.017
0.0024
0.01
0.0087
0.015
0.019
0.0055
-0.0078
-0.0021
0.022
0.03
0.018
0.011
-0.0014
-0.027
-0.033
-0.016
0.0018
0.011
0.0075
0.003
0.0079
0.0034
0.004
-0.004
-0.017
-0.026
-0.024
-0.012
0.0022
0.019
0.018
0.00081
-0.026
-0.029
-0.014
-0.0011
0.00044
-0.0018
-0.00069
0.0031
0.0099
0.0033
-0.0026
0.0023
0.014
0.015
-0.01
-0.05
-0.074
-0.07
-0.053
-0.058
-0.083
-0.075
-0.048
-0.039
-0.053
-0.057
-0.039
-0.02
-0.03
-0.046
-0.047
-0.036
-0.018
-0.0095
-0.014
-0.016
-0.004
0.012
0.02
0.026
0.034
0.04
0.037
0.041
0.036
0.036
0.04
0.048
0.049
0.034
0.016
0.017
0.028
0.029
0.024
0.015
0.013
0.027
0.043
0.043
0.029
0.025
0.034
0.048
0.075
0.098
0.11
0.083
0.043
0.0013
-0.0098
0.0033
0.026
0.057
0.092
0.11
0.085
0.058
0.045
0.029
0.0009
-0.0058
0.025
0.061
0.077
0.085
0.11
0.13
0.12
0.093
0.036
-0.025
-0.06
-0.053
-0.019
0.017
0.074
0.12
0.12
0.097
0.052
0.011
-0.019
-0.048
-0.084
-0.094
-0.059
-0.0015
0.037
0.046
0.033
0.0056
-0.022
-0.05
-0.058
-0.05
-0.046
-0.042
-0.05
-0.047
-0.012
0.018
0.019
0.00087
-0.015
-0.034
-0.063
-0.099
-0.12
-0.099
-0.064
-0.02
0.014
0.026
0.016
-0.0082
-0.029
-0.037
-0.042
-0.061
-0.07
-0.061
-0.04
-0.024
-0.024
-0.011
-0.0033
-0.014
-0.033
-0.036
-0.054
-0.08
-0.092
-0.082
-0.024
0.046
0.072
0.07
0.057
0.035
0.013
-0.028
-0.06
-0.049
-0.02
0.0058
0.027
0.048
0.049
0.026
0.0088
0.00035
-0.014
-0.037
-0.063
-0.072
-0.052
-0.026
-0.0047
0.014
0.019
0.012
-0.019
-0.059
-0.078
-0.071
-0.049
-0.036
-0.025
-0.019
-0.012
-0.012
-0.0094
0.022
0.028
0.012
-0.0022
-0.018
-0.021
-0.024
-0.026
-0.024
-0.016
-0.012
0.0049
0.025
0.021
0.0027
-0.0051
0.0053
0.011
0.0013
-0.017
-0.037
-0.035
-0.025
-0.024
-0.024
-0.01
-0.006
-0.023
-0.034
-0.042
-0.051
-0.04
-0.026
-0.021
-0.0036
0.011
-0.0015
-0.025
-0.032
-0.021
-0.023
-0.043
-0.056
-0.066
-0.069
-0.055
-0.026
0.017
0.053
0.064
0.044
0.0026
-0.039
-0.06
-0.058
-0.031
0.0002
0.0039
-0.01
-0.031
-0.034
-0.019
0.00023
0.011
0.013
0.019
0.028
0.031
0.03
0.031
0.036
0.027
0.0076
-0.0021
-0.00063
-0.0093
-0.015
-0.0021
0.015
0.026
0.033
0.032
0.02
0.027
0.046
0.051
0.037
0.02
0.021
0.024
0.025
0.023
0.022
0.034
0.049
0.048
0.039
0.036
0.033
0.03
0.033
0.039
0.043
0.044
0.04
0.035
0.044
0.056
0.052
0.051
0.047
0.033
0.019
0.026
0.041
0.049
0.05
0.052
0.064
0.074
0.078
0.08
0.076
0.053
0.021
0.026
0.058
0.09
0.083
0.072
0.068
0.062
0.064
0.065
0.056
0.036
0.04
0.051
0.053
0.06
0.071
0.087
0.079
0.028
-0.0091
-0.02
-0.012
0.02
0.075
0.12
0.11
0.085
0.067
0.042
0.0061
-0.018
-0.031
-0.015
0.011
0.023
0.046
0.078
0.081
0.065
0.051
0.025
-0.0076
-0.026
-0.019
0.0055
0.04
0.064
0.059
0.043
0.031
0.028
0.026
0.018
0.014
0.0085
0.019
0.017
-0.0087
-0.032
-0.027
-0.0029
0.0039
-0.0021
0.00017
0.012
0.0086
-0.013
-0.028
-0.037
-0.06
-0.09
-0.099
-0.092
-0.072
-0.047
-0.024
-0.011
-0.021
-0.055
-0.085
-0.11
-0.11
-0.11
-0.1
-0.076
-0.043
-0.018
-0.0069
-0.032
-0.072
-0.11
-0.14
-0.13
-0.08
-0.039
-0.019
-0.0044
-0.0037
-0.034
-0.067
-0.077
-0.059
-0.039
-0.043
-0.049
-0.043
-0.04
-0.048
-0.048
-0.048
-0.049
-0.045
-0.05
-0.066
-0.059
-0.035
-0.03
-0.049
-0.071
-0.069
-0.044
-0.017
0.007
0.018
0.0087
-0.0034
-0.012
-0.02
-0.02
-0.0065
0.0047
0.007
0.016
0.026
0.032
0.034
0.047
0.064
0.061
0.039
0.04
0.066
0.094
0.11
0.11
0.13
0.13
0.1
0.095
0.1
0.096
0.088
0.12
0.18
0.22
0.22
0.21
0.2
0.16
0.11
0.083
0.079
0.094
0.11
0.12
0.12
0.11
0.06
0.025
0.02
0.03
0.078
0.12
0.14
0.13
0.11
0.08
0.043
0.037
0.053
0.061
0.068
0.082
0.091
0.086
0.07
0.052
0.057
0.056
0.036
0.00072
-0.029
-0.042
-0.021
0.029
0.064
0.073
0.051
0.02
-0.016
-0.023
0.015
0.056
0.078
0.085
0.077
0.067
0.061
0.073
0.088
0.093
0.081
0.072
0.059
0.036
0.031
0.048
0.074
0.099
0.12
0.11
0.12
0.12
0.11
0.093
0.096
0.11
0.12
0.1
0.091
0.082
0.066
0.058
0.058
0.077
0.096
0.073
0.048
0.059
0.082
0.087
0.078
0.076
0.095
0.11
0.083
0.054
0.043
0.039
0.038
0.036
0.047
0.056
0.041
0.025
0.016
0.023
0.038
0.036
0.013
-0.0082
-0.0013
0.029
0.051
0.035
-0.015
-0.084
-0.13
-0.12
-0.085
-0.042
-0.027
-0.032
-0.049
-0.05
-0.038
-0.049
-0.058
-0.077
-0.083
-0.046
0.004
0.032
0.037
0.019
-0.02
-0.062
-0.088
-0.063
-0.0077
0.03
0.051
0.044
0.015
-0.0025
0.013
0.025
0.044
0.075
0.089
0.061
0.024
0.005
0.008
0.025
0.018
0.0044
0.034
0.1
0.15
0.15
0.12
0.056
-0.0082
-0.051
-0.075
-0.079
-0.05
-0.011
0.027
0.08
0.12
0.1
0.055
0.0066
-0.014
0.00014
0.014
-0.0024
-0.023
-0.01
0.012
0.026
0.025
0.0056
-0.027
-0.05
-0.048
-0.016
0.015
0.0019
-0.029
-0.049
-0.067
-0.079
-0.067
-0.034
-0.028
-0.06
-0.087
-0.089
-0.083
-0.098
-0.11
-0.073
-0.024
-0.0065
-0.048
-0.11
-0.14
-0.13
-0.11
-0.069
-0.058
-0.085
-0.1
-0.11
-0.11
-0.079
-0.038
-0.021
-0.032
-0.067
-0.098
-0.1
-0.097
-0.06
-0.014
0.004
0.0089
0.004
-0.015
-0.046
-0.065
-0.055
-0.029
-0.019
-0.02
-0.0014
0.038
0.073
0.073
0.058
0.041
0.019
0.0057
0.0013
0.0012
-0.019
-0.053
-0.053
-0.0014
0.047
0.072
0.071
0.036
-0.0056
-0.027
-0.024
0.0026
0.034
0.062
0.084
0.084
0.059
0.045
0.036
0.015
0.025
0.04
0.027
0.019
0.02
0.028
0.036
0.045
0.072
0.1
0.11
0.09
0.059
0.025
0.0085
0.0067
0.016
0.041
0.057
0.053
0.05
0.049
0.032
-0.01
-0.049
-0.045
-0.028
-0.02
-0.0032
0.0075
0.0038
0.011
0.026
0.023
0.0073
-0.018
-0.044
-0.063
-0.068
-0.052
-0.028
-0.015
0.0031
0.013
-7.6e-005
-0.032
-0.055
-0.055
-0.028
-0.019
-0.033
-0.034
-0.046
-0.063
-0.051
-0.016
0.012
0.029
0.041
0.028
-0.0081
-0.043
-0.056
-0.056
-0.049
-0.03
-0.0097
0.0018
0.0041
-0.0057
-0.033
-0.059
-0.087
-0.093
-0.071
-0.057
-0.047
-0.043
-0.038
-0.035
-0.037
-0.04
-0.043
-0.059
-0.088
-0.093
-0.08
-0.058
-0.039
-0.028
-0.026
-0.034
-0.049
-0.059
-0.038
-0.0042
0.0091
-0.005
-0.022
-0.011
0.0071
0.0051
-0.0028
-0.012
-0.017
-0.025
-0.035
-0.038
-0.036
-0.048
-0.063
-0.049
-0.019
-0.0085
-0.017
-0.017
-0.01
-0.018
-0.027
-0.03
-0.037
-0.053
-0.074
-0.087
-0.081
-0.056
-0.026
0.0038
-0.0076
-0.047
-0.077
-0.093
-0.099
-0.078
-0.047
-0.02
0.0025
0.0069
0.0005
-0.015
-0.037
-0.052
-0.044
-0.031
-0.026
-0.035
-0.06
-0.08
-0.086
-0.057
-0.0048
0.033
0.058
0.063
0.057
0.037
-0.0042
-0.042
-0.054
-0.049
-0.03
-0.00081
0.027
0.051
0.074
0.074
0.057
0.048
0.039
0.0083
-0.02
-0.03
-0.027
-0.0067
0.026
0.056
0.049
0.025
0.02
0.014
0.015
0.0095
-4.6e-005
-0.024
-0.035
-0.03
-0.019
-0.00081
0.0042
0.011
0.018
0.029
0.038
0.025
0.0041
-0.0085
-0.023
-0.018
-0.0024
-0.0039
-0.0062
-0.0065
-0.01
-0.014
-0.018
-0.0054
0.02
0.015
-0.0062
-0.008
-0.0081
-0.01
-0.018
-0.03
-0.023
-0.021
-0.026
-0.016
-0.0018
0.0093
0.019
0.025
0.027
0.018
-0.0093
-0.051
-0.075
-0.069
-0.043
-0.026
-0.022
-0.0018
0.0012
-0.019
-0.037
-0.039
-0.019
0.015
0.023
0.0016
-0.019
-0.041
-0.057
-0.048
-0.014
0.031
0.046
0.031
0.02
0.015
-0.0052
-0.029
-0.057
-0.076
-0.051
-0.019
0.0076
0.018
-0.0014
-0.019
-0.014
0.0076
0.023
0.026
0.0054
-0.0065
0.0069
0.0069
-0.0041
-0.0041
0.022
0.055
0.06
0.046
0.032
0.016
0.012
0.026
0.04
0.062
0.062
0.032
0.016
0.023
0.04
0.045
0.054
0.064
0.068
0.04
0.013
0.0066
-0.0012
0.0055
0.027
0.048
0.055
0.045
0.016
0.0025
0.023
0.056
0.076
0.064
0.057
0.065
0.065
0.057
0.042
0.0085
-0.023
-0.015
0.021
0.042
0.038
0.026
0.044
0.071
0.077
0.057
0.024
0.013
0.024
0.046
0.071
0.09
0.099
0.1
0.11
0.098
0.071
0.029
-0.0076
-0.0071
0.0051
0.013
0.018
0.005
-0.012
0.0011
0.016
0.027
0.041
0.043
0.045
0.041
0.034
0.032
0.014
-0.011
-0.024
-0.011
0.023
0.041
0.03
0.018
0.016
0.0093
0.002
-0.0024
-0.016
-0.044
-0.068
-0.064
-0.027
0.011
0.031
0.025
0.0058
-0.0035
-0.017
-0.04
-0.062
-0.079
-0.081
-0.061
-0.015
0.029
0.034
-0.0053
-0.04
-0.042
-0.042
-0.037
-0.037
-0.047
-0.048
-0.043
-0.033
-0.024
-0.019
-0.038
-0.045
-0.036
-0.031
-0.042
-0.066
-0.067
-0.049
-0.048
-0.058
-0.055
-0.035
-0.016
-0.016
-0.031
-0.04
-0.052
-0.065
-0.07
-0.073
-0.047
-0.011
-0.017
-0.039
-0.046
-0.039
-0.043
-0.061
-0.069
-0.052
-0.027
-0.017
-0.0043
0.0053
0.0012
-0.015
-0.042
-0.061
-0.068
-0.066
-0.076
-0.089
-0.099
-0.09
-0.068
-0.034
0.0044
0.018
0.0051
-0.014
-0.033
-0.04
-0.036
-0.027
-0.0055
0.006
0.006
0.014
0.028
0.034
0.048
0.054
0.052
0.054
0.052
0.045
0.042
0.039
0.053
0.079
0.088
0.089
0.09
0.085
0.072
0.074
0.088
0.1
0.12
0.12
0.14
0.15
0.16
0.16
0.16
0.16
0.14
0.11
0.092
0.1
0.11
0.11
0.12
0.12
0.11
0.086
0.07
0.081
0.11
0.12
0.1
0.088
0.08
0.075
0.061
0.056
0.055
0.059
0.071
0.077
0.077
0.083
0.076
0.054
0.032
0.019
0.026
0.051
0.065
0.073
0.072
0.06
0.051
0.036
0.029
0.039
0.043
0.036
0.032
0.0088
0.00075
0.037
0.068
0.073
0.071
0.075
0.066
0.044
0.045
0.073
0.092
0.082
0.058
0.035
0.022
0.015
-0.0064
-0.002
0.019
0.025
0.021
0.024
0.016
0.01
0.018
0.0042
-0.016
-0.027
-0.038
-0.038
-0.023
-0.0023
0.0029
-0.018
-0.043
-0.056
-0.054
-0.04
-0.037
-0.052
-0.06
-0.07
-0.1
-0.12
-0.11
-0.11
-0.12
-0.12
-0.12
-0.11
-0.1
-0.1
-0.11
-0.13
-0.16
-0.19
-0.2
-0.18
-0.16
-0.15
-0.13
-0.099
-0.098
-0.11
-0.13
-0.13
-0.13
-0.14
-0.14
-0.13
-0.12
-0.12
-0.11
-0.11
-0.12
-0.14
-0.16
-0.14
-0.11
-0.1
-0.1
-0.11
-0.094
-0.068
-0.059
-0.07
-0.064
-0.044
-0.041
-0.067
-0.085
-0.081
-0.078
-0.072
-0.069
-0.079
-0.09
-0.097
-0.1
-0.087
-0.045
-0.019
-0.022
-0.045
-0.073
-0.078
-0.069
-0.052
-0.028
-0.017
-0.012
-0.0031
0.0078
0.016
0.017
0.0049
-0.0047
-0.0088
-0.014
0.0048
0.029
0.046
0.061
0.069
0.06
0.043
0.028
0.03
0.04
0.052
0.072
0.085
0.09
0.09
0.082
0.082
0.087
0.09
0.095
0.097
0.089
0.081
0.093
0.098
0.1
0.11
0.12
0.12
0.096
0.078
0.08
0.09
0.1
0.14
0.15
0.15
0.13
0.084
0.05
0.063
0.1
0.14
0.17
0.19
0.19
0.16
0.11
0.084
0.083
0.095
0.098
0.081
0.066
0.064
0.096
0.15
0.21
0.22
0.17
0.094
0.019
-0.021
-0.025
0.0076
0.052
0.078
0.077
0.058
0.039
0.027
0.014
0.0067
0.014
0.0053
-0.018
-0.043
-0.082
-0.099
-0.076
-0.044
-0.014
0.025
0.04
0.017
-0.029
-0.091
-0.12
-0.11
-0.082
-0.036
0.0055
0.015
-0.0085
-0.059
-0.087
-0.069
-0.053
-0.046
-0.04
-0.058
-0.078
-0.08
-0.064
-0.031
-0.0028
0.0068
-0.0072
-0.036
-0.064
-0.076
-0.083
-0.072
-0.038
-0.014
-0.01
-0.011
-0.015
-0.016
4.6e-005
0.014
0.029
0.056
0.06
0.038
0.0026
-0.019
-0.015
-0.01
-0.0043
0.017
0.023
-0.0029
-0.042
-0.084
-0.11
-0.1
-0.069
-0.032
-0.013
-0.0017
-0.0058
-0.019
-0.034
-0.048
-0.059
-0.07
-0.065
-0.059
-0.05
-0.034
-0.02
-0.0054
0.0035
0.015
0.023
0.013
-0.0087
-0.029
-0.04
-0.051
-0.053
-0.045
-0.025
-0.017
-0.025
-0.034
-0.046
-0.06
-0.055
-0.014
0.023
0.032
0.03
-0.00011
-0.046
-0.07
-0.046
-0.0018
0.032
0.051
0.038
0.02
0.02
0.026
0.019
0.019
0.026
0.025
0.027
0.026
0.025
0.025
0.026
0.037
0.045
0.03
0.0031
-0.023
-0.032
-0.0048
0.03
0.039
0.036
0.033
0.037
0.038
0.028
0.022
0.03
0.043
0.063
0.092
0.1
0.079
0.052
0.038
0.04
0.048
0.066
0.078
0.066
0.035
0.016
0.018
0.028
0.042
0.048
0.058
0.061
0.045
0.037
0.043
0.06
0.08
0.087
0.078
0.065
0.05
0.038
0.034
0.04
0.057
0.07
0.063
0.04
0.017
0.0043
0.0085
0.029
0.05
0.067
0.069
0.058
0.039
0.018
0.012
0.0057
0.0016
0.0074
0.0097
0.0059
-0.00099
-0.0041
-0.0015
-0.0042
-0.023
-0.033
-0.026
-0.015
-0.0033
1.5e-005
-0.00056
-0.002
-0.009
-0.011
-0.00087
0.024
0.053
0.072
0.063
0.047
0.041
0.041
0.045
0.035
0.017
0.016
0.021
0.015
0.015
0.027
0.046
0.056
0.042
0.018
0.01
0.021
0.034
0.034
0.033
0.052
0.079
0.079
0.054
0.035
0.029
0.033
0.033
0.032
0.018
-0.017
-0.026
0.00023
0.027
0.063
0.093
0.083
0.092
0.12
0.14
0.14
0.098
0.045
0.018
0.0051
0.0098
0.04
0.076
0.11
0.13
0.13
0.12
0.093
0.056
0.034
0.017
-0.0027
-0.018
0.00075
0.024
0.029
0.027
0.033
0.049
0.062
0.074
0.071
0.052
0.019
-0.013
-0.023
-0.014
0.0084
0.026
0.044
0.068
0.091
0.091
0.045
-0.008
-0.033
-0.02
0.017
0.038
0.035
0.033
0.019
0.02
0.043
0.05
0.054
0.052
0.046
0.035
0.0096
-0.0048
-0.011
-0.0051
0.0039
0.00038
-0.009
-0.0028
0.016
0.022
0.012
-0.0032
-0.01
-0.0072
0.01
0.033
0.053
0.056
0.025
0.00096
0.0012
0.011
0.0088
-0.006
-0.0084
0.0013
-0.001
-0.0084
-0.0073
-0.014
-0.018
-0.013
-0.019
-0.03
-0.045
-0.048
-0.034
-0.04
-0.055
-0.059
-0.054
-0.056
-0.063
-0.059
-0.045
-0.037
-0.042
-0.049
-0.046
-0.033
-0.0096
0.01
0.014
-0.01
-0.041
-0.056
-0.07
-0.081
-0.084
-0.08
-0.078
-0.077
-0.072
-0.058
-0.061
-0.085
-0.11
-0.12
-0.092
-0.082
-0.081
-0.089
-0.099
-0.1
-0.094
-0.077
-0.063
-0.053
-0.047
-0.057
-0.064
-0.05
-0.031
-0.0093
0.01
-0.0014
-0.018
-0.012
-0.0011
0.015
0.026
0.04
0.037
0.014
-0.0058
-0.0041
0.012
0.019
0.022
0.024
0.025
0.027
0.033
0.043
0.05
0.061
0.08
0.1
0.11
0.11
0.095
0.078
0.066
0.057
0.055
0.062
0.068
0.083
0.11
0.13
0.14
0.13
0.1
0.085
0.078
0.071
0.064
0.058
0.05
0.053
0.067
0.086
0.098
0.088
0.069
0.05
0.033
0.017
0.01
0.022
0.033
0.025
0.0042
-0.019
-0.027
-0.023
-0.016
-0.016
-0.039
-0.081
-0.12
-0.14
-0.13
-0.11
-0.097
-0.084
-0.087
-0.098
-0.1
-0.11
-0.12
-0.12
-0.13
-0.13
-0.15
-0.15
-0.13
-0.089
-0.067
-0.061
-0.068
-0.077
-0.092
-0.11
-0.1
-0.075
-0.048
-0.045
-0.045
-0.029
-0.015
-0.013
-0.014
-0.016
-0.017
-0.01
-0.002
-0.0053
-0.026
-0.039
-0.037
-0.032
-0.023
-0.012
-0.0033
4.6e-005
-0.0074
-0.021
-0.026
-0.0015
0.031
0.052
0.059
0.049
0.023
0.0055
0.0077
0.011
0.01
0.021
0.046
0.072
0.082
0.07
0.051
0.05
0.058
0.05
0.033
0.019
0.011
0.014
0.034
0.047
0.054
0.08
0.11
0.11
0.092
0.071
0.053
0.037
0.016
0.0017
0.0091
0.019
0.019
0.017
0.023
0.031
0.036
0.05
0.056
0.031
-0.013
-0.05
-0.059
-0.031
0.022
0.09
0.17
0.22
0.19
0.061
-0.12
-0.2
-0.1
0.061
0.13
0.074
-0.0071
-0.026
0.016
0.067
0.083
0.065
0.053
0.14
0.28
0.32
0.22
0.058
-0.047
-0.047
0.046
0.15
0.14
0.093
0.067
0.059
0.088
0.059
0.0017
-0.035
0.0012
0.068
0.087
0.033
0.013
0.06
0.081
0.096
0.12
0.094
0.07
0.077
0.087
0.12
0.16
0.12
0.012
-0.11
-0.1
0.13
0.34
0.32
0.095
-0.14
-0.13
0.11
0.28
0.28
0.16
0.051
0.018
-0.016
-0.04
0.027
0.12
0.2
0.22
0.17
0.094
0.024
-0.028
-0.034
0.0017
0.086
0.11
0.075
0.041
-0.017
-0.063
-0.043
-0.048
-0.082
-0.08
-0.055
-0.059
-0.11
-0.11
-0.085
-0.09
-0.095
-0.14
-0.21
-0.22
-0.17
-0.13
-0.13
-0.18
-0.22
-0.17
-0.11
-0.11
-0.14
-0.19
-0.24
-0.21
-0.14
-0.088
-0.088
-0.12
-0.16
-0.19
-0.16
-0.11
-0.12
-0.16
-0.18
-0.16
-0.11
-0.087
-0.12
-0.16
-0.15
-0.097
-0.058
-0.038
-0.041
-0.06
-0.089
-0.099
-0.093
-0.07
-0.051
-0.045
-0.022
0.0015
0.0024
-0.0069
-0.015
-0.031
-0.049
-0.057
-0.061
-0.041
-0.014
0.0017
-0.0034
-0.018
-0.027
-0.023
-0.0064
0.019
0.032
0.032
0.035
0.042
0.048
0.044
0.024
0.002
0.014
0.056
0.078
0.057
0.005
-0.039
-0.048
-0.047
-0.041
-0.043
-0.072
-0.1
-0.099
-0.067
-0.031
-0.0073
-0.005
-0.0042
-0.0032
-0.024
-0.066
-0.098
-0.089
-0.053
-0.019
0.0052
0.0058
-0.014
-0.029
-0.037
-0.036
-0.032
-0.043
-0.047
-0.041
-0.049
-0.06
-0.053
-0.025
0.0071
0.032
0.021
-0.026
-0.075
-0.099
-0.09
-0.059
-0.038
-0.037
-0.056
-0.072
-0.078
-0.077
-0.075
-0.069
-0.065
-0.045
-0.0031
0.016
-0.0078
-0.048
-0.07
-0.075
-0.079
-0.083
-0.089
-0.066
-0.033
-0.0087
0.0052
0.02
0.017
0.0017
0.012
0.025
0.026
0.016
0.012
-0.0067
-0.039
-0.064
-0.075
-0.05
-0.0032
0.031
0.039
0.044
0.051
0.03
-0.0062
-0.046
-0.075
-0.1
-0.11
-0.079
-0.018
0.039
0.068
0.067
0.047
0.011
-0.031
-0.059
-0.069
-0.051
-0.007
0.022
0.021
0.025
0.038
0.044
0.022
-0.016
-0.05
-0.085
-0.1
-0.089
-0.067
-0.043
-0.011
0.017
0.041
0.054
0.043
0.014
-0.01
-0.024
-0.023
-0.017
-0.0094
0.002
0.014
0.018
0.017
0.0036
-0.026
-0.038
-0.041
-0.034
-0.023
-0.013
0.0029
0.032
0.052
0.047
0.03
0.015
0.016
0.011
-0.01
-0.024
-0.026
-0.011
0.0025
0.025
0.062
0.095
0.1
0.096
0.074
0.038
-0.0081
-0.047
-0.042
0.0022
0.072
0.14
0.17
0.15
0.093
0.044
0.013
0.011
0.023
0.051
0.088
0.12
0.14
0.14
0.14
0.14
0.13
0.096
0.059
0.037
0.042
0.077
0.1
0.12
0.13
0.13
0.13
0.13
0.12
0.1
0.1
0.097
0.082
0.064
0.06
0.072
0.086
0.091
0.089
0.093
0.091
0.071
0.05
0.04
0.041
0.055
0.09
0.13
0.15
0.14
0.11
0.056
0.029
0.035
0.045
0.059
0.064
0.054
0.061
0.064
0.058
0.057
0.063
0.061
0.033
-0.0035
-0.0093
0.013
0.032
0.038
0.026
0.014
0.0098
0.0012
0.0059
0.013
0.0068
0.0023
-0.0083
-0.024
-0.025
-0.012
-0.015
-0.008
0.01
0.019
0.011
-0.015
-0.031
-0.034
-0.04
-0.05
-0.054
-0.039
-0.018
-0.009
-0.0064
-0.00066
-0.015
-0.043
-0.059
-0.056
-0.042
-0.026
-0.016
-0.03
-0.046
-0.043
-0.029
-0.01
-0.0016
-0.0034
-0.022
-0.032
-0.022
-0.007
0.011
0.035
0.049
0.032
0.0063
-0.016
-0.023
-0.018
-0.021
-0.018
-0.009
-0.0042
-0.015
-0.036
-0.053
-0.053
-0.049
-0.053
-0.06
-0.075
-0.071
-0.042
-0.016
-0.015
-0.02
-0.026
-0.048
-0.06
-0.052
-0.049
-0.051
-0.055
-0.054
-0.057
-0.063
-0.059
-0.052
-0.045
-0.041
-0.037
-0.042
-0.048
-0.056
-0.049
-0.027
-0.005
0.012
0.0061
-0.017
-0.041
-0.05
-0.048
-0.051
-0.064
-0.073
-0.061
-0.031
0.00069
0.024
0.028
0.028
0.028
0.031
0.04
0.033
0.0081
-0.02
-0.039
-0.052
-0.061
-0.067
-0.057
-0.033
-0.018
0.014
0.058
0.086
0.085
0.059
0.031
-0.0058
-0.04
-0.041
-0.00053
0.032
0.048
0.074
0.11
0.12
0.096
0.055
0.016
-0.0046
0.0036
0.036
0.065
0.087
0.1
0.096
0.079
0.065
0.074
0.067
0.036
0.02
0.032
0.058
0.082
0.091
0.088
0.088
0.087
0.087
0.1
0.096
0.062
0.037
0.03
0.03
0.037
0.051
0.067
0.095
0.12
0.13
0.11
0.097
0.085
0.082
0.08
0.081
0.09
0.11
0.12
0.11
0.084
0.049
0.0011
-0.02
-0.008
-0.0089
-0.01
-0.0012
0.0093
0.0077
0.003
0.00047
0.012
0.022
0.0052
-0.013
-0.0087
0.013
0.019
-0.0076
-0.04
-0.054
-0.063
-0.067
-0.055
-0.034
-0.025
-0.03
-0.042
-0.055
-0.076
-0.088
-0.092
-0.094
-0.082
-0.062
-0.051
-0.043
-0.033
-0.043
-0.061
-0.062
-0.053
-0.026
-0.004
0.0028
0.0058
0.0076
0.00053
-0.019
-0.035
-0.032
-0.014
-0.015
-0.029
-0.033
-0.03
-0.02
-0.0028
0.022
0.044
0.055
0.04
0.015
0.0072
0.0072
-0.0035
-0.02
-0.024
-0.037
-0.051
-0.051
-0.026
-0.0092
-0.012
-0.01
0.0029
0.024
0.031
0.018
0.0035
-0.0071
-0.013
-0.0099
-0.00099
0.0036
0.0067
-0.0097
-0.028
-0.021
-0.0067
7.6e-005
-0.0061
-0.012
-0.0092
-0.0062
-0.013
-0.029
-0.038
-0.04
-0.047
-0.06
-0.051
-0.014
0.0081
0.0047
-0.0094
-0.023
-0.037
-0.049
-0.045
-0.022
0.0092
0.028
0.047
0.053
0.042
0.025
0.023
0.031
0.02
-0.0016
-0.0096
0.0057
0.021
0.032
0.055
0.063
0.056
0.041
0.03
0.029
0.025
0.03
0.033
0.033
0.049
0.063
0.055
0.046
0.042
0.041
0.051
0.044
0.033
0.051
0.076
0.09
0.08
0.067
0.059
0.049
0.044
0.06
0.085
0.096
0.082
0.067
0.058
0.043
0.04
0.05
0.069
0.083
0.068
0.061
0.072
0.09
0.094
0.088
0.082
0.082
0.079
0.068
0.072
0.076
0.072
0.059
0.052
0.046
0.034
0.035
0.044
0.045
0.052
0.059
0.045
0.015
-0.014
-0.045
-0.059
-0.037
0.007
0.047
0.061
0.059
0.073
0.089
0.078
0.037
-0.011
-0.049
-0.064
-0.044
0.0054
0.06
0.095
0.1
0.083
0.069
0.038
0.00041
0.0098
0.045
0.051
0.017
-0.015
-0.0046
0.038
0.063
0.064
0.065
0.067
0.059
0.045
0.02
0.0023
0.0062
0.019
0.033
0.038
0.04
0.046
0.041
0.041
0.047
0.05
0.038
0.01
-0.02
-0.033
-0.014
0.02
0.052
0.073
0.066
0.038
0.014
0.012
0.012
-0.0046
-0.016
-0.015
-0.012
-0.033
-0.053
-0.073
-0.094
-0.1
-0.093
-0.076
-0.075
-0.09
-0.11
-0.11
-0.094
-0.069
-0.062
-0.078
-0.1
-0.13
-0.15
-0.16
-0.15
-0.14
-0.15
-0.15
-0.16
-0.17
-0.17
-0.18
-0.17
-0.17
-0.16
-0.15
-0.14
-0.14
-0.16
-0.18
-0.2
-0.2
-0.19
-0.19
-0.2
-0.19
-0.18
-0.17
-0.16
-0.13
-0.11
-0.096
-0.1
-0.11
-0.11
-0.1
-0.1
-0.11
-0.1
-0.086
-0.089
-0.1
-0.1
-0.1
-0.11
-0.11
-0.068
-0.031
-0.036
-0.058
-0.065
-0.06
-0.051
-0.051
-0.059
-0.049
-0.018
0.0035
-0.011
-0.034
-0.035
-0.033
-0.027
-0.014
0.00087
0.017
0.028
0.031
0.03
0.018
-0.011
-0.032
-0.028
-0.0091
0.0083
0.017
0.026
0.033
0.022
0.012
0.0079
0.025
0.053
0.055
0.041
0.03
0.019
0.02
0.027
0.032
0.047
0.055
0.055
0.048
0.032
0.011
-0.0019
0.016
0.042
0.054
0.061
0.069
0.069
0.057
0.031
0.013
0.029
0.05
0.065
0.077
0.076
0.066
0.06
0.067
0.078
0.094
0.1
0.088
0.068
0.074
0.1
0.11
0.12
0.13
0.12
0.095
0.085
0.096
0.11
0.13
0.15
0.16
0.16
0.14
0.096
0.064
0.064
0.086
0.12
0.14
0.16
0.16
0.13
0.089
0.077
0.078
0.084
0.085
0.088
0.1
0.11
0.1
0.097
0.11
0.1
0.087
0.066
0.062
0.091
0.12
0.12
0.095
0.08
0.076
0.069
0.058
0.06
0.06
0.061
0.064
0.046
0.021
0.027
0.053
0.063
0.054
0.046
0.049
0.049
0.057
0.075
0.069
0.033
0.007
-0.0039
-0.0057
-0.011
-0.021
-0.033
-0.046
-0.047
-0.029
0.0081
0.035
0.052
0.07
0.061
0.018
-0.044
-0.1
-0.12
-0.088
-0.06
-0.044
-0.011
0.047
0.082
0.076
0.051
0.026
-0.012
-0.054
-0.073
-0.086
-0.084
-0.06
-0.026
0.035
0.083
0.091
0.076
0.059
0.048
0.022
-0.019
-0.045
-0.041
-0.033
-0.0038
0.039
0.094
0.14
0.15
0.13
0.096
0.062
0.026
-0.011
-0.033
-0.0047
0.047
0.087
0.11
0.12
0.1
0.08
0.055
0.041
0.013
-0.023
-0.019
0.017
0.042
0.046
0.044
0.05
0.059
0.05
0.029
0.0061
-0.0073
-0.011
-0.019
-0.017
-0.002
0.022
0.035
0.034
0.037
0.039
0.037
0.033
0.026
0.013
-0.00047
-0.0055
0.0012
0.019
0.041
0.053
0.053
0.053
0.041
0.02
0.0084
0.015
0.037
0.052
0.049
0.042
0.032
0.022
0.011
-0.0025
-0.0098
0.0024
0.03
0.051
0.058
0.068
0.072
0.061
0.055
0.091
0.15
0.14
0.027
-0.12
-0.17
-0.067
0.079
0.16
0.16
0.095
0.02
-0.029
-0.014
0.063
0.12
0.13
0.092
0.042
-0.005
-0.038
-0.024
-0.0099
-0.035
-0.034
-0.0088
0.0083
0.0063
0.0076
0.056
0.1
0.13
0.11
0.034
-0.043
-0.093
-0.1
-0.071
-0.035
0.01
0.048
0.034
0.005
-0.0048
-0.013
-0.036
-0.043
-0.017
-0.003
-0.021
-0.035
-0.039
-0.047
-0.041
-0.011
0.011
-0.015
-0.053
-0.066
-0.073
-0.077
-0.059
-0.011
0.033
0.036
0.025
0.014
0.0077
0.017
0.018
-0.0052
-0.039
-0.07
-0.095
-0.1
-0.071
-0.025
0.024
0.051
0.037
0.028
0.031
0.024
0.031
0.041
0.047
0.053
0.052
0.055
0.055
0.044
0.043
0.056
0.067
0.078
0.081
0.049
0.021
0.032
0.055
0.079
0.095
0.11
0.13
0.12
0.071
0.031
0.02
0.044
0.069
0.084
0.099
0.11
0.11
0.092
0.065
0.036
0.029
0.028
0.052
0.08
0.068
0.04
0.038
0.084
0.12
0.092
0.031
-0.0037
-0.00084
0.017
0.037
0.037
0.043
0.047
0.041
0.027
0.016
0.011
0.02
0.042
0.046
0.018
-0.013
-0.012
0.019
0.031
0.018
-0.0012
-0.031
-0.055
-0.082
-0.1
-0.1
-0.081
-0.079
-0.07
-0.023
0.035
0.062
0.032
-0.02
-0.065
-0.1
-0.13
-0.13
-0.11
-0.054
0.011
0.055
0.064
0.036
0.0014
-0.025
-0.055
-0.071
-0.088
-0.12
-0.12
-0.087
-0.044
-0.00053
0.025
0.029
0.03
0.024
-0.0062
-0.053
-0.089
-0.087
-0.055
-0.026
-0.0048
0.019
0.04
0.049
0.04
0.014
-0.0013
-0.019
-0.055
-0.085
-0.098
-0.094
-0.065
-0.025
0.002
0.016
0.0034
-0.017
-0.031
-0.051
-0.065
-0.077
-0.087
-0.078
-0.043
-0.011
0.0027
0.00047
-0.027
-0.06
-0.079
-0.08
-0.086
-0.11
-0.13
-0.11
-0.065
-0.035
-0.028
-0.057
-0.089
-0.1
-0.091
-0.077
-0.074
-0.076
-0.072
-0.043
-0.018
-0.013
-0.027
-0.061
-0.094
-0.11
-0.087
-0.073
-0.066
-0.057
-0.056
-0.06
-0.072
-0.096
-0.11
-0.11
-0.084
-0.063
-0.049
-0.054
-0.068
-0.072
-0.066
-0.066
-0.067
-0.057
-0.04
-0.029
-0.029
-0.038
-0.049
-0.049
-0.037
-0.03
-0.026
-0.028
-0.025
-0.0087
-0.0024
0.0099
0.031
0.038
0.027
0.032
0.037
0.013
-0.015
-0.021
0.0023
0.029
0.024
-0.0044
-0.012
0.016
0.037
0.03
0.025
0.043
0.054
0.06
0.055
0.019
-0.033
-0.055
-0.036
-0.003
0.029
0.039
0.028
0.011
-0.0006
0.0022
0.0061
0.012
0.0083
-0.0042
-0.014
-0.019
-0.013
0.013
0.057
0.083
0.079
0.058
0.023
0.00047
-0.011
-0.005
0.024
0.06
0.097
0.11
0.09
0.067
0.054
0.048
0.043
0.039
0.042
0.057
0.061
0.053
0.052
0.066
0.066
0.044
0.032
0.041
0.056
0.068
0.08
0.077
0.052
0.024
0.012
0.024
0.035
0.033
0.029
0.038
0.049
0.039
0.035
0.046
0.062
0.063
0.048
0.046
0.059
0.072
0.077
0.074
0.081
0.097
0.1
0.083
0.055
0.036
0.04
0.056
0.067
0.068
0.061
0.061
0.064
0.067
0.074
0.084
0.09
0.091
0.091
0.089
0.091
0.1
0.11
0.11
0.078
0.047
0.023
0.02
0.087
0.16
0.11
-0.011
-0.077
-0.054
0.011
0.039
0.028
0.021
0.041
0.047
0.027
0.023
0.049
0.087
0.11
0.093
0.061
0.023
-0.011
-0.023
-0.0068
0.028
0.055
0.051
0.032
0.0059
-0.011
0.0097
0.043
0.058
0.051
0.022
-0.024
-0.071
-0.12
-0.14
-0.12
-0.025
0.18
0.3
0.17
-0.049
-0.15
-0.1
-0.039
-0.014
-0.018
-0.012
-0.0075
-0.028
-0.033
0.0076
0.064
0.065
-0.019
-0.092
-0.095
-0.098
-0.11
-0.079
-0.013
0.042
0.064
0.021
-0.043
-0.063
-0.048
-0.04
-0.02
0.017
0.032
0.0057
-0.023
-0.023
-0.018
0.0068
0.059
0.081
0.059
0.0074
-0.026
-0.034
-0.03
0.0047
0.047
0.057
0.038
0.025
0.015
0.0047
0.012
0.031
0.049
0.057
0.055
0.041
0.02
0.018
0.029
0.036
0.049
0.054
0.038
0.024
1.5e-005
-0.019
-0.016
-0.0021
-0.00093
-0.012
-0.027
-0.036
-0.029
-0.035
-0.045
-0.037
-0.052
-0.08
-0.093
-0.09
-0.08
-0.081
-0.1
-0.11
-0.11
-0.096
-0.08
-0.078
-0.086
-0.095
-0.1
-0.096
-0.081
-0.056
-0.027
-0.0085
-0.016
-0.041
-0.058
-0.066
-0.071
-0.081
-0.072
-0.036
-0.0033
0.0051
0.0025
0.0018
-0.0061
-0.022
-0.04
-0.051
-0.033
-0.0087
-0.0063
-0.017
-0.024
-0.027
-0.031
-0.039
-0.054
-0.062
-0.046
-0.024
-0.022
-0.037
-0.051
-0.039
-0.02
-0.02
-0.031
-0.057
-0.062
-0.036
-0.0098
-0.0074
-0.031
-0.061
-0.068
-0.071
-0.075
-0.04
0.0044
0.0088
0.00072
-0.029
-0.079
-0.096
-0.081
-0.051
-0.026
-0.0072
0.018
0.033
0.033
0.0044
-0.033
-0.045
-0.018
0.015
0.02
0.014
0.025
0.041
0.041
0.047
0.046
0.054
0.052
0.022
0.0077
0.017
0.035
0.058
0.066
0.052
0.044
0.044
0.056
0.076
0.072
0.049
0.034
0.042
0.036
0.015
0.0052
0.0027
0.0057
0.018
0.036
0.032
0.014
-0.0063
-0.02
-0.0083
0.015
0.039
0.037
0.018
-0.00056
-0.019
-0.036
-0.046
-0.035
-0.014
0.0073
0.027
0.028
0.0028
-0.024
-0.041
-0.054
-0.059
-0.05
-0.042
-0.036
-0.029
-0.036
-0.041
-0.028
-0.024
-0.03
-0.043
-0.054
-0.061
-0.082
-0.097
-0.1
-0.082
-0.056
-0.053
-0.064
-0.081
-0.093
-0.1
-0.11
-0.11
-0.087
-0.072
-0.049
-0.028
-0.022
-0.026
-0.062
-0.1
-0.12
-0.14
-0.14
-0.13
-0.095
-0.068
-0.027
0.011
0.013
-0.023
-0.076
-0.12
-0.15
-0.15
-0.1
-0.045
-0.012
-0.0078
-0.0026
0.0035
-0.0051
-0.023
-0.042
-0.07
-0.087
-0.081
-0.066
-0.069
-0.085
-0.079
-0.044
0.0025
0.033
0.034
0.017
0.0019
-0.011
-0.025
-0.029
-0.0045
0.021
0.032
0.039
0.078
0.12
0.13
0.1
0.077
0.065
0.035
0.003
0.0013
0.027
0.078
0.13
0.15
0.15
0.13
0.11
0.078
0.068
0.1
0.14
0.16
0.16
0.14
0.15
0.14
0.11
0.081
0.078
0.094
0.13
0.15
0.14
0.13
0.12
0.12
0.12
0.097
0.083
0.096
0.12
0.13
0.12
0.11
0.11
0.11
0.12
0.12
0.13
0.13
0.11
0.11
0.11
0.12
0.11
0.12
0.11
0.11
0.1
0.1
0.094
0.081
0.077
0.069
0.04
0.017
0.012
0.015
0.018
0.018
0.027
0.038
0.031
0.028
0.048
0.074
0.086
0.07
0.049
0.027
0.0067
-0.00029
0.0089
0.026
0.037
0.046
0.047
0.046
0.042
0.023
-0.0051
0.0096
0.047
0.071
0.076
0.06
0.049
0.056
0.055
0.056
0.071
0.081
0.086
0.1
0.11
0.12
0.14
0.17
0.16
0.081
0.017
0.012
0.044
0.093
0.13
0.13
0.14
0.15
0.13
0.082
0.044
0.037
0.054
0.082
0.094
0.078
0.069
0.083
0.092
0.093
0.074
0.043
0.038
0.056
0.054
0.046
0.056
0.078
0.093
0.074
0.025
-0.013
-0.022
-0.01
0.0011
0.0005
-0.0076
-0.0066
-0.02
-0.047
-0.058
-0.053
-0.038
-0.043
-0.054
-0.039
-0.023
-0.037
-0.08
-0.11
-0.1
-0.074
-0.074
-0.061
-0.037
-0.028
-0.036
-0.049
-0.047
-0.041
-0.045
-0.077
-0.11
-0.077
-0.019
0.015
0.0087
-0.029
-0.044
-0.023
-0.0077
-0.0043
-0.014
-0.036
-0.048
-0.065
-0.06
-0.028
-0.006
0.00053
-0.0023
-0.02
-0.041
-0.042
-0.021
0.017
0.04
0.018
-0.00011
0.0022
0.01
0.017
0.0077
-0.017
-0.011
0.015
0.02
0.0021
-0.0057
0.006
0.013
0.026
0.048
0.079
0.1
0.081
0.045
0.026
0.025
0.047
0.078
0.095
0.1
0.1
0.082
0.058
0.036
0.0087
-0.014
-0.011
0.022
0.06
0.1
0.14
0.13
0.098
0.057
0.014
-0.03
-0.068
-0.065
-0.016
0.034
0.055
0.053
0.047
0.05
0.039
-0.004
-0.044
-0.049
-0.025
-0.0067
0.011
0.031
0.046
0.054
0.046
0.034
0.0036
-0.039
-0.076
-0.097
-0.088
-0.049
-0.0066
4.6e-005
-0.031
-0.071
-0.092
-0.088
-0.077
-0.074
-0.058
-0.041
-0.036
-0.028
-0.034
-0.045
-0.015
0.028
0.053
0.036
-0.003
-0.02
-0.015
0.0015
0.026
0.041
0.046
0.051
0.041
0.035
0.033
0.0093
-0.025
-0.049
-0.054
-0.059
-0.052
-0.036
-0.017
-0.011
-0.04
-0.074
-0.1
-0.12
-0.12
-0.11
-0.082
-0.081
-0.096
-0.1
-0.11
-0.12
-0.14
-0.15
-0.12
-0.094
-0.085
-0.09
-0.13
-0.17
-0.21
-0.21
-0.18
-0.15
-0.12
-0.11
-0.13
-0.15
-0.17
-0.18
-0.18
-0.21
-0.22
-0.21
-0.21
-0.17
-0.12
-0.086
-0.1
-0.14
-0.16
-0.14
-0.11
-0.087
-0.075
-0.072
-0.084
-0.085
-0.066
-0.041
-0.024
-0.0075
0.0071
-0.0041
-0.01
0.0035
0.0084
0.0035
-0.0036
-0.015
-0.029
-0.028
-0.019
-0.03
-0.053
-0.03
0.017
0.024
0.018
0.017
0.026
0.036
0.044
0.051
0.062
0.07
0.075
0.07
0.049
0.044
0.063
0.081
0.092
0.088
0.074
0.067
0.065
0.048
0.037
0.042
0.038
0.03
0.057
0.1
0.098
0.075
0.05
0.028
0.032
0.048
0.075
0.095
0.11
0.11
0.088
0.072
0.058
0.049
0.064
0.086
0.084
0.07
0.047
0.056
0.085
0.083
0.062
0.045
0.022
0.018
0.033
0.034
0.024
0.0017
-0.011
0.0087
0.029
0.027
0.008
-0.0045
0.0061
0.027
0.035
0.016
-0.0062
0.0047
0.026
0.026
0.012
-0.0032
-0.0048
0.00087
0.0079
0.017
0.034
0.032
0.017
0.013
0.032
0.044
0.034
0.052
0.078
0.088
0.097
0.085
0.071
0.072
0.059
0.062
0.078
0.077
0.089
0.097
0.086
0.087
0.092
0.094
0.086
0.057
0.029
0.03
0.045
0.071
0.1
0.12
0.11
0.072
0.042
0.04
0.04
0.022
0.02
0.041
0.051
0.051
0.056
0.068
0.075
0.062
0.025
-0.016
-0.04
-0.04
-0.0097
0.031
0.028
-0.0095
-0.039
-0.034
-0.0061
-0.0025
-0.022
-0.074
-0.12
-0.14
-0.16
-0.14
-0.096
-0.053
-0.027
0.0097
0.053
0.075
0.061
0.024
-0.0091
-0.048
-0.071
-0.079
-0.073
-0.057
-0.027
0.02
0.06
0.083
0.065
0.035
0.034
0.045
0.036
-0.0018
-0.025
0.025
0.12
0.17
0.16
0.13
0.099
0.065
0.048
0.058
0.074
0.069
0.041
0.019
0.018
0.04
0.07
0.074
0.052
0.0079
-0.032
-0.039
-0.022
-0.0056
-0.012
-0.021
-0.0083
0.00038
-0.0071
-0.006
0.0022
0.001
-0.017
-0.034
-0.045
-0.044
-0.027
0.0016
0.021
0.0014
-0.036
-0.05
-0.029
-0.0073
-0.016
-0.048
-0.068
-0.067
-0.049
-0.028
-0.03
-0.028
0.0035
0.042
0.061
0.055
0.05
0.058
0.063
0.028
-0.017
-0.033
-0.0035
0.031
0.042
0.052
0.05
0.02
-0.023
-0.033
-0.023
0.00072
0.017
0.0064
0.00041
-0.0043
-0.02
-0.061
-0.092
-0.091
-0.077
-0.067
-0.065
-0.061
-0.056
-0.051
-0.051
-0.057
-0.065
-0.074
-0.086
-0.098
-0.09
-0.053
-0.018
-0.013
-0.032
-0.053
-0.068
-0.075
-0.069
-0.036
0.0056
0.0035
-0.068
-0.16
-0.21
-0.19
-0.11
-0.0071
0.067
0.089
0.07
0.037
-0.014
-0.074
-0.12
-0.17
-0.2
-0.19
-0.11
-0.01
0.076
0.094
0.016
-0.12
-0.27
-0.38
-0.46
-0.44
-0.3
-0.099
0.077
0.17
0.17
0.11
0.019
-0.069
-0.086
-0.033
0.0093
0.019
-0.015
-0.073
-0.063
0.033
0.12
0.15
0.17
0.23
0.29
0.32
0.34
0.34
0.3
0.28
0.31
0.36
0.38
0.36
0.37
0.43
0.5
0.56
0.56
0.51
0.42
0.35
0.31
0.3
0.33
0.38
0.42
0.43
0.41
0.34
0.24
0.13
0.051
0.03
0.067
0.11
0.13
0.12
0.064
-0.03
-0.13
-0.2
-0.21
-0.15
-0.04
0.086
0.17
0.18
0.14
0.079
-0.0061
-0.13
-0.28
-0.43
-0.51
-0.52
-0.47
-0.38
-0.27
-0.22
-0.24
-0.3
-0.35
-0.38
-0.36
-0.33
-0.37
-0.45
-0.53
-0.61
-0.68
-0.77
-0.8
-0.75
-0.64
-0.54
-0.48
-0.41
-0.35
-0.36
-0.39
-0.38
-0.36
-0.34
-0.32
-0.3
-0.26
-0.22
-0.21
-0.2
-0.2
-0.23
-0.29
-0.33
-0.33
-0.31
-0.28
-0.24
-0.2
-0.16
-0.13
-0.13
-0.16
-0.18
-0.18
-0.15
-0.12
-0.093
-0.07
-0.056
-0.049
-0.025
0.0054
0.018
0.021
0.024
0.03
0.038
0.053
0.059
0.043
-0.0081
-0.046
-0.034
0.0011
0.038
0.062
0.059
0.027
-0.021
-0.069
-0.1
-0.11
-0.11
-0.09
-0.067
-0.054
-0.047
-0.033
-0.027
-0.0072
0.037
0.076
0.084
0.058
0.018
-0.015
-0.025
-0.0092
0.02
0.027
0.013
0.0021
-0.0087
-0.024
-0.049
-0.086
-0.12
-0.14
-0.13
-0.074
-0.0024
0.061
0.081
0.077
0.079
0.073
0.047
0.0069
-0.03
-0.048
-0.048
-0.042
-0.032
-0.022
-0.0046
0.012
0.019
0.018
0.017
0.0063
-0.0055
0.0087
0.044
0.085
0.11
0.11
0.1
0.084
0.052
4.6e-005
-0.053
-0.078
-0.07
-0.052
-0.038
-0.019
0.0081
0.038
0.057
0.072
0.081
0.063
0.022
-0.0012
-0.0015
0.014
0.038
0.051
0.057
0.064
0.083
0.1
0.11
0.1
0.1
0.1
0.089
0.074
0.063
0.065
0.07
0.078
0.098
0.11
0.096
0.086
0.11
0.13
0.11
0.088
0.093
0.12
0.14
0.12
0.098
0.079
0.071
0.077
0.11
0.14
0.16
0.16
0.17
0.18
0.17
0.15
0.11
0.08
0.078
0.088
0.086
0.076
0.084
0.1
0.11
0.1
0.078
0.056
0.045
0.049
0.044
0.031
0.018
0.02
0.028
0.049
0.081
0.088
0.068
0.048
0.038
0.036
0.049
0.049
0.022
-0.022
-0.066
-0.1
-0.11
-0.11
-0.094
-0.077
-0.05
-0.03
-0.029
-0.024
0.0035
0.04
0.061
0.054
0.025
-0.021
-0.066
-0.089
-0.091
-0.088
-0.072
-0.045
-0.033
-0.033
-0.042
-0.059
-0.082
-0.1
-0.11
-0.1
-0.071
-0.038
-0.022
-0.022
-0.012
-0.0095
-0.0023
0.032
0.051
0.041
0.02
0.0013
-0.0054
0.0064
0.041
0.083
0.1
0.11
0.11
0.1
0.097
0.1
0.094
0.091
0.091
0.088
0.09
0.087
0.087
0.1
0.13
0.15
0.16
0.15
0.13
0.12
0.11
0.11
0.12
0.14
0.16
0.17
0.17
0.18
0.17
0.16
0.16
0.16
0.14
0.14
0.15
0.15
0.16
0.16
0.16
0.16
0.17
0.17
0.17
0.18
0.21
0.23
0.22
0.2
0.17
0.17
0.16
0.15
0.16
0.18
0.19
0.18
0.16
0.15
0.15
0.13
0.11
0.13
0.17
0.18
0.17
0.14
0.11
0.095
0.096
0.11
0.11
0.12
0.14
0.13
0.11
0.095
0.085
0.08
0.087
0.091
0.096
0.087
0.074
0.09
0.11
0.12
0.12
0.11
0.081
0.064
0.061
0.07
0.082
0.11
0.14
0.16
0.14
0.11
0.075
0.067
0.074
0.093
0.11
0.11
0.11
0.16
0.18
0.075
-0.039
-0.034
0.032
0.083
0.1
0.087
0.053
0.031
0.036
0.054
0.065
0.052
0.018
-0.016
-0.013
-0.0081
-0.01
-0.0072
0.022
0.046
0.041
0.014
-0.012
-0.024
-0.023
-0.023
-0.029
-0.03
-0.015
0.009
0.02
0.011
0.00038
-0.015
-0.016
-0.019
-0.032
-0.029
-0.0076
0.013
0.023
0.031
0.022
0.0067
0.0067
0.0091
0.0027
-0.00047
-0.0033
-0.015
-0.028
-0.037
-0.035
-0.015
0.0028
0.0048
-0.0098
-0.025
-0.032
-0.044
-0.049
-0.042
-0.028
-0.013
-0.0045
-0.009
-0.021
-0.032
-0.043
-0.052
-0.053
-0.046
-0.05
-0.079
-0.1
-0.11
-0.11
-0.084
-0.069
-0.063
-0.064
-0.08
-0.1
-0.12
-0.13
-0.11
-0.089
-0.057
-0.025
0.0009
0.017
0.021
0.014
0.015
0.032
0.042
0.043
0.047
0.047
0.043
0.043
0.041
0.03
0.0072
-0.01
-0.014
-0.0065
0.011
0.022
0.026
0.011
-0.0025
-0.0072
0.0022
0.016
0.013
0.0089
0.0065
0.0029
0.0086
0.035
0.069
0.087
0.087
0.07
0.041
0.022
0.026
0.044
0.053
0.056
0.056
0.047
0.03
0.013
0.0031
0.012
0.016
0.0072
