0.016
-0.0088
0.0015
0.032
0.026
-0.0022
0.0042
0.03
0.035
0.029
0.018
0.011
0.011
0.011
0.0002
0.012
0.037
0.045
0.032
0.021
0.016
0.012
0.015
0.016
0.02
0.02
0.0032
-0.0045
0.01
0.014
-0.0025
0.0011
0.025
0.028
0.0077
0.00041
0.0051
0.0053
0.0072
0.01
0.015
0.025
0.026
0.017
0.017
0.029
0.023
0.003
-0.0035
-0.00066
0.012
0.027
0.037
0.034
0.03
0.019
0.006
0.012
0.012
-0.0025
0.004
0.026
0.023
0.01
0.025
0.025
0.0072
-0.015
-0.0097
0.0034
0.017
0.034
0.023
0.00032
0.0041
0.016
0.0032
-0.011
0.0039
0.013
-0.0027
-0.01
0.0069
0.0062
-0.0012
0.011
0.0065
-0.0092
-0.0082
0.0049
0.018
0.029
0.028
0.014
0.0099
0.0045
0.0047
0.013
0.019
0.014
0.013
0.019
0.0085
-0.014
-0.026
-0.013
0.0088
0.0059
-0.011
-0.012
0.0076
0.0094
-0.016
-0.031
-0.019
-0.0017
-0.011
-0.0071
0.012
0.019
0.0038
-0.012
0.0043
0.032
0.016
-0.004
0.027
0.043
0.0057
-0.017
0.012
0.031
0.005
-0.0011
0.034
0.043
0.014
-7.6e-005
0.0091
0.0088
0.0055
0.0078
0.017
0.026
0.029
0.032
0.027
0.016
0.0051
0.0073
0.0067
-0.00069
0.0051
0.023
0.017
-0.0083
-0.011
0.0024
0.00014
-0.012
-0.0075
0.009
-0.0032
-0.013
-0.0044
-0.0029
-0.0035
-0.011
-0.018
-0.02
-0.013
-0.019
-0.015
-0.0094
-0.003
0.002
-0.0027
-4.6e-005
0.0054
0.0043
-0.00069
-0.0054
-0.001
0.016
0.026
0.016
0.015
0.02
0.015
0.0083
-0.00066
-0.0042
0.013
0.028
0.012
-0.0041
-0.0024
0.015
0.021
-0.0002
-0.0084
0.013
0.024
0.0063
-0.0053
-0.0046
-0.0022
0.0046
0.011
0.0091
-0.002
-0.015
-0.0042
0.013
0.012
0.0027
-0.0014
0.003
0.0082
0.0048
-0.0023
-0.0048
-0.0048
0.0067
0.015
0.013
0.0076
0.011
0.011
0.002
-0.00029
0.0043
-0.00053
-0.0021
0.0038
4.6e-005
-0.013
-0.0058
0.018
0.016
-0.00063
-0.009
-0.017
-0.017
-0.011
0.011
0.026
0.022
0.015
0.016
0.014
-0.00075
-0.0089
0.0065
0.012
-0.00078
-0.01
-0.0043
-0.0015
-0.015
-0.02
-0.014
-0.012
0.0014
-0.0022
-0.02
-0.01
0.023
0.026
0.0045
0.0051
0.022
0.015
-0.013
-0.022
-0.014
0.016
0.032
0.01
-0.011
0.0033
0.011
-0.0084
-0.0097
0.019
0.029
0.011
0.0073
0.013
0.0054
0.0067
0.018
0.016
0.0048
-0.0098
-0.013
-0.0054
-0.0032
-0.012
-0.0015
0.016
0.0078
-0.0035
0.0036
0.013
0.018
0.037
0.04
0.012
-0.011
0.00044
0.022
0.021
0.0011
-0.0061
1.5e-005
0.01
0.0094
0.011
0.013
0.026
0.03
0.015
0.0036
0.0078
0.02
0.018
0.0046
0.0076
0.0085
-0.02
-0.019
0.017
0.015
-0.031
-0.045
-0.011
0.0066
-0.0046
0.0046
0.021
0.0076
-0.014
-0.014
-0.01
-0.009
-0.0023
0.0076
0.02
0.021
0.016
0.012
0.011
0.0066
0.0002
-0.003
-0.0093
-0.0073
0.006
0.023
0.019
0.0024
-0.0072
-0.013
-0.013
-0.0013
0.015
0.025
0.016
0.011
0.0064
0.015
0.018
0.0093
0.003
0.0069
0.0072
0.0062
0.017
0.023
0.02
0.0047
-0.0024
0.00035
-0.0011
0.00081
0.0051
0.0026
0.0065
0.014
0.0058
-0.0019
0.012
0.02
0.016
0.0086
-0.0039
-0.0016
0.01
0.01
-0.0047
-0.017
-0.012
0.0016
-0.00035
0.0016
0.015
0.019
0.0078
-0.0016
-0.00035
-0.0022
0.0026
0.018
0.031
0.023
-0.0042
-0.0074
0.015
0.023
0.011
-0.0032
0.0076
0.019
0.0088
-0.0063
-0.0061
-0.0031
0.0064
0.013
0.0057
0.0047
0.011
0.018
0.0097
0.0041
0.0092
0.0006
-0.014
-0.013
-0.0054
-0.011
-0.0078
0.012
0.021
0.0048
-0.0079
-0.0033
-0.0044
-0.012
-0.012
0.005
0.029
0.036
0.033
0.022
0.0079
-0.0041
-0.002
0.004
-0.0019
-0.0014
0.009
0.015
0.0081
0.0051
0.0021
-0.009
-0.0069
0.00093
0.0031
0.012
0.034
0.048
0.029
0.013
0.0074
0.017
0.015
-0.0009
-0.015
-0.0094
0.015
0.01
-0.011
-0.022
-0.024
-0.028
-0.04
-0.037
-0.013
0.0083
0.013
0.022
0.022
0.018
0.023
0.023
0.022
0.02
0.02
0.032
0.041
0.024
-0.005
-0.016
-0.017
-0.016
-0.017
-0.018
-0.013
-0.0053
-0.0056
-0.025
-0.031
-0.025
-0.013
0.016
0.026
0.024
0.023
0.034
0.06
0.064
0.042
0.029
0.027
0.0038
-0.011
-0.013
-0.0092
-0.00066
0.0042
0.00084
-0.0053
-0.016
-0.015
0.0073
0.029
0.025
0.0089
-0.0052
-0.022
-0.022
0.0067
0.038
0.035
0.02
-0.0073
-0.046
-0.078
-0.075
-0.046
-0.017
0.0083
0.0021
-0.013
-0.014
0.00066
0.027
0.051
0.053
0.039
0.023
0.019
0.027
0.038
0.047
0.044
0.018
-0.0043
-0.0074
0.0035
0.013
0.017
0.01
-0.0059
-0.014
-0.024
-0.024
-0.022
-0.0069
-0.0022
-0.011
-0.016
-0.015
-0.0048
0.012
0.019
0.015
0.0088
0.0037
-0.0083
-0.0068
0.022
0.041
0.026
0.013
0.006
0.00044
0.015
0.022
0.0079
0.0039
0.018
0.02
0.0025
-0.00047
0.011
0.011
-0.016
-0.032
-0.011
0.019
0.026
0.019
0.007
-4.6e-005
-0.0002
0.0093
0.021
0.025
0.013
0.01
0.011
0.0076
0.00063
0.0047
0.022
0.027
0.014
-0.009
-0.014
-0.0059
0.017
0.025
0.014
-0.0019
-0.0076
-0.0092
-0.014
-0.0078
0.0013
-0.0026
-0.011
-0.023
-0.027
-0.018
0.0031
0.016
0.015
0.012
0.012
0.012
0.0002
0.0038
0.021
0.036
0.026
0.0016
0.0055
0.022
0.026
0.018
0.02
0.016
0.0085
0.017
0.031
0.025
0.0081
0.0041
-0.0017
-0.013
-0.01
-0.01
-0.011
-0.0029
0.014
0.01
-0.018
-0.031
-0.022
-0.0062
-0.011
-0.02
-0.027
-0.014
-0.0052
-0.019
-0.024
-0.016
-0.016
-0.025
-0.022
-0.0023
0.026
0.034
0.023
0.005
-0.015
-0.0028
0.015
0.023
0.018
0.0019
0.0045
0.018
0.029
0.021
0.0052
0.0064
0.015
0.03
0.036
0.023
0.0009
-0.013
-0.015
-0.026
-0.024
-0.017
-0.00041
0.012
-0.0034
-0.016
-0.02
-0.0094
-0.0042
0.0019
0.0051
0.0076
0.00032
-0.0047
0.0016
0.0025
-0.00066
-0.0071
0.0016
0.017
0.017
-0.0052
-0.016
0.0033
0.021
0.014
0.017
0.02
-0.011
-0.034
-0.016
0.015
0.023
0.011
-0.0021
-0.02
-0.026
-0.014
-0.0055
0.0039
0.0099
0.017
0.022
0.024
0.02
0.017
0.024
0.017
0.018
0.032
0.046
0.047
0.036
0.026
0.02
0.0064
-0.0057
-0.0096
0.0005
0.023
0.034
0.019
0.0038
-0.0011
-0.0039
-0.012
-0.012
-0.0081
-0.0075
0.00069
-0.0029
-0.0084
0.0057
0.024
0.018
-0.006
-0.016
-0.012
-0.011
0.003
0.025
0.022
0.00017
-0.0057
-0.0054
0.0061
0.029
0.036
0.038
0.051
0.051
0.013
-0.033
-0.043
-0.019
0.0016
0.0041
0.0037
-0.00096
-0.018
-0.032
-0.018
0.0064
0.0078
-0.0018
-0.01
-0.028
-0.03
4.6e-005
0.041
0.047
0.037
0.028
0.023
4.6e-005
-0.014
0.0068
0.042
0.055
0.032
-0.006
-0.033
-0.03
-0.0067
0.033
0.05
0.02
-0.032
-0.07
-0.08
-0.073
-0.076
-0.095
-0.11
-0.11
-0.092
-0.069
-0.052
-0.043
-0.045
-0.063
-0.082
-0.09
-0.076
-0.05
-0.025
-0.013
-0.0096
-0.024
-0.038
-0.0078
0.039
0.063
0.062
0.054
0.032
0.01
-0.027
-0.092
-0.14
-0.16
-0.17
-0.16
-0.16
-0.19
-0.25
-0.31
-0.34
-0.33
-0.38
-0.49
-0.7
-0.88
-0.9
-0.9
-0.9
-0.9
-0.9
-0.86
-0.58
-0.25
0.015
0.2
0.23
0.14
0.048
0.068
0.19
0.31
0.4
0.44
0.45
0.43
0.41
0.42
0.47
0.56
0.63
0.65
0.65
0.66
0.67
0.72
0.76
0.77
0.76
0.75
0.72
0.66
0.57
0.49
0.43
0.4
0.35
0.24
0.11
-0.0025
-0.089
-0.17
-0.25
-0.35
-0.46
-0.59
-0.66
-0.63
-0.54
-0.45
-0.41
-0.45
-0.57
-0.74
-0.84
-0.82
-0.78
-0.76
-0.75
-0.6
-0.11
0.33
0.51
0.57
0.55
0.57
0.54
0.4
0.25
0.22
0.33
0.45
0.46
0.41
0.39
0.32
0.22
0.13
0.048
-0.05
-0.14
-0.23
-0.32
-0.32
-0.2
-0.081
-0.062
-0.1
-0.1
-0.052
-0.025
-0.06
-0.13
-0.16
-0.12
-0.028
0.066
0.15
0.25
0.34
0.37
0.36
0.31
0.26
0.2
0.16
0.14
0.13
0.16
0.19
0.17
0.12
0.048
-0.023
-0.08
-0.14
-0.18
-0.18
-0.15
-0.12
-0.14
-0.17
-0.17
-0.14
-0.092
-0.075
-0.091
-0.11
-0.089
-0.035
0.026
0.067
0.078
0.08
0.069
0.04
0.0034
-0.0012
0.025
0.058
0.089
0.12
0.13
0.11
0.1
0.1
0.087
0.053
0.02
0.0056
0.018
0.024
0.027
0.046
0.06
0.049
0.014
-0.018
-0.036
-0.035
-0.021
-0.013
-0.016
-0.017
0.0009
0.03
0.049
0.051
0.032
0.01
-0.0059
-0.012
-0.012
-0.01
-0.019
-0.03
-0.018
0.0079
0.042
0.075
0.088
0.079
0.066
0.051
0.044
0.05
0.056
0.073
0.12
0.15
0.17
0.15
0.11
0.077
0.085
0.12
0.14
0.13
0.095
0.079
0.11
0.17
0.2
0.18
0.12
0.062
0.018
-0.0039
0.006
0.037
0.057
0.049
0.017
-0.024
-0.058
-0.067
-0.05
-0.044
-0.059
-0.072
-0.082
-0.1
-0.11
-0.1
-0.074
-0.067
-0.097
-0.12
-0.12
-0.098
-0.077
-0.064
-0.087
-0.12
-0.14
-0.12
-0.08
-0.059
-0.046
-0.031
-0.024
-0.017
-0.011
0.0089
0.045
0.07
0.074
0.071
0.073
0.086
0.1
0.095
0.082
0.06
0.041
0.042
0.065
0.095
0.11
0.1
0.089
0.083
0.076
0.087
0.12
0.13
0.12
0.11
0.098
0.087
0.072
0.052
0.029
0.0071
-0.0045
-0.006
-0.012
-0.02
-0.027
-0.029
-0.026
-0.027
-0.03
-0.03
-0.025
-0.023
-0.018
-0.019
-0.039
-0.062
-0.07
-0.075
-0.079
-0.078
-0.061
-0.05
-0.047
-0.048
-0.051
-0.056
-0.053
-0.039
-0.022
-0.0031
0.0079
0.011
0.018
0.037
0.057
0.061
0.058
0.058
0.069
0.093
0.12
0.12
0.12
0.12
0.13
0.14
0.13
0.12
0.12
0.13
0.15
0.15
0.13
0.12
0.12
0.13
0.16
0.17
0.17
0.16
0.15
0.14
0.14
0.14
0.16
0.16
0.14
0.12
0.12
0.13
0.14
0.13
0.12
0.11
0.094
0.079
0.078
0.085
0.091
0.097
0.1
0.13
0.14
0.12
0.11
0.1
0.078
0.061
0.075
0.11
0.13
0.13
0.14
0.15
0.16
0.16
0.16
0.16
0.16
0.16
0.17
0.17
0.15
0.13
0.092
0.028
-0.079
-0.21
-0.37
-0.56
-0.74
-0.88
-0.93
-0.93
-0.94
-0.93
-0.93
-0.92
-0.92
-0.88
-0.75
-0.59
-0.44
-0.32
-0.2
-0.089
0.018
0.11
0.19
0.26
0.3
0.31
0.32
0.34
0.32
0.28
0.22
0.15
0.088
0.047
0.023
0.019
0.024
0.034
0.061
0.11
0.17
0.23
0.28
0.31
0.34
0.39
0.41
0.38
0.33
0.28
0.23
0.16
0.091
0.022
-0.045
-0.081
-0.091
-0.11
-0.14
-0.15
-0.12
-0.054
-0.013
-0.012
-0.017
-0.017
-0.004
0.0038
-0.012
-0.024
-0.019
-0.021
-0.041
-0.058
-0.063
-0.054
-0.044
-0.04
-0.036
-0.036
-0.034
-0.026
-0.014
-0.0057
0.0006
0.013
0.023
0.0043
-0.018
-0.016
-0.0026
-0.0029
-0.02
-0.026
-0.026
-0.022
-0.01
-0.012
-0.025
-0.02
0.00056
0.012
0.011
0.0041
-0.0083
-0.0057
0.0087
0.031
0.057
0.095
0.11
0.1
0.1
0.086
0.067
0.054
0.041
0.027
0.023
0.038
0.051
0.056
0.068
0.082
0.096
0.1
0.1
0.11
0.12
0.12
0.11
0.095
0.081
0.078
0.068
0.05
0.036
0.032
0.03
0.039
0.056
0.065
0.07
0.071
0.067
0.061
0.05
0.054
0.072
0.079
0.067
0.049
0.037
0.034
0.037
0.03
0.021
0.011
0.00075
-0.0089
-0.0077
-0.0015
-0.0098
-0.014
-0.015
-0.012
-0.0051
-0.0077
-0.0041
-0.0011
0.011
0.031
0.046
0.044
0.032
0.022
0.02
0.034
0.052
0.065
0.068
0.066
0.056
0.045
0.045
0.039
0.019
0.017
0.04
0.054
0.068
0.087
0.09
0.084
0.084
0.092
0.086
0.064
0.053
0.065
0.073
0.075
0.07
0.054
0.041
0.035
0.032
0.021
-0.0036
-0.021
-0.022
-0.023
-0.035
-0.041
-0.044
-0.048
-0.059
-0.079
-0.093
-0.11
-0.11
-0.1
-0.11
-0.13
-0.14
-0.16
-0.18
-0.19
-0.19
-0.18
-0.17
-0.17
-0.15
-0.15
-0.17
-0.18
-0.18
-0.17
-0.18
-0.19
-0.19
-0.17
-0.17
-0.19
-0.19
-0.19
-0.2
-0.21
-0.23
-0.24
-0.21
-0.18
-0.16
-0.15
-0.16
-0.17
-0.17
-0.15
-0.15
-0.16
-0.15
-0.14
-0.14
-0.14
-0.13
-0.13
-0.13
-0.12
-0.1
-0.078
-0.055
-0.042
-0.03
-0.029
-0.036
-0.034
-0.026
-0.023
-0.014
0.0058
0.014
0.017
0.033
0.045
0.033
0.022
0.025
0.039
0.058
0.064
0.074
0.092
0.11
0.1
0.097
0.11
0.1
0.083
0.079
0.1
0.11
0.1
0.12
0.13
0.13
0.12
0.11
0.11
0.13
0.15
0.15
0.16
0.15
0.14
0.12
0.097
0.055
0.033
0.032
0.044
0.095
0.13
0.1
0.067
0.063
0.07
0.055
0.034
0.017
0.008
0.0099
0.037
0.051
0.05
0.059
0.056
0.036
0.02
0.013
-0.0048
-0.036
-0.052
-0.04
-0.014
0.0074
0.019
0.0051
-0.014
-0.012
-0.00035
0.011
0.019
0.02
0.003
-0.019
-0.029
-0.039
-0.032
-0.0097
0.0025
0.00063
-0.0029
-0.0028
-0.0012
0.0067
0.013
0.021
0.017
0.009
0.015
0.014
0.014
0.011
0.0074
0.0086
0.0047
0.0045
0.0022
0.0068
0.014
0.033
0.05
0.05
0.035
0.014
0.0014
0.007
0.016
0.013
0.0053
-0.0023
-0.0056
0.0039
0.014
0.0044
-0.023
-0.028
-0.017
-0.008
-0.0063
-0.011
-0.02
-0.034
-0.037
-0.041
-0.044
-0.038
-0.023
-0.0043
-0.0078
-0.035
-0.081
-0.11
-0.1
-0.09
-0.081
-0.065
-0.042
-0.023
-0.013
-0.017
-0.033
-0.046
-0.06
-0.063
-0.055
-0.029
-0.012
-0.0092
-0.0046
-0.016
-0.035
-0.053
-0.049
-0.028
0.014
0.043
0.036
0.012
0.0049
0.015
0.024
0.028
0.029
0.024
0.031
0.061
0.09
0.083
0.062
0.051
0.045
0.048
0.057
0.063
0.074
0.097
0.11
0.1
0.095
0.1
0.12
0.11
0.11
0.1
0.09
0.088
0.092
0.096
0.094
0.083
0.074
0.086
0.11
0.13
0.14
0.13
0.13
0.11
0.1
0.094
0.088
0.09
0.088
0.08
0.066
0.05
0.042
0.054
0.058
0.057
0.059
0.043
0.023
0.031
0.058
0.068
0.05
0.029
-0.0036
-0.021
-0.018
-0.024
-0.043
-0.05
-0.027
-0.0066
0.0053
-0.0024
-0.022
-0.043
-0.067
-0.086
-0.1
-0.13
-0.14
-0.11
-0.084
-0.081
-0.076
-0.061
-0.052
-0.053
-0.06
-0.082
-0.097
-0.1
-0.1
-0.1
-0.099
-0.074
-0.039
-0.022
-0.028
-0.046
-0.072
-0.098
-0.12
-0.13
-0.11
-0.1
-0.11
-0.12
-0.11
-0.079
-0.031
0.019
0.041
0.0056
-0.047
-0.082
-0.093
-0.098
-0.086
-0.065
-0.045
-0.032
-0.039
-0.05
-0.051
-0.029
-0.012
-0.015
-0.016
-0.011
0.0072
0.021
0.027
0.032
0.022
-0.0012
-0.0092
0.017
0.037
0.049
0.074
0.091
0.089
0.069
0.052
0.022
-0.0061
0.018
0.077
0.11
0.12
0.12
0.12
0.1
0.1
0.11
0.12
0.13
0.15
0.15
0.12
0.085
0.057
0.034
0.05
0.088
0.12
0.16
0.16
0.13
0.085
0.073
0.07
0.065
0.063
0.088
0.13
0.16
0.16
0.14
0.12
0.089
0.056
0.031
0.016
0.034
0.076
0.12
0.14
0.13
0.11
0.084
0.059
0.022
-0.0063
-0.0069
0.017
0.053
0.059
0.045
0.024
0.0092
0.0042
0.016
0.029
0.029
0.024
0.011
-0.0063
-0.027
-0.039
-0.03
-0.015
-0.0014
0.023
0.042
0.043
0.042
0.038
0.015
-0.017
-0.049
-0.076
-0.076
-0.051
-0.022
0.0078
0.022
0.0091
-0.026
-0.061
-0.073
-0.079
-0.079
-0.053
-0.027
-0.014
-0.0045
-0.013
-0.04
-0.058
-0.053
-0.049
-0.041
-0.03
-0.021
-0.018
-0.037
-0.062
-0.09
-0.091
-0.078
-0.061
-0.049
-0.043
-0.033
-0.026
-0.033
-0.05
-0.06
-0.061
-0.052
-0.057
-0.079
-0.093
-0.1
-0.096
-0.077
-0.062
-0.061
-0.057
-0.031
-0.028
-0.048
-0.061
-0.056
-0.051
-0.054
-0.054
-0.061
-0.058
-0.044
-0.034
-0.047
-0.064
-0.063
-0.051
-0.043
-0.054
-0.068
-0.054
-0.0076
0.017
0.0081
-0.0029
-0.011
-0.014
-0.033
-0.045
-0.032
-0.011
0.007
0.011
0.016
0.018
0.034
0.061
0.078
0.082
0.079
0.058
0.022
0.015
0.044
0.063
0.064
0.061
0.068
0.062
0.048
0.04
0.039
0.041
0.049
0.064
0.064
0.057
0.055
0.069
0.075
0.067
0.052
0.029
0.029
0.049
0.062
0.058
0.037
0.02
0.018
0.028
0.039
0.053
0.05
0.019
0.0084
0.0096
0.012
0.018
0.035
0.047
0.034
0.017
0.0095
0.0048
-0.00069
0.014
0.01
-0.015
-0.032
-0.032
-0.0081
0.036
0.066
0.061
0.048
0.039
0.021
0.01
0.0042
-0.01
-0.019
0.0019
0.029
0.039
0.036
0.033
0.023
0.0046
0.0038
0.007
0.014
0.035
0.044
0.046
0.051
0.047
0.035
0.036
0.035
0.023
0.022
0.038
0.053
0.059
0.066
0.064
0.052
0.044
0.02
0.0035
0.017
0.047
0.059
0.047
0.016
-0.014
-0.02
-0.01
0.018
0.039
0.059
0.063
0.032
-0.0071
-0.032
-0.045
-0.047
-0.042
-0.013
0.011
0.02
0.032
0.023
-0.013
-0.043
-0.054
-0.061
-0.068
-0.072
-0.073
-0.057
-0.025
-0.0084
-0.032
-0.067
-0.081
-0.076
-0.067
-0.065
-0.07
-0.074
-0.082
-0.083
-0.063
-0.037
-0.034
-0.049
-0.074
-0.092
-0.11
-0.097
-0.082
-0.069
-0.05
-0.036
-0.039
-0.036
-0.017
-0.012
-0.024
-0.047
-0.072
-0.093
-0.097
-0.086
-0.067
-0.046
-0.036
-0.031
-0.021
-0.019
-0.038
-0.068
-0.088
-0.088
-0.059
-0.038
-0.029
-0.022
-0.021
-0.019
-0.013
-0.018
-0.047
-0.065
-0.055
-0.044
-0.034
-0.026
-0.027
-0.029
-0.012
0.00023
-0.002
-0.0048
0.0038
0.011
0.011
0.017
0.015
0.014
0.02
0.011
0.0093
0.017
0.029
0.033
0.029
0.016
-0.0015
0.011
0.029
0.063
0.092
0.021
-0.094
-0.13
-0.096
-0.03
0.019
0.032
0.033
0.044
0.078
0.13
0.13
0.095
0.039
0.028
0.064
0.069
0.048
-0.0024
-0.068
-0.054
0.025
0.092
0.12
0.13
0.1
0.045
0.02
0.063
0.12
0.17
0.18
0.15
0.1
0.048
0.0058
-0.018
-0.074
-0.12
-0.049
0.093
0.16
0.17
0.16
0.14
0.11
0.12
0.12
0.092
0.073
0.087
0.095
0.072
0.053
0.057
0.069
0.089
0.13
0.18
0.2
0.18
0.14
0.16
0.18
0.16
0.11
0.045
-0.013
-0.024
0.03
0.1
0.15
0.18
0.19
0.18
0.15
0.16
0.16
0.16
0.19
0.19
0.17
0.15
0.14
0.11
0.065
0.032
0.031
0.078
0.12
0.14
0.17
0.17
0.14
0.1
0.074
0.069
0.09
0.098
0.069
0.018
-0.016
-0.0073
0.035
0.078
0.095
0.076
0.05
0.042
0.036
0.021
0.0078
0.015
0.04
0.041
0.018
-0.0079
-0.019
0.0051
0.045
0.061
0.043
0.0076
-0.018
-0.023
-0.011
0.00084
0.0047
-0.017
-0.035
-0.025
-0.00011
0.016
0.0002
-0.021
-0.03
-0.03
-0.032
-0.041
-0.047
-0.042
-0.033
-0.025
-0.033
-0.028
-0.011
-0.0029
-0.028
-0.065
-0.1
-0.13
-0.13
-0.1
-0.075
-0.081
-0.098
-0.11
-0.1
-0.098
-0.11
-0.12
-0.11
-0.11
-0.13
-0.15
-0.14
-0.15
-0.18
-0.18
-0.18
-0.2
-0.23
-0.23
-0.17
-0.11
-0.089
-0.095
-0.11
-0.12
-0.16
-0.17
-0.16
-0.16
-0.17
-0.15
-0.15
-0.16
-0.14
-0.13
-0.1
-0.061
-0.036
-0.041
-0.058
-0.069
-0.081
-0.1
-0.12
-0.13
-0.13
-0.11
-0.092
-0.073
-0.055
-0.051
-0.025
0.0054
0.012
0.0049
-0.021
-0.057
-0.086
-0.086
-0.058
-0.035
-0.018
-0.0078
-0.0017
-0.0014
-0.019
-0.031
-0.036
-0.032
-0.012
-0.0012
-0.021
-0.06
-0.082
-0.075
-0.049
-0.034
-0.029
-0.019
-0.012
-0.018
-0.033
-0.059
-0.075
-0.07
-0.066
-0.064
-0.061
-0.07
-0.064
-0.023
0.04
0.085
0.081
0.035
-0.0074
-0.027
-0.044
-0.071
-0.096
-0.094
-0.062
-0.021
0.01
0.026
0.036
0.039
0.051
0.051
0.027
0.0083
0.00017
-0.0088
0.0016
0.036
0.048
0.034
0.023
0.025
0.029
0.02
0.007
-0.016
-0.038
-0.018
0.034
0.084
0.11
0.11
0.089
0.089
0.092
0.074
0.039
0.038
0.045
0.025
0.011
-0.0079
-0.011
0.019
0.044
0.057
0.061
0.061
0.055
0.055
0.065
0.068
0.054
0.027
0.0014
-0.019
-0.015
-0.0068
-0.0083
-0.0047
0.01
0.016
0.011
0.024
0.049
0.061
0.066
0.072
0.068
0.056
0.049
0.049
0.048
0.043
0.035
0.033
0.037
0.041
0.028
0.0072
0.012
0.036
0.05
0.039
0.024
0.016
0.032
0.056
0.067
0.064
0.049
0.041
0.042
0.035
0.024
-0.0023
-0.014
-0.0044
0.015
0.032
0.043
0.036
0.021
0.017
0.017
0.019
0.027
0.038
0.044
0.04
0.025
0.022
0.043
0.061
0.067
0.073
0.074
0.067
0.068
0.078
0.072
0.065
0.056
0.05
0.05
0.041
0.029
0.035
0.048
0.058
0.065
0.066
0.052
0.029
0.028
0.044
0.049
0.051
0.041
0.022
0.023
0.031
0.016
-0.018
-0.05
-0.069
-0.071
-0.051
-0.041
-0.048
-0.066
-0.077
-0.086
-0.089
-0.088
-0.09
-0.083
-0.059
-0.036
-0.022
-0.0088
-0.017
-0.029
-0.024
-0.014
-0.017
-0.039
-0.066
-0.084
-0.081
-0.071
-0.061
-0.055
-0.064
-0.076
-0.086
-0.089
-0.07
-0.034
-0.012
-0.016
-0.02
-0.03
-0.048
-0.058
-0.057
-0.049
-0.05
-0.058
-0.076
-0.09
-0.091
-0.065
-0.034
-0.021
-0.023
-0.028
-0.021
-0.022
-0.028
-0.03
-0.05
-0.059
-0.057
-0.063
-0.078
-0.085
-0.085
-0.082
-0.078
-0.057
-0.033
-0.019
-0.0014
-0.0051
-0.027
-0.031
-0.033
-0.045
-0.05
-0.051
-0.063
-0.068
-0.039
-0.004
0.0097
0.017
0.025
0.024
0.017
0.00093
-0.026
-0.051
-0.057
-0.047
-0.03
-0.017
-0.025
-0.025
0.0051
0.028
0.023
0.005
-0.01
-0.044
-0.076
-0.089
-0.079
-0.051
-0.027
-0.007
-0.0086
-0.024
-0.037
-0.043
-0.03
-0.018
-0.011
-0.0094
-0.013
-0.035
-0.046
-0.024
-0.0055
-0.0055
0.012
0.042
0.049
0.033
0.021
0.012
0.002
0.023
0.055
0.037
0.0029
-0.0093
-0.0061
0.00053
-0.0011
0.0014
0.022
0.035
0.025
0.01
-0.0023
-0.01
-0.0041
0.011
0.029
0.02
-0.0096
-0.025
-0.034
-0.03
-0.012
-0.00066
0.0045
0.0026
-1.5e-005
-0.0073
-0.023
-0.042
-0.063
-0.071
-0.046
-0.0062
0.014
0.025
0.017
0.0024
0.012
0.033
0.047
0.053
0.057
0.058
0.062
0.078
0.091
0.1
0.12
0.11
0.088
0.075
0.069
0.065
0.059
0.059
0.071
0.073
0.072
0.081
0.092
0.095
0.088
0.085
0.088
0.093
0.086
0.072
0.066
0.07
0.072
0.066
0.058
0.043
0.026
0.025
0.037
0.045
0.04
0.051
0.061
0.059
0.056
0.047
0.042
0.043
0.053
0.064
0.066
0.061
0.061
0.059
0.056
0.059
0.062
0.063
0.062
0.058
0.05
0.037
0.038
0.058
0.081
0.082
0.068
0.048
0.035
0.032
0.023
0.0067
0.01
0.035
0.049
0.041
0.029
0.019
0.014
0.0078
0.00066
-0.014
-0.023
-0.01
0.0037
0.0035
-0.0083
-0.011
-0.00078
0.015
0.031
0.041
0.041
0.038
0.042
0.035
0.034
0.051
0.066
0.065
0.052
0.049
0.049
0.048
0.051
0.065
0.079
0.077
0.073
0.066
0.061
0.069
0.081
0.092
0.099
0.088
0.065
0.053
0.038
0.018
0.0096
0.0081
-0.0012
-0.012
-0.0062
-0.0087
-0.013
-0.0025
0.013
0.024
0.022
0.014
-0.0045
0.00017
0.016
0.019
0.027
0.038
0.031
0.0031
-0.0024
0.0078
0.021
0.022
0.011
-0.0082
-0.019
0.0037
0.03
0.036
0.013
-0.0025
0.0077
0.039
0.056
0.045
0.046
0.05
0.044
0.016
-0.034
-0.078
-0.088
-0.054
-0.011
0.022
0.044
0.053
0.025
-0.017
-0.031
-0.029
-0.033
-0.049
-0.069
-0.074
-0.055
-0.021
-0.0043
0.0022
0.0086
0.0023
-0.018
-0.044
-0.053
-0.05
-0.041
-0.04
-0.05
-0.046
-0.032
-0.0032
0.033
0.055
0.047
0.023
0.026
0.027
0.017
0.022
0.049
0.054
0.034
0.017
0.0059
0.011
0.036
0.067
0.077
0.066
0.06
0.062
0.071
0.081
0.085
0.079
0.052
-0.0037
-0.039
-0.025
-0.012
-0.017
-0.012
0.017
0.052
0.074
0.069
0.034
0.0033
-0.0005
0.0096
0.011
0.018
0.024
0.023
0.033
0.033
0.033
0.044
0.061
0.06
0.042
0.04
0.043
0.032
0.011
0.01
0.034
0.058
0.071
0.06
0.043
0.025
0.026
0.03
0.03
0.024
0.0081
0.0052
0.018
0.034
0.039
0.027
0.011
-0.0043
-0.018
-0.021
-0.013
-4.6e-005
0.02
0.036
0.035
0.032
0.018
0.0043
-0.012
-0.039
-0.048
-0.028
-0.019
-0.026
-0.027
-0.016
0.0064
0.029
0.041
0.042
0.02
-0.0069
-0.013
-0.0014
0.019
0.027
0.013
0.0027
0.01
0.02
0.022
0.021
0.02
0.023
0.019
0.012
0.0031
-0.0061
-0.0077
-0.0021
0.0022
0.0052
0.01
0.015
0.019
0.0052
-0.014
-0.018
-0.024
-0.02
0.002
0.029
0.041
0.035
0.027
0.017
0.015
0.0041
-0.00081
0.0088
0.014
0.015
0.027
0.04
0.035
0.025
0.013
0.011
0.017
0.018
0.016
0.015
0.024
0.029
0.034
0.043
0.056
0.05
0.027
0.0083
-0.0073
-0.011
-0.0089
0.004
0.018
0.015
0.0063
-0.0002
-0.013
-0.036
-0.052
-0.06
-0.052
-0.047
-0.035
-0.018
-0.01
-0.015
-0.014
-0.0014
0.0026
-0.0062
-0.014
-0.017
-0.016
-0.0068
0.0052
0.0066
0.001
-0.0054
-0.024
-0.042
-0.048
-0.042
-0.037
-0.034
-0.031
-0.04
-0.05
-0.058
-0.062
-0.059
-0.048
-0.033
-0.028
-0.039
-0.057
-0.07
-0.078
-0.078
-0.076
-0.081
-0.088
-0.1
-0.11
-0.11
-0.099
-0.097
-0.094
-0.085
-0.09
-0.11
-0.11
-0.097
-0.09
-0.11
-0.12
-0.12
-0.14
-0.15
-0.15
-0.13
-0.11
-0.096
-0.063
-0.045
-0.049
-0.042
-0.015
-0.0065
-0.02
-0.022
-0.041
-0.093
-0.12
-0.11
-0.088
-0.058
-0.018
0.0094
0.016
0.0068
-0.0092
-0.0065
0.005
-0.0061
-0.028
-0.04
-0.042
-0.044
-0.048
-0.046
-0.037
-0.039
-0.065
-0.087
-0.077
-0.037
-0.0096
-0.0034
-0.022
-0.058
-0.088
-0.099
-0.08
-0.05
-0.021
-0.016
-0.041
-0.071
-0.088
-0.1
-0.1
-0.097
-0.088
-0.082
-0.075
-0.05
-0.02
-0.015
-0.023
-0.03
-0.04
-0.048
-0.064
-0.095
-0.1
-0.083
-0.078
-0.093
-0.093
-0.075
-0.057
-0.057
-0.055
-0.049
-0.031
-0.0054
-0.0045
-0.041
-0.085
-0.1
-0.096
-0.065
-0.028
-0.012
0.0022
0.023
0.035
0.017
-0.019
-0.032
-0.025
-0.011
-0.0023
-0.0072
-0.016
-0.024
-0.031
-0.021
-0.0015
0.017
0.022
0.016
0.0081
0.005
0.02
0.046
0.061
0.053
0.024
0.006
0.0094
0.019
0.035
0.052
0.069
0.084
0.075
0.038
0.012
0.025
0.066
0.1
0.11
0.1
0.082
0.065
0.057
0.07
0.095
0.11
0.11
0.088
0.075
0.067
0.072
0.083
0.077
0.062
0.054
0.056
0.061
0.056
0.042
0.035
0.032
0.025
0.021
0.029
0.043
0.043
0.032
0.024
0.037
0.047
0.032
0.017
0.024
0.039
0.032
0.019
0.02
0.012
0.00029
0.0033
-0.0021
-0.0059
-0.00038
0.0064
0.0088
0.011
-0.00032
-0.0082
0.002
0.0088
0.012
0.02
0.04
0.059
0.059
0.048
0.033
0.034
0.059
0.082
0.078
0.058
0.044
0.042
0.047
0.042
0.029
0.016
0.0075
0.0081
0.024
0.051
0.078
0.094
0.091
0.073
0.065
0.064
0.059
0.058
0.07
0.08
0.08
0.076
0.076
0.069
0.061
0.059
0.052
0.044
0.045
0.06
0.064
0.051
0.05
0.068
0.07
0.082
0.1
0.083
0.055
0.049
0.068
0.083
0.074
0.057
0.033
0.02
0.027
0.043
0.058
0.059
0.052
0.045
0.033
0.019
0.034
0.062
0.061
0.051
0.04
0.029
0.0033
0.0071
0.03
0.023
0.011
0.012
0.018
0.0097
-0.00017
-0.00038
0.011
0.024
0.022
0.0018
-0.013
0.0047
0.016
0.014
0.019
0.031
0.028
0.005
-0.032
-0.054
-0.03
0.0019
0.018
0.041
0.059
0.064
0.065
0.075
0.088
0.081
0.051
0.0085
-0.028
-0.043
-0.028
0.0086
0.046
0.09
0.12
0.13
0.11
0.063
0.024
0.0026
-0.0039
-0.013
-0.018
-0.022
-0.0086
0.017
0.025
0.027
0.039
0.036
0.012
-0.016
-0.03
-0.033
-0.03
-0.026
-0.022
-0.011
0.011
0.036
0.049
0.048
0.029
-0.002
-0.027
-0.043
-0.041
-0.023
-0.0094
0.0018
0.019
0.032
0.037
0.037
0.027
0.02
0.01
-0.015
-0.038
-0.031
0.0063
0.041
0.049
0.041
0.029
0.021
0.018
0.012
0.0044
-0.00044
-0.0013
0.0043
0.024
0.03
0.013
0.014
0.017
0.028
0.035
0.045
0.049
0.028
0.021
0.035
0.041
0.032
0.032
0.022
0.0038
-0.0066
-0.008
-0.0069
-0.0086
-0.01
-0.012
-0.019
-0.046
-0.073
-0.068
-0.042
-0.011
-0.0083
-0.034
-0.045
-0.055
-0.043
-0.0096
0.012
0.025
0.03
0.025
0.0067
-0.0066
-0.0099
-0.015
-0.037
-0.071
-0.073
-0.049
-0.013
0.0092
0.011
0.0065
0.007
0.015
0.015
0.0092
0.0021
0.002
0.0079
0.00063
0.0012
0.02
0.034
0.04
0.032
0.02
0.015
0.024
0.048
0.056
0.042
0.047
0.06
0.052
0.02
0.0002
0.022
0.059
0.067
0.058
0.049
0.044
0.046
0.045
0.036
0.028
0.026
0.028
0.018
-0.0026
-0.011
0.0064
0.039
0.055
0.057
0.043
0.021
0.0077
-0.01
-0.012
0.0065
0.035
0.061
0.075
0.071
0.047
0.022
0.012
0.022
0.038
0.038
0.016
-0.0055
-0.01
-0.0015
0.0094
0.01
0.014
0.033
0.054
0.061
0.055
0.036
0.017
0.0047
0.0022
0.007
0.013
0.024
0.034
0.04
0.049
0.054
0.06
0.059
0.039
0.028
0.03
0.038
0.054
0.068
0.072
0.076
0.08
0.07
0.058
0.057
0.057
0.048
0.024
0.0078
-0.0049
-0.015
-0.019
-0.014
-0.0045
0.011
0.024
0.024
0.016
0.013
0.013
0.0098
0.0026
-0.0067
-0.0087
-0.0014
0.0043
0.0034
0.0014
-0.0014
-0.013
-0.027
-0.032
-0.04
-0.043
-0.038
-0.025
-0.027
-0.048
-0.063
-0.057
-0.045
-0.04
-0.024
-0.0033
0.0005
-0.00075
0.0073
0.022
0.025
0.008
-0.0056
-0.0076
-0.014
-0.022
-0.026
-0.024
-0.0094
0.014
0.033
0.044
0.04
0.042
0.035
0.016
0.00066
-0.0011
-0.011
-0.021
-0.016
0.0015
0.027
0.05
0.079
0.096
0.075
0.035
0.0093
-0.0047
-0.01
-0.0047
0.0099
0.014
0.021
0.046
0.073
0.076
0.07
0.067
0.046
0.014
-0.0033
-0.012
-0.021
-0.027
-0.037
-0.037
-0.017
0.0081
0.04
0.054
0.035
0.0057
-0.014
-0.024
-0.032
-0.044
-0.045
-0.037
-0.038
-0.036
-0.028
-0.014
0.0014
-0.0076
-0.03
-0.047
-0.058
-0.066
-0.062
-0.048
-0.037
-0.039
-0.046
-0.04
-0.021
-0.0013
-0.0012
-0.016
-0.021
-0.032
-0.048
-0.054
-0.056
-0.053
-0.039
-0.015
-0.0029
-0.026
-0.06
-0.071
-0.064
-0.05
-0.048
-0.05
-0.043
-0.032
-0.025
-0.039
-0.059
-0.059
-0.057
-0.061
-0.068
-0.08
-0.08
-0.071
-0.065
-0.054
-0.042
-0.038
-0.039
-0.049
-0.049
-0.038
-0.027
-0.016
0.0027
0.024
0.0095
-0.022
-0.052
-0.056
-0.039
-0.03
-0.026
-0.019
-0.016
-0.011
-0.0067
-0.017
-0.025
-0.0078
0.0073
-0.0024
-0.017
-0.016
-0.026
-0.046
-0.056
-0.06
-0.055
-0.047
-0.056
-0.071
-0.072
-0.062
-0.06
-0.062
-0.067
-0.067
-0.053
-0.034
-0.033
-0.056
-0.076
-0.073
-0.052
-0.041
-0.044
-0.038
-0.038
-0.047
-0.056
-0.047
-0.022
-0.01
-0.026
-0.045
-0.051
-0.057
-0.058
-0.063
-0.066
-0.065
-0.055
-0.046
-0.042
-0.043
-0.047
-0.045
-0.039
-0.038
-0.034
-0.023
-0.022
-0.035
-0.033
-0.022
-0.027
-0.046
-0.062
-0.07
-0.08
-0.088
-0.087
-0.075
-0.064
-0.059
-0.05
-0.046
-0.041
-0.037
-0.032
-0.018
-0.0044
0.00081
0.0054
0.022
0.035
0.036
0.031
0.024
0.02
0.014
0.023
0.033
0.045
0.047
0.038
0.033
0.04
0.056
0.054
0.047
0.045
0.064
0.097
0.11
0.099
0.07
0.048
0.037
0.035
0.04
0.039
0.02
0.0054
0.013
0.023
0.032
0.034
0.023
0.018
0.014
0.003
0.011
0.036
0.049
0.044
0.038
0.045
0.052
0.043
0.034
0.036
0.039
0.031
0.013
-0.0048
-0.0016
0.015
0.029
0.042
0.051
0.052
0.06
0.068
0.067
0.054
0.04
0.023
0.0049
-0.002
-0.0063
-0.0032
0.013
0.041
0.074
0.099
0.1
0.085
0.061
0.044
0.033
0.027
0.027
0.025
0.022
0.023
0.021
0.025
0.031
0.033
0.028
0.015
0.0045
0.0065
0.0086
-0.00017
-0.012
-0.018
-0.017
-0.0052
0.0099
0.023
0.032
0.039
0.03
0.0067
-0.0056
-0.00084
-0.00087
-0.014
-0.024
-0.028
-0.019
0.0013
0.018
0.037
0.054
0.052
0.028
0.0064
-0.016
-0.027
-0.0062
0.0066
-0.012
-0.044
-0.058
-0.024
0.019
0.014
0.0041
0.023
0.034
0.037
0.033
0.016
-0.015
-0.05
-0.073
-0.091
-0.086
-0.063
-0.06
-0.06
-0.035
-0.018
-0.029
-0.048
-0.071
-0.078
-0.073
-0.068
-0.057
-0.051
-0.052
-0.037
-0.0076
0.0041
-0.0085
-0.022
-0.033
-0.045
-0.063
-0.078
-0.078
-0.065
-0.041
-0.03
-0.036
-0.047
-0.059
-0.065
-0.05
-0.039
-0.047
-0.048
-0.037
-0.024
-0.013
-0.0034
0.0063
0.0023
-0.0077
-0.023
-0.035
-0.027
-0.012
-0.017
-0.016
-0.0064
-0.0029
0.001
0.012
0.023
0.017
-0.0012
-0.011
-0.0016
0.022
0.042
0.055
0.06
0.057
0.049
0.031
0.021
0.01
0.0091
0.026
0.052
0.059
0.05
0.037
0.02
0.017
0.023
0.021
0.029
0.046
0.061
0.061
0.057
0.049
0.045
0.029
0.012
0.018
0.032
0.035
0.034
0.037
0.036
0.039
0.044
0.03
0.015
0.015
0.029
0.051
0.081
0.09
0.077
0.064
0.054
0.054
0.058
0.053
0.062
0.099
0.13
0.13
0.12
0.12
0.11
0.096
0.078
0.077
0.092
0.1
0.11
0.11
0.096
0.079
0.067
0.054
0.06
0.097
0.13
0.13
0.082
0.041
0.012
-0.0065
-0.018
-0.0085
0.01
0.0071
-0.012
-0.011
0.0024
0.0035
-0.0028
-0.014
-0.021
-0.025
-0.033
-0.025
-0.0054
0.013
0.018
0.019
0.01
0.0011
-0.0027
-0.013
-0.019
-0.021
-0.03
-0.037
-0.029
-0.017
-0.014
-0.013
-0.012
-0.0079
-0.0055
-0.0091
-0.0062
0.0064
0.017
0.0044
-0.014
-0.02
-0.017
-0.0066
0.012
0.024
0.024
0.019
0.0017
-0.025
-0.031
-0.023
-0.02
-0.021
-0.02
-0.015
0.0038
0.015
0.014
0.024
0.045
0.063
0.067
0.056
0.045
0.04
0.035
0.035
0.04
0.039
0.025
0.014
0.019
0.026
0.038
0.063
0.071
0.066
0.068
0.067
0.045
0.017
-0.019
-0.054
-0.05
-0.022
0.0012
0.019
0.052
0.087
0.09
0.065
0.03
0.011
0.0029
-0.013
-0.031
-0.053
-0.062
-0.054
-0.029
-0.01
-0.003
0.0023
0.0012
-0.018
-0.037
-0.047
-0.053
-0.048
-0.033
-0.023
-0.015
-0.012
-0.0078
0.004
0.021
0.032
0.023
0.0099
0.0015
-0.0077
-0.0098
0.0043
0.01
0.0041
0.0037
0.015
0.022
0.017
0.0086
-0.0077
-0.013
-0.00038
0.011
0.01
-0.0036
-0.029
-0.06
-0.067
-0.048
-0.023
0.00011
0.024
0.045
0.047
0.046
0.048
0.048
0.043
0.026
0.023
0.039
0.053
0.058
0.067
0.067
0.054
0.044
0.043
0.058
0.066
0.072
0.089
0.095
0.089
0.091
0.084
0.065
0.06
0.07
0.073
0.072
0.085
0.098
0.09
0.065
0.036
0.021
0.024
0.019
0.0048
0.012
0.035
0.055
0.058
0.042
0.018
0.00038
-0.012
-0.015
-0.0012
0.016
0.024
0.023
0.016
0.0043
-0.002
-0.0002
0.0076
0.021
0.02
0.015
0.016
0.014
0.01
0.0047
-0.00026
-0.0022
-0.017
-0.04
-0.05
-0.031
0.0034
0.022
0.02
0.025
0.024
0.0092
-0.009
-0.0033
0.026
0.053
0.062
0.048
0.026
-0.0012
-0.007
0.0045
0.011
0.016
0.012
0.0078
0.012
0.0076
-0.012
-0.02
-0.0039
0.008
0.007
-0.0093
-0.014
-0.0095
0.00047
0.012
-0.0011
-0.015
-0.00066
0.0094
0.0051
0.0034
-0.0079
-0.016
-0.021
-0.038
-0.032
-0.018
-0.024
-0.038
-0.035
-0.021
-0.0081
-0.012
-0.029
-0.046
-0.06
-0.06
-0.058
-0.064
-0.056
-0.035
-0.025
-0.023
-0.017
-0.0086
-0.012
-0.036
-0.062
-0.072
-0.075
-0.066
-0.042
-0.041
-0.059
-0.054
-0.033
-0.052
-0.079
-0.072
-0.07
-0.061
-0.048
-0.071
-0.088
-0.08
-0.09
-0.09
-0.053
-0.033
-0.034
-0.038
-0.055
-0.084
-0.096
-0.095
-0.078
-0.056
-0.06
-0.074
-0.073
-0.056
-0.039
-0.032
-0.038
-0.055
-0.081
-0.096
-0.09
-0.055
-0.023
-0.024
-0.05
-0.077
-0.11
-0.12
-0.1
-0.071
-0.039
-0.013
0.01
0.019
-0.0043
-0.035
-0.053
-0.078
-0.088
-0.072
-0.055
-0.048
-0.04
-0.029
-0.019
-0.019
-0.028
-0.028
-0.0086
0.0066
0.0094
0.02
0.047
0.062
0.062
0.06
0.042
0.025
0.015
0.008
0.016
0.046
0.075
0.088
0.088
0.074
0.051
0.028
0.03
0.035
0.022
0.0074
0.013
0.032
0.039
0.02
-0.012
-0.035
-0.049
-0.039
-0.014
0.0086
0.03
0.024
-0.012
-0.04
-0.042
-0.038
-0.037
-0.034
-0.023
-0.014
-0.017
-0.036
-0.05
-0.042
-0.024
-0.025
-0.045
-0.048
-0.039
-0.027
0.0019
0.028
0.036
0.015
-0.0094
-0.026
-0.038
-0.042
-0.031
-0.023
-0.033
-0.03
-0.0063
-0.0013
-0.021
-0.022
0.0077
0.044
0.072
0.082
0.07
0.044
0.023
0.018
0.027
0.035
0.038
0.058
0.083
0.093
0.082
0.065
0.041
0.022
0.017
0.011
0.014
0.021
0.022
0.032
0.051
0.056
0.055
0.057
0.045
0.028
0.026
0.038
0.057
0.07
0.064
0.04
0.021
0.017
0.013
-0.0057
-0.022
-0.018
-0.0081
0.018
0.045
0.054
0.044
0.024
0.014
0.025
0.033
0.03
0.031
0.023
0.021
0.03
0.036
0.037
0.03
0.032
0.044
0.041
0.022
0.0071
-0.02
-0.037
-0.018
0.012
0.044
0.063
0.048
0.027
0.00041
-0.022
-0.015
0.0012
0.0098
0.011
0.0074
0.013
0.02
0.016
0.01
0.011
0.012
0.022
0.027
0.023
0.035
0.036
0.018
0.014
0.012
0.0097
0.012
0.021
0.047
0.056
0.047
0.04
0.044
0.036
0.022
0.015
0.025
0.051
0.062
0.058
0.052
0.061
0.061
0.051
0.051
0.057
0.058
0.044
0.024
0.0044
-0.018
-0.019
-0.0061
0.0055
0.012
0.018
0.022
0.012
0.0018
0.0013
0.021
0.047
0.05
0.045
0.031
0.011
0.0023
0.018
0.037
0.039
0.036
0.029
0.014
0.0018
0.0018
0.011
0.019
0.023
0.019
0.019
0.024
0.027
0.022
0.021
0.018
0.0062
-0.008
-0.02
-0.026
-0.023
-0.0099
0.0025
0.0081
-0.002
-0.02
-0.047
-0.076
-0.073
-0.028
0.025
0.052
0.046
0.018
-0.015
-0.034
-0.028
-0.016
-0.012
-0.015
-0.022
-0.035
-0.032
-0.02
-0.016
-0.025
-0.022
-0.00072
0.003
-0.018
-0.046
-0.067
-0.065
-0.049
-0.026
-0.003
0.011
0.019
0.0018
-0.021
-0.034
-0.026
-0.014
-0.013
0.0025
0.025
0.025
0.0073
-0.012
-0.00044
0.021
0.031
0.017
-0.0092
-0.028
-0.015
0.013
0.037
0.07
0.099
0.12
0.11
0.083
0.061
0.053
0.045
0.043
0.036
0.0046
-0.02
-0.014
0.015
0.048
0.07
0.073
0.071
0.06
0.044
0.037
0.018
-0.018
-0.037
-0.032
-0.016
0.013
0.038
0.05
0.053
0.04
0.025
0.0025
-0.027
-0.041
-0.039
-0.018
-0.0011
0.0093
0.024
0.033
0.029
0.025
0.027
0.019
0.0096
0.022
0.059
0.1
0.12
0.11
0.077
0.047
0.031
0.04
0.07
0.1
0.11
0.1
0.09
0.078
0.057
0.053
0.045
0.031
0.037
0.046
0.039
0.027
0.019
0.033
0.058
0.07
0.071
0.061
0.041
0.027
0.029
0.036
0.037
0.032
0.038
0.053
0.066
0.055
0.019
-0.0017
0.0038
0.03
0.071
0.09
0.064
0.015
-0.0011
0.038
0.08
0.082
0.047
0.0035
-0.0002
0.028
0.097
0.17
0.16
0.081
-0.048
-0.13
-0.098
0.015
0.13
0.18
0.15
0.088
0.025
0.013
0.041
0.087
0.11
0.073
0.022
0.006
0.053
0.12
0.16
0.17
0.15
0.12
0.095
0.11
0.12
0.12
0.12
0.1
0.068
0.027
0.0079
0.033
0.091
0.16
0.2
0.21
0.18
0.09
0.017
0.0089
0.014
0.013
0.035
0.054
0.055
0.073
0.078
0.03
-0.022
-0.022
0.0099
0.047
0.089
0.1
0.064
0.017
-0.0075
-0.048
-0.067
-0.05
-0.029
-0.0046
0.016
0.02
-0.0028
-0.014
-0.019
-0.027
-0.041
-0.089
-0.15
-0.17
-0.099
-0.018
0.025
0.025
-0.018
-0.066
-0.066
-0.025
-0.00047
-0.026
-0.095
-0.15
-0.14
-0.062
0.0047
0.018
-0.011
-0.065
-0.099
-0.1
-0.083
-0.071
-0.063
-0.033
0.0064
0.033
0.048
0.043
0.02
-0.014
-0.028
-0.033
-0.014
0.0097
0.018
0.017
0.0071
0.0019
-0.0032
-0.0061
-0.0049
-0.0074
0.0049
0.04
0.071
0.07
0.058
0.027
-0.01
-0.015
0.011
0.049
0.082
0.083
0.061
0.034
-0.0012
-0.027
-0.026
-0.00038
0.053
0.092
0.1
0.08
0.021
-0.037
-0.054
-0.032
-0.0025
0.021
0.04
0.044
0.029
0.0083
-0.0052
-0.0076
-0.0012
0.026
0.057
0.087
0.11
0.097
0.076
0.06
0.058
0.066
0.039
-0.012
-0.043
-0.048
-0.027
0.012
0.033
0.036
0.043
0.037
0.023
0.028
0.064
0.1
0.1
0.074
0.061
0.061
0.06
0.071
0.086
0.087
0.072
0.053
0.049
0.04
0.0072
-0.023
-0.023
-0.012
-0.0012
0.018
0.029
0.021
0.0094
0.0032
-0.0075
-0.02
-0.022
-0.0066
0.015
0.035
0.041
0.028
0.0021
-0.028
-0.03
-0.011
-0.0025
-0.0064
-0.013
-0.013
-0.012
-0.0079
0.004
0.0086
-0.016
-0.042
-0.038
-0.023
-0.022
-0.023
-0.026
-0.039
-0.042
-0.03
-0.022
-0.025
-0.027
-0.032
-0.037
-0.027
-0.0033
0.019
0.034
0.039
0.027
0.018
0.027
0.04
0.055
0.052
0.033
0.033
0.059
0.064
0.041
0.014
-0.007
-0.015
-0.0069
0.018
0.037
0.024
-0.0018
-0.015
-0.019
-0.022
-0.018
-0.0022
0.011
0.015
0.0054
-0.012
-0.028
-0.038
-0.051
-0.065
-0.073
-0.07
-0.034
-0.0002
-0.0019
-0.025
-0.037
-0.025
-0.02
-0.026
-0.026
-0.015
-0.0025
0.012
0.034
0.049
0.033
0.0087
0.0082
0.0041
-0.0072
-0.022
-0.04
-0.041
-0.04
-0.04
-0.029
-0.017
-0.037
-0.069
-0.082
-0.083
-0.082
-0.073
-0.05
-0.0088
0.016
0.016
0.0078
-0.023
-0.064
-0.078
-0.056
-0.026
-0.0082
-0.012
-0.033
-0.052
-0.047
-0.023
-0.0019
-0.0019
-0.01
-0.021
-0.043
-0.055
-0.05
-0.026
-0.0014
-0.00075
-0.022
-0.045
-0.05
-0.054
-0.062
-0.068
-0.069
-0.068
-0.066
-0.063
-0.051
-0.029
-0.022
-0.032
-0.034
-0.027
-0.022
-0.03
-0.045
-0.056
-0.048
-0.039
-0.031
-0.023
-0.026
-0.036
-0.039
-0.03
-0.017
-0.02
-0.041
-0.052
-0.038
-0.016
-0.0027
0.0043
0.0064
0.0071
0.0059
0.0034
-0.0059
-0.023
-0.042
-0.062
-0.065
-0.039
-0.015
-0.029
-0.064
-0.091
-0.093
-0.085
-0.083
-0.084
-0.084
-0.08
-0.07
-0.053
-0.04
-0.043
-0.05
-0.046
-0.041
-0.048
-0.049
-0.035
-0.026
-0.035
-0.051
-0.057
-0.054
-0.062
-0.076
-0.088
-0.093
-0.093
-0.09
-0.091
-0.1
-0.1
-0.074
-0.043
-0.043
-0.073
-0.11
-0.13
-0.12
-0.075
-0.024
0.0027
0.022
0.033
0.047
0.048
0.014
-0.02
-0.024
-0.0058
0.013
0.033
0.045
0.058
0.073
0.075
0.05
0.017
-0.001
-0.018
-0.027
-0.0033
0.031
0.06
0.094
0.11
0.11
0.11
0.11
0.1
0.092
0.067
0.054
0.074
0.1
0.11
0.12
0.12
0.13
0.11
0.1
0.096
0.099
0.11
0.13
0.13
0.11
0.087
0.087
0.12
0.15
0.16
0.14
0.11
0.057
0.019
-0.0012
-0.0068
-0.013
0.0047
0.043
0.068
0.068
0.049
0.03
-0.0012
-0.043
-0.055
-0.038
-0.025
-0.002
0.04
0.068
0.063
0.039
0.012
-0.013
-0.024
-0.017
-0.027
-0.02
0.017
0.03
0.03
0.036
0.0042
-0.051
-0.1
-0.14
-0.12
-0.084
-0.054
-0.036
-0.041
-0.073
-0.089
-0.09
-0.098
-0.096
-0.082
-0.059
-0.055
-0.082
-0.1
-0.1
-0.11
-0.11
-0.11
-0.11
-0.088
-0.055
-0.04
-0.031
-0.045
-0.076
-0.078
-0.064
-0.056
-0.038
0.0036
0.031
0.027
0.0025
-0.024
-0.047
-0.07
-0.074
-0.062
-0.037
-0.0031
0.0047
-0.0058
-0.016
-0.016
-0.0035
0.009
-0.014
-0.05
-0.056
-0.048
-0.044
-0.039
-0.036
-0.04
-0.043
-0.028
0.0045
0.025
0.032
0.034
0.036
0.043
0.046
0.043
0.018
-0.023
-0.029
0.0041
0.036
0.048
0.029
-0.00026
-0.017
-0.0082
-0.0035
-0.013
-0.02
-0.012
-0.0016
-0.011
-0.013
-0.0062
-0.0033
0.0045
0.018
0.017
0.0031
-0.0022
-0.0021
0.0054
0.014
0.011
0.0058
-0.0063
-0.018
-0.013
0.0089
0.015
-0.0073
-0.03
-0.028
-0.013
-0.0036
0.0072
0.029
0.047
0.048
0.021
-0.032
-0.085
-0.1
-0.078
-0.055
-0.046
-0.031
0.016
0.068
0.085
0.072
0.035
0.001
-0.018
-0.0098
0.025
0.041
0.005
-0.032
-0.026
0.012
0.044
0.034
-0.013
-0.066
-0.085
-0.073
-0.055
-0.039
-0.017
0.01
0.018
0.00056
-0.033
-0.057
-0.056
-0.044
-0.028
-0.0096
0.0036
0.0051
0.0098
0.015
0.012
0.00099
-0.0058
0.0061
0.02
0.025
0.02
0.0054
-0.016
-0.025
-0.027
-0.03
-0.012
0.0088
0.0085
-0.019
-0.056
-0.077
-0.085
-0.086
-0.078
-0.063
-0.039
-0.025
-0.026
-0.036
-0.052
-0.078
-0.093
-0.084
-0.067
-0.037
-0.015
-0.0098
-0.0079
-0.015
-0.032
-0.056
-0.11
-0.17
-0.18
-0.15
-0.11
-0.07
-0.036
-0.014
-0.025
-0.059
-0.094
-0.12
-0.13
-0.13
-0.13
-0.12
-0.11
-0.11
-0.12
-0.12
-0.1
-0.073
-0.054
-0.055
-0.063
-0.062
-0.047
-0.032
-0.039
-0.039
-0.0096
0.03
0.055
0.065
0.061
0.051
0.042
0.031
0.021
0.033
0.06
0.094
0.12
0.11
0.088
0.058
0.055
0.062
0.058
0.041
0.03
0.036
0.05
0.058
0.054
0.051
0.04
0.028
0.038
0.064
0.075
0.065
0.062
0.069
0.075
0.079
0.089
0.099
0.11
0.12
0.14
0.14
0.13
0.12
0.11
0.085
0.063
0.053
0.049
0.055
0.078
0.091
0.083
0.062
0.037
0.033
0.042
0.046
0.047
0.048
0.034
0.0067
0.0034
0.021
0.034
0.016
-0.015
-0.029
-0.024
-0.023
-0.022
-0.0075
0.004
0.00044
-0.0015
-0.0086
-0.025
-0.029
-0.012
0.005
0.0087
0.00069
-0.019
-0.041
-0.052
-0.049
-0.037
-0.036
-0.05
-0.057
-0.035
-0.015
-0.019
-0.02
-0.0088
0.0026
-0.012
-0.046
-0.062
-0.04
-0.0098
0.0028
0.0026
0.0057
0.0081
-0.012
-0.034
-0.046
-0.046
-0.027
-0.0044
0.012
0.014
0.022
0.025
0.015
0.0045
0.0087
0.024
0.032
0.048
0.06
0.063
0.056
0.039
0.017
-0.0034
-0.0052
0.016
0.046
0.051
0.037
0.025
0.015
0.015
0.014
0.011
0.0045
0.0067
0.0038
-0.00063
-0.0022
0.00081
0.0072
0.0022
-0.013
-0.021
-0.019
-0.022
-0.029
-0.028
-0.019
-0.01
-0.019
-0.039
-0.055
-0.053
-0.036
-0.035
-0.046
-0.043
-0.016
0.021
0.031
0.011
-0.0094
-0.0045
0.002
-0.0011
0.0053
0.014
0.015
-0.0011
-0.035
-0.062
-0.067
-0.059
-0.042
-0.031
-0.037
-0.045
-0.051
-0.049
-0.045
-0.049
-0.054
-0.052
-0.057
-0.061
-0.05
-0.032
-0.025
-0.032
-0.033
-0.014
0.0096
0.033
0.055
0.055
0.048
0.054
0.062
0.062
0.065
0.075
0.091
0.095
0.077
0.064
0.063
0.062
0.062
0.078
0.083
0.08
0.092
0.088
0.084
0.1
0.11
0.1
0.097
0.088
0.061
0.035
0.029
0.037
0.049
0.068
0.079
0.099
0.12
0.11
0.11
0.11
0.12
0.13
0.13
0.1
0.054
0.016
0.01
0.031
0.064
0.1
0.14
0.14
0.1
0.054
0.0055
-0.025
-0.019
0.0024
0.029
0.054
0.062
0.048
0.03
0.036
0.058
0.073
0.057
0.01
-0.036
-0.069
-0.07
-0.048
-0.017
0.016
0.034
0.018
-0.023
-0.051
-0.051
-0.037
-0.029
-0.029
-0.031
-0.029
-0.023
-0.018
-0.017
-0.021
-0.034
-0.036
-0.038
-0.045
-0.06
-0.082
-0.1
-0.1
-0.087
-0.061
-0.034
-0.019
-0.016
-0.021
-0.044
-0.071
-0.084
-0.086
-0.081
-0.067
-0.047
-0.038
-0.053
-0.075
-0.084
-0.081
-0.073
-0.06
-0.038
-0.026
-0.041
-0.048
-0.04
-0.036
-0.039
-0.04
-0.03
-0.017
-0.012
-0.023
-0.032
-0.028
-0.0071
0.0084
0.011
0.011
0.013
0.011
-0.0013
-0.0099
-0.01
0.0022
0.023
0.038
0.046
0.042
0.048
0.071
0.084
0.046
-0.0095
-0.045
-0.051
-0.033
-0.016
-0.004
0.0017
-0.0014
-0.0098
-0.023
-0.039
-0.041
-0.033
-0.022
-0.016
-0.022
-0.041
-0.065
-0.082
-0.072
-0.043
-0.028
-0.016
0.0038
0.014
0.017
0.018
0.022
0.043
0.067
0.071
0.063
0.051
0.046
0.045
0.034
0.025
0.026
0.021
0.012
0.0058
-0.0077
-0.014
-0.0073
0.0089
0.029
0.026
0.003
-0.013
-0.012
0.0043
0.034
0.056
0.072
0.081
0.081
0.084
0.095
0.11
0.13
0.12
0.12
0.12
0.12
0.12
0.11
0.097
0.099
0.11
0.095
0.081
0.078
0.072
0.069
0.078
0.094
0.11
0.13
0.14
0.14
0.13
0.12
0.11
0.086
0.08
0.076
0.075
0.079
0.089
0.089
0.077
0.061
0.055
0.062
0.056
0.041
0.033
0.031
0.039
0.056
0.075
0.075
0.053
0.025
0.014
0.024
0.045
0.059
0.052
0.025
-0.0066
-0.037
-0.061
-0.066
-0.058
-0.047
-0.034
-0.023
-0.013
-0.015
-0.034
-0.054
-0.071
-0.082
-0.07
-0.04
-0.016
-0.0041
-0.0082
-0.025
-0.038
-0.044
-0.046
-0.053
-0.06
-0.045
-0.02
-0.00078
0.0083
0.0009
-0.025
-0.043
-0.039
-0.02
0.0058
0.024
0.025
-0.00014
-0.036
-0.074
-0.095
-0.098
-0.083
-0.04
0.0038
0.022
0.022
0.019
0.0079
-0.0046
-0.0098
0.0071
0.023
0.023
0.011
-0.002
0.00026
0.0055
0.0037
0.0041
0.0045
-0.0093
-0.019
-0.0095
0.0053
0.0086
-0.0032
-0.013
-0.009
-0.011
-0.021
-0.012
0.0015
0.0067
-0.0083
-0.02
-0.014
-0.015
-0.026
-0.046
-0.069
-0.089
-0.099
-0.1
-0.09
-0.058
-0.038
-0.028
-0.029
-0.039
-0.044
-0.04
-0.036
-0.044
-0.055
-0.058
-0.05
-0.044
-0.031
-0.0087
0.01
0.016
0.024
0.027
0.014
-0.0041
-0.0064
0.0024
0.0076
0.016
0.033
0.04
0.037
0.035
0.039
0.048
0.045
0.037
0.051
0.065
0.059
0.051
0.05
0.058
0.074
0.084
0.083
0.072
0.054
0.038
0.027
0.019
0.022
0.034
0.043
0.051
0.051
0.039
0.024
0.015
0.018
0.026
0.04
0.06
0.08
0.09
0.088
0.065
0.045
0.054
0.065
0.062
0.065
0.08
0.094
0.093
0.08
0.071
0.066
0.06
0.05
0.052
0.077
0.12
0.14
0.13
0.11
0.074
0.051
0.048
0.053
0.048
0.039
0.047
0.064
0.079
0.082
0.077
0.073
0.08
0.088
0.082
0.073
0.08
0.094
0.085
0.06
0.042
0.036
0.033
0.023
0.013
0.021
0.052
0.082
0.089
0.066
0.032
0.012
0.019
0.048
0.083
0.11
0.11
0.069
0.02
-0.013
-0.041
-0.051
-0.025
0.02
0.058
0.064
0.041
0.018
-0.0039
-0.021
-0.023
-0.025
-0.022
0.0024
0.039
0.064
0.07
0.045
0.0084
-0.01
-0.0049
0.013
0.036
0.053
0.05
0.027
-0.0064
-0.025
-0.019
-0.01
-0.012
-0.017
-0.017
-0.019
-0.019
-0.022
-0.027
-0.034
-0.036
-0.028
-0.023
-0.016
-0.0085
0.0026
0.025
0.056
0.084
0.097
0.082
0.067
0.061
0.038
0.0056
-0.013
-0.01
-0.0068
-0.031
-0.053
-0.051
-0.059
-0.085
-0.086
-0.059
-0.046
-0.063
-0.086
-0.087
-0.052
-0.018
-0.0023
0.0018
0.0065
0.003
-0.019
-0.027
-0.021
-0.018
-0.022
-0.022
-0.026
-0.032
-0.024
-0.018
-0.024
-0.045
-0.061
-0.061
-0.055
-0.046
-0.048
-0.053
-0.045
-0.025
-0.025
-0.028
-0.0071
0.026
0.065
0.085
0.061
0.026
0.012
0.0024
-0.012
-0.0043
0.019
0.023
0.026
0.044
0.052
0.042
0.042
0.048
0.055
0.066
0.057
0.021
0.00011
0.0081
0.025
0.05
0.074
0.097
0.11
0.097
0.09
0.088
0.09
0.095
0.084
0.06
0.04
0.028
0.033
0.053
0.068
0.081
0.09
0.082
0.064
0.061
0.083
0.12
0.13
0.12
0.097
0.074
0.081
0.11
0.11
0.11
0.11
0.096
0.066
0.021
0.0072
0.043
0.08
0.084
0.067
0.06
0.066
0.094
0.11
0.1
0.091
0.062
0.047
0.058
0.079
0.097
0.093
0.06
0.038
0.04
0.06
0.084
0.11
0.12
0.1
0.071
0.062
0.068
0.04
-0.01
-0.029
-0.0094
0.031
0.059
0.063
0.061
0.045
0.015
-0.0074
-0.018
-0.011
-0.0005
-0.00072
0.0028
0.0016
0.00038
0.0024
-0.011
-0.037
-0.051
-0.058
-0.064
-0.057
-0.048
-0.029
-0.0027
0.012
0.029
0.048
0.052
0.054
0.051
0.038
0.027
0.027
0.031
0.016
-0.018
-0.047
-0.047
-0.03
-0.014
-0.0079
-0.0065
-0.0068
-0.014
-0.023
-0.024
-0.015
-0.0019
0.01
0.0094
-0.0068
-0.022
-0.023
-0.0075
-0.0034
-0.021
-0.042
-0.05
-0.051
-0.034
-0.01
-0.0047
-0.013
-0.025
-0.036
-0.034
-0.038
-0.047
-0.047
-0.047
-0.047
-0.045
-0.049
-0.061
-0.081
-0.1
-0.089
-0.061
-0.052
-0.05
-0.047
-0.061
-0.088
-0.11
-0.11
-0.1
-0.058
-0.019
-0.0079
-0.027
-0.051
-0.061
-0.043
-0.011
0.011
0.0011
-0.029
-0.049
-0.053
-0.039
-0.021
-0.0036
0.00081
-0.019
-0.041
-0.048
-0.042
-0.037
-0.042
-0.072
-0.1
-0.1
-0.092
-0.075
-0.048
-0.013
0.0059
-0.0071
-0.032
-0.05
-0.065
-0.073
-0.058
-0.034
-0.021
-0.013
0.01
0.037
0.041
0.023
0.0023
-0.016
-0.025
-0.026
-0.012
0.011
0.041
0.059
0.058
0.05
0.031
0.014
0.00026
-0.013
-0.025
-0.025
-0.013
0.0037
0.023
0.03
0.023
-0.0026
-0.032
-0.046
-0.047
-0.034
-0.011
0.011
0.028
0.032
0.013
-0.0066
-0.011
-0.011
-0.019
-0.034
-0.03
-0.0076
0.0093
0.012
0.0058
-0.0042
-0.013
-0.0094
0.015
0.047
0.061
0.056
0.053
0.051
0.041
0.041
0.057
0.068
0.071
0.08
0.095
0.11
0.11
0.097
0.075
0.047
0.029
0.02
0.023
0.032
0.036
0.035
0.039
0.034
0.009
-0.019
-0.037
-0.034
-0.014
0.0032
0.0051
-0.013
-0.024
-0.017
0.0016
0.0092
0.011
0.017
0.015
-0.0092
-0.039
-0.047
-0.042
-0.032
-0.016
-0.0094
-0.023
-0.034
-0.034
-0.023
-0.019
-0.027
-0.034
-0.031
-0.034
-0.038
-0.03
-0.022
-0.016
-0.023
-0.037
-0.035
-0.018
-0.014
-0.028
-0.057
-0.084
-0.096
-0.11
-0.11
-0.088
-0.057
-0.035
-0.034
-0.051
-0.058
-0.055
-0.059
-0.055
-0.046
-0.032
-0.0065
0.00026
-0.028
-0.075
-0.11
-0.12
-0.12
-0.11
-0.065
-0.016
0.0094
0.022
0.043
0.048
0.022
-0.018
-0.035
-0.025
-0.019
-0.034
-0.064
-0.095
-0.12
-0.11
-0.086
-0.062
-0.069
-0.085
-0.088
-0.069
-0.053
-0.037
-0.0061
0.014
0.036
0.057
0.068
0.063
0.039
0.0076
-0.023
-0.035
-0.039
-0.041
-0.026
0.003
0.03
0.052
0.055
0.043
0.03
0.011
-0.0087
-0.01
0.009
0.03
0.034
0.019
-0.0028
-0.019
-0.024
-0.009
0.0076
0.011
0.0071
-0.00029
-0.0069
-0.0058
-0.0014
-0.019
-0.043
-0.037
-0.018
-0.029
-0.053
-0.038
-0.0015
0.0041
-0.021
-0.042
-0.043
-0.053
-0.067
-0.043
-0.0084
-0.0041
-0.025
-0.042
-0.055
-0.075
-0.096
-0.099
-0.066
-0.022
0.015
0.039
0.031
-0.0022
-0.028
-0.02
-0.0042
-0.0017
-0.0037
-0.0099
-0.024
-0.02
-0.006
-0.031
-0.081
-0.093
-0.061
-0.035
-0.033
-0.031
-0.016
0.003
0.021
0.034
0.036
0.023
-0.0043
-0.031
-0.034
-0.016
-0.0057
-0.023
-0.031
-0.025
-0.044
-0.067
-0.077
-0.11
-0.16
-0.21
-0.24
-0.26
-0.26
-0.27
-0.27
-0.25
-0.21
-0.18
-0.16
-0.14
-0.11
-0.097
-0.079
-0.058
-0.047
-0.033
-0.012
0.011
0.042
0.069
0.1
0.14
0.16
0.15
0.13
0.11
0.094
0.096
0.1
0.1
0.091
0.078
0.073
0.051
0.013
-0.021
-0.042
-0.054
-0.067
-0.067
-0.063
-0.07
-0.082
-0.079
-0.063
-0.039
-0.014
-0.0002
0.011
0.017
0.021
0.05
0.091
0.1
0.083
0.05
0.002
-0.05
-0.13
-0.23
-0.31
-0.36
-0.37
-0.36
-0.33
-0.3
-0.25
-0.2
-0.15
-0.077
-0.018
0.022
0.041
0.05
0.063
0.086
0.12
0.17
0.19
0.2
0.2
0.18
0.14
0.1
0.059
0.02
-0.0069
-0.02
-0.024
-0.043
-0.072
-0.084
-0.079
-0.081
-0.092
-0.099
-0.09
-0.074
-0.062
-0.036
-0.0073
0.024
0.066
0.12
0.15
0.15
0.16
0.16
0.17
0.18
0.19
0.22
0.25
0.26
0.23
0.19
0.17
0.16
0.15
0.12
0.087
0.052
0.024
0.0024
0.0041
0.027
0.041
0.029
0.0095
0.011
0.035
0.056
0.077
0.12
0.17
0.17
0.15
0.11
0.074
0.063
0.084
0.1
0.1
0.1
0.091
0.092
0.11
0.14
0.13
0.12
0.12
0.11
0.11
0.11
0.13
0.14
0.14
0.11
0.096
0.095
0.096
0.1
0.11
0.11
0.11
0.1
0.095
0.096
0.097
0.096
0.095
0.091
0.089
0.084
0.075
0.069
0.054
0.04
0.047
0.068
0.052
0.014
0.0036
0.042
0.1
0.12
0.096
0.065
0.065
0.1
0.13
0.11
0.074
0.062
0.066
0.052
0.011
-0.041
-0.081
-0.11
-0.12
-0.11
-0.092
-0.099
-0.13
-0.16
-0.18
-0.17
-0.17
-0.18
-0.18
-0.15
-0.12
-0.1
-0.079
-0.045
-0.03
-0.047
-0.063
-0.055
-0.041
-0.028
-0.013
0.018
0.037
0.027
0.014
-0.0026
-0.015
-0.011
0.0056
0.016
0.013
-0.00072
-0.00044
0.025
0.059
0.095
0.12
0.12
0.093
0.065
0.043
0.023
0.012
0.019
0.031
0.028
0.0077
-0.015
-0.028
-0.033
-0.039
-0.04
-0.041
-0.058
-0.085
-0.087
-0.052
-0.016
0.0018
-0.0047
-0.028
-0.053
-0.078
-0.088
-0.083
-0.061
-0.034
-0.015
-0.0071
-0.0092
-0.0032
-0.0043
-0.017
-0.035
-0.064
-0.071
-0.049
-0.025
-0.021
-0.035
-0.05
-0.054
-0.059
-0.066
-0.067
-0.05
-0.026
-0.018
-0.016
-0.0077
0.00047
0.016
0.033
0.037
0.027
0.016
-0.0026
-0.011
0.0089
0.034
0.045
0.038
0.035
0.039
0.026
0.0012
0.0047
0.026
0.052
0.088
0.12
0.13
0.13
0.12
0.1
0.084
0.093
0.12
0.14
0.17
0.2
0.18
0.13
0.083
0.056
0.06
0.072
0.08
0.1
0.13
0.14
0.12
0.11
0.099
0.082
0.084
0.099
0.11
0.12
0.12
0.097
0.064
0.063
0.092
0.12
0.14
0.15
0.16
0.16
0.14
0.097
0.058
0.04
0.052
0.075
0.077
0.067
0.085
0.11
0.11
0.082
0.037
0.0029
-0.0018
0.0013
0.0051
0.022
0.048
0.061
0.057
0.037
0.0074
-0.021
-0.051
-0.069
-0.068
-0.044
-0.019
-0.0072
-0.011
-0.021
-0.023
-0.018
-0.021
-0.022
-0.0017
0.017
0.011
0.0054
0.0084
-1.5e-005
-0.013
-0.029
-0.05
-0.058
-0.044
-0.03
-0.02
-0.0064
0.0054
0.011
0.019
0.014
-0.014
-0.04
-0.049
-0.044
-0.038
-0.039
-0.049
-0.066
-0.063
-0.051
-0.048
-0.041
-0.033
-0.044
-0.056
-0.052
-0.036
-0.035
-0.046
-0.038
-0.016
0.0051
0.014
0.013
0.011
-0.0024
-0.03
-0.055
-0.05
-0.028
-0.0034
0.0024
-0.014
-0.03
-0.04
-0.034
-0.01
0.012
0.017
0.0044
-0.026
-0.054
-0.062
-0.052
-0.038
-0.023
-0.025
-0.044
-0.059
-0.061
-0.065
-0.074
-0.07
-0.054
-0.038
-0.037
-0.059
-0.078
-0.057
-0.021
-0.025
-0.067
-0.098
-0.099
-0.086
-0.079
-0.083
-0.083
-0.065
-0.037
-0.027
-0.049
-0.07
-0.078
-0.08
-0.076
-0.06
-0.041
-0.036
-0.03
-0.021
-0.017
-0.019
-0.011
-0.0075
-0.018
-0.039
-0.042
-0.022
0.0074
0.036
0.063
0.083
0.089
0.073
0.044
0.024
0.019
0.029
0.04
0.053
0.073
0.094
0.1
0.092
0.065
0.038
0.018
0.014
0.031
0.05
0.062
0.072
0.069
0.064
0.058
0.054
0.056
0.068
0.066
0.059
0.058
0.06
0.055
0.042
0.037
0.041
0.048
0.053
0.052
0.052
0.057
0.068
0.073
0.069
0.056
0.037
0.02
0.022
0.023
0.021
0.039
0.058
0.055
0.036
0.014
-0.0061
-0.018
-0.022
-0.0079
0.011
0.014
0.0098
0.0023
-0.01
-0.026
-0.039
-0.045
-0.03
0.00029
0.011
-0.0027
-0.018
-0.025
-0.022
-0.013
-0.014
-0.019
-0.029
-0.032
-0.025
0.00056
0.032
0.039
0.013
-0.026
-0.047
-0.048
-0.045
-0.049
-0.044
-0.029
-0.014
-0.008
-0.0099
-0.021
-0.034
-0.027
-0.0098
-0.005
-0.0077
-0.011
-0.028
-0.052
-0.064
-0.044
-0.015
-0.014
-0.028
-0.033
-0.022
-0.0063
0.0015
0.0016
0.0012
-0.016
-0.058
-0.09
-0.085
-0.066
-0.048
-0.03
-0.016
-0.0044
-0.011
-0.015
-0.0088
-0.0038
-0.019
-0.044
-0.052
-0.058
-0.055
-0.049
-0.04
-0.032
-0.035
-0.031
-0.011
0.0042
-0.01
-0.037
-0.054
-0.042
-0.018
-0.0077
-0.0079
-0.02
-0.027
-0.038
-0.047
-0.04
-0.016
-0.0038
-0.012
-0.021
-0.021
-0.0047
0.0095
0.011
0.018
0.04
0.057
0.044
0.027
0.023
0.035
0.06
0.075
0.066
0.038
0.0041
-0.0085
0.017
0.051
0.066
0.064
0.047
0.034
0.039
0.047
0.057
0.076
0.082
0.066
0.054
0.063
0.097
0.12
0.099
0.067
0.04
0.017
0.0096
0.015
0.043
0.1
0.16
0.18
0.17
0.13
0.091
0.065
0.075
0.12
0.17
0.18
0.19
0.16
0.12
0.11
0.12
0.13
0.13
0.12
0.12
0.14
0.16
0.17
0.16
0.15
0.14
0.12
0.11
0.11
0.11
0.12
0.16
0.17
0.18
0.16
0.14
0.13
0.14
0.15
0.16
0.16
0.16
0.15
0.13
0.11
0.095
0.11
0.15
0.15
0.086
-0.018
-0.071
-0.014
0.059
0.12
0.16
0.16
0.18
0.16
0.048
-0.018
-0.024
0.0061
0.033
0.016
0.017
0.056
0.08
0.071
0.014
-0.054
-0.083
-0.048
-0.0071
0.01
0.018
-0.012
-0.025
0.0059
0.0061
-0.01
0.01
0.057
0.081
0.05
0.0056
-0.015
-0.022
-0.036
-0.018
0.049
0.094
0.089
0.048
-0.015
-0.063
-0.07
-0.038
-0.014
-0.035
-0.021
0.018
0.019
-0.0085
-0.019
-0.039
-0.067
-0.068
-0.049
-0.051
-0.092
-0.15
-0.14
-0.095
-0.068
-0.064
-0.085
-0.081
-0.062
-0.064
-0.072
-0.091
-0.12
-0.093
-0.065
-0.11
-0.17
-0.18
-0.14
-0.11
-0.11
-0.12
-0.14
-0.14
-0.14
-0.17
-0.18
-0.19
-0.19
-0.16
-0.12
-0.098
-0.095
-0.11
-0.14
-0.15
-0.16
-0.17
-0.13
-0.09
-0.084
-0.13
-0.18
-0.18
-0.16
-0.14
-0.15
-0.15
-0.14
-0.14
-0.14
-0.14
-0.13
-0.11
-0.11
-0.13
-0.12
-0.082
-0.055
-0.053
-0.068
-0.081
-0.087
-0.089
-0.1
-0.11
-0.1
-0.08
-0.071
-0.078
-0.091
-0.099
-0.1
-0.11
-0.12
-0.12
-0.1
-0.076
-0.054
-0.047
-0.057
-0.08
-0.13
-0.16
-0.14
-0.083
-0.026
0.0052
0.008
-0.008
-0.019
-0.026
-0.0057
0.019
0.029
0.014
-0.013
-0.028
-0.019
-0.0018
0.005
0.00087
-0.0027
0.0059
0.013
0.0065
0.0051
0.017
0.025
0.01
-0.022
-0.032
-0.019
0.0017
0.0072
0.0072
0.018
0.024
0.018
-0.0022
-0.011
-0.011
-0.0019
0.0043
-0.0096
-0.022
-0.001
0.032
0.054
0.06
0.039
0.0069
-0.014
-0.0046
0.014
0.022
0.018
0.015
0.027
0.05
0.064
0.04
-0.0022
-0.031
-0.037
-0.025
-0.0049
0.027
0.065
0.093
0.09
0.066
0.043
0.024
0.025
0.053
0.082
0.089
0.067
0.035
0.013
-0.0022
-0.017
-0.033
-0.025
-0.00017
0.014
0.014
0.02
0.019
0.011
0.0096
0.0012
0.0064
0.038
0.061
0.055
0.02
-0.013
-0.0092
0.0056
0.0013
-0.0011
0.019
0.046
0.066
0.071
0.065
0.049
0.032
0.023
0.017
0.0072
-0.0097
-0.026
-0.017
0.0037
7.6e-005
-0.021
-0.036
-0.047
-0.058
-0.058
-0.057
-0.05
-0.022
0.017
0.05
0.065
0.047
0.013
-0.0075
-0.011
0.0019
0.018
0.035
0.041
0.031
0.038
0.066
0.073
0.052
0.041
0.053
0.066
0.066
0.063
0.06
0.072
0.085
0.082
0.078
0.072
0.064
0.074
0.1
0.11
0.095
0.079
0.083
0.089
0.082
0.065
0.057
0.067
0.067
0.052
0.029
0.018
0.028
0.039
0.033
0.015
0.018
0.037
0.048
0.04
0.024
0.03
0.042
0.028
-0.002
-0.016
0.0085
0.053
0.076
0.059
0.013
-0.041
-0.074
-0.077
-0.066
-0.065
-0.069
-0.059
-0.026
0.0065
0.013
-0.0018
-0.039
-0.077
-0.082
-0.062
-0.041
-0.028
-0.017
-0.0021
-0.0075
-0.036
-0.054
-0.065
-0.087
-0.099
-0.11
-0.11
-0.098
-0.085
-0.07
-0.082
-0.11
-0.12
-0.13
-0.14
-0.15
-0.13
-0.11
-0.069
-0.06
-0.081
-0.078
-0.091
-0.11
-0.099
-0.11
-0.12
-0.11
-0.098
-0.084
-0.097
-0.12
-0.12
-0.13
-0.16
-0.16
-0.15
-0.12
-0.098
-0.09
-0.081
-0.091
-0.096
-0.067
-0.031
-0.013
-0.011
-0.021
-0.049
-0.1
-0.14
-0.16
-0.16
-0.12
-0.037
0.019
0.025
-0.0012
-0.048
-0.091
-0.12
-0.14
-0.14
-0.12
-0.096
-0.054
-0.034
-0.033
-0.042
-0.064
-0.081
-0.078
-0.051
-0.015
0.015
0.027
0.019
0.023
0.029
0.039
0.055
0.062
0.078
0.097
0.084
0.041
0.011
-0.0078
-0.0018
0.018
0.023
0.031
0.06
0.086
0.092
0.084
0.074
0.077
0.074
0.069
0.057
0.057
0.073
0.088
0.095
0.097
0.085
0.055
0.031
0.032
0.067
0.12
0.14
0.14
0.13
0.12
0.11
0.11
0.095
0.09
0.11
0.14
0.15
0.15
0.15
0.16
0.17
0.18
0.17
0.14
0.13
0.14
0.17
0.21
0.21
0.18
0.15
0.15
0.15
0.16
0.15
0.14
0.13
0.13
0.13
0.13
0.11
0.094
0.09
0.092
0.1
0.11
0.12
0.13
0.12
0.1
0.087
0.071
0.062
0.073
0.1
0.14
0.14
0.11
0.071
0.067
0.098
0.12
0.12
0.12
0.12
0.11
0.11
0.11
0.096
0.082
0.088
0.11
0.11
0.12
0.13
0.13
0.13
0.12
0.1
0.092
0.079
0.058
0.041
0.033
0.038
0.055
0.069
0.076
0.086
0.084
0.074
0.061
0.059
0.079
0.098
0.1
0.086
0.051
0.033
0.039
0.048
0.062
0.075
0.078
0.078
0.069
0.052
0.045
0.047
0.063
0.067
0.035
-0.024
-0.063
-0.069
-0.025
0.057
0.1
0.077
0.018
-0.015
0.0017
0.033
0.05
0.059
0.07
0.081
0.08
0.064
0.035
-0.005
-0.036
-0.031
-0.013
0.00053
0.0077
-0.017
-0.098
-0.21
-0.27
-0.25
-0.14
-0.016
0.038
0.017
-0.042
-0.095
-0.14
-0.19
-0.24
-0.29
-0.31
-0.28
-0.23
-0.17
-0.078
0.015
0.074
0.071
0.041
0.046
0.076
0.095
0.086
0.059
0.021
-0.035
-0.095
-0.13
-0.17
-0.2
-0.18
-0.16
-0.18
-0.22
-0.27
-0.32
-0.35
-0.37
-0.36
-0.31
-0.28
-0.27
-0.26
-0.24
-0.21
-0.2
-0.21
-0.19
-0.16
-0.12
-0.04
0.053
0.12
0.15
0.12
0.08
0.051
0.027
0.0062
-0.023
-0.052
-0.046
-0.0058
0.042
0.075
0.071
0.04
0.023
0.033
0.048
0.025
-0.033
-0.11
-0.17
-0.2
-0.18
-0.13
-0.078
-0.023
0.015
0.015
-0.017
-0.056
-0.083
-0.1
-0.12
-0.1
-0.074
-0.044
-0.025
-0.011
0.01
0.02
0.024
0.017
0.00053
-0.034
-0.078
-0.12
-0.15
-0.16
-0.17
-0.18
-0.21
-0.2
-0.17
-0.16
-0.17
-0.18
-0.19
-0.19
-0.18
-0.19
-0.21
-0.2
-0.18
-0.14
-0.1
-0.073
-0.052
-0.032
-0.029
-0.034
-0.031
-0.0022
0.034
0.056
0.084
0.11
0.1
0.079
0.07
0.076
0.11
0.15
0.18
0.19
0.18
0.16
0.13
0.11
0.13
0.17
0.2
0.22
0.22
0.2
0.18
0.17
0.16
0.14
0.097
0.074
0.068
0.069
0.075
0.068
0.055
0.035
0.012
-0.0032
-0.011
-0.013
-0.011
0.00011
0.016
0.034
0.047
0.044
0.038
0.033
0.034
0.031
0.043
0.052
0.043
0.027
0.014
-0.0062
-0.027
-0.027
-0.0019
0.037
0.067
0.087
0.089
0.077
0.059
0.052
0.063
0.079
0.093
0.1
0.1
0.092
0.073
0.053
0.043
0.03
0.019
0.02
0.029
0.043
0.065
0.082
0.082
0.069
0.047
0.026
0.008
0.0025
0.013
0.038
0.066
0.079
0.065
0.043
0.035
0.038
0.042
0.037
0.029
0.03
0.041
0.07
0.094
0.1
0.1
0.11
0.13
0.15
0.15
0.12
0.095
0.081
0.089
0.096
0.1
0.11
0.12
0.11
0.11
0.11
0.13
0.15
0.15
0.13
0.084
0.036
0.022
0.048
0.081
0.099
0.09
0.06
0.039
0.039
0.054
0.052
0.036
0.034
0.056
0.093
0.13
0.14
0.11
0.06
0.034
0.031
0.029
0.035
0.016
0.0036
-0.00011
0.0083
0.031
0.0076
-0.0065
-0.0046
0.0058
0.023
0.016
-0.0061
-0.023
-0.033
-0.016
-0.014
-0.022
-0.043
-0.066
-0.064
-0.058
-0.051
-0.051
-0.052
-0.05
-0.055
-0.073
-0.084
-0.092
-0.091
-0.088
-0.11
-0.13
-0.16
-0.19
-0.22
-0.27
-0.31
-0.31
-0.28
-0.23
-0.18
-0.15
-0.15
-0.18
-0.2
-0.21
-0.21
-0.2
-0.18
-0.17
-0.17
-0.15
-0.14
-0.11
-0.1
-0.11
-0.12
-0.13
-0.14
-0.14
-0.14
-0.13
-0.12
-0.1
-0.085
-0.093
-0.11
-0.1
-0.072
-0.038
-0.014
0.0047
0.011
0.0075
0.016
0.022
0.027
0.038
0.054
0.063
0.056
0.049
0.051
0.048
0.038
0.031
0.029
0.032
0.043
0.053
0.07
0.091
0.1
0.11
0.12
0.12
0.1
0.092
0.1
0.12
0.14
0.14
0.14
0.13
0.13
0.12
0.11
0.12
0.13
0.14
0.14
0.12
0.082
0.071
0.083
0.097
0.099
0.1
0.1
0.098
0.095
0.082
0.061
0.042
0.03
0.022
0.024
0.023
0.0085
0.0094
0.029
0.035
0.017
0.00029
-0.007
-0.01
-0.0049
0.0069
0.0067
-0.002
-0.0093
-0.002
0.0084
0.0044
-0.014
-0.029
-0.025
-0.015
-0.013
-0.017
-0.015
-0.015
-0.011
-0.014
-0.028
-0.029
-0.024
-0.018
-0.0034
0.012
0.019
0.018
0.0022
-0.024
-0.034
-0.036
-0.022
-0.002
0.011
0.025
0.034
0.035
0.034
0.023
-0.0051
-0.026
-0.016
0.011
0.027
0.037
0.053
0.057
0.047
0.027
0.0085
0.0044
0.017
0.023
0.016
0.025
0.047
0.061
0.062
0.046
0.021
0.0074
0.017
0.039
0.052
0.049
0.05
0.065
0.081
0.08
0.06
0.022
-0.0014
-0.00035
0.015
0.025
0.032
0.047
0.061
0.067
0.061
0.051
0.037
0.021
0.0034
-0.005
0.002
0.017
0.03
0.037
0.037
0.038
0.028
0.012
0.0096
0.0089
0.0036
0.003
0.0094
0.017
0.018
0.011
0.0086
0.0077
-0.00072
-0.0075
-0.014
-0.015
-0.007
0.0067
-0.0013
-0.011
0.001
0.027
0.041
0.038
0.026
0.0011
-0.012
-0.0084
-0.0039
-0.008
-0.0075
-0.0025
0.009
0.025
0.025
0.014
0.0015
-0.0054
-0.0047
-0.0011
-0.0029
0.0025
0.031
0.064
0.077
0.063
0.042
0.03
0.019
0.015
0.019
