0.009
0.0085
0.0056
0.0033
0.0091
0.022
0.023
-0.0024
-0.013
0.0067
0.0071
-0.012
-0.0072
-0.0069
-0.026
-0.013
0.024
0.035
0.011
-0.011
-0.0068
-0.0058
-0.0037
0.0091
0.012
0.00096
-0.0086
-0.011
-0.0077
0.002
0.0019
0.0027
0.007
-0.0039
-0.016
-0.013
0.0061
0.011
0.0077
0.0088
0.015
0.026
0.017
0.0041
0.0032
0.0018
-0.0042
-0.0009
0.02
0.03
0.019
-0.0062
-0.0081
-0.0013
0.0083
0.022
0.016
0.0084
0.017
0.027
0.015
0.004
0.018
0.021
-4.6e-005
-0.0043
0.018
0.02
0.012
0.017
0.016
0.0085
1.5e-005
-0.00026
0.015
0.038
0.033
0.014
0.017
0.027
0.027
0.018
0.014
0.0064
0.0064
0.014
0.015
0.0078
0.00063
0.009
0.02
0.0036
-0.019
-0.021
-0.0065
0.0044
-0.0061
-0.016
-0.0019
0.013
-0.0024
-0.013
-0.0074
-0.00044
-0.0065
-0.012
-0.0067
-0.0014
-0.0053
-0.0024
0.007
0.0032
-0.0087
-0.0076
0.008
0.014
-0.0039
-0.012
0.0066
0.016
0.0065
-0.0036
-0.0044
-0.0063
-0.013
-0.017
-0.0025
0.0071
0.01
0.017
0.01
0.00087
-0.00032
0.00075
-0.0015
0.0012
0.0078
0.006
0.0058
0.0066
0.0038
0.0045
0.0061
-0.0011
-0.0052
0.0072
0.0086
0.0017
0.0057
0.019
0.026
0.016
0.0045
-0.0038
-0.0036
-0.0079
-0.0029
0.011
0.03
0.035
0.02
0.0071
0.0095
0.013
0.0066
0.0031
0.013
0.025
0.024
0.0088
0.011
0.017
0.009
0.01
0.014
0.01
0.011
0.017
0.013
0.0071
0.011
0.019
0.018
0.0054
0.014
0.034
0.032
0.017
0.01
0.00078
-0.01
-0.01
0.00099
0.015
0.011
0.0012
0.0094
0.0095
0.0011
-0.012
-0.018
0.0021
0.02
0.017
0.0075
-0.00041
-0.0057
0.0071
0.015
0.006
-0.0052
0.0013
0.0062
-0.0016
0.0029
0.0072
-0.0022
0.00047
0.0059
-0.0062
-0.0044
0.032
0.058
0.048
0.026
0.017
0.013
0.0031
0.0057
0.023
0.041
0.052
0.043
0.02
0.0018
-0.011
-0.02
-0.012
-0.0017
0.0041
0.011
0.015
0.012
0.0085
0.012
0.0085
0.0013
-0.0043
-0.013
-0.014
-0.0025
0.025
0.026
-0.002
-0.015
-0.012
-0.017
-0.031
-0.028
-0.0076
0.026
0.03
0.00084
-0.019
-0.015
-0.0044
-0.0023
0.0044
0.014
0.014
0.012
0.017
0.02
0.00081
-0.0075
-0.0034
-0.00023
0.005
0.0096
0.023
0.03
0.023
-0.0074
-0.024
-0.013
-0.0005
0.013
0.021
0.017
0.0075
0.014
0.026
0.022
-0.00053
-0.017
-0.0083
0.005
0.0064
0.0075
0.01
0.02
0.016
0.00056
-0.0038
0.0087
0.012
0.0083
0.012
0.02
0.03
0.016
-0.0024
0.0069
0.027
0.0075
-0.019
-0.0079
0.016
0.014
0.0034
0.0026
-0.012
-0.03
-0.016
0.014
0.026
0.015
0.0085
0.00081
-0.0029
-0.0062
-0.0051
0.0087
0.017
0.024
0.027
0.022
0.0073
-0.00044
0.0067
-0.0005
-0.0093
-0.0032
0.017
0.029
0.025
0.023
0.018
0.0029
-0.0079
-0.0045
0.0088
0.011
0.011
0.0079
0.011
0.013
0.011
0.00011
-0.014
-0.019
-0.016
0.0029
0.014
0.014
0.0047
-0.0042
-0.0041
-0.0013
0.004
0.0041
-0.0094
-0.014
-0.004
0.0047
-0.0043
-0.008
-0.0041
-0.0019
0.0051
0.0038
0.0041
0.02
0.031
0.023
0.0089
0.0077
0.022
0.026
0.016
0.011
0.0098
0.0059
0.001
-0.00035
-0.0035
0.00099
0.011
0.018
0.012
-0.011
-0.022
-0.0059
0.0013
-0.0043
-0.017
-0.019
-0.016
-0.017
-0.019
-0.022
-0.027
-0.021
-0.0076
-0.0085
-0.011
-0.0021
0.013
0.015
0.01
0.0052
-0.0049
-0.0072
0.012
0.023
0.017
0.025
0.053
0.069
0.049
0.023
0.025
0.03
0.017
0.0011
7.6e-005
0.02
0.032
0.027
0.0032
-0.017
-0.022
-0.0086
0.00072
-0.0098
-0.015
-0.0023
0.0074
-0.006
-0.012
-0.00069
0.0056
0.022
0.039
0.041
0.052
0.074
0.098
0.093
0.085
0.085
0.082
0.074
0.073
0.079
0.087
0.094
0.071
0.033
0.007
-0.0071
-0.011
-0.018
-0.02
-0.021
-0.032
-0.034
-0.02
-0.02
-0.034
-0.041
-0.055
-0.067
-0.08
-0.078
-0.052
-0.044
-0.052
-0.066
-0.055
-0.031
-0.018
-0.0088
-0.0031
-0.0032
-0.012
-0.016
-0.034
-0.056
-0.043
-0.012
0.0078
0.001
-0.014
-0.016
0.00017
0.021
0.02
0.011
0.0076
0.0091
-0.0046
-0.007
0.0028
0.0054
0.0064
0.0069
0.0092
0.019
0.026
0.017
0.027
0.051
0.055
0.036
0.022
0.017
0.0052
0.026
0.063
0.066
0.041
0.011
-0.0079
-0.03
-0.033
-0.01
0.014
0.02
0.006
-0.014
-0.028
-0.026
-0.029
-0.029
-0.031
-0.045
-0.04
-0.015
0.008
0.0052
-0.0034
-0.012
-0.028
-0.029
-0.011
0.012
0.016
0.011
0.0074
0.01
0.025
0.028
0.027
0.022
0.034
0.042
0.052
0.057
0.041
0.019
0.0018
-0.0039
-0.02
-0.024
-0.00038
0.017
0.018
0.014
0.014
0.0093
-0.0054
-0.0036
-0.0056
-0.01
-0.015
-0.023
-0.013
0.0052
0.021
0.0092
0.0055
0.018
0.036
0.035
0.026
0.013
0.0072
0.0073
-0.0068
-0.028
-0.042
-0.045
-0.026
-0.016
-0.024
-0.033
-0.024
-0.0047
-0.0012
-0.0082
-0.0057
0.014
0.018
0.021
0.028
0.031
0.023
0.021
0.021
0.032
0.034
0.024
0.024
0.024
0.016
0.0079
0.01
0.006
-0.0092
-0.023
-0.015
0.008
0.024
0.015
-0.0039
-0.012
0.0047
0.015
0.017
0.017
0.017
0.027
0.021
0.0074
-0.0051
-0.025
-0.032
-0.024
-0.02
-0.011
-0.015
-0.014
-0.014
-0.021
-0.017
-0.022
-0.019
0.00041
0.0019
-0.006
-0.017
-0.034
-0.051
-0.077
-0.086
-0.076
-0.077
-0.1
-0.097
-0.072
-0.048
-0.059
-0.091
-0.091
-0.099
-0.12
-0.14
-0.14
-0.12
-0.11
-0.098
-0.11
-0.087
-0.057
-0.033
-0.012
-0.016
-0.043
-0.068
-0.094
-0.15
-0.23
-0.32
-0.38
-0.43
-0.49
-0.52
-0.52
-0.52
-0.52
-0.47
-0.38
-0.28
-0.18
-0.11
-0.1
-0.16
-0.2
-0.21
-0.13
0.013
0.13
0.21
0.32
0.45
0.53
0.47
0.33
0.17
-0.046
-0.44
-0.81
-0.86
-0.84
-0.77
-0.6
-0.069
0.78
1
0.98
0.9
0.1
-0.38
-0.11
0.23
0.22
-0.044
-0.15
0.019
0.25
0.36
0.36
0.32
0.24
0.084
-0.19
-0.48
-0.6
-0.53
-0.4
-0.33
-0.28
-0.19
-0.11
-0.088
-0.048
0.096
0.25
0.25
0.085
-0.11
-0.15
-0.047
-0.021
-0.21
-0.49
-0.62
-0.54
-0.43
-0.41
-0.42
-0.37
-0.25
-0.2
-0.2
-0.25
-0.09
0.34
0.54
0.32
-0.063
-0.23
-0.089
0.016
-0.077
-0.21
-0.19
-0.042
0.089
0.19
0.3
0.4
0.45
0.42
0.41
0.46
0.49
0.45
0.33
0.22
0.15
0.099
0.044
0.0049
0.024
0.12
0.24
0.31
0.3
0.24
0.2
0.21
0.21
0.12
-0.029
-0.15
-0.14
-0.071
-0.038
-0.073
-0.15
-0.23
-0.3
-0.35
-0.35
-0.33
-0.32
-0.33
-0.34
-0.39
-0.46
-0.49
-0.44
-0.33
-0.23
-0.19
-0.21
-0.23
-0.22
-0.17
-0.12
-0.1
-0.11
-0.1
-0.056
0.0058
0.064
0.11
0.14
0.14
0.1
0.051
0.032
0.08
0.16
0.22
0.22
0.19
0.15
0.14
0.14
0.14
0.12
0.12
0.1
0.092
0.08
0.089
0.11
0.11
0.081
0.031
-0.018
-0.043
-0.044
-0.044
-0.043
-0.045
-0.039
-0.037
-0.048
-0.047
-0.023
-0.00078
0.0037
-0.024
-0.082
-0.12
-0.12
-0.12
-0.14
-0.18
-0.21
-0.21
-0.18
-0.14
-0.14
-0.15
-0.13
-0.081
-0.036
-0.0072
0.013
0.029
0.046
0.068
0.088
0.086
0.057
0.019
-0.0014
-0.0054
-0.015
-0.015
0.0073
0.034
0.051
0.052
0.065
0.084
0.091
0.067
0.031
0.0057
0.0084
0.028
0.04
0.044
0.031
0.0083
-0.015
-0.031
-0.039
-0.047
-0.061
-0.067
-0.067
-0.068
-0.058
-0.035
-0.028
-0.048
-0.072
-0.075
-0.07
-0.062
-0.058
-0.064
-0.064
-0.058
-0.059
-0.074
-0.088
-0.092
-0.077
-0.063
-0.065
-0.075
-0.076
-0.067
-0.063
-0.065
-0.076
-0.1
-0.11
-0.081
-0.058
-0.049
-0.041
-0.031
-0.036
-0.052
-0.069
-0.066
-0.044
-0.0075
0.023
0.041
0.048
0.044
0.037
0.034
0.037
0.037
0.033
0.037
0.044
0.04
0.031
0.017
-0.0025
-0.0083
0.0067
0.025
0.036
0.038
0.028
0.013
-0.0028
-0.019
-0.038
-0.046
-0.039
-0.028
-0.02
-0.02
-0.037
-0.048
-0.045
-0.053
-0.067
-0.076
-0.078
-0.051
-0.019
-0.014
-0.024
-0.038
-0.053
-0.071
-0.084
-0.09
-0.084
-0.079
-0.072
-0.074
-0.087
-0.092
-0.08
-0.048
-0.007
0.0034
-0.02
-0.036
-0.048
-0.054
-0.043
-0.023
-0.0077
0.0046
0.033
0.064
0.086
0.097
0.084
0.056
0.033
0.027
0.037
0.052
0.058
0.064
0.068
0.062
0.046
0.012
-0.029
-0.057
-0.059
-0.04
-0.014
0.0035
0.0058
-0.0091
-0.023
-0.021
-0.0019
0.01
0.026
0.036
0.023
-0.011
-0.046
-0.044
-0.027
-0.021
-0.037
-0.056
-0.065
-0.053
-0.029
-0.01
-0.0081
-0.023
-0.035
-0.036
-0.03
-0.016
-0.012
-0.017
-0.015
-0.012
-0.017
-0.014
-0.0011
0.013
0.035
0.047
0.045
0.054
0.075
0.087
0.076
0.056
0.054
0.067
0.075
0.086
0.097
0.097
0.087
0.086
0.096
0.1
0.1
0.11
0.11
0.11
0.099
0.12
0.13
0.13
0.097
0.066
0.057
0.061
0.069
0.076
0.085
0.092
0.1
0.1
0.095
0.083
0.081
0.099
0.11
0.1
0.087
0.068
0.054
0.059
0.064
0.062
0.063
0.062
0.051
0.033
0.021
0.023
0.034
0.048
0.053
0.059
0.07
0.071
0.052
0.032
0.016
-0.00038
0.00075
0.0069
0.0076
0.0038
0.012
0.018
0.013
0.0086
-0.0068
-0.023
-0.018
-0.015
-0.016
-0.016
0.00038
0.024
0.025
0.0047
-0.0093
-0.016
-0.0087
0.0093
0.015
0.024
0.033
0.028
0.017
0.015
0.027
0.041
0.038
0.027
0.023
0.023
0.031
0.046
0.062
0.081
0.096
0.1
0.11
0.13
0.16
0.19
0.22
0.25
0.28
0.31
0.36
0.41
0.47
0.5
0.52
0.52
0.45
0.3
0.12
-0.076
-0.25
-0.37
-0.48
-0.62
-0.74
-0.81
-0.82
-0.81
-0.76
-0.7
-0.65
-0.63
-0.67
-0.77
-0.83
-0.81
-0.75
-0.71
-0.72
-0.74
-0.71
-0.55
-0.32
-0.08
0.17
0.38
0.48
0.52
0.55
0.58
0.57
0.52
0.42
0.32
0.25
0.22
0.2
0.14
0.067
0.0013
-0.05
-0.11
-0.21
-0.29
-0.32
-0.32
-0.3
-0.28
-0.25
-0.21
-0.17
-0.14
-0.12
-0.1
-0.076
-0.046
-0.012
0.027
0.068
0.097
0.11
0.098
0.089
0.084
0.099
0.15
0.18
0.19
0.16
0.11
0.059
0.014
-0.0025
-0.01
-0.022
-0.043
-0.051
-0.027
0.031
0.075
0.069
0.052
0.02
-0.027
-0.069
-0.11
-0.13
-0.12
-0.1
-0.11
-0.1
-0.086
-0.089
-0.07
-0.0002
0.078
0.12
0.15
0.15
0.13
0.12
0.13
0.13
0.1
0.06
0.025
0.008
0.015
0.017
0.032
0.05
0.05
0.022
-0.0014
-0.003
0.0029
0.02
0.041
0.036
0.0078
-0.013
-0.035
-0.04
-0.013
0.018
0.046
0.065
0.07
0.068
0.083
0.1
0.093
0.064
0.036
0.019
0.024
0.048
0.08
0.097
0.086
0.079
0.077
0.06
0.052
0.04
0.018
0.0024
-0.0047
-0.0065
0.0032
0.0092
-0.0031
-0.017
-0.035
-0.04
-0.033
-0.043
-0.048
-0.033
-0.021
-0.028
-0.05
-0.059
-0.052
-0.036
-0.023
-0.002
0.0085
0.01
0.013
0.019
0.029
0.015
-0.012
-0.022
-0.014
-0.0062
0.0035
0.011
0.014
0.011
-0.018
-0.038
-0.03
-0.022
-0.0051
0.0079
-0.0063
-0.0053
0.015
0.022
0.016
0.0067
-0.0059
-0.0034
0.0037
0.0076
0.028
0.049
0.058
0.066
0.055
0.031
0.033
0.061
0.098
0.12
0.093
0.062
0.039
0.033
0.049
0.06
0.072
0.096
0.11
0.11
0.12
0.11
0.093
0.075
0.057
0.06
0.084
0.11
0.11
0.12
0.11
0.086
0.068
0.077
0.087
0.07
0.063
0.08
0.092
0.086
0.08
0.086
0.092
0.089
0.079
0.076
0.076
0.085
0.1
0.11
0.088
0.066
0.059
0.056
0.043
0.03
0.036
0.041
0.02
0.0066
-0.0022
-0.021
-0.028
-0.017
-0.0041
0.0097
0.03
0.035
0.022
0.0061
-0.011
-0.02
-0.022
-0.02
-0.017
-0.0075
0.0011
0.0034
-0.018
-0.06
-0.096
-0.11
-0.11
-0.11
-0.12
-0.12
-0.12
-0.11
-0.099
-0.1
-0.11
-0.12
-0.14
-0.15
-0.17
-0.18
-0.17
-0.16
-0.17
-0.18
-0.19
-0.17
-0.14
-0.12
-0.1
-0.094
-0.092
-0.1
-0.12
-0.14
-0.14
-0.13
-0.12
-0.13
-0.15
-0.15
-0.14
-0.13
-0.11
-0.091
-0.073
-0.076
-0.09
-0.1
-0.1
-0.077
-0.04
-0.021
-0.017
-0.017
-0.032
-0.049
-0.063
-0.071
-0.082
-0.095
-0.064
-0.019
0.023
0.046
0.062
0.062
0.025
-0.0019
-0.0054
-0.021
-0.027
0.00099
0.0049
0.0043
0.024
0.038
0.05
0.056
0.051
0.035
0.035
0.036
0.0032
-0.024
-0.0051
0.037
0.07
0.11
0.15
0.15
0.14
0.11
0.081
0.055
0.034
0.033
0.036
0.035
0.045
0.092
0.14
0.16
0.16
0.15
0.11
0.073
0.036
0.017
0.022
0.047
0.08
0.096
0.11
0.13
0.14
0.16
0.17
0.17
0.16
0.13
0.11
0.096
0.1
0.094
0.094
0.081
0.079
0.1
0.12
0.1
0.07
0.048
0.054
0.07
0.069
0.057
0.035
0.016
0.026
0.039
0.04
0.041
0.049
0.064
0.052
0.025
0.011
0.025
0.031
0.026
0.025
0.013
0.0025
0.0044
0.012
0.024
0.032
0.029
0.04
0.063
0.059
0.027
-0.0023
-0.022
-0.039
-0.027
0.014
0.038
0.032
0.024
0.042
0.061
0.069
0.077
0.079
0.073
0.054
0.046
0.037
0.03
0.039
0.087
0.19
0.21
0.12
-0.05
-0.12
-0.038
0.093
0.15
0.11
0.084
0.12
0.13
0.11
0.088
0.099
0.14
0.16
0.11
0.043
-0.016
-0.05
-0.084
-0.087
-0.012
0.045
0.043
0.054
0.091
0.13
0.16
0.2
0.2
0.14
0.065
-0.024
-0.099
-0.11
-0.063
0.0061
0.0058
-0.049
-0.06
0.0056
0.095
0.15
0.14
0.081
0.013
-0.045
-0.12
-0.18
-0.2
-0.15
-0.053
0.0055
0.023
0.03
0.036
0.032
0.0096
-0.0063
-0.024
-0.059
-0.073
-0.063
-0.04
-0.011
0.023
0.018
0.00053
0.0076
0.032
0.07
0.1
0.11
0.085
0.061
0.036
0.0048
-0.0047
0.0034
0.016
0.027
0.018
0.0042
0.019
0.056
0.085
0.098
0.079
0.055
0.04
0.04
0.042
0.053
0.064
0.044
0.026
0.025
0.054
0.084
0.091
0.084
0.047
0.0099
-0.015
-0.023
-0.0041
0.033
0.045
0.023
0.025
0.036
0.039
0.037
0.0049
-0.026
-0.043
-0.029
-0.0033
0.02
0.03
0.021
0.0079
0.011
0.018
0.01
-0.0051
-0.031
-0.044
-0.05
-0.049
-0.044
-0.034
-0.0082
0.017
0.028
0.014
-0.0065
-0.0058
-0.0045
-0.0021
0.0021
-0.014
-0.039
-0.039
-0.021
-0.027
-0.041
-0.017
0.046
0.081
0.072
0.061
0.057
0.062
0.062
0.04
-0.0069
-0.049
-0.051
-0.0063
0.063
0.099
0.099
0.081
0.062
0.06
0.067
0.062
0.038
0.025
0.012
0.0099
0.013
0.032
0.063
0.091
0.12
0.13
0.1
0.066
0.054
0.067
0.08
0.088
0.065
0.045
0.051
0.09
0.15
0.17
0.16
0.11
0.069
0.044
0.057
0.084
0.085
0.074
0.053
0.052
0.073
0.086
0.076
0.064
0.054
0.018
-0.0029
0.016
0.055
0.093
0.11
0.092
0.053
0.036
0.022
0.013
0.015
0.026
0.032
0.03
0.03
0.014
0.01
0.0087
0.013
0.032
0.07
0.1
0.096
0.076
0.057
0.029
0.0043
0.011
0.04
0.054
0.05
0.032
0.012
-0.013
-0.029
-0.017
0.0015
0.013
0.012
0.0085
0.0079
0.028
0.038
0.013
-0.0094
-0.023
-0.017
-0.0055
0.0049
0.015
0.01
0.0097
0.016
0.03
0.029
0.0075
-0.0054
-0.024
-0.03
-0.029
-0.012
0.0079
0.0021
-0.0064
-0.0038
-0.0014
-0.0047
0.014
0.033
0.051
0.052
0.036
0.027
0.017
0.0074
0.0083
0.0016
-0.018
-0.037
-0.032
0.0037
0.041
0.046
0.035
0.029
0.036
0.047
0.051
0.042
0.012
-0.015
-0.022
-0.011
-0.0047
-0.015
-0.016
-0.0036
0.017
0.017
-0.0025
-0.026
-0.04
-0.046
-0.046
-0.04
-0.048
-0.06
-0.05
-0.023
0.0025
-0.0074
-0.028
-0.046
-0.048
-0.036
-0.026
-0.023
-0.025
-0.015
-0.0069
0.0043
0.0075
0.011
0.0073
-0.015
-0.035
-0.035
-0.028
-0.024
-0.0081
0.009
0.017
0.015
0.017
0.022
0.0099
0.0067
0.014
0.023
0.029
0.019
0.0023
-0.0024
0.018
0.029
0.016
0.0052
0.0055
0.017
0.015
0.0096
0.024
0.052
0.073
0.068
0.049
0.029
0.028
0.035
0.04
0.048
0.04
0.037
0.038
0.048
0.047
0.033
0.043
0.057
0.067
0.062
0.049
0.034
0.024
0.02
0.018
0.016
0.018
0.016
0.016
0.018
0.02
0.026
0.035
0.039
0.037
0.033
0.043
0.04
0.019
0.012
0.019
0.026
0.025
0.026
0.025
0.03
0.036
0.036
0.034
0.027
0.02
0.025
0.04
0.017
-0.037
-0.076
-0.07
-0.045
-0.031
-0.037
-0.044
-0.035
-0.016
-0.0011
0.013
0.019
0.012
0.0096
0.016
-0.0035
-0.043
-0.072
-0.078
-0.06
-0.021
0.031
0.054
0.053
0.049
0.044
0.033
0.015
0.0019
-0.018
-0.039
-0.043
-0.023
0.012
0.039
0.063
0.082
0.067
0.039
0.027
0.025
0.013
0.0035
-0.017
-0.036
-0.032
-0.004
0.042
0.084
0.094
0.069
0.031
-0.0017
-0.016
-0.012
-0.011
-0.0025
0.0063
0.0085
0.013
0.023
0.044
0.038
0.0072
-0.014
-0.015
-0.017
-0.009
0.0038
0.0098
0.012
0.0016
0.0012
0.017
0.037
0.034
0.0073
-0.0095
-0.024
-0.031
-0.014
0.0029
-0.0039
-0.0088
-0.004
-0.01
-0.012
0.0031
0.0084
-0.0062
-0.024
-0.025
-0.014
0.0059
0.019
0.024
0.028
0.027
0.011
-0.014
-0.026
-0.037
-0.042
-0.034
-0.02
-0.019
-0.028
-0.028
-0.025
-0.017
-0.027
-0.064
-0.086
-0.076
-0.042
-0.011
0.006
-0.0073
-0.028
-0.048
-0.055
-0.055
-0.054
-0.033
-0.011
-0.0096
-0.021
-0.033
-0.04
-0.035
-0.021
4.6e-005
0.00041
-0.018
-0.026
-0.042
-0.064
-0.064
-0.061
-0.068
-0.071
-0.07
-0.06
-0.042
-0.023
-0.021
-0.026
-0.02
0.0038
0.018
0.016
0.017
0.024
0.036
0.035
0.029
0.027
0.027
0.026
0.03
0.045
0.059
0.063
0.063
0.056
0.045
0.025
0.0075
-0.004
0.0098
0.03
0.043
0.054
0.066
0.075
0.077
0.073
0.062
0.051
0.044
0.04
0.047
0.055
0.053
0.048
0.052
0.058
0.076
0.097
0.09
0.071
0.057
0.059
0.077
0.092
0.095
0.093
0.1
0.12
0.12
0.11
0.087
0.07
0.077
0.093
0.092
0.089
0.097
0.1
0.1
0.11
0.12
0.12
0.11
0.099
0.098
0.11
0.12
0.12
0.12
0.12
0.1
0.091
0.1
0.11
0.12
0.12
0.13
0.096
0.065
0.059
0.073
0.097
0.11
0.11
0.11
0.087
0.07
0.067
0.065
0.067
0.077
0.077
0.063
0.053
0.054
0.057
0.044
0.02
0.0015
0.0025
0.013
0.023
0.029
0.03
0.021
0.017
0.0091
0.00017
0.0051
0.0065
0.0087
0.011
0.021
0.044
0.048
0.05
0.041
0.0051
-0.021
-0.018
-0.017
-0.018
-0.006
0.0033
0.0083
0.019
0.036
0.055
0.072
0.075
0.051
0.011
-0.025
-0.056
-0.058
-0.028
0.0043
0.033
0.068
0.086
0.08
0.07
0.072
0.071
0.046
0.003
-0.036
-0.047
-0.024
0.024
0.069
0.086
0.078
0.055
0.03
-0.0044
-0.036
-0.044
-0.013
0.018
0.012
0.00041
0.0014
0.027
0.074
0.096
0.078
0.031
-0.01
-0.031
-0.031
-0.012
0.0015
-0.00011
-0.02
-0.033
-0.031
-0.011
0.0065
0.004
-0.015
-0.029
-0.033
-0.026
-0.0027
0.015
0.015
-0.0015
-0.0055
-0.009
-0.03
-0.031
-0.017
-0.024
-0.043
-0.059
-0.054
-0.032
-0.013
-0.019
-0.045
-0.064
-0.066
-0.052
-0.042
-0.042
-0.046
-0.032
-0.023
-0.035
-0.045
-0.055
-0.052
-0.041
-0.045
-0.058
-0.077
-0.079
-0.07
-0.066
-0.069
-0.07
-0.074
-0.088
-0.099
-0.1
-0.094
-0.089
-0.083
-0.068
-0.052
-0.05
-0.051
-0.037
-0.029
-0.036
-0.037
-0.03
-0.035
-0.045
-0.043
-0.039
-0.027
-0.0075
0.0051
0.0042
-0.0079
-0.022
-0.026
-0.014
-0.013
-0.018
-0.025
-0.034
-0.021
-0.0048
0.014
0.018
0.013
0.0061
-0.0006
0.0061
0.021
0.022
0.01
0.017
0.032
0.037
0.041
0.028
0.021
0.024
0.034
0.051
0.059
0.046
0.02
0.0078
0.01
0.022
0.031
0.05
0.062
0.052
0.044
0.055
0.062
0.058
0.059
0.068
0.07
0.057
0.046
0.055
0.067
0.077
0.076
0.05
0.028
0.032
0.052
0.057
0.04
0.022
0.021
0.037
0.034
0.023
0.016
0.019
0.028
0.036
0.038
0.036
0.03
0.027
0.032
0.038
0.054
0.066
0.06
0.057
0.048
0.042
0.047
0.049
0.037
0.038
0.055
0.074
0.083
0.078
0.066
0.062
0.077
0.091
0.083
0.072
0.065
0.057
0.062
0.073
0.083
0.099
0.12
0.11
0.093
0.069
0.058
0.052
0.043
0.042
0.047
0.056
0.066
0.071
0.071
0.066
0.052
0.04
0.051
0.059
0.056
0.042
0.034
0.027
0.026
0.039
0.047
0.044
0.032
0.02
0.018
0.028
0.054
0.063
0.053
0.026
0.0031
-0.003
0.013
0.034
0.042
0.059
0.073
0.063
0.04
0.025
0.016
0.0078
0.011
0.027
0.031
0.035
0.069
0.096
0.11
0.12
0.1
0.062
0.019
0.0019
0.02
0.055
0.091
0.11
0.11
0.11
0.1
0.1
0.099
0.085
0.063
0.05
0.042
0.036
0.048
0.07
0.087
0.091
0.091
0.09
0.084
0.073
0.049
0.031
0.032
0.051
0.054
0.045
0.033
0.037
0.063
0.091
0.1
0.09
0.072
0.053
0.057
0.085
0.097
0.09
0.091
0.092
0.073
0.052
0.04
0.026
0.014
0.0039
0.0036
0.008
0.017
0.022
0.021
0.019
0.0089
0.0066
0.0079
0.0047
-0.013
-0.028
-0.015
0.0079
0.026
0.032
0.025
-0.0051
-0.039
-0.054
-0.041
-0.012
-0.0029
-0.011
-0.0093
-0.0026
0.0069
0.0024
-0.0067
-0.015
-0.017
-0.015
-0.012
-0.022
-0.027
-0.014
-0.0055
-0.004
-0.019
-0.038
-0.044
-0.052
-0.056
-0.051
-0.056
-0.064
-0.054
-0.055
-0.054
-0.03
-0.013
-0.0093
-0.013
-0.035
-0.053
-0.053
-0.062
-0.076
-0.08
-0.082
-0.06
-0.037
-0.032
-0.026
-0.034
-0.038
-0.035
-0.033
-0.03
-0.03
-0.042
-0.043
-0.03
-0.013
0.012
0.027
0.026
0.012
-0.024
-0.05
-0.06
-0.066
-0.07
-0.052
-0.027
-0.01
-0.0043
0.0057
0.013
0.0087
0.0095
0.0067
-0.014
-0.023
-0.019
-0.0057
0.0091
0.0026
-0.016
-0.015
-0.00026
-0.0052
-0.025
-0.046
-0.06
-0.066
-0.056
-0.041
-0.026
-0.011
-0.0066
-0.0053
-0.027
-0.054
-0.07
-0.077
-0.079
-0.093
-0.1
-0.088
-0.065
-0.067
-0.075
-0.074
-0.069
-0.068
-0.08
-0.091
-0.099
-0.095
-0.073
-0.063
-0.069
-0.085
-0.097
-0.094
-0.07
-0.055
-0.048
-0.039
-0.037
-0.05
-0.066
-0.062
-0.042
-0.024
-0.0063
-0.0036
-0.017
-0.012
0.0034
-0.012
-0.022
-0.018
-0.028
-0.029
-0.017
-0.008
-0.0043
-0.00023
-0.0045
-0.0074
0.00087
-0.0033
-0.016
-0.02
-0.0086
0.0067
0.02
0.023
0.0027
-0.019
-0.027
-0.017
4.6e-005
0.0059
-0.0016
-0.014
0.0055
0.036
0.038
0.025
0.014
0.0029
-0.011
-0.011
-0.00047
0.0075
-0.0052
-0.014
-0.0024
0.012
0.018
0.014
0.0081
0.019
0.017
0.0029
-0.0039
-0.013
-0.017
0.0064
0.033
0.031
0.014
0.013
0.011
-0.0029
0.0026
0.02
0.037
0.038
0.027
0.011
0.017
0.043
0.052
0.057
0.062
0.059
0.031
0.0019
-0.018
-0.035
-0.011
0.031
0.063
0.071
0.055
0.046
0.044
0.049
0.055
0.063
0.047
0.016
-0.0091
-0.012
0.024
0.056
0.086
0.11
0.11
0.082
0.042
4.6e-005
-0.017
0.00087
0.039
0.054
0.038
0.029
0.04
0.054
0.077
0.086
0.067
0.04
0.018
0.0029
0.013
0.047
0.059
0.051
0.041
0.043
0.051
0.041
0.018
-0.008
-0.031
-0.043
-0.033
-0.014
-0.00053
0.0029
0.011
0.022
0.025
0.024
0.023
0.0041
-0.029
-0.058
-0.071
-0.064
-0.045
-0.024
-0.033
-0.06
-0.077
-0.061
-0.032
-0.021
-0.016
-0.01
-0.0064
-0.0072
-0.011
-0.01
-0.0072
-0.02
-0.038
-0.032
-0.023
-0.021
-0.037
-0.064
-0.092
-0.11
-0.093
-0.063
-0.046
-0.063
-0.065
-0.032
-0.0043
-0.009
-0.042
-0.06
-0.059
-0.039
-0.015
-0.0093
-0.018
-0.019
-0.017
-0.021
-0.027
-0.042
-0.042
-0.018
0.011
0.032
0.029
0.028
0.032
0.027
-0.00047
-0.028
-0.039
-0.028
-0.0054
0.0082
0.026
0.041
0.041
0.036
0.036
0.037
0.034
0.028
0.026
0.019
0.011
0.019
0.031
0.032
0.028
0.016
0.011
0.02
0.026
0.019
-0.0047
-0.026
-0.046
-0.043
-0.0083
0.031
0.065
0.074
0.058
0.04
0.037
0.045
0.044
0.02
-0.0033
0.0006
0.012
0.026
0.024
0.026
0.046
0.038
0.022
0.024
0.036
0.041
0.05
0.059
0.063
0.06
0.055
0.044
0.021
0.01
0.023
0.033
0.043
0.055
0.054
0.065
0.083
0.078
0.07
0.084
0.094
0.091
0.071
0.045
0.025
0.029
0.05
0.056
0.05
0.05
0.055
0.044
0.029
0.033
0.041
0.05
0.05
0.042
0.036
0.05
0.055
0.046
0.043
0.048
0.056
0.039
0.0053
-0.017
-0.015
0.0027
0.013
0.015
0.013
0.02
0.015
0.0079
-0.0029
-0.0066
0.0025
0.01
0.0082
0.0098
0.017
0.014
0.011
0.021
0.04
0.046
0.049
0.047
0.027
0.0073
0.0014
-0.017
-0.03
-0.019
-0.00093
0.02
0.034
0.027
-0.0012
-0.024
-0.028
-0.0098
-0.0095
-0.028
-0.038
-0.028
-0.0095
-0.0065
-0.0044
-0.0064
-0.022
-0.038
-0.044
-0.039
-0.017
0.021
0.051
0.066
0.066
0.04
0.0048
-0.026
-0.039
-0.041
-0.027
0.00066
0.024
0.035
0.034
0.033
0.041
0.05
0.062
0.063
0.039
0.0015
-0.019
-0.0098
0.02
0.041
0.024
0.0051
0.015
0.038
0.033
0.023
0.036
0.072
0.096
0.076
0.056
0.04
0.027
0.03
0.052
0.076
0.06
0.022
-0.0059
-0.01
0.006
0.04
0.061
0.053
0.035
0.017
0.011
0.014
0.024
0.033
0.02
-0.0031
-0.017
-0.013
-0.011
-0.017
-0.032
-0.036
-0.044
-0.038
-0.0043
0.02
0.0099
-0.012
-0.019
-0.01
0.0049
0.0046
-0.003
-0.018
-0.04
-0.044
-0.038
-0.037
-0.012
0.017
0.029
0.035
0.033
0.015
-0.014
-0.036
-0.054
-0.04
-0.022
-0.023
-0.032
-0.032
-0.0039
0.019
0.025
0.015
-0.0063
-0.03
-0.027
-0.0082
-0.0025
-0.0052
-0.011
0.00078
0.028
0.042
0.046
0.045
0.025
-0.003
-0.015
-0.012
-0.0096
-0.017
-0.016
0.0023
0.026
0.053
0.053
0.02
0.00066
0.0054
0.012
0.013
0.0083
0.0067
0.032
0.066
0.071
0.061
0.053
0.035
0.013
0.0087
0.0041
-0.00096
0.015
0.046
0.063
0.055
0.045
0.04
0.035
0.025
0.011
-0.0025
-0.0022
0.0075
0.0047
0.0036
0.0058
0.0069
-0.007
-0.027
-0.023
-0.01
-0.012
-0.033
-0.045
-0.047
-0.036
-0.02
-0.016
-0.0044
-0.0033
-0.018
-0.023
-0.029
-0.051
-0.067
-0.074
-0.071
-0.059
-0.039
-0.032
-0.049
-0.054
-0.037
-0.03
-0.041
-0.049
-0.061
-0.071
-0.063
-0.045
-0.024
0.0014
0.0025
-0.014
-0.025
-0.024
-0.013
0.00056
0.014
0.011
-0.0058
-0.013
-0.006
0.0052
0.00063
-0.0014
0.005
0.005
-0.0046
-0.0078
0.015
0.029
0.023
0.013
0.0029
-0.013
-0.021
-0.0098
0.0075
0.025
0.043
0.06
0.075
0.09
0.097
0.095
0.082
0.066
0.058
0.066
0.074
0.065
0.055
0.06
0.056
0.047
0.044
0.048
0.047
0.052
0.062
0.071
0.074
0.069
0.068
0.071
0.063
0.054
0.054
0.051
0.035
0.016
0.0064
0.0084
0.023
0.034
0.022
0.0027
0.0025
0.0098
0.0048
7.6e-005
-0.006
0.0059
0.018
0.014
-0.0029
-0.016
-0.027
-0.027
-0.013
-0.0048
0.016
0.045
0.062
0.067
0.065
0.034
-0.0012
-0.042
-0.077
-0.08
-0.06
-0.02
0.015
0.033
0.043
0.049
0.055
0.047
0.01
-0.03
-0.039
-0.048
-0.073
-0.082
-0.066
-0.026
0.011
0.023
0.026
0.013
-0.01
-0.038
-0.054
-0.077
-0.09
-0.073
-0.035
0.0089
0.025
0.02
0.031
0.052
0.048
-0.0087
-0.073
-0.11
-0.1
-0.079
-0.055
-0.048
-0.043
-0.013
0.014
0.026
0.019
-0.0054
-0.025
-0.052
-0.071
-0.051
-0.035
-0.037
-0.035
-0.023
-0.011
0.0072
0.024
0.022
-0.017
-0.063
-0.087
-0.088
-0.068
-0.044
-0.0055
0.032
0.045
0.047
0.039
0.011
-0.033
-0.059
-0.047
-0.036
-0.045
-0.035
-0.02
-0.013
-0.004
-0.0043
-0.014
-0.044
-0.079
-0.083
-0.071
-0.064
-0.069
-0.077
-0.073
-0.048
-0.041
-0.046
-0.049
-0.056
-0.06
-0.052
-0.04
-0.036
-0.015
0.012
0.019
0.022
0.022
0.023
0.024
0.019
0.0048
-0.014
-0.022
-0.012
-0.0032
0.0027
0.031
0.059
0.075
0.083
0.06
0.041
0.03
0.015
0.0044
-0.00053
0.013
0.038
0.051
0.054
0.06
0.06
0.047
0.05
0.061
0.057
0.038
0.032
0.039
0.036
0.031
0.038
0.045
0.041
0.04
0.032
0.031
0.039
0.045
0.034
0.012
0.0068
0.02
0.028
0.029
0.033
0.047
0.046
0.047
0.069
0.098
0.1
0.078
0.063
0.061
0.066
0.082
0.099
0.11
0.12
0.12
0.11
0.089
0.067
0.07
0.087
0.088
0.091
0.093
0.076
0.065
0.079
0.091
0.082
0.078
0.085
0.091
0.067
0.062
0.084
0.094
0.083
0.055
0.042
0.042
0.057
0.065
0.081
0.092
0.077
0.053
0.054
0.069
0.08
0.081
0.067
0.059
0.068
0.081
0.085
0.09
0.095
0.088
0.078
0.075
0.074
0.063
0.055
0.05
0.06
0.09
0.1
0.084
0.056
0.038
0.053
0.086
0.1
0.11
0.094
0.077
0.068
0.071
0.079
0.087
0.083
0.062
0.04
0.024
0.02
0.025
0.029
0.018
-0.0016
0.0081
0.039
0.061
0.053
0.034
0.019
0.019
0.022
0.027
0.031
0.033
0.033
0.017
-0.0017
-0.0022
0.0075
0.019
0.031
0.044
0.054
0.052
0.048
0.043
0.034
0.026
0.0091
-0.032
-0.079
-0.1
-0.088
-0.04
0.024
0.081
0.088
0.056
0.022
0.016
0.02
0.0098
-0.018
-0.051
-0.055
-0.024
0.013
0.033
0.038
0.04
0.035
0.019
-0.02
-0.062
-0.075
-0.054
-0.015
0.014
0.04
0.055
0.056
0.029
0.0024
-0.0052
-0.017
-0.027
-0.03
-0.031
-0.033
-0.0064
0.046
0.079
0.071
0.047
0.047
0.043
0.025
0.017
0.0068
-0.0077
-0.0032
0.024
0.054
0.072
0.069
0.05
0.031
0.0041
-0.019
-0.014
0.0066
0.031
0.048
0.062
0.073
0.072
0.064
0.048
0.028
0.0073
-0.0038
-0.0078
0.0054
0.024
0.041
0.053
0.061
0.052
0.035
0.021
0.0067
0.0087
0.0065
-0.0029
0.0023
0.015
0.019
0.01
-0.015
-0.029
-0.013
0.0097
0.012
-0.018
-0.05
-0.055
-0.047
-0.02
0.017
0.041
0.046
0.039
0.033
0.019
0.013
0.02
0.025
0.013
-0.0018
-0.002
0.01
0.035
0.061
0.076
0.07
0.064
0.054
0.032
0.018
0.016
0.036
0.064
0.061
0.04
0.027
0.032
0.03
0.014
0.00035
-0.0028
0.00099
0.0036
0.018
0.025
0.03
0.041
0.04
0.019
0.0022
-0.0083
-0.022
-0.015
0.011
0.019
0.004
0.0033
0.0023
-0.02
-0.032
-0.028
-0.011
0.0077
0.0068
-0.0078
-0.0091
0.0018
-0.00087
-0.0077
0.0025
0.013
0.0069
-0.025
-0.056
-0.057
-0.028
-0.0031
0.0009
-0.0058
-0.018
-0.025
-0.026
-0.019
-0.015
-0.034
-0.056
-0.07
-0.062
-0.052
-0.061
-0.081
-0.083
-0.064
-0.048
-0.045
-0.056
-0.076
-0.095
-0.095
-0.076
-0.049
-0.046
-0.064
-0.071
-0.063
-0.046
-0.035
-0.045
-0.061
-0.081
-0.088
-0.078
-0.064
-0.054
-0.054
-0.052
-0.043
-0.037
-0.046
-0.055
-0.051
-0.039
-0.011
0.0061
0.013
0.0035
-0.0075
-0.0081
0.0022
0.023
0.033
0.023
0.011
0.0046
-0.0098
-0.016
-0.011
-0.0082
0.00041
-0.0022
-0.002
0.007
0.0053
-0.0057
-0.013
-0.029
-0.05
-0.059
-0.058
-0.047
-0.045
-0.046
-0.038
-0.022
-0.0047
-0.0045
-0.027
-0.056
-0.073
-0.079
-0.068
-0.054
-0.063
-0.059
-0.043
-0.047
-0.053
-0.041
-0.029
-0.044
-0.068
-0.068
-0.043
-0.028
-0.037
-0.029
-0.00047
0.021
0.015
-0.022
-0.066
-0.1
-0.13
-0.12
-0.083
-0.038
-0.012
0.0024
0.021
0.036
0.026
0.0049
-0.023
-0.057
-0.096
-0.12
-0.12
-0.087
-0.05
-0.022
0.00084
0.013
0.00099
-0.019
-0.031
-0.037
-0.045
-0.06
-0.076
-0.066
-0.029
0.02
0.058
0.065
0.052
0.037
0.022
-0.0085
-0.035
-0.04
-0.024
0.0017
0.012
0.013
0.025
0.051
0.065
0.066
0.058
0.019
-0.029
-0.042
-0.014
0.016
0.04
0.046
0.035
0.026
0.012
-0.0064
-0.014
-0.0041
0.0093
0.011
0.0037
-0.017
-0.031
-0.03
-0.013
0.0091
0.011
-0.0032
-0.018
-0.03
-0.032
-0.026
-0.033
-0.048
-0.043
-0.026
-0.011
0.0072
0.029
0.025
-0.0067
-0.041
-0.069
-0.075
-0.069
-0.057
-0.039
-0.014
-0.0033
-0.02
-0.036
-0.043
-0.04
-0.035
-0.029
-0.029
-0.037
-0.03
-0.018
0.0022
0.03
0.033
0.016
0.0082
0.0092
-0.009
-0.02
-0.015
-0.02
-0.021
-0.013
-0.0032
-0.00035
-0.0017
-0.017
-0.028
-0.02
-0.0048
0.0076
0.0088
-0.0051
-0.013
-0.014
-0.026
-0.028
-0.0032
0.026
0.028
0.0017
0.009
0.021
-0.002
-0.011
0.0079
0.027
0.021
0.016
0.011
-0.0028
-0.0074
0.0041
0.026
0.031
0.028
0.017
0.0081
0.0014
-0.021
-0.037
-0.038
-0.024
-0.0016
0.012
0.0043
-0.0041
0.0049
0.004
-0.011
-0.017
-0.0025
0.026
0.036
0.029
0.03
0.038
0.04
0.047
0.053
0.053
0.037
0.0078
-0.024
-0.047
-0.036
0.0029
0.037
0.06
0.06
0.03
-0.0095
-0.026
-0.036
-0.034
-0.026
-0.034
-0.039
-0.035
-0.031
-0.014
0.013
0.026
0.025
0.011
-0.0088
-0.019
-0.027
-0.025
-0.001
0.035
0.06
0.05
0.023
0.0031
0.0023
0.017
0.034
0.049
0.052
0.05
0.041
0.035
0.029
0.027
0.049
0.078
0.095
0.086
0.062
0.043
0.049
0.067
0.082
0.087
0.085
0.093
0.1
0.1
0.1
0.1
0.094
0.074
0.066
0.061
0.062
0.072
0.091
0.11
0.12
0.11
0.094
0.081
0.062
0.068
0.091
0.12
0.16
0.16
0.13
0.083
0.084
0.098
0.083
0.057
0.058
0.066
0.066
0.075
0.085
0.099
0.1
0.082
0.061
0.031
0.0033
-0.0093
-0.01
-0.0054
0.016
0.043
0.055
0.05
0.043
0.057
0.063
0.04
0.012
-0.0038
-0.027
-0.054
-0.058
-0.046
-0.038
-0.027
-0.003
0.03
0.032
0.0077
-0.02
-0.061
-0.1
-0.12
-0.13
-0.13
-0.11
-0.081
-0.07
-0.065
-0.06
-0.063
-0.076
-0.089
-0.093
-0.086
-0.07
-0.066
-0.073
-0.084
-0.094
-0.095
-0.083
-0.06
-0.042
-0.016
1.5e-005
-0.01
-0.033
-0.063
-0.096
-0.1
-0.086
-0.058
-0.027
-0.0062
-0.0041
-0.0096
0.0025
0.03
0.036
0.013
-0.023
-0.043
-0.038
-0.028
-0.025
-0.0088
0.025
0.051
0.061
0.053
0.037
0.017
0.0088
0.027
0.044
0.055
0.054
0.031
0.02
0.036
0.062
0.069
0.064
0.045
0.021
0.011
-0.0039
-0.035
-0.055
-0.041
-0.00017
0.056
0.088
0.089
0.089
0.091
0.1
0.11
0.088
0.03
-0.025
-0.056
-0.046
-0.0014
0.058
0.11
0.14
0.13
0.092
0.058
0.045
0.053
0.073
0.11
0.12
0.13
0.11
0.099
0.08
0.044
0.048
0.094
0.1
0.049
0.017
0.042
0.078
0.11
0.17
0.18
0.097
-0.0087
-0.035
0.054
0.16
0.2
0.16
0.1
0.061
0.054
0.07
0.066
0.034
0.013
0.058
0.13
0.14
0.095
0.015
-0.07
-0.034
0.075
0.12
0.13
0.12
0.11
0.096
0.098
0.13
0.14
0.11
0.1
0.11
0.14
0.15
0.12
0.07
0.054
0.045
0.043
0.047
0.013
0.0069
0.041
0.051
0.047
0.069
0.065
0.028
0.012
0.0039
-0.022
-0.058
-0.077
-0.06
-0.021
0.029
0.016
-0.07
-0.11
-0.07
-0.05
-0.043
-0.034
-0.062
-0.086
-0.082
-0.072
-0.056
-0.052
-0.062
-0.071
-0.078
-0.077
-0.06
-0.045
-0.0098
0.012
-0.001
-0.004
-0.0033
-0.016
-0.0091
0.024
0.042
0.051
0.06
0.036
-0.0064
-0.032
-0.016
0.023
0.045
0.052
0.038
0.012
-0.012
-0.022
-0.02
-0.026
-0.036
-0.026
0.041
0.11
0.12
0.053
-0.036
-0.069
-0.035
0.023
0.066
0.074
0.049
0.016
0.014
0.029
0.025
0.0025
0.0096
0.04
0.068
0.092
0.095
0.076
0.059
0.058
0.039
-0.0037
-0.05
-0.066
-0.043
-0.008
0.023
0.045
0.031
-0.0063
-0.042
-0.056
-0.031
0.0073
0.023
0.024
0.0083
-0.029
-0.055
-0.053
-0.027
-0.004
0.015
0.03
0.02
-0.0058
-0.02
-0.019
-0.03
-0.055
-0.076
-0.057
-0.0091
0.021
0.022
0.0097
0.016
0.023
0.0025
-0.048
-0.099
-0.12
-0.11
-0.082
-0.064
-0.069
-0.071
-0.052
-0.026
0.0041
0.024
-0.00081
-0.02
-0.032
-0.041
-0.044
-0.059
-0.084
-0.098
-0.084
-0.051
-0.021
0.0014
0.023
0.025
-0.013
-0.049
-0.066
-0.073
-0.057
-0.039
-0.02
-0.012
-0.036
-0.043
-0.012
0.0047
-0.014
-0.026
-0.0072
0.017
0.025
0.02
-0.0052
-0.027
-0.015
0.021
0.051
0.056
0.032
0.00038
-0.013
0.0012
0.011
0.011
-0.0002
-0.016
-0.016
0.0015
0.02
0.023
0.018
0.00087
-0.022
-0.042
-0.052
-0.057
-0.062
-0.049
-0.022
-0.0043
-0.00063
-0.025
-0.053
-0.059
-0.053
-0.05
-0.043
-0.043
-0.029
0.00017
0.0072
0.0039
0.0012
-0.0043
-0.014
-0.027
-0.053
-0.064
-0.041
-0.00072
0.041
0.05
0.037
0.022
0.0077
0.0022
-0.0052
-0.018
-0.014
0.0016
0.014
0.033
0.042
0.028
0.018
0.016
0.033
0.05
0.041
0.011
-0.0073
-0.019
-0.038
-0.052
-0.064
-0.043
-0.0019
0.041
0.072
0.073
0.045
0.013
-0.024
-0.067
-0.086
-0.064
-0.014
0.028
0.056
0.078
0.071
0.048
0.027
-0.0076
-0.044
-0.053
-0.043
-0.03
-0.0048
0.0095
0.014
0.022
0.0065
-0.025
-0.04
-0.044
-0.046
-0.052
-0.06
-0.05
-0.035
-0.023
-0.014
-0.019
-0.02
-0.015
-0.0098
-0.004
-0.023
-0.054
-0.067
-0.068
-0.071
-0.049
-0.018
-0.023
-0.027
-0.018
-0.0079
0.0033
-0.0077
-0.03
-0.046
-0.048
-0.034
-0.027
-0.031
-0.029
-0.035
-0.054
-0.053
-0.05
-0.061
-0.05
-0.027
-0.019
-0.018
-0.016
-0.024
-0.025
-0.021
-0.0069
0.0022
-0.0029
-0.013
-0.018
1.5e-005
0.026
0.03
0.01
-0.003
-0.019
-0.035
-0.027
-0.014
0.008
0.029
0.023
0.013
0.0088
0.018
0.038
0.054
0.043
0.027
0.011
-0.016
-0.028
-0.03
-0.025
-0.024
-0.02
-0.0094
0.0068
0.022
0.033
0.052
0.078
0.086
0.052
-0.0077
-0.064
-0.093
-0.077
-0.045
-0.011
0.019
0.034
0.032
0.031
0.035
0.024
0.0013
-0.021
-0.033
-0.034
-0.033
-0.026
-0.018
-0.019
-0.015
-0.0022
0.021
0.034
0.02
-0.013
-0.034
-0.049
-0.083
-0.11
-0.11
-0.079
-0.034
-0.02
-0.023
-0.008
-0.0016
-0.03
-0.083
-0.12
-0.12
-0.09
-0.064
-0.061
-0.069
-0.061
-0.033
-0.0041
0.018
0.018
-0.018
-0.055
-0.052
-0.034
-0.014
-0.0033
-0.021
-0.054
-0.068
-0.052
-0.026
-0.0027
-0.0081
-0.014
-0.018
-0.017
-0.012
-0.023
-0.028
-0.013
0.0016
0.011
0.027
0.039
0.054
0.067
0.049
0.023
0.0043
-0.0015
0.006
0.0074
0.021
0.03
0.014
-0.022
-0.035
-0.025
0.0055
0.034
0.036
0.041
0.036
0.024
0.017
0.0065
-0.0028
-0.0035
-0.0052
0.01
0.038
0.051
0.069
0.091
0.093
0.085
0.052
0.013
0.00087
0.0018
0.0089
0.036
0.062
0.066
0.055
0.048
0.062
0.067
0.032
-0.0019
-0.0026
0.016
0.043
0.064
0.075
0.081
0.064
0.035
0.021
0.022
0.031
0.043
0.057
0.069
0.055
0.029
0.025
0.038
0.042
0.046
0.041
0.025
0.017
0.018
0.034
0.054
0.061
0.053
0.038
0.037
0.062
0.088
0.078
0.045
0.022
0.0079
0.018
0.042
0.077
0.11
0.083
0.03
0.0055
-0.0038
0.0017
0.02
0.017
0.0046
0.0054
0.015
0.017
0.037
0.061
0.053
0.0065
-0.033
-0.028
-0.02
-0.033
-0.054
-0.064
-0.058
-0.042
-0.035
-0.037
-0.035
-0.018
-0.0095
-0.039
-0.094
-0.14
-0.16
-0.16
-0.14
-0.11
-0.082
-0.049
-0.025
-0.024
-0.042
-0.074
-0.093
-0.088
-0.08
-0.079
-0.085
-0.073
-0.064
-0.06
-0.043
-0.029
-0.035
-0.051
-0.058
-0.046
-0.016
-0.012
-0.039
-0.035
-0.009
0.011
0.014
0.017
0.025
0.036
0.044
0.047
0.046
0.034
0.014
0.0034
0.0018
0.013
0.012
0.023
0.037
0.025
0.02
0.031
0.042
0.031
0.025
0.026
0.019
0.0065
0.012
0.044
0.06
0.062
0.066
0.05
0.02
0.016
0.048
0.079
0.075
0.047
0.03
0.033
0.028
0.01
0.0047
0.015
0.026
0.038
0.048
0.065
0.079
0.078
0.08
0.078
0.067
0.039
0.0024
-0.011
0.0032
0.018
0.042
0.082
0.11
0.11
0.094
0.063
0.04
0.024
0.0019
-0.026
-0.028
-0.0036
0.016
0.027
0.041
0.051
0.041
0.043
0.046
0.043
0.032
0.014
0.0018
0.0044
0.0044
0.0022
0.0058
0.028
0.064
0.082
0.081
0.077
0.057
0.014
-0.036
-0.076
-0.059
-0.0083
0.013
0.041
0.087
0.099
0.078
0.05
0.045
0.059
0.053
0.016
-0.0068
0.0019
0.024
0.05
0.069
0.087
0.095
0.069
0.037
0.024
0.028
0.046
0.06
0.072
0.083
0.072
0.062
0.06
0.061
0.075
0.085
0.075
0.065
0.065
0.061
0.063
0.069
0.073
0.077
0.079
0.07
0.054
0.049
0.037
0.018
0.011
0.021
0.039
0.038
0.035
0.044
0.048
0.035
0.024
0.008
-0.0011
0.0019
-0.011
-0.012
-0.0043
0.0046
0.021
0.035
0.036
0.025
0.014
0.012
0.026
0.039
0.05
0.054
0.057
0.058
0.041
0.016
-0.0024
-0.012
-0.014
-0.011
-0.013
-0.017
-0.02
-0.019
0.0043
0.02
0.028
0.042
0.045
0.028
0.0093
-0.012
-0.023
-0.0009
0.023
0.023
0.0079
-0.0014
0.011
0.012
-0.0054
-0.021
-0.039
-0.05
-0.042
-0.032
-0.023
-0.0018
0.0031
0.005
0.016
0.0028
-0.015
-0.02
-0.016
-0.002
0.0097
0.01
0.014
0.027
0.032
0.032
0.021
0.017
0.021
0.017
0.019
0.027
0.034
0.035
0.028
0.011
0.01
0.025
0.026
0.023
0.027
0.03
0.025
0.019
0.028
0.044
0.046
0.029
0.016
0.018
0.022
0.011
-0.0022
-0.00084
-0.0029
-0.0065
0.0065
0.011
-0.015
-0.045
-0.052
-0.032
-0.0082
-0.0075
-0.018
-0.033
-0.052
-0.071
-0.078
-0.054
-0.029
-0.021
-0.024
-0.021
-0.027
-0.052
-0.066
-0.058
-0.021
0.0069
-0.0036
-0.025
-0.018
0.013
0.027
0.017
-0.012
-0.025
-0.035
-0.051
-0.055
-0.051
-0.029
-0.0047
0.0088
0.015
0.019
0.01
-0.015
-0.034
-0.04
-0.033
-0.023
-0.0095
0.0058
0.0064
-0.016
-0.046
-0.058
-0.042
-0.02
-0.016
-0.028
-0.037
-0.041
-0.044
-0.038
-0.021
-0.0048
-0.0069
-0.017
-0.032
-0.057
-0.088
-0.093
-0.052
-0.00063
0.043
0.065
0.072
0.039
-0.031
-0.066
-0.06
-0.039
-0.028
-0.028
-0.051
-0.061
-0.042
-0.026
-0.025
-0.039
-0.04
-0.036
-0.024
0.003
-0.0054
-0.029
-0.034
-0.034
-0.029
-0.028
-0.026
-0.023
-0.023
-0.046
-0.076
-0.083
-0.068
-0.04
-0.019
-0.022
-0.038
-0.041
-0.025
-0.0018
0.0064
0.0043
-0.018
-0.061
-0.089
-0.086
-0.056
-0.035
-0.019
-0.0064
0.0056
0.0081
-0.0082
-0.025
-0.035
-0.031
-0.045
-0.067
-0.053
-0.0099
0.032
0.034
0.0065
-0.02
-0.028
-0.024
-0.023
-0.037
-0.048
-0.034
-0.016
-0.013
-0.02
-0.019
-0.019
-0.016
-0.00087
0.0092
0.015
0.023
0.03
0.033
0.033
0.027
0.017
0.0077
0.0087
0.027
0.041
0.034
0.0015
-0.041
-0.056
-0.034
-0.0071
0.00093
-0.00017
-0.0036
0.0059
0.03
0.039
0.037
0.03
-0.0016
-0.026
-0.02
-0.0049
0.0043
0.017
0.03
0.038
0.031
0.015
0.0039
-0.0094
-0.012
-0.01
-0.023
-0.033
-0.033
-0.025
-0.0097
0.005
0.0054
0.0027
0.012
0.0053
-0.0028
0.0044
-0.0024
-0.024
-0.035
-0.026
-0.016
-0.011
7.6e-005
-0.0045
-0.019
-0.01
-0.0036
-0.0081
-0.013
-0.022
-0.021
-0.014
-0.0091
-0.016
-0.02
-0.0094
-0.0048
-0.019
-0.027
-0.022
-0.024
-0.023
-0.025
-0.029
-0.03
-0.052
-0.069
-0.066
-0.041
-0.031
-0.052
-0.061
-0.05
-0.048
-0.045
-0.029
-0.0082
0.0078
-0.0071
-0.031
-0.038
-0.035
-0.034
-0.027
-0.025
-0.025
-0.018
0.0048
0.022
0.043
0.075
0.086
0.059
0.019
0.042
0.072
0.087
0.1
0.12
0.12
0.09
0.053
0.018
-0.014
-0.012
0.043
0.083
0.076
0.082
0.096
0.087
0.079
0.071
0.064
0.091
0.13
0.072
-0.023
-0.04
0.031
0.11
0.13
0.12
0.084
0.075
0.069
0.034
0.011
0.042
0.083
0.092
0.067
0.025
-0.0019
0.0057
0.027
0.028
0.0018
-0.03
-0.035
0.0065
0.064
0.091
0.087
0.078
0.06
0.023
-0.023
-0.054
-0.048
-0.035
-0.013
0.012
0.034
0.063
0.054
0.0091
-0.049
-0.098
-0.12
-0.075
-0.014
0.0072
-0.026
-0.073
-0.069
-0.019
0.013
0.016
-0.021
-0.058
-0.069
-0.073
-0.081
-0.087
-0.075
-0.074
-0.077
-0.077
-0.057
-0.039
-0.044
-0.029
0.0012
0.022
0.025
-0.025
-0.073
-0.074
-0.079
-0.14
-0.2
-0.18
-0.072
0.024
0.038
-0.026
-0.087
-0.11
-0.13
-0.13
-0.097
-0.028
0.087
0.22
0.23
0.1
-0.051
-0.17
-0.23
-0.14
-0.042
0.0012
0.028
0.024
-0.017
-0.086
-0.15
-0.13
-0.021
0.046
0.098
0.063
-0.015
-0.0029
0.043
0.11
0.15
0.1
0.031
-0.015
-0.064
-0.051
0.0022
0.063
0.14
0.14
0.083
0.028
-0.0072
0.0057
0.084
0.12
0.098
0.085
0.051
0.05
0.067
0.055
0.038
0.0014
-0.0074
0.035
0.078
0.13
0.15
0.13
0.11
0.068
0.026
0.019
0.018
0.039
0.076
0.11
0.14
0.13
0.083
0.057
0.06
0.075
0.081
0.094
0.14
0.17
0.14
0.1
0.038
-0.0019
-0.00035
0.022
0.074
0.12
0.14
0.14
0.12
0.1
0.11
0.13
0.12
0.11
0.11
0.12
0.095
0.064
0.077
0.1
0.11
0.11
0.075
0.025
0.0036
0.035
0.079
0.096
0.081
0.067
0.078
0.085
0.07
0.044
0.028
0.031
0.028
0.00075
-0.022
-0.046
-0.078
-0.085
-0.063
-0.034
-0.017
-0.023
-0.039
-0.06
-0.079
-0.097
-0.11
-0.11
-0.1
-0.093
-0.079
-0.077
-0.08
-0.073
-0.064
-0.059
-0.055
-0.06
-0.08
-0.11
-0.13
-0.11
-0.079
-0.061
-0.052
-0.045
-0.063
-0.087
-0.085
-0.066
-0.049
-0.041
-0.035
-0.028
-0.024
-0.022
-0.013
-0.014
-0.012
-0.019
-0.039
-0.043
-0.038
-0.031
-0.026
-0.012
0.012
0.022
0.0029
-0.031
-0.053
-0.075
-0.087
-0.08
-0.073
-0.062
-0.051
-0.039
-0.041
-0.05
-0.064
-0.06
-0.038
-0.025
-0.022
-0.029
-0.031
-0.018
-0.00041
0.0026
-0.0095
-0.0069
0.02
0.044
0.054
0.062
0.065
0.057
0.04
0.0076
-0.012
0.0006
0.02
0.028
0.038
0.06
0.08
0.081
0.059
0.034
0.017
0.015
0.025
0.034
0.056
0.084
0.085
0.07
0.057
0.054
0.069
0.079
0.048
0.0071
0.0017
0.03
0.058
0.06
0.053
0.049
0.064
0.09
0.099
0.084
0.063
0.047
0.042
0.061
0.093
0.11
0.1
0.065
0.031
0.024
0.034
0.03
0.022
0.034
0.064
0.095
0.1
0.098
0.1
0.11
0.11
0.097
0.077
0.05
0.025
0.021
0.063
0.12
0.14
0.12
0.088
0.063
0.037
0.028
0.043
0.055
0.046
0.033
0.014
0.0037
0.016
0.024
0.025
0.033
0.038
0.025
-0.0091
-0.047
-0.072
-0.072
-0.068
-0.054
-0.037
-0.033
-0.036
-0.034
-0.036
-0.043
-0.05
-0.059
-0.068
-0.072
-0.073
-0.069
-0.059
-0.038
-0.025
-0.037
-0.062
-0.098
-0.14
-0.17
-0.19
-0.19
-0.16
-0.12
-0.11
-0.096
-0.09
-0.092
-0.095
-0.089
-0.071
-0.059
-0.066
-0.08
-0.099
-0.12
-0.13
-0.12
-0.11
-0.095
-0.071
-0.048
-0.05
-0.072
-0.087
-0.084
-0.068
-0.051
-0.046
-0.064
-0.076
-0.069
-0.061
-0.058
-0.072
-0.094
-0.096
-0.083
-0.079
-0.073
-0.059
-0.041
-0.039
-0.058
-0.051
-0.036
-0.04
-0.051
-0.058
-0.055
-0.048
-0.035
-0.031
-0.017
-0.013
-0.046
-0.083
-0.091
-0.07
-0.046
-0.022
-0.0068
-0.019
-0.053
-0.071
-0.062
-0.045
-0.022
-0.0067
0.0083
0.017
0.0015
-0.02
-0.028
-0.028
-0.036
-0.042
-0.042
-0.037
-0.024
-0.0037
0.024
0.033
0.035
0.042
0.047
0.066
0.086
0.075
0.04
0.012
0.021
0.063
0.093
0.09
0.082
0.069
0.052
0.048
0.063
0.083
0.085
0.078
0.073
0.07
0.055
0.04
0.038
0.047
0.071
0.08
0.066
0.052
0.044
0.043
0.047
0.055
0.071
0.093
0.1
0.096
0.092
0.078
0.05
0.022
0.0097
0.016
0.036
0.041
0.024
0.022
0.029
0.034
0.03
0.033
0.046
0.049
0.05
0.061
0.063
0.041
0.0098
0.006
0.027
0.036
0.025
0.026
0.034
0.059
0.081
0.065
0.034
0.004
-0.015
-0.014
-0.0065
0.00063
0.027
0.062
0.084
0.09
0.068
0.029
-0.0058
-0.015
-0.0098
0.0028
0.026
0.053
0.061
0.055
0.063
0.063
0.057
0.041
0.00032
-0.022
-0.0076
0.019
0.037
0.053
0.061
0.051
0.019
-0.025
-0.04
-0.025
-0.0062
-0.0002
0.0047
0.0085
-0.0033
-0.023
-0.034
-0.04
-0.038
-0.021
-0.0059
-0.0079
-0.012
-0.03
-0.055
-0.075
-0.1
-0.12
-0.093
-0.059
-0.032
-0.0049
-0.012
-0.026
-0.021
-0.02
-0.027
-0.03
-0.028
-0.021
-0.0072
0.013
0.038
0.035
0.0082
-0.0049
-0.014
-0.03
-0.026
0.0014
0.041
0.062
0.074
0.079
0.06
0.031
0.013
0.0041
0.0091
0.027
0.04
0.05
0.049
0.024
0.00023
0.00041
0.017
0.031
0.047
0.057
0.052
0.034
0.028
0.05
0.071
0.07
0.061
0.042
0.016
0.00032
-0.01
-0.018
-0.0022
0.014
0.021
0.023
0.023
0.02
0.0064
-0.0012
-0.0036
-0.0082
-0.017
-0.017
-0.017
-0.029
-0.051
-0.061
-0.045
-0.045
-0.07
-0.086
-0.077
-0.057
-0.038
-0.018
-0.022
-0.038
-0.056
-0.06
-0.045
-0.031
-0.016
-0.011
-0.023
-0.036
-0.042
-0.05
-0.049
-0.034
-0.014
-0.0065
-0.0035
-0.001
-0.011
-0.03
-0.045
-0.054
-0.058
-0.062
-0.057
-0.045
-0.032
-0.0086
0.0048
0.007
-0.0065
-0.02
-0.024
-0.018
0.014
0.044
0.048
0.037
0.017
0.00038
-0.0092
-0.019
-0.028
-0.0066
0.032
0.056
0.069
0.05
0.025
0.024
0.029
0.029
0.05
0.078
0.082
0.07
0.062
0.059
0.043
0.028
0.039
0.069
0.11
0.12
0.1
0.093
0.085
0.058
0.054
0.07
0.068
0.076
0.099
0.11
0.1
0.08
0.061
0.051
0.052
0.039
0.031
0.046
0.083
0.1
0.099
0.094
0.084
0.082
0.084
0.091
0.09
0.082
0.068
0.043
0.03
0.024
0.022
0.021
0.017
0.016
0.0089
-0.0013
-0.0016
0.016
0.021
0.019
0.0097
0.0089
0.019
0.021
0.017
0.017
0.022
0.024
0.014
-0.0055
-0.015
-0.017
-0.017
-0.0071
-0.00029
-0.00078
0.00029
-0.0082
-0.012
-0.0097
-0.015
-0.011
0.015
0.025
0.014
-0.0052
-0.033
-0.048
-0.054
-0.059
-0.052
-0.033
-0.014
-0.0091
-0.022
-0.022
-0.00041
0.021
0.035
0.043
0.038
0.037
0.039
0.034
0.025
0.0096
0.0026
-0.0047
-0.02
-0.032
-0.027
-0.0018
0.023
0.03
0.016
0.0051
-0.0031
-0.018
-0.027
-0.03
-0.022
-0.0087
0.0067
0.0095
-0.0035
-0.023
-0.033
-0.043
-0.068
-0.087
-0.086
-0.078
-0.071
-0.063
-0.064
-0.063
-0.045
-0.021
0.0011
0.0058
-0.0069
-0.028
-0.045
-0.06
-0.08
-0.094
-0.093
-0.074
-0.044
-0.011
0.013
0.011
-0.014
-0.044
-0.05
-0.01
0.038
0.047
0.011
-0.04
-0.065
-0.052
-0.012
0.04
0.076
0.084
0.06
0.023
0.00063
0.011
0.029
0.043
0.06
0.081
0.094
0.086
0.068
0.051
0.031
0.01
-0.0044
-0.016
-0.018
0.008
0.051
0.086
0.11
0.11
0.093
0.084
0.072
0.044
0.012
-0.0011
-0.0033
-0.0087
-0.0055
0.015
0.034
0.04
0.037
0.021
0.0054
0.01
0.033
0.053
0.045
0.023
0.013
0.012
-0.0064
-0.03
-0.035
-0.045
-0.061
-0.058
-0.048
-0.044
-0.049
-0.055
-0.041
-0.024
-0.021
-0.028
-0.031
-0.025
-0.025
-0.02
-0.00099
-0.0036
-0.027
-0.023
0.0053
0.011
-0.0017
-0.0076
-0.0083
-0.0079
-0.013
-0.025
-0.043
-0.047
-0.042
-0.039
-0.026
-0.015
-0.017
-0.014
0.0088
0.03
0.037
0.032
0.016
0.0083
0.0053
-7.6e-005
0.013
0.042
0.058
0.052
0.043
0.029
0.017
-0.0016
-0.01
0.0053
0.025
0.05
0.062
0.059
0.049
0.045
0.048
0.051
0.062
0.077
0.082
0.07
0.06
0.061
0.056
0.054
0.043
0.015
-0.0041
-0.012
-0.015
0.0044
0.037
0.041
0.026
0.021
0.028
0.04
0.042
0.043
0.056
0.067
0.067
0.051
0.026
0.0073
0.0043
0.0031
-0.00026
0.0045
0.02
0.038
0.029
0.0069
-0.012
-0.025
-0.032
-0.028
-0.0069
0.021
0.024
0.0015
-0.012
-0.021
-0.039
-0.045
-0.033
-0.011
-0.0075
-0.021
-0.028
-0.027
-0.021
-0.025
-0.03
-0.035
-0.034
-0.039
-0.048
-0.05
-0.061
-0.084
-0.092
-0.088
-0.093
-0.089
-0.081
-0.073
-0.054
-0.042
-0.043
-0.035
-0.023
-0.031
-0.042
-0.041
-0.033
-0.031
-0.035
-0.037
-0.051
-0.074
-0.091
-0.1
-0.084
-0.053
-0.031
-0.036
-0.055
-0.072
-0.076
-0.067
-0.046
-0.022
-0.0079
0.0057
0.015
0.015
0.0085
-0.0055
-0.032
-0.058
-0.057
-0.033
-0.012
-0.0074
-0.0068
-0.00023
0.0043
0.012
0.021
0.017
-0.00047
-0.019
-0.023
-0.021
-0.026
-0.038
-0.044
-0.034
-0.022
-0.011
-0.01
-0.026
-0.039
-0.032
-0.0099
0.019
0.036
0.038
0.038
0.043
0.058
0.065
0.05
0.022
-0.017
-0.05
-0.058
-0.044
-0.016
0.017
0.037
0.031
0.0097
-0.0021
0.018
0.058
0.081
0.083
0.057
0.022
0.0051
0.022
0.071
0.1
0.11
0.12
0.13
0.11
0.08
0.046
0.024
0.019
0.036
0.061
0.075
0.087
0.1
0.11
0.13
0.13
0.12
0.085
0.074
0.081
0.086
0.085
0.1
0.11
0.094
0.088
0.097
0.11
0.1
0.07
0.037
0.038
0.058
0.076
0.087
0.076
0.047
0.012
0.0025
0.016
0.048
0.085
0.1
0.088
0.056
0.025
-0.0055
-0.017
0.0005
0.018
0.01
-0.014
-0.032
-0.046
-0.055
-0.052
-0.045
-0.043
-0.043
-0.035
-0.028
-0.029
-0.041
-0.063
-0.06
-0.052
-0.044
-0.046
-0.055
-0.053
-0.051
-0.058
-0.07
-0.089
-0.1
-0.099
-0.086
-0.089
-0.091
-0.084
-0.074
-0.071
-0.079
-0.089
-0.089
-0.088
-0.09
-0.086
-0.082
-0.087
-0.099
-0.098
-0.074
-0.05
-0.046
-0.043
-0.04
-0.042
-0.047
-0.05
-0.046
-0.032
-0.019
-0.0077
-0.0041
-0.013
-0.0086
0.0031
0.0067
0.0082
0.013
0.021
0.028
0.028
0.035
0.045
0.038
0.028
0.026
0.024
0.029
0.037
0.028
0.011
0.0075
0.015
0.031
0.043
0.051
0.059
0.052
0.042
0.033
0.026
0.024
0.031
0.032
0.022
0.0031
-0.013
-0.011
-0.0022
0.018
0.032
0.031
0.027
0.019
0.0082
-0.0041
-0.013
-0.013
-0.005
-0.00056
-0.0059
-0.0081
-0.015
-0.014
-0.0083
-0.015
-0.015
-0.011
-0.0097
-0.0059
0.0044
0.01
0.00053
-0.016
-0.019
-0.011
-0.014
-0.024
-0.032
-0.035
-0.031
-0.022
-0.015
-0.0044
0.014
0.022
0.016
-0.0045
-0.036
-0.056
-0.066
-0.055
-0.031
-0.014
-0.0043
0.0013
0.0043
0.011
0.02
0.017
0.0088
0.00044
-0.0047
0.0043
0.022
0.038
0.043
0.043
0.049
0.054
0.053
0.042
0.025
0.015
0.021
0.029
0.034
0.046
0.059
0.059
0.048
0.04
0.044
0.064
0.088
0.11
0.12
0.12
0.1
0.081
0.086
0.1
0.12
0.12
0.12
0.12
0.11
0.097
0.088
0.091
0.094
0.087
0.078
0.076
0.089
0.097
0.1
0.1
0.085
0.072
0.071
0.081
0.11
0.16
0.18
0.17
0.14
0.12
0.099
0.081
0.07
0.062
0.056
0.072
0.11
0.14
0.14
0.12
0.095
0.077
0.08
0.09
0.084
0.063
0.053
0.051
0.065
0.093
0.12
0.12
0.09
0.061
0.036
0.021
0.031
0.054
0.073
0.085
0.1
0.11
0.11
0.1
0.092
0.09
0.082
0.07
0.056
0.036
0.012
0.0077
0.027
0.047
0.057
0.062
0.064
0.057
0.033
0.0061
-0.013
-0.023
-0.029
-0.028
-0.0077
0.02
0.016
-0.0077
-0.022
-0.041
-0.05
-0.031
0.0012
0.011
-0.0099
-0.036
-0.046
-0.028
0.004
0.035
0.031
-0.014
-0.067
-0.098
-0.088
-0.054
-0.033
-0.039
-0.043
-0.044
-0.053
-0.056
-0.052
-0.022
-7.6e-005
-0.023
-0.053
-0.068
-0.046
-0.01
0.0052
-0.0091
-0.041
-0.07
-0.091
-0.1
-0.095
-0.057
-0.013
0.015
0.036
0.053
0.05
0.031
0.018
0.023
0.021
0.0029
-0.011
-0.011
-0.0038
0.0093
0.023
0.03
0.026
0.018
0.0078
0.0099
0.023
0.033
0.034
0.018
0.011
0.018
0.018
0.019
0.038
0.05
0.063
0.1
0.11
0.061
-0.067
-0.18
-0.15
-0.033
0.031
0.033
0.019
0.032
0.026
-0.036
-0.073
-0.036
0.012
0.012
-0.047
-0.092
-0.11
-0.12
-0.11
-0.12
-0.15
-0.16
-0.13
-0.088
-0.058
-0.021
-0.0048
0.003
-0.0042
-0.027
-0.033
-0.049
-0.071
-0.081
-0.1
-0.083
0.0093
0.07
0.0046
-0.068
-0.065
-0.071
-0.065
0.0095
0.08
0.081
0.066
0.058
0.038
0.027
0.056
0.084
0.066
0.0078
-0.049
-0.059
-0.032
0.016
0.074
0.11
0.12
0.079
0.039
0.034
0.039
0.048
0.072
0.079
0.066
0.08
0.11
0.11
0.083
0.066
0.07
0.075
0.1
0.12
0.11
0.1
0.085
0.062
0.038
0.032
0.042
0.062
0.079
0.058
0.02
0.019
0.043
0.051
0.053
0.034
0.0038
-0.0084
0.0036
0.035
0.06
0.069
0.048
-0.0014
-0.071
-0.12
-0.1
-0.049
-0.017
-0.017
-0.031
-0.032
-0.017
-0.013
-0.031
-0.037
-0.022
0.017
0.039
0.0033
-0.059
-0.093
-0.083
-0.053
-0.038
-0.03
-0.013
-0.0031
-0.023
-0.049
-0.059
-0.064
-0.064
-0.043
-0.0073
0.0043
-0.0027
-0.013
-0.05
-0.092
-0.11
-0.11
-0.097
-0.075
-0.047
-0.015
0.028
0.058
0.057
0.035
-0.012
-0.055
-0.088
-0.1
-0.067
0.0021
0.054
0.065
0.063
0.048
0.034
0.041
0.056
0.058
0.046
0.025
-0.018
-0.056
-0.05
-0.018
0.021
0.06
0.096
0.12
0.096
0.04
0.0071
0.011
0.036
0.058
0.079
0.096
0.11
0.13
0.14
0.12
0.086
0.062
0.031
0.023
0.026
0.022
0.033
0.063
0.07
0.057
0.053
0.053
0.066
0.076
0.082
0.084
0.081
0.072
0.051
0.017
0.0047
0.019
0.022
0.018
0.032
0.046
0.053
0.042
0.028
0.021
0.02
0.032
0.048
0.051
0.04
0.026
0.0089
-0.0027
0.00023
0.0012
0.017
0.053
0.084
0.089
0.06
0.034
0.028
0.019
-0.0036
-0.019
-0.036
-0.04
-0.026
-0.018
-0.0098
-0.0097
-0.028
-0.051
-0.06
-0.067
-0.074
-0.087
-0.11
-0.1
-0.083
-0.064
-0.045
-0.016
0.0054
0.012
0.0084
-0.018
-0.061
-0.095
-0.1
-0.1
-0.079
-0.06
-0.071
-0.081
-0.064
-0.035
-0.029
-0.035
-0.033
-0.027
-0.038
-0.054
-0.05
-0.047
-0.044
-0.031
-0.02
-0.021
-0.028
-0.046
-0.061
-0.06
-0.054
-0.045
-0.036
-0.016
0.004
-0.0029
-0.027
-0.035
-0.043
-0.051
-0.041
-0.024
-0.018
-0.017
-0.024
-0.041
-0.05
-0.054
-0.043
-0.022
-0.0036
-0.013
-0.036
-0.05
-0.038
0.0037
0.036
0.04
0.011
-0.04
-0.079
-0.089
-0.073
-0.063
-0.062
-0.039
-0.014
-0.017
-0.014
0.0028
0.0088
-0.0052
-0.027
-0.038
-0.039
-0.035
-0.02
-0.0025
0.011
0.0096
-0.0094
-0.025
-0.027
-0.017
-0.0018
0.028
0.045
0.028
0.0096
0.0018
-0.0077
-0.026
-0.035
-0.035
-0.027
-0.024
-0.021
-0.0068
0.013
0.015
0.00063
0.0011
0.014
0.025
0.015
0.014
0.038
0.058
0.064
0.046
0.036
0.039
0.041
0.051
0.062
0.065
0.049
0.028
0.019
0.022
0.022
0.022
0.032
0.049
0.054
0.045
0.035
0.029
0.035
0.038
0.027
0.021
0.036
0.044
0.037
0.038
0.053
0.064
0.057
0.045
0.034
0.023
0.016
0.023
0.049
0.071
0.068
0.05
0.023
0.0057
0.004
-0.0023
-0.0067
-0.0061
-0.008
-0.023
-0.042
-0.041
-0.028
-0.046
-0.074
-0.088
-0.077
-0.043
-0.0046
0.011
0.004
-0.01
-0.032
-0.049
-0.036
-0.035
-0.074
-0.11
-0.11
-0.061
-0.021
0.0039
0.026
0.055
0.071
0.047
0.006
-0.021
-0.031
-0.049
-0.082
-0.085
-0.064
-0.027
-0.0068
-0.021
-0.021
-0.0051
-0.011
-0.025
-0.043
-0.065
-0.075
-0.081
-0.07
-0.06
-0.061
-0.046
-0.018
0.012
0.035
0.033
0.0065
-0.02
-0.035
-0.039
-0.038
-0.039
-0.026
-0.011
-0.0061
-0.013
-0.019
-0.0074
0.00096
-0.0073
-0.031
-0.044
-0.042
-0.018
0.016
0.03
0.029
0.026
0.018
0.017
0.022
0.029
0.045
0.042
0.029
0.026
0.014
0.0045
0.023
0.047
0.072
0.069
0.033
0.027
0.058
0.082
0.08
0.072
0.061
0.082
0.11
0.11
0.097
0.1
0.1
0.076
0.026
0.0087
0.055
0.13
0.15
0.13
0.084
0.066
0.075
0.1
0.13
0.13
0.1
0.086
0.093
0.12
0.15
0.15
0.12
0.12
0.12
0.1
0.082
0.078
0.11
0.16
0.17
0.17
0.15
0.13
0.11
0.091
0.1
0.14
0.13
0.092
0.056
0.057
0.072
0.087
0.085
0.063
0.049
0.055
0.068
0.074
0.067
0.042
0.026
0.042
0.066
0.087
0.074
0.031
0.014
0.033
0.039
0.018
-0.0078
-0.028
-0.032
-0.022
-0.016
-0.0094
0.0044
0.0068
-0.019
-0.051
-0.058
-0.027
0.0014
0.0051
0.002
-0.0031
-0.024
-0.039
-0.032
-0.01
0.0095
0.0033
-0.042
-0.085
-0.082
-0.061
-0.057
-0.091
-0.12
-0.12
-0.097
-0.087
-0.091
-0.093
-0.079
-0.075
-0.085
-0.076
-0.059
-0.046
-0.058
-0.077
-0.064
-0.049
-0.048
-0.05
-0.062
-0.08
-0.08
-0.075
-0.083
-0.081
-0.065
-0.05
-0.036
-0.03
-0.063
-0.11
-0.14
-0.13
-0.11
-0.092
-0.085
-0.092
-0.088
-0.083
-0.088
-0.092
-0.091
-0.1
-0.13
-0.14
-0.13
-0.11
-0.07
-0.05
-0.046
-0.06
-0.083
-0.1
-0.12
-0.14
-0.14
-0.15
-0.15
-0.15
-0.14
-0.12
-0.11
-0.13
-0.15
-0.15
-0.15
-0.12
-0.081
-0.086
-0.11
-0.12
-0.13
-0.097
-0.036
0.017
0.028
-0.0027
-0.047
-0.096
-0.11
-0.11
-0.1
-0.089
-0.064
-0.023
0.014
0.031
0.016
-0.0032
-0.0099
-0.01
0.0063
0.0099
0.00066
0.0057
0.015
0.0079
-0.0094
-0.0024
0.028
0.058
0.072
0.078
0.071
0.046
0.037
0.024
-0.00038
0.011
0.065
0.11
0.12
0.095
0.069
0.06
0.056
0.072
0.084
0.074
0.075
0.083
0.09
0.099
0.11
0.13
0.14
0.13
0.098
0.064
0.043
0.048
0.054
0.064
0.1
0.14
0.16
0.16
0.13
0.093
0.063
0.054
0.057
0.071
0.095
0.12
0.13
0.12
0.12
0.12
0.13
0.13
0.13
0.11
0.083
0.072
0.076
0.1
0.14
0.15
0.13
0.1
0.095
0.13
0.16
0.16
0.15
0.12
0.12
0.13
0.16
0.16
0.14
0.12
0.12
0.13
0.13
0.11
0.1
0.12
0.13
0.12
0.095
0.081
0.078
0.071
0.048
0.031
0.031
0.024
0.0079
0.01
0.019
0.042
0.082
0.11
0.12
0.12
0.1
0.078
0.078
0.089
0.098
0.094
0.079
0.066
0.062
0.062
0.063
0.065
0.043
-0.004
-0.037
-0.029
-7.6e-005
0.0029
-0.019
-0.029
0.0053
0.051
0.056
0.036
0.048
0.084
0.096
0.073
0.032
0.01
0.03
0.062
0.085
0.092
0.08
0.075
0.07
0.054
0.031
0.0072
-0.029
-0.043
-0.029
-0.018
-0.033
-0.04
-0.014
0.014
0.0053
-0.028
-0.061
-0.067
-0.025
0.032
0.044
-0.0021
-0.036
-0.018
0.018
0.024
-0.014
-0.061
-0.077
-0.061
-0.06
-0.076
-0.083
-0.056
-0.028
-0.016
-0.013
-0.016
-0.011
-0.004
0.00056
-0.0044
-0.02
-0.052
-0.062
-0.042
-0.023
-0.017
-0.02
-0.016
-0.017
-0.024
-0.042
-0.071
-0.083
-0.072
-0.047
-0.023
-0.019
-0.026
-0.031
-0.052
-0.071
-0.076
-0.078
-0.068
-0.072
-0.082
-0.061
-0.049
-0.056
-0.047
-0.035
-0.022
-0.024
-0.056
-0.073
-0.071
-0.049
-0.0067
0.012
0.01
0.0009
-0.016
-0.025
-0.027
-0.02
-4.6e-005
0.018
0.025
0.018
-0.0031
-0.015
-0.017
-0.015
-0.00081
0.013
0.029
0.041
0.03
0.023
0.034
0.048
0.043
0.03
0.027
0.011
-0.00011
0.0099
0.017
0.014
0.022
0.043
0.041
0.025
0.017
0.013
0.015
0.013
0.023
0.043
0.067
0.097
0.11
0.095
0.048
-0.018
-0.066
-0.073
-0.076
-0.071
-0.046
-0.032
-0.027
-0.019
-0.0055
0.0076
0.0037
-0.035
-0.076
-0.088
-0.089
-0.1
-0.083
-0.031
-0.0021
0.0074
0.008
0.0087
0.0022
-0.018
-0.021
0.0074
0.039
0.039
0.0026
-0.062
-0.095
-0.094
-0.096
-0.094
-0.067
0.0063
0.087
0.099
0.017
-0.081
-0.11
-0.076
-0.038
-0.029
-0.018
-0.015
-0.0089
0.0068
-0.0038
-0.035
-0.055
-0.054
-0.057
-0.095
-0.15
-0.16
-0.077
0.062
0.17
0.19
0.13
0.072
0.021
0.012
0.018
0.0076
-0.017
-0.036
-0.019
0.011
0.018
0.017
0.022
0.028
0.039
0.061
0.093
0.13
0.13
0.12
0.092
0.052
0.037
0.057
0.045
-0.0052
-0.035
-0.013
0.05
0.1
0.11
0.048
-0.043
-0.11
-0.14
-0.16
-0.18
-0.16
-0.074
0.032
0.096
0.093
0.083
0.092
0.09
0.07
0.06
0.063
0.042
0.00087
-0.039
-0.047
-0.027
-0.022
-0.039
-0.05
-0.037
-0.017
0.0013
0.015
0.005
-0.04
-0.11
-0.18
-0.24
-0.27
-0.27
-0.26
-0.25
-0.25
-0.23
-0.21
-0.21
-0.21
-0.22
-0.24
-0.27
-0.29
-0.3
-0.29
-0.28
-0.28
-0.29
-0.3
-0.29
-0.28
-0.27
-0.27
-0.27
-0.27
-0.25
-0.23
-0.21
-0.22
-0.27
-0.32
-0.36
-0.36
-0.33
-0.3
-0.28
-0.27
-0.24
-0.21
-0.2
-0.22
-0.24
-0.24
-0.24
-0.23
-0.21
-0.19
-0.17
-0.16
-0.15
-0.14
-0.13
-0.14
-0.16
-0.19
-0.22
-0.23
-0.22
-0.2
-0.18
-0.16
-0.15
-0.14
-0.14
-0.15
-0.16
-0.16
-0.15
-0.13
-0.12
-0.11
-0.089
-0.071
-0.052
-0.04
-0.032
-0.026
-0.022
-0.029
-0.034
-0.035
-0.025
-0.0052
0.015
0.045
0.076
0.097
0.1
0.095
0.084
0.076
0.071
0.065
0.075
0.081
0.081
0.08
0.089
0.092
0.097
0.11
0.12
0.12
0.11
0.11
0.12
0.13
0.13
0.13
0.15
0.16
0.18
0.17
0.15
0.13
0.095
0.077
0.071
0.072
0.072
0.075
0.083
0.084
0.079
0.072
0.052
0.024
0.00029
-0.014
-0.014
0.0011
0.013
0.026
0.031
0.013
-0.0014
-0.022
-0.038
-0.021
0.007
0.02
0.03
0.026
0.021
0.029
0.035
0.048
0.051
0.031
-0.0012
-0.023
-0.02
0.0083
0.029
0.026
0.014
0.0042
0.0018
-0.018
-0.055
-0.071
-0.059
-0.036
-0.011
-0.01
-0.042
-0.052
-0.032
-0.00072
0.021
0.02
-0.00041
-0.016
-0.029
-0.029
-0.0023
0.031
0.045
0.036
0.025
0.031
0.042
0.045
0.043
0.009
-0.043
-0.065
-0.045
-0.0027
0.037
0.061
0.068
0.074
0.065
0.053
0.045
0.044
0.054
0.068
0.088
0.092
0.088
0.11
0.14
0.16
0.14
0.098
0.053
0.043
0.051
0.059
0.077
0.1
0.14
0.15
0.14
0.093
0.052
0.021
0.015
0.015
0.014
0.026
0.054
0.077
0.086
0.081
0.055
0.028
0.013
0.018
0.03
0.046
0.062
0.073
0.087
0.1
0.096
0.078
0.058
0.033
0.019
0.024
0.035
0.028
0.018
0.025
0.042
0.051
0.052
0.049
0.039
0.023
0.012
0.0099
0.01
0.023
0.051
0.079
0.087
0.055
0.0088
-0.0084
0.0036
0.023
0.041
0.047
0.056
0.086
0.12
0.14
0.14
0.13
0.12
0.12
0.12
0.11
0.12
0.14
0.16
0.18
0.19
0.19
0.17
0.16
0.16
0.16
0.15
0.15
0.16
0.17
0.18
0.2
0.19
0.18
0.16
0.15
0.13
0.11
0.11
0.11
0.13
0.15
0.15
0.13
0.13
0.15
0.14
0.13
0.11
0.11
0.12
0.13
0.12
0.13
0.14
0.14
0.12
0.11
0.11
0.13
0.13
0.11
0.098
0.091
0.097
0.11
0.13
0.13
0.12
0.12
0.097
0.085
0.079
0.074
0.066
0.058
0.057
0.053
0.028
0.0076
-0.00066
-0.011
-0.003
0.029
0.049
0.042
0.018
-0.011
-0.035
-0.057
-0.056
-0.026
0.0011
0.014
0.0086
-0.0058
0.0042
0.047
0.09
0.094
0.03
-0.063
-0.1
-0.084
-0.051
-0.035
-0.016
0.024
0.076
0.11
0.097
0.041
-0.053
-0.12
-0.12
-0.045
0.096
0.18
0.11
-0.009
-0.05
-0.0071
0.026
0.0096
-0.025
-0.047
-0.053
-0.044
-0.031
-0.029
-0.014
0.014
0.049
0.052
-0.0089
-0.099
-0.15
-0.13
-0.081
-0.041
-0.03
-0.049
-0.069
-0.053
-0.028
-0.037
-0.07
-0.089
-0.086
-0.088
-0.079
-0.065
-0.056
-0.034
-0.023
-0.033
-0.064
-0.099
-0.097
-0.051
-0.013
-0.022
-0.061
-0.084
-0.072
-0.052
-0.035
-0.02
-0.012
-0.011
0.0055
0.036
0.043
0.033
0.017
0.01
0.02
0.023
0.011
-0.0023
-0.0025
0.0096
0.022
0.033
0.02
-0.0084
-0.022
-0.014
-0.011
-0.031
-0.045
-0.03
-0.00093
0.025
0.041
0.039
0.02
-0.0014
0.00053
0.013
0.0069
-0.0032
-0.012
-0.012
-0.0035
0.00011
0.018
0.036
0.042
0.045
0.05
0.04
0.014
-0.02
-0.047
-0.042
-0.023
-0.025
-0.037
-0.038
-0.0016
0.05
0.078
0.062
0.022
-0.0036
-0.0076
-0.00093
-0.00078
0.0031
0.024
0.049
0.066
0.062
0.048
0.024
-0.0016
-0.016
-0.015
-0.012
-0.021
-0.019
0.0058
0.051
0.088
0.12
0.14
0.12
0.087
0.054
0.035
0.015
0.0041
0.0075
0.017
0.033
0.061
0.09
0.099
0.095
0.083
0.071
0.056
0.045
0.037
0.041
0.066
0.1
0.14
0.16
0.16
0.14
0.12
0.1
0.086
0.069
0.057
0.059
0.074
0.09
0.093
0.089
0.094
0.095
0.09
0.094
0.086
0.064
0.045
0.04
0.031
0.01
0.00063
0.0063
0.015
0.011
0.012
0.012
-0.0022
-0.018
-0.032
-0.04
-0.044
-0.041
-0.022
0.0048
0.02
0.017
-0.0018
-0.025
-0.041
-0.052
-0.061
-0.064
-0.059
-0.046
-0.018
-0.00069
7.6e-005
-0.006
-0.015
-0.014
-0.012
-0.019
-0.02
-0.019
-0.015
-0.0057
0.0062
0.0083
-0.0018
-4.6e-005
0.0022
0.0071
0.016
0.021
0.017
0.0047
0.0045
0.012
0.012
-0.007
-0.014
-0.011
-0.0079
-0.0078
-0.012
-0.018
-0.016
0.0078
0.021
0.016
-0.0037
-0.019
-0.012
0.0042
0.00014
-0.019
-0.018
0.0027
0.013
0.0071
-0.0089
-0.018
-0.016
-0.012
-0.013
-0.02
-0.028
-0.014
0.018
0.046
0.054
0.041
0.012
-0.02
-0.026
-0.019
-0.019
-0.029
-0.03
0.0011
0.045
0.061
0.038
-0.006
-0.043
-0.069
-0.082
-0.088
-0.088
-0.082
-0.066
