-0.0067
0.012
0.0036
-0.0026
0.014
0.024
0.01
0.0065
0.019
0.0084
-0.0043
0.0028
0.0082
0.0028
0.011
0.019
0.0078
-0.0074
-0.021
-0.014
0.0029
0.01
0.013
0.015
0.0026
-0.0031
0.004
-0.0063
-0.026
-0.03
-0.014
-0.0069
-0.023
-0.017
0.016
0.02
-0.01
-0.024
0.0021
0.023
0.019
0.0029
0.0016
0.0048
0.0039
-0.0052
-0.0056
0.012
0.027
0.014
-0.011
-0.0072
0.011
0.012
0.00032
-0.001
0.0021
-0.011
-0.0069
0.029
0.049
0.03
0.013
0.013
0.0014
-0.0095
-0.0056
0.0037
0.015
0.02
0.022
0.018
0.012
-0.00047
-0.0058
-0.00084
0.0056
0.017
0.019
0.019
0.015
0.012
0.0034
-0.019
-0.021
-0.0074
-0.011
-0.008
0.012
0.025
0.016
0.012
0.0079
0.0068
0.0022
0.011
0.024
0.032
0.037
0.026
0.016
0.018
0.01
-0.0087
-0.012
-0.0021
-0.0045
-0.011
0.0013
0.022
0.0057
-0.016
0.00072
0.013
0.0099
0.011
0.02
0.032
0.039
0.026
0.013
0.019
0.031
0.032
0.027
0.031
0.027
0.016
0.017
0.027
0.021
0.008
0.0088
0.021
0.028
0.0084
-0.01
0.0016
0.013
-0.00056
-0.011
-0.0012
0.0094
0.0015
-0.0049
-0.0088
-0.01
-0.014
-0.011
-0.0081
-0.0079
-0.0033
0.0048
-0.00032
-0.0086
-0.002
-0.00093
-0.014
-0.015
-0.0098
-0.016
-0.014
0.011
0.023
-0.0039
-0.026
-0.02
-0.015
-0.019
-0.016
-0.0045
0.0058
0.012
0.0076
0.004
0.0009
-0.005
-0.0048
0.011
0.015
0.0054
0.01
0.023
0.025
0.02
0.019
0.012
0.0071
0.01
0.0063
0.0055
0.018
0.03
0.019
-0.0039
-0.013
-0.013
-0.009
-0.012
-0.01
-0.0092
0.00084
0.0093
-0.00081
-0.013
-0.0098
-0.0016
-0.011
-0.018
-0.005
-0.0022
-0.016
-0.018
-0.012
-0.019
-0.016
0.0039
0.0096
-0.004
-0.0028
0.01
0.0073
0.0021
-0.0022
-0.0026
-0.0016
-0.012
-0.017
-0.0002
0.0098
-0.001
0.0051
0.012
-0.0077
-0.018
0.0065
0.024
0.0076
0.0051
0.029
0.029
0.0061
-0.013
-0.011
0.0083
0.025
0.009
-0.013
-0.0026
0.0074
-0.01
-0.024
-0.0072
0.013
0.026
0.019
0.0065
0.011
0.013
0.002
-0.00078
0.0043
-0.013
-0.032
-0.017
0.0078
0.014
0.0071
-4.6e-005
-0.013
-0.021
-0.013
-0.011
-0.00041
0.024
0.026
0.002
-0.0083
-0.005
-0.021
-0.023
-0.0026
0.0089
-0.0037
-0.011
-0.0063
-0.0099
-0.018
-0.022
-0.019
-0.015
-0.027
-0.025
0.0046
0.028
0.013
-0.0092
-0.022
-0.022
-0.02
-0.014
0.0015
0.011
0.031
0.035
0.019
0.016
0.029
0.021
-0.00056
0.0056
0.026
0.024
0.018
0.041
0.051
0.025
0.0094
0.0095
0.013
0.021
0.02
0.016
0.024
0.027
0.0077
-0.0093
-0.0017
0.016
0.014
0.0011
0.011
0.023
0.017
0.0066
0.009
0.0079
0.00041
0.0028
0.017
0.013
-0.0091
-0.0092
0.011
0.0032
-0.027
-0.041
-0.017
-0.0085
-0.017
-0.0095
0.0083
0.013
0.0097
0.014
0.017
0.017
0.023
0.039
0.047
0.048
0.042
0.031
0.03
0.027
0.011
0.013
0.029
0.04
0.036
0.02
0.014
0.017
0.014
0.011
0.013
0.022
0.041
0.04
0.026
0.027
0.033
0.021
0.0081
0.004
-0.0032
-0.0017
0.0092
0.023
0.027
0.017
-0.00056
-0.013
-0.0013
0.013
0.0053
0.011
0.035
0.054
0.036
0.012
0.0002
0.0011
0.0017
-0.00081
-0.0045
0.0076
0.029
0.025
0.0061
-0.011
-0.015
-0.012
-0.016
-0.011
0.0086
0.013
-0.0044
-0.013
-0.0061
0.0013
0.0074
0.0091
0.0049
0.0051
0.02
0.028
0.015
-0.0044
-0.0059
0.015
0.02
0.012
0.018
0.024
0.016
0.01
0.0098
0.0049
-0.0049
-0.0084
0.0025
0.0083
-0.0046
-0.0087
-0.0012
0.0014
-0.0063
-0.017
-0.012
-0.0033
-0.0046
-0.022
-0.025
-0.019
-0.016
-0.019
-0.023
-0.014
-0.0011
0.029
0.07
0.071
0.056
0.037
0.033
0.05
0.049
0.037
0.048
0.077
0.082
0.052
0.026
0.025
0.024
0.016
0.012
0.012
0.013
0.0058
-0.0014
-0.0022
-0.0044
-0.0038
-0.0005
-0.009
-0.018
-0.019
-0.0022
0.02
0.01
-0.012
-0.019
-0.016
-0.011
-0.011
-0.0049
0.0069
0.027
0.039
0.018
-0.0032
-0.0044
0.02
0.029
0.028
0.031
0.038
0.039
0.026
0.009
0.012
0.021
0.0095
0.00044
0.014
0.019
0.0032
-0.0022
0.00096
-0.0059
-0.013
-0.017
-0.021
-0.01
0.0088
0.016
0.028
0.051
0.043
-0.0061
-0.039
-0.022
0.017
0.036
0.035
0.025
0.026
0.017
-0.0011
0.0042
0.024
0.046
0.054
0.027
-0.011
-0.038
-0.027
0.0081
0.026
0.0097
-0.01
-0.0099
0.005
0.031
0.029
0.0092
-0.018
-0.038
-0.042
-0.036
-0.026
0.0016
0.017
-0.00084
-0.02
-0.029
-0.024
-0.019
-0.031
-0.03
-0.0029
0.031
0.05
0.032
-0.0033
-0.015
-0.014
-0.023
-0.025
-0.018
0.0036
0.019
-0.004
-0.026
-0.033
-0.045
-0.057
-0.045
-0.035
-0.037
-0.033
-0.023
-0.024
-0.035
-0.039
-0.037
-0.04
-0.027
-0.025
-0.032
-0.023
0.0066
0.021
0.005
-0.013
-0.021
-0.012
-0.01
-0.013
-0.0041
0.021
0.028
0.013
0.0013
-0.0044
-0.0045
-0.0053
-0.0011
0.014
0.025
0.021
0.015
0.018
0.018
0.016
0.013
0.015
0.022
0.016
0.02
0.031
0.021
0.0018
-0.0052
-0.0024
-0.003
0.0057
0.017
0.0099
-0.011
-0.019
-0.022
-0.035
-0.052
-0.047
-0.035
-0.042
-0.046
-0.033
-0.015
0.0027
-0.005
-0.024
-0.02
0.00093
0.022
0.038
0.06
0.11
0.21
0.26
0.24
0.22
0.23
0.25
0.24
0.18
0.12
0.084
0.091
0.12
0.095
0.086
0.13
0.17
0.17
0.13
0.11
0.11
0.088
0.06
0.033
0.019
0.036
0.056
0.033
0.0019
-0.0075
0.016
0.038
0.0025
-0.046
-0.054
-0.039
-0.054
-0.11
-0.15
-0.16
-0.16
-0.16
-0.15
-0.14
-0.14
-0.15
-0.18
-0.17
-0.12
-0.08
-0.11
-0.14
-0.11
-0.046
0.022
0.044
0.013
-0.021
-0.024
-0.0053
0.0071
0.0036
-0.011
-0.035
-0.048
-0.052
-0.079
-0.11
-0.099
-0.085
-0.089
-0.082
0.02
0.13
0.11
0.013
-0.071
-0.072
-0.052
-0.072
-0.094
-0.062
0.0046
0.055
0.074
0.06
0.035
0.027
0.025
0.026
0.039
0.037
0.029
0.043
0.078
0.1
0.11
0.099
0.085
0.049
0.033
0.06
0.074
0.054
0.016
0.011
0.042
0.061
0.044
0.031
0.037
0.042
0.023
-0.0091
-0.029
-0.019
0.017
0.062
0.073
0.044
0.019
0.0099
-0.0046
-0.023
-0.033
-0.01
0.029
0.044
0.029
0.0042
-0.013
-0.017
-0.0024
0.0013
-0.02
-0.031
-0.018
0.0032
0.013
0.016
0.021
0.024
0.0032
-0.035
-0.031
0.0072
0.032
0.019
-0.027
-0.047
-0.043
-0.03
-0.017
-0.0012
0.003
0.01
0.025
0.037
0.034
0.013
0.013
0.033
0.057
0.069
0.072
0.095
0.13
0.14
0.12
0.07
0.041
0.022
0.014
0.019
0.019
0.014
0.006
-0.012
-0.031
-0.041
-0.067
-0.09
-0.099
-0.086
-0.061
-0.053
-0.064
-0.084
-0.1
-0.098
-0.073
-0.067
-0.071
-0.062
-0.046
-0.019
-0.0019
-0.011
-0.023
-0.021
0.0088
0.041
0.053
0.041
0.031
0.028
0.031
0.033
0.037
0.044
0.043
0.035
0.033
0.037
0.03
0.011
-0.0023
0.0025
0.00084
-0.025
-0.044
-0.048
-0.054
-0.074
-0.099
-0.13
-0.17
-0.17
-0.13
-0.094
-0.071
-0.063
-0.082
-0.14
-0.22
-0.29
-0.27
-0.21
-0.16
-0.13
-0.13
-0.15
-0.15
-0.13
-0.15
-0.23
-0.34
-0.42
-0.45
-0.38
-0.21
0.031
0.24
0.29
0.12
-0.29
-0.74
-0.89
-0.65
-0.14
0.21
0.25
0.045
-0.22
-0.39
-0.45
-0.32
-0.048
0.15
0.28
0.36
0.33
0.26
0.17
0.048
-0.0024
-0.017
-0.053
-0.038
-0.059
-0.24
-0.5
-0.63
-0.55
-0.45
-0.47
-0.47
-0.28
-0.037
0.11
0.22
0.4
0.59
0.67
0.63
0.58
0.6
0.67
0.68
0.57
0.46
0.48
0.56
0.58
0.52
0.4
0.29
0.2
0.1
-0.074
-0.29
-0.43
-0.49
-0.56
-0.69
-0.77
-0.79
-0.83
-0.88
-0.9
-0.9
-0.9
-0.9
-0.89
-0.88
-0.84
-0.72
-0.61
-0.49
-0.3
-0.099
0.07
0.19
0.3
0.38
0.44
0.5
0.56
0.61
0.63
0.62
0.63
0.64
0.62
0.59
0.58
0.58
0.56
0.52
0.49
0.49
0.49
0.47
0.42
0.37
0.35
0.34
0.29
0.23
0.2
0.17
0.15
0.094
0.054
0.05
0.077
0.094
0.071
0.032
-0.0022
-0.042
-0.08
-0.11
-0.14
-0.16
-0.19
-0.23
-0.25
-0.25
-0.28
-0.3
-0.28
-0.25
-0.23
-0.21
-0.17
-0.12
-0.07
-0.055
-0.051
-0.041
-0.037
-0.03
-0.015
-0.015
-0.025
-0.016
0.026
0.066
0.068
0.045
0.028
0.037
0.071
0.088
0.094
0.1
0.1
0.095
0.098
0.11
0.14
0.19
0.23
0.27
0.29
0.28
0.28
0.29
0.3
0.28
0.25
0.23
0.19
0.14
0.12
0.14
0.15
0.11
0.071
0.047
0.025
0.0026
-0.016
-0.026
-0.016
-0.011
-0.029
-0.07
-0.11
-0.12
-0.12
-0.12
-0.16
-0.17
-0.14
-0.13
-0.15
-0.18
-0.18
-0.19
-0.18
-0.15
-0.14
-0.13
-0.13
-0.095
-0.059
-0.028
-0.013
-0.00087
0.0033
0.012
0.024
0.034
0.052
0.066
0.071
0.065
0.052
0.032
0.022
0.047
0.089
0.12
0.13
0.14
0.13
0.13
0.16
0.18
0.19
0.2
0.22
0.22
0.21
0.19
0.17
0.16
0.15
0.13
0.13
0.12
0.1
0.091
0.078
0.054
0.034
0.022
0.011
0.0033
-0.0096
-0.022
-0.017
-0.0011
0.00075
-0.023
-0.055
-0.072
-0.068
-0.077
-0.083
-0.083
-0.073
-0.056
-0.047
-0.045
-0.036
-0.036
-0.048
-0.035
-0.009
-0.013
-0.031
-0.035
-0.035
-0.042
-0.028
-0.0019
0.0071
-0.0021
-0.011
-0.012
-0.011
0.0036
0.025
0.045
0.056
0.06
0.062
0.057
0.043
0.032
0.035
0.033
0.022
0.02
0.043
0.071
0.087
0.096
0.098
0.093
0.097
0.098
0.1
0.11
0.11
0.1
0.097
0.11
0.1
0.08
0.048
0.039
0.037
0.04
0.039
0.034
0.033
0.035
0.035
0.033
0.027
0.021
0.014
0.011
0.016
0.011
-0.011
-0.022
-0.02
-0.022
-0.022
-0.025
-0.035
-0.032
-0.026
-0.031
-0.043
-0.048
-0.035
-0.014
-0.0033
0.0023
0.011
0.018
0.014
0.0046
-0.0093
-0.02
-0.021
-0.0058
0.016
0.02
0.0094
0.019
0.031
0.033
0.025
0.024
0.044
0.067
0.077
0.074
0.08
0.073
0.061
0.049
0.051
0.068
0.08
0.085
0.085
0.086
0.086
0.076
0.058
0.044
0.029
0.029
0.059
0.082
0.078
0.055
0.033
0.016
0.0062
0.014
0.033
0.044
0.045
0.044
0.034
0.0075
-0.0062
-0.0038
-0.019
-0.05
-0.065
-0.054
-0.024
-0.0031
0.0042
0.0057
-0.014
-0.035
-0.025
-0.0086
0.0041
0.02
0.048
0.057
0.031
-0.014
-0.063
-0.086
-0.064
-0.017
0.0095
0.025
0.039
0.032
0.021
0.022
0.032
0.036
0.042
0.049
0.045
0.04
0.057
0.068
0.059
0.066
0.079
0.066
0.043
0.035
0.058
0.09
0.11
0.096
0.065
0.032
0.012
0.032
0.078
0.11
0.11
0.097
0.071
0.033
0.007
0.0046
0.026
0.043
0.031
0.025
0.055
0.11
0.13
0.13
0.11
0.081
0.035
0.024
0.052
0.081
0.089
0.077
0.07
0.062
0.061
0.07
0.067
0.066
0.06
0.053
0.065
0.077
0.066
0.057
0.064
0.058
0.035
0.021
0.022
0.016
0.0034
-0.0062
-0.011
-0.01
-0.019
-0.036
-0.041
-0.037
-0.028
-0.0067
0.015
0.015
0.0082
0.0051
0.0089
0.0054
-0.0025
-0.0039
0.0022
0.013
0.022
0.022
0.02
0.025
0.035
0.029
0.022
0.027
0.04
0.04
0.03
0.011
-0.014
-0.027
-0.026
-0.013
-0.0021
-0.0014
-0.01
-0.012
-0.00023
0.018
0.025
0.017
0.014
0.0065
-0.00014
0.011
0.011
0.00093
0.0027
-0.0047
-0.01
0.0046
0.014
0.011
-0.00066
-0.003
0.006
0.0075
-0.00038
-0.0078
-0.012
-0.012
-0.0021
0.0034
0.0014
0.0037
0.0075
0.011
0.0026
-0.02
-0.026
-0.0071
0.0037
1.5e-005
-0.015
-0.022
-0.025
-0.021
-0.015
-0.011
-0.012
-0.0091
-0.0077
-0.0098
-0.0016
4.6e-005
-0.015
-0.026
-0.016
0.0084
0.023
0.02
0.0057
0.00099
0.0038
0.028
0.065
0.073
0.051
0.029
0.026
0.038
0.055
0.063
0.068
0.07
0.077
0.087
0.072
0.048
0.04
0.055
0.072
0.069
0.059
0.059
0.061
0.057
0.069
0.088
0.091
0.085
0.08
0.072
0.063
0.069
0.078
0.079
0.081
0.081
0.078
0.065
0.065
0.072
0.093
0.12
0.12
0.098
0.085
0.072
0.064
0.074
0.078
0.065
0.051
0.046
0.05
0.029
-0.0078
-0.03
-0.031
-0.013
0.013
0.038
0.046
0.034
0.03
0.031
0.016
-0.0085
-0.023
-0.027
-0.024
-0.014
-0.013
-0.03
-0.057
-0.077
-0.076
-0.045
-0.015
-0.013
-0.018
-0.015
-0.011
-0.032
-0.066
-0.097
-0.11
-0.11
-0.11
-0.087
-0.068
-0.059
-0.062
-0.067
-0.075
-0.077
-0.087
-0.12
-0.15
-0.15
-0.12
-0.1
-0.064
-0.041
-0.05
-0.049
-0.044
-0.055
-0.078
-0.078
-0.077
-0.11
-0.14
-0.14
-0.14
-0.13
-0.11
-0.057
-0.023
-0.024
-0.051
-0.067
-0.063
-0.045
-0.029
-0.035
-0.069
-0.1
-0.1
-0.092
-0.075
-0.068
-0.081
-0.098
-0.12
-0.13
-0.12
-0.097
-0.08
-0.066
-0.053
-0.041
-0.026
-0.019
-0.0058
-0.0013
-0.011
-0.021
-0.018
-0.0071
0.0016
-0.021
-0.073
-0.12
-0.15
-0.13
-0.089
-0.073
-0.065
-0.049
-0.032
-0.018
-0.0077
-0.018
-0.045
-0.076
-0.1
-0.11
-0.092
-0.065
-0.037
-0.03
-0.031
-0.036
-0.044
-0.043
-0.033
-0.017
0.0025
0.0055
-0.018
-0.04
-0.06
-0.072
-0.061
-0.036
0.0044
0.017
0.02
0.022
0.019
0.016
0.00017
-0.011
-0.0065
0.0036
0.0065
0.017
0.033
0.048
0.055
0.046
0.022
-0.0016
0.0022
0.033
0.047
0.04
0.04
0.043
0.025
-0.017
-0.053
-0.048
-0.016
0.015
0.044
0.051
0.045
0.045
0.043
0.021
-0.0086
-0.026
-0.042
-0.037
-0.023
-0.016
-0.0064
0.0086
0.0036
0.00056
0.0097
0.01
0.028
0.052
0.05
0.037
0.034
0.057
0.087
0.098
0.081
0.07
0.084
0.11
0.1
0.05
-0.0095
-0.052
-0.039
0.0095
0.043
0.07
0.083
0.066
0.037
0.016
-0.0085
-0.042
-0.076
-0.082
-0.032
0.014
0.015
-0.022
-0.062
-0.06
-0.03
-0.019
-0.057
-0.11
-0.13
-0.12
-0.091
-0.082
-0.08
-0.082
-0.094
-0.1
-0.084
-0.074
-0.081
-0.078
-0.061
-0.059
-0.083
-0.11
-0.13
-0.15
-0.14
-0.1
-0.062
-0.049
-0.043
-0.045
-0.054
-0.051
-0.047
-0.05
-0.063
-0.065
-0.056
-0.046
-0.043
-0.061
-0.071
-0.057
-0.046
-0.063
-0.065
-0.032
-0.006
0.0035
0.019
0.025
0.0042
-0.0082
-0.0099
-0.0069
-0.011
-0.034
-0.038
-0.016
0.0037
-0.0029
-0.015
-0.013
-0.0015
0.019
0.056
0.088
0.079
0.067
0.057
0.019
-0.00041
0.016
0.021
0.0053
-0.011
-0.024
-0.035
-0.017
0.013
0.034
0.024
0.0097
0.0074
0.02
0.038
0.029
0.0038
-0.029
-0.051
-0.038
0.0026
0.018
-0.02
-0.051
-0.049
-0.036
-0.037
-0.069
-0.11
-0.12
-0.081
-0.046
-0.04
-0.027
-0.014
-0.015
-0.033
-0.044
-0.047
-0.028
-0.0078
-0.014
-0.036
-0.048
-0.028
-0.014
0.0019
0.029
0.035
0.015
-0.013
-0.027
-0.024
-0.0053
0.02
0.04
0.055
0.075
0.1
0.12
0.13
0.12
0.097
0.066
0.044
0.012
-0.00075
0.023
0.062
0.092
0.087
0.057
0.031
0.029
0.044
0.048
0.049
0.041
0.051
0.095
0.12
0.11
0.074
0.052
0.055
0.078
0.097
0.095
0.071
0.043
0.04
0.049
0.064
0.078
0.07
0.041
0.021
0.03
0.052
0.066
0.047
0.022
0.02
0.027
0.032
0.031
0.042
0.071
0.097
0.1
0.081
0.041
0.0059
0.0043
0.011
0.013
0.013
0.024
0.047
0.057
0.048
0.025
0.0093
0.017
0.032
0.036
0.035
0.032
0.024
0.026
0.027
0.032
0.032
0.014
-0.0047
-0.015
-0.011
-0.0085
-0.0054
-0.007
-0.0035
0.019
0.028
0.032
0.03
0.02
0.016
0.0043
-0.013
-0.031
-0.04
-0.04
-0.031
-0.022
-0.022
-0.019
-0.0076
0.022
0.029
-0.0015
-0.031
-0.02
0.0048
0.021
0.02
-0.0041
-0.023
-0.033
-0.034
-0.043
-0.059
-0.064
-0.055
-0.043
-0.026
-0.022
-0.017
-0.018
-0.037
-0.046
-0.041
-0.051
-0.068
-0.061
-0.035
-0.02
-0.02
-0.021
-0.028
-0.019
-0.012
-0.019
-0.023
-0.019
-0.018
-0.021
-0.016
-0.028
-0.047
-0.045
-0.035
-0.035
-0.038
-0.034
-0.048
-0.051
-0.045
-0.062
-0.076
-0.074
-0.049
-0.032
-0.024
-0.03
-0.037
-0.038
-0.036
-0.016
0.004
0.014
0.014
-0.0047
-0.018
-0.013
-0.015
-0.026
-0.033
-0.026
-0.0094
0.018
0.042
0.037
0.024
0.031
0.043
0.036
0.019
0.02
0.023
0.036
0.056
0.048
0.031
0.027
0.035
0.037
0.033
0.041
0.054
0.075
0.092
0.098
0.093
0.088
0.1
0.11
0.1
0.087
0.069
0.059
0.055
0.056
0.058
0.069
0.084
0.1
0.11
0.078
0.048
0.047
0.066
0.077
0.073
0.061
0.053
0.05
0.047
0.061
0.071
0.067
0.057
0.04
0.023
0.006
0.012
0.008
0.00047
0.018
0.037
0.041
0.031
0.028
0.03
0.023
0.0035
-0.019
-0.048
-0.072
-0.063
-0.029
0.0052
0.027
0.041
0.045
0.049
0.047
0.037
0.026
0.0071
-0.013
-0.033
-0.038
-0.016
0.013
0.049
0.082
0.093
0.071
0.039
0.012
-0.011
-0.028
-0.024
-0.006
0.0038
0.015
0.029
0.037
0.037
0.043
0.058
0.058
0.049
0.029
0.011
-0.001
-0.0056
0.0032
0.00087
0.0028
0.028
0.073
0.11
0.1
0.072
0.032
0.013
0.016
0.029
0.044
0.058
0.065
0.063
0.065
0.082
0.11
0.11
0.08
0.062
0.052
0.053
0.056
0.07
0.091
0.08
0.076
0.078
0.056
0.018
0.0017
0.018
0.034
0.028
0.021
0.036
0.061
0.078
0.077
0.063
0.042
0.0074
-0.013
-0.0059
-0.012
-0.031
-0.019
0.0054
0.0033
-0.01
-0.009
-0.0063
-0.015
-0.0054
0.01
0.015
0.016
0.013
0.02
0.033
0.044
0.038
0.026
0.02
0.012
0.015
0.032
0.038
0.027
0.017
-0.0022
-0.014
-0.0022
0.0092
0.012
0.0032
-0.0037
-0.013
-0.03
-0.045
-0.051
-0.033
-0.016
-0.0024
0.0061
0.016
0.033
0.029
0.0062
-0.015
-0.018
-0.011
0.0025
0.012
0.0063
-0.0047
-0.0025
0.00069
-0.015
-0.019
-0.0063
0.0025
0.0061
-0.0072
-0.029
-0.029
-0.015
-0.0038
-0.01
-0.024
-0.041
-0.062
-0.071
-0.062
-0.041
-0.02
-0.026
-0.05
-0.064
-0.078
-0.09
-0.085
-0.079
-0.079
-0.087
-0.086
-0.071
-0.066
-0.059
-0.043
-0.043
-0.068
-0.09
-0.11
-0.12
-0.12
-0.1
-0.091
-0.087
-0.094
-0.07
-0.029
-0.017
-0.022
-0.023
-0.02
-0.022
-0.026
-0.027
-0.032
-0.037
-0.035
-0.026
-0.005
0.015
0.012
-0.00069
-0.019
-0.051
-0.064
-0.049
-0.03
-0.0077
0.0073
0.0055
-0.0012
-0.0043
-0.021
-0.036
-0.035
-0.026
-0.029
-0.041
-0.048
-0.043
-0.035
-0.022
-0.018
-0.025
-0.035
-0.037
-0.038
-0.023
-0.008
-0.01
0.0065
0.019
0.0077
-0.016
-0.015
0.00063
0.0062
0.012
0.013
-0.0023
-0.03
-0.037
-0.017
0.0029
0.01
0.0026
-0.015
-0.031
-0.034
-0.018
-0.015
-0.026
-0.024
-0.018
-0.019
-0.0045
0.016
0.023
0.02
0.009
0.013
0.012
0.0012
-0.016
-0.024
-0.027
-0.015
0.018
0.031
0.024
0.017
0.0092
-0.0061
-0.022
-0.011
0.0019
0.0097
0.018
0.031
0.041
0.038
0.034
0.027
0.023
0.018
0.0046
-0.0089
-0.018
-0.021
-0.016
0.011
0.029
0.026
0.02
-0.0023
-0.036
-0.048
-0.035
-0.02
-0.024
-0.03
-0.033
-0.042
-0.048
-0.045
-0.038
-0.025
-0.0084
-0.0077
-0.014
-0.02
-0.041
-0.054
-0.045
-0.04
-0.044
-0.042
-0.021
-0.006
-0.0043
-0.0052
-0.014
-0.019
-0.026
-0.028
-0.019
-0.016
-0.012
-0.0095
-0.003
-0.0061
-0.014
-0.021
-0.031
-0.032
-0.022
0.0069
0.029
0.025
0.02
0.031
0.034
0.023
0.015
0.01
0.0023
0.007
0.025
0.023
0.013
0.0085
0.0045
0.0044
0.0085
0.0063
0.00032
0.0053
0.015
0.011
-0.0002
-0.0088
-0.00078
0.018
0.035
0.041
0.042
0.045
0.031
0.021
0.03
0.053
0.071
0.063
0.045
0.042
0.056
0.075
0.076
0.068
0.063
0.052
0.033
0.035
0.046
0.055
0.055
0.057
0.066
0.075
0.07
0.054
0.066
0.08
0.068
0.051
0.042
0.031
0.017
0.015
0.027
0.046
0.05
0.041
0.026
0.011
0.0031
0.0036
0.021
0.033
0.036
0.039
0.03
0.028
0.034
0.034
0.026
0.013
0.0019
-0.015
-0.023
-0.013
0.00084
-0.00066
-0.0085
-0.01
-0.012
-0.01
-0.0089
-0.0088
-0.0014
0.0058
0.011
0.0058
-0.0088
-0.035
-0.047
-0.033
-0.013
-0.011
-0.013
-0.0037
-0.0058
-0.012
-0.013
-0.015
-0.022
-0.03
-0.031
-0.034
-0.036
-0.036
-0.02
0.0047
0.014
0.0084
-0.0042
-0.019
-0.018
0.00026
0.01
0.0032
-0.0098
-0.022
-0.02
-0.011
0.0021
0.01
0.016
0.029
0.037
0.046
0.045
0.039
0.04
0.039
0.041
0.056
0.067
0.061
0.058
0.056
0.061
0.068
0.073
0.079
0.081
0.077
0.063
0.041
0.031
0.051
0.08
0.1
0.11
0.11
0.088
0.072
0.058
0.049
0.053
0.057
0.054
0.06
0.061
0.055
0.05
0.053
0.062
0.057
0.047
0.035
0.019
0.026
0.053
0.077
0.088
0.075
0.046
0.033
0.045
0.061
0.069
0.081
0.089
0.076
0.05
0.022
0.0073
0.0037
0.00069
0.021
0.055
0.093
0.12
0.11
0.07
0.03
0.0029
0.0018
0.007
0.011
0.03
0.05
0.072
0.1
0.13
0.14
0.12
0.078
0.043
0.005
-0.025
-0.028
-0.015
0.0047
0.056
0.1
0.1
0.065
0.044
0.047
0.052
0.024
-0.035
-0.075
-0.07
-0.029
0.013
0.032
0.033
0.04
0.061
0.058
0.024
-0.025
-0.069
-0.081
-0.059
-0.011
0.046
0.08
0.093
0.078
0.052
0.04
0.029
-0.005
-0.036
-0.042
-0.026
0.0076
0.028
0.026
0.026
0.024
0.0053
-0.0016
0.0023
-0.0013
-0.0065
-0.015
-0.024
-0.024
0.00069
0.035
0.039
0.019
-0.00096
-0.019
-0.023
-0.0072
0.0021
-0.0069
-0.0082
-0.012
-0.0095
0.003
0.013
0.011
-0.0029
-0.0085
-0.0054
0.012
0.026
0.026
0.018
0.0038
-0.015
-0.015
0.0037
0.0049
-0.012
-0.022
-0.021
-0.018
-0.016
0.0023
0.022
0.03
0.021
-0.0083
-0.028
-0.033
-0.033
-0.021
-0.0031
-0.0067
-0.02
-0.014
-0.0026
0.00041
-0.0063
-0.0057
-0.00099
0.0002
-0.0055
-0.015
-0.011
-0.0094
-0.011
-0.0086
-0.021
-0.045
-0.061
-0.077
-0.094
-0.091
-0.08
-0.069
-0.052
-0.032
-0.027
-0.051
-0.062
-0.055
-0.063
-0.077
-0.08
-0.074
-0.067
-0.066
-0.062
-0.055
-0.069
-0.085
-0.072
-0.075
-0.086
-0.082
-0.063
-0.047
-0.041
-0.052
-0.067
-0.079
-0.077
-0.056
-0.035
-0.022
-0.021
-0.028
-0.026
-0.034
-0.051
-0.053
-0.041
-0.03
-0.021
-0.02
-0.031
-0.039
-0.027
0.002
0.011
-0.0038
-0.013
-0.012
-0.0096
-0.0097
-0.011
-0.012
0.01
0.032
0.039
0.047
0.051
0.052
0.057
0.068
0.063
0.053
0.038
0.02
0.0096
0.0027
0.0082
0.022
0.039
0.057
0.046
0.021
0.005
-0.0005
-0.0014
-0.0031
-0.0067
0.0054
0.031
0.033
0.012
0.0038
0.012
0.0095
-0.0067
-0.017
-0.025
-0.022
0.0042
0.03
0.029
0.023
0.026
0.018
0.003
-0.014
-0.022
-0.014
0.0063
0.0072
-0.0049
-0.015
-0.027
-0.027
-0.022
-0.016
-0.012
-0.016
-0.019
-0.011
-0.0034
-0.0031
-0.0078
-0.022
-0.028
-0.018
-0.015
0.0015
0.02
0.02
0.012
0.00023
0.0016
0.018
0.044
0.043
0.026
0.016
0.015
0.016
0.023
0.024
0.011
0.026
0.068
0.1
0.12
0.13
0.12
0.09
0.059
0.04
0.023
0.0077
0.0011
0.02
0.058
0.11
0.15
0.16
0.14
0.093
0.057
0.022
-0.0013
-0.012
-0.011
0.01
0.033
0.069
0.11
0.12
0.11
0.094
0.059
0.018
-0.012
-0.026
-0.015
0.0002
0.016
0.032
0.05
0.07
0.076
0.078
0.074
0.052
0.012
-0.017
-0.046
-0.063
-0.046
-0.015
0.023
0.052
0.05
0.031
0.011
-0.0037
-0.017
-0.03
-0.049
-0.065
-0.062
-0.056
-0.031
0.0078
0.035
0.059
0.082
0.076
0.027
-0.026
-0.05
-0.035
-0.0026
0.031
0.046
0.049
0.053
0.057
0.067
0.076
0.074
0.063
0.054
0.04
0.033
0.04
0.046
0.063
0.071
0.061
0.058
0.063
0.063
0.048
0.039
0.042
0.058
0.062
0.054
0.043
0.031
0.018
0.0002
0.0044
0.026
0.035
0.021
0.0011
-0.0047
0.013
0.039
0.034
0.0052
-0.026
-0.049
-0.058
-0.048
-0.036
-0.04
-0.047
-0.045
-0.031
-0.012
-0.0063
-0.013
-0.035
-0.053
-0.071
-0.1
-0.13
-0.12
-0.11
-0.089
-0.059
-0.047
-0.06
-0.078
-0.09
-0.095
-0.098
-0.1
-0.097
-0.075
-0.051
-0.045
-0.054
-0.045
-0.043
-0.052
-0.041
-0.028
-0.032
-0.042
-0.042
-0.032
-0.028
-0.026
-0.016
-0.0065
0.0044
0.01
0.013
0.0061
0.0017
0.0042
0.0077
0.018
0.032
0.033
0.032
0.04
0.034
0.02
0.018
0.027
0.03
0.023
0.021
0.02
0.026
0.034
0.035
0.019
-0.00084
-0.0062
-0.00096
0.011
0.017
0.0041
-0.0062
-0.011
-0.0087
-0.0071
-0.0037
0.0063
0.021
0.026
0.016
0.0068
0.0069
0.014
0.0097
1.5e-005
0.0044
0.017
0.028
0.031
0.03
0.021
0.017
0.013
0.015
0.026
0.029
0.03
0.027
0.016
0.0041
-0.0055
-0.0084
-0.0091
-0.013
-0.0073
0.0026
0.0014
0.0047
0.0065
-0.003
-0.012
-0.021
-0.033
-0.037
-0.026
-0.002
0.0061
-0.0047
-0.0018
0.0078
-0.0035
-0.023
-0.04
-0.048
-0.038
-0.022
-0.0037
-4.6e-005
-0.0018
-0.022
-0.031
-0.024
-0.017
-0.015
-0.0071
4.6e-005
0.00087
0.012
0.021
0.015
0.016
0.026
0.027
0.017
0.022
0.025
-0.0028
-0.023
-0.03
-0.035
-0.033
-0.029
-0.0072
0.037
0.068
0.056
0.029
0.0099
0.0045
0.0005
-0.02
-0.039
-0.046
-0.031
-0.00069
0.027
0.042
0.053
0.043
0.011
-0.015
-0.048
-0.065
-0.065
-0.047
-0.016
0.002
0.027
0.028
0.0076
-0.02
-0.05
-0.068
-0.08
-0.086
-0.087
-0.065
-0.036
-0.018
-0.026
-0.038
-0.023
-0.014
-0.019
-0.051
-0.1
-0.12
-0.099
-0.058
-0.044
-0.046
-0.05
-0.057
-0.054
-0.035
-0.046
-0.08
-0.079
-0.065
-0.059
-0.06
-0.059
-0.047
-0.034
-0.022
-0.02
-0.047
-0.092
-0.11
-0.11
-0.11
-0.11
-0.095
-0.053
-0.023
-0.014
-0.015
-0.034
-0.054
-0.059
-0.05
-0.034
-0.036
-0.038
-0.023
-0.026
-0.03
-0.015
-0.0039
-0.0093
-0.014
-0.014
-0.018
-0.023
-0.015
0.0023
0.018
0.04
0.065
0.07
0.055
0.035
0.006
-0.011
-0.009
0.00053
0.022
0.045
0.042
0.026
0.032
0.033
0.028
0.038
0.046
0.052
0.048
0.045
0.038
0.023
0.018
0.021
0.013
0.0093
0.026
0.029
0.02
0.019
0.019
0.025
0.027
0.012
-0.018
-0.039
-0.041
-0.032
-0.009
0.0099
0.012
0.006
-0.0024
-0.0044
0.013
0.035
0.029
0.013
-0.0027
-0.018
-0.027
-0.013
0.012
0.019
0.016
0.013
0.011
0.0026
-0.014
-0.026
-0.029
-0.023
-0.0089
0.004
0.00032
-0.012
-0.014
0.0092
0.032
0.03
0.023
0.023
0.02
0.023
0.025
0.013
0.0086
0.023
0.04
0.063
0.075
0.073
0.062
0.058
0.062
0.054
0.021
0.0031
0.035
0.082
0.099
0.089
0.084
0.071
0.063
0.064
0.053
0.033
0.025
0.031
0.053
0.078
0.076
0.055
0.051
0.067
0.079
0.069
0.044
0.027
0.033
0.065
0.078
0.07
0.052
0.031
0.013
0.0067
0.028
0.053
0.065
0.065
0.069
0.062
0.029
0.0096
0.018
0.032
0.035
0.036
0.042
0.034
0.034
0.042
0.04
0.023
0.0025
-0.0092
-0.019
-0.025
-0.026
-0.016
-0.001
0.0061
0.019
0.038
0.059
0.05
0.0096
-0.024
-0.04
-0.048
-0.045
-0.024
0.0015
0.016
0.013
-0.0015
-0.02
-0.037
-0.033
-0.024
-0.017
-0.014
-0.039
-0.066
-0.071
-0.056
-0.044
-0.027
0.0019
0.026
0.028
0.0018
-0.017
-0.026
-0.05
-0.081
-0.1
-0.12
-0.12
-0.083
-0.03
0.0079
0.019
0.015
-0.015
-0.06
-0.098
-0.1
-0.085
-0.067
-0.08
-0.096
-0.079
-0.038
-0.0033
0.0038
0.0072
0.0065
0.0052
-0.0031
-0.028
-0.054
-0.073
-0.071
-0.063
-0.061
-0.056
-0.042
-0.018
0.0045
0.018
0.0012
-0.035
-0.049
-0.052
-0.049
-0.052
-0.045
-0.023
-0.013
-0.0035
-0.0023
-0.0068
-0.0092
-0.0057
-0.0071
-0.034
-0.05
-0.05
-0.05
-0.041
-0.011
0.01
-0.0054
-0.032
-0.036
-0.034
-0.051
-0.048
-0.036
-0.033
-0.012
0.017
0.023
0.029
0.044
0.035
0.0021
-0.043
-0.075
-0.07
-0.037
0.0035
0.036
0.065
0.083
0.076
0.056
0.035
0.0052
-0.027
-0.052
-0.057
-0.029
0.016
0.07
0.1
0.1
0.1
0.095
0.074
0.048
0.02
-0.0015
-0.014
-0.0062
0.012
0.043
0.088
0.13
0.14
0.11
0.067
0.023
-0.0071
-0.0058
0.0022
0.013
0.029
0.053
0.062
0.083
0.1
0.11
0.099
0.085
0.048
0.0023
-0.013
-0.0023
0.029
0.069
0.1
0.1
0.072
0.048
0.036
0.024
0.022
0.024
0.029
0.042
0.051
0.063
0.087
0.11
0.11
0.09
0.064
0.043
0.015
-0.0021
0.0083
0.043
0.077
0.1
0.11
0.098
0.094
0.081
0.033
-0.014
-0.034
-0.015
0.012
0.034
0.061
0.068
0.053
0.04
0.03
-0.0047
-0.05
-0.064
-0.042
-0.012
0.0084
0.014
0.0076
-0.0014
-0.0074
-0.011
-0.025
-0.051
-0.06
-0.062
-0.053
-0.045
-0.045
-0.038
-0.029
-0.024
-0.031
-0.039
-0.048
-0.064
-0.072
-0.066
-0.051
-0.033
-0.009
0.0094
0.02
0.013
-0.012
-0.028
-0.03
-0.028
-0.026
-0.013
-0.01
-0.0054
0.017
0.031
0.035
0.027
0.012
-0.0048
-0.025
-0.043
-0.042
-0.041
-0.041
-0.029
-0.01
0.0067
0.0037
-0.0042
-0.017
-0.026
-0.015
-0.0096
-0.016
-0.013
0.011
0.036
0.026
-0.0096
-0.027
-0.03
-0.035
-0.027
-0.014
-0.026
-0.057
-0.06
-0.031
-0.0027
0.015
0.012
-0.015
-0.032
-0.037
-0.042
-0.052
-0.05
-0.042
-0.019
0.011
0.0086
-0.022
-0.046
-0.038
-0.022
-0.011
-0.015
-0.05
-0.059
-0.037
-0.019
-0.00023
0.011
-0.0087
-0.032
-0.033
-0.044
-0.065
-0.072
-0.064
-0.05
-0.03
0.003
0.038
0.077
0.11
0.12
0.1
0.066
0.041
0.0069
-0.017
-0.013
0.0088
0.044
0.093
0.14
0.18
0.18
0.16
0.13
0.12
0.12
0.12
0.096
0.064
0.062
0.1
0.14
0.15
0.14
0.11
0.068
0.031
0.0055
-0.0031
0.001
0.0087
0.018
0.035
0.064
0.098
0.11
0.093
0.065
0.047
0.037
0.021
0.015
0.016
0.035
0.082
0.11
0.12
0.12
0.092
0.057
0.05
0.059
0.065
0.064
0.072
0.089
0.095
0.097
0.09
0.072
0.043
0.0099
-0.011
-0.0092
-0.0006
-0.0094
-0.026
-0.031
-0.019
-7.6e-005
0.013
0.0088
-0.0023
-0.0095
-0.03
-0.059
-0.073
-0.083
-0.077
-0.059
-0.033
-0.022
-0.027
-0.028
-0.034
-0.053
-0.071
-0.084
-0.099
-0.093
-0.075
-0.053
-0.034
-0.027
-0.026
-0.027
-0.033
-0.047
-0.061
-0.062
-0.065
-0.056
-0.027
0.015
0.029
0.025
0.029
0.022
0.02
0.02
0.015
0.0079
0.0052
0.0098
0.02
0.026
0.018
0.013
0.015
0.023
0.025
0.018
0.02
0.026
0.028
0.017
0.0045
-0.0019
-0.0088
-0.0068
0.00056
0.012
0.018
0.019
-0.0016
-0.02
-0.0096
-0.0013
-0.011
-0.014
-0.0023
-0.0067
-0.012
-0.023
-0.023
-0.021
-0.024
-0.02
-0.025
-0.018
0.0036
0.006
0.0043
0.013
0.02
0.017
-0.0042
-0.02
-0.012
-0.0028
-0.0083
-0.0097
-0.0011
-0.00032
-0.0033
0.0062
0.0089
-0.00069
-0.0012
-0.00075
0.013
0.029
0.033
0.043
0.052
0.051
0.042
0.025
0.016
0.021
0.029
0.023
0.0012
-0.015
-0.0094
0.016
0.057
0.071
0.046
0.02
0.014
0.012
0.018
0.035
0.042
0.043
0.031
0.022
0.026
0.038
0.042
0.047
0.051
0.057
0.064
0.061
0.051
0.05
0.044
0.039
0.039
0.041
0.034
0.025
0.035
0.044
0.039
0.022
0.022
0.049
0.063
0.053
0.037
0.016
-0.00023
0.018
0.033
0.027
0.015
0.0098
0.032
0.051
0.051
0.042
0.03
0.016
-0.0077
-0.01
0.0033
0.0044
-0.004
0.0053
0.0084
0.0036
-0.0051
-0.017
-0.019
-0.028
-0.017
0.018
0.049
0.058
0.061
0.071
0.063
0.052
0.035
-0.0064
-0.033
-0.017
0.022
0.047
0.063
0.079
0.085
0.081
0.079
0.088
0.093
0.081
0.036
-0.0082
-0.011
0.014
0.057
0.09
0.11
0.12
0.13
0.11
0.088
0.065
0.029
0.00075
0.0014
0.0046
0.02
0.042
0.062
0.07
0.073
0.072
0.069
0.045
0.025
0.017
0.00041
0.0012
0.018
0.038
0.066
0.093
0.11
0.11
0.082
0.04
0.013
0.012
0.021
0.026
0.026
0.025
0.0092
-0.014
-0.031
-0.013
0.025
0.033
0.015
-0.0083
-0.034
-0.066
-0.08
-0.069
-0.037
-0.0011
0.008
-0.013
-0.055
-0.087
-0.11
-0.1
-0.074
-0.063
-0.072
-0.095
-0.11
-0.12
-0.12
-0.11
-0.1
-0.096
-0.092
-0.11
-0.13
-0.15
-0.17
-0.17
-0.16
-0.16
-0.16
-0.17
-0.18
-0.18
-0.17
-0.16
-0.15
-0.15
-0.14
-0.14
-0.15
-0.16
-0.18
-0.21
-0.21
-0.19
-0.16
-0.11
-0.1
-0.12
-0.15
-0.17
-0.16
-0.14
-0.12
-0.098
-0.074
-0.064
-0.069
-0.081
-0.091
-0.089
-0.08
-0.074
-0.072
-0.066
-0.049
-0.038
-0.042
-0.047
-0.051
-0.045
-0.023
-0.01
-0.018
-0.029
-0.028
-0.03
-0.03
-0.024
-0.013
-0.0072
-0.014
-0.021
-0.021
-0.0086
0.0045
-0.0006
0.004
0.016
0.013
0.0067
-0.00032
-0.0097
0.0024
0.031
0.05
0.049
0.033
0.0022
-0.035
-0.044
-0.027
-0.011
0.012
0.024
0.023
0.033
0.041
0.031
0.017
0.0025
-0.011
-0.0055
0.017
0.045
0.056
0.057
0.054
0.05
0.05
0.042
0.04
0.057
0.08
0.1
0.1
0.086
0.074
0.069
0.057
0.057
0.075
0.099
0.12
0.12
0.11
0.11
0.11
0.1
0.091
0.081
0.062
0.051
0.066
0.094
0.11
0.12
0.099
0.061
0.038
0.038
0.053
0.068
0.074
0.069
0.04
0.016
0.013
0.024
0.046
0.06
0.067
0.058
0.039
0.034
0.053
0.069
0.069
0.059
0.043
0.03
0.022
0.016
0.017
0.017
0.019
0.016
0.0047
-0.01
-0.016
-0.022
-0.024
-0.017
0.00081
0.013
0.012
0.0045
0.0025
0.0064
-0.0021
-0.015
-0.02
-0.02
-0.022
-0.027
-0.022
-0.0099
0.016
0.036
0.043
0.054
0.048
0.011
-0.057
-0.1
-0.093
-0.057
-0.0077
0.031
0.061
0.077
0.07
0.052
0.03
0.021
0.01
-0.0026
-0.018
-0.03
-0.036
-0.024
0.011
0.054
0.089
0.098
0.094
0.082
0.044
0.015
0.015
0.02
0.016
0.021
0.022
0.033
0.056
0.072
0.075
0.062
0.053
0.052
0.035
0.018
-0.0018
-0.013
-0.0053
0.0065
0.026
0.052
0.066
0.059
0.058
0.058
0.042
0.034
0.033
0.023
0.0076
-0.0013
-0.00084
0.0073
0.02
0.037
0.052
0.06
0.068
0.07
0.055
0.047
0.053
0.052
0.047
0.042
0.044
0.061
0.068
0.055
0.046
0.05
0.058
0.059
0.042
0.029
0.042
0.067
0.096
0.1
0.076
0.025
-0.0022
0.024
0.067
0.09
0.09
0.084
0.08
0.06
0.035
0.009
-0.0073
-0.029
-0.042
-0.02
7.6e-005
0.013
0.035
0.042
0.021
0.0048
-0.0077
-0.031
-0.024
0.025
0.098
0.12
0.093
-0.027
-0.16
-0.18
-0.13
-0.052
0.036
0.094
0.084
0.032
-0.04
-0.097
-0.11
-0.073
-0.0074
0.057
0.084
0.051
-0.023
-0.099
-0.14
-0.087
-0.0059
0.042
0.036
-0.0081
-0.016
0.0026
0.039
0.068
0.04
0.00017
-0.02
-0.0078
0.013
0.007
-0.0065
-0.016
-0.02
0.015
0.067
0.077
0.028
-0.033
-0.025
0.029
0.078
0.1
0.076
0.027
0.0031
0.042
0.094
0.11
0.12
0.11
0.096
0.075
0.07
0.073
0.046
0.022
0.027
0.065
0.094
0.091
0.06
0.0029
-0.057
-0.065
-0.024
0.019
0.034
0.03
0.024
0.034
0.031
0.0058
-0.0092
-0.0062
-0.0064
-0.019
-0.024
-0.018
-0.016
-0.019
-0.015
-0.021
-0.036
-0.041
-0.043
-0.037
-0.021
-0.017
-0.041
-0.074
-0.097
-0.1
-0.083
-0.032
0.017
0.026
0.008
-0.025
-0.058
-0.078
-0.066
-0.044
-0.025
-0.0074
-0.018
-0.039
-0.049
-0.057
-0.08
-0.099
-0.077
-0.03
0.01
0.0096
-0.013
-0.04
-0.053
-0.06
-0.076
-0.086
-0.075
-0.044
-0.019
-0.018
-0.037
-0.072
-0.11
-0.15
-0.16
-0.13
-0.076
-0.026
-0.014
-0.021
-0.033
-0.053
-0.089
-0.15
-0.17
-0.14
-0.092
-0.059
-0.03
0.0053
0.026
0.01
-0.041
-0.088
-0.12
-0.14
-0.15
-0.13
-0.092
-0.052
-0.026
-0.017
-0.021
-0.036
-0.038
-0.024
-0.013
-0.01
-0.03
-0.056
-0.063
-0.046
-0.021
0.009
0.04
0.067
0.066
0.036
0.0062
-0.0054
0.0074
0.029
0.028
0.025
0.028
0.035
0.043
0.053
0.052
0.049
0.057
0.065
0.06
0.034
0.007
-0.0035
0.0065
0.013
0.011
0.034
0.061
0.08
0.09
0.091
0.094
0.088
0.078
0.059
0.043
0.046
0.05
0.027
0.019
0.034
0.041
0.043
0.031
0.023
0.026
0.034
0.048
0.057
0.046
0.011
-0.011
-0.004
0.028
0.058
0.086
0.11
0.11
0.093
0.077
0.074
0.07
0.063
0.066
0.082
0.1
0.11
0.092
0.073
0.065
0.062
0.04
0.019
0.026
0.049
0.067
0.062
0.032
-0.0085
-0.022
-0.019
-0.0052
0.017
0.042
0.057
0.044
0.02
0.018
0.03
0.029
0.018
0.025
0.048
0.061
0.046
0.043
0.047
0.036
0.014
-0.0063
-0.018
-0.007
0.016
0.029
0.032
0.02
0.016
0.022
0.023
0.014
-0.006
-0.026
-0.028
-0.005
0.032
0.053
0.037
0.00011
-0.011
-0.0028
-0.0099
-0.022
-0.02
-0.012
-0.004
0.0032
0.0016
-0.0014
-0.00017
0.0029
0.011
0.0099
-0.0015
-0.017
-0.034
-0.048
-0.059
-0.069
-0.066
-0.045
-0.018
0.0056
0.0005
-0.022
-0.036
-0.052
-0.043
-0.022
0.0038
0.014
0.013
0.012
0.023
0.043
0.032
0.011
-0.02
-0.047
-0.059
-0.045
-0.023
-0.018
-0.014
-0.0058
0.006
0.02
0.014
-0.013
-0.033
-0.023
-0.0074
0.0086
0.017
-0.0038
-0.02
-0.029
-0.034
-0.017
0.0054
0.002
-0.023
-0.039
-0.038
-0.021
-0.0033
0.00078
-0.0015
-0.0038
0.003
0.017
0.024
0.027
0.025
0.0084
-0.005
-0.011
-0.017
-0.01
-0.005
-0.0086
-0.012
-0.0066
0.00047
-0.0068
-0.025
-0.038
-0.045
-0.034
-0.01
0.00075
0.0014
0.015
0.026
0.02
0.0094
0.0066
0.018
0.033
0.036
0.012
-0.017
-0.034
-0.032
-0.013
0.014
0.035
0.025
-0.003
-0.018
-0.015
-0.0072
0.016
0.038
0.031
0.0067
-0.027
-0.053
-0.062
-0.055
-0.04
-0.018
0.0032
0.018
0.022
0.022
0.028
0.03
0.027
0.011
0.00035
-0.00053
-0.023
-0.045
-0.036
0.003
0.031
0.054
0.074
0.079
0.063
0.045
0.042
0.036
0.028
0.034
0.04
0.028
0.033
0.068
0.11
0.13
0.12
0.09
0.054
0.0093
-0.034
-0.057
-0.047
-0.015
0.023
0.049
0.053
0.057
0.041
0.017
-0.0016
-0.024
-0.038
-0.038
-0.029
-0.029
-0.031
-0.018
-0.0027
4.6e-005
-0.0036
-4.6e-005
-0.014
-0.047
-0.07
-0.068
-0.05
-0.045
-0.037
-0.017
-0.017
-0.04
-0.048
-0.058
-0.076
-0.088
-0.098
-0.094
-0.075
-0.068
-0.06
-0.042
-0.032
-0.048
-0.066
-0.071
-0.07
-0.071
-0.07
-0.064
-0.053
-0.031
-0.017
-0.023
-0.029
-0.027
-0.034
-0.046
-0.048
-0.045
-0.032
-0.019
-0.028
-0.046
-0.042
-0.022
-0.027
-0.059
-0.086
-0.069
-0.045
-0.038
-0.026
-0.028
-0.037
-0.052
-0.051
-0.029
-0.0054
0.021
0.032
0.021
-0.008
-0.029
-0.038
-0.029
-0.0074
0.0086
0.025
0.034
0.014
-0.0013
0.002
0.011
0.027
0.034
0.017
-0.0019
-0.0009
0.0024
-0.0012
-0.0033
-0.0027
-0.0082
-0.0074
-0.0056
-0.017
-0.0082
0.035
0.072
0.075
0.055
0.028
0.014
0.011
0.017
0.033
0.042
0.037
0.038
0.05
0.051
0.047
0.034
0.011
0.003
0.0015
0.0035
0.0038
-0.0036
-0.0011
0.011
0.024
0.039
0.056
0.059
0.054
0.034
0.014
0.028
0.059
0.089
0.11
0.1
0.094
0.081
0.072
0.075
0.091
0.094
0.078
0.054
0.049
0.064
0.069
0.071
0.081
0.089
0.094
0.098
0.089
0.079
0.081
0.085
0.093
0.09
0.076
0.075
0.072
0.069
0.075
0.095
0.11
0.11
0.069
0.024
0.0081
0.0069
0.011
0.021
0.05
0.071
0.058
0.028
0.031
0.041
0.025
0.0052
-0.0037
0.0099
0.021
0.037
0.052
0.051
0.035
0.018
0.012
0.0034
-0.0013
0.00014
0.0089
0.02
0.021
0.023
0.036
0.051
0.061
0.047
0.017
7.6e-005
0.00056
0.0027
0.0085
0.0097
0.011
0.018
0.019
0.017
0.0081
0.0067
0.018
0.018
-0.0038
-0.022
-0.028
-0.034
-0.028
-0.01
-0.013
-0.016
-0.013
-0.0071
-0.00099
0.014
0.035
0.039
0.012
-0.007
-0.014
-0.039
-0.072
-0.081
-0.062
-0.021
0.023
0.059
0.087
0.086
0.053
0.013
-0.02
-0.035
-0.032
-0.029
-0.016
0.015
0.041
0.054
0.054
0.044
0.037
0.022
-0.017
-0.043
-0.045
-0.035
-0.022
-0.007
0.011
0.017
0.03
0.033
0.0036
-0.028
-0.039
-0.049
-0.05
-0.037
-0.029
-0.016
-0.0098
-0.014
-0.0082
0.00047
0.01
-0.0049
-0.033
-0.066
-0.088
-0.093
-0.081
-0.05
-0.02
-0.0046
-0.0036
-0.0042
0.0074
0.026
0.024
0.0084
-0.0019
-0.0068
-0.011
-0.02
-0.013
-0.0009
-0.0065
-0.022
-0.029
-0.021
-0.011
-0.0077
-0.0058
0.016
0.049
0.061
0.06
0.058
0.057
0.053
0.048
0.052
0.065
0.069
0.066
0.068
0.072
0.078
0.078
0.062
0.05
0.056
0.065
0.076
0.069
0.054
0.046
0.052
0.07
0.091
0.11
0.11
0.11
0.096
0.075
0.054
0.032
0.021
0.029
0.051
0.072
0.075
0.068
0.071
0.076
0.075
0.089
0.099
0.1
0.093
0.085
0.094
0.094
0.089
0.083
0.055
0.014
0.0046
0.021
0.052
0.077
0.07
0.049
0.017
-0.015
-0.035
-0.028
0.0066
0.035
0.028
0.0056
-0.0016
0.0083
0.016
0.00014
-0.022
-0.041
-0.055
-0.055
-0.038
-0.011
-0.014
-0.038
-0.06
-0.065
-0.047
-0.018
0.0092
0.024
0.015
-0.0075
-0.021
-0.042
-0.051
-0.046
-0.042
-0.012
0.0071
-0.0072
-0.032
-0.056
-0.066
-0.076
-0.075
-0.074
-0.079
-0.079
-0.068
-0.053
-0.056
-0.061
-0.059
-0.046
-0.033
-0.04
-0.048
-0.054
-0.087
-0.11
-0.099
-0.092
-0.085
-0.073
-0.068
-0.072
-0.087
-0.091
-0.088
-0.088
-0.071
-0.056
-0.066
-0.09
-0.098
-0.088
-0.076
-0.066
-0.062
-0.057
-0.035
-0.008
0.0058
-0.00047
-0.028
-0.051
-0.041
-0.028
-0.03
-0.038
-0.028
-0.0085
-0.0093
-0.016
-0.015
-0.021
-0.025
-0.017
-0.014
-0.0011
0.02
0.033
0.044
0.043
0.028
-0.0038
-0.028
-0.026
-0.0011
0.027
0.038
0.044
0.037
0.027
0.018
0.022
0.042
0.045
0.038
0.043
0.066
0.09
0.1
0.1
0.083
0.055
0.031
0.026
0.029
0.043
0.073
0.1
0.12
0.12
0.12
0.12
0.11
0.096
0.092
0.088
0.087
0.094
0.1
0.11
0.12
0.12
0.13
0.14
0.14
0.13
0.12
0.12
0.096
0.063
0.034
0.033
0.051
0.085
0.12
0.13
0.1
0.063
0.032
0.0099
0.0018
0.0065
0.015
0.014
0.00029
0.0023
0.01
0.0069
0.0057
0.00072
-0.022
-0.05
-0.066
-0.072
-0.075
-0.061
-0.028
0.0072
0.028
0.029
0.0036
-0.039
-0.063
-0.055
-0.023
0.01
0.02
0.0029
-0.0077
-0.018
-0.043
-0.069
-0.091
-0.084
-0.072
-0.076
-0.082
-0.072
-0.054
-0.036
-0.031
-0.052
-0.078
-0.1
-0.12
-0.12
-0.12
-0.11
-0.1
-0.099
-0.1
-0.094
-0.092
-0.1
-0.11
-0.1
-0.11
-0.12
-0.1
-0.069
-0.076
-0.11
-0.14
-0.15
-0.15
-0.17
-0.17
-0.15
-0.1
-0.029
0.032
0.063
0.028
-0.063
-0.15
-0.2
-0.2
-0.15
-0.069
0.0015
0.014
-0.0089
-0.049
-0.085
-0.085
-0.064
-0.036
-0.0098
0.014
0.033
0.019
-0.038
-0.064
-0.02
0.038
0.063
0.064
0.063
0.063
0.057
0.038
0.043
0.081
0.11
0.12
0.089
0.048
0.048
0.092
0.12
0.11
0.077
0.042
0.028
0.029
0.058
0.1
0.12
0.11
0.082
0.03
-0.0097
-0.043
-0.063
-0.024
0.053
0.13
0.15
0.12
0.067
0.018
-0.013
-0.018
-0.02
-0.02
-0.0043
-0.0023
-0.017
-0.016
-0.012
-0.0051
0.0057
-0.016
-0.042
-0.051
-0.069
-0.085
-0.085
-0.061
-0.031
-0.039
-0.069
-0.079
-0.083
-0.098
-0.12
-0.13
-0.13
-0.13
-0.13
-0.1
-0.075
-0.031
-0.0084
-0.025
-0.058
-0.074
-0.076
-0.075
-0.061
-0.047
-0.025
0.0067
0.029
0.036
0.03
-0.007
-0.055
-0.061
-0.052
-0.047
-0.021
0.01
0.024
0.029
0.029
0.024
0.021
0.021
0.025
0.024
0.011
0.0037
-0.0039
0.0039
0.039
0.072
0.072
0.049
0.03
0.03
0.03
0.024
0.02
0.017
0.019
0.044
0.064
0.071
0.077
0.081
0.078
0.071
0.062
0.038
-0.0034
-0.038
-0.033
0.0054
0.044
0.064
0.075
0.079
0.078
0.069
0.055
0.033
0.014
0.014
0.033
0.056
0.051
0.0044
-0.037
-0.049
-0.048
-0.033
-0.018
-0.0032
0.00014
-0.019
-0.034
-0.02
0.0018
0.02
0.052
0.068
0.051
0.011
-0.021
-0.023
-0.0037
0.025
0.045
0.058
0.068
0.072
0.068
0.06
0.048
0.032
0.043
0.067
0.082
0.094
0.093
0.074
0.059
0.053
0.057
0.069
0.085
0.098
0.11
0.099
0.09
0.098
0.1
0.088
0.058
0.016
0.0031
0.027
0.078
0.15
0.18
0.17
0.15
0.11
0.081
0.054
0.035
0.045
0.079
0.097
0.081
0.059
0.045
0.04
0.035
0.028
0.032
0.053
0.059
0.052
0.024
-0.011
-0.032
-0.021
0.034
0.058
0.048
0.036
0.019
-0.0044
-0.034
-0.057
-0.052
-0.049
-0.067
-0.084
-0.077
-0.053
-0.036
-0.031
-0.039
-0.061
-0.086
-0.11
-0.12
-0.098
-0.07
-0.05
-0.044
-0.053
-0.071
-0.088
-0.1
-0.11
-0.12
-0.13
-0.12
-0.11
-0.092
-0.087
-0.091
-0.093
-0.097
-0.1
-0.097
-0.1
-0.11
-0.11
-0.094
-0.073
-0.057
-0.058
-0.064
-0.052
-0.044
-0.041
-0.044
-0.046
-0.052
-0.06
-0.05
-0.028
-0.0033
0.01
0.019
0.014
-0.0012
-0.028
-0.04
-0.032
-0.02
0.016
0.053
0.067
0.078
0.091
0.098
0.09
0.082
0.087
0.086
0.084
0.083
0.083
0.089
0.11
0.12
0.13
0.13
0.11
0.083
0.068
0.084
0.11
0.12
0.12
0.13
0.13
0.11
0.11
0.11
0.12
0.11
0.092
0.072
0.065
0.069
0.072
0.082
0.099
0.11
0.12
0.1
0.062
0.036
0.048
0.072
0.1
0.12
0.11
0.085
0.051
0.038
0.044
0.044
0.05
0.061
0.065
0.054
0.039
0.04
0.039
0.036
0.043
0.047
0.031
0.007
-0.0055
-0.0014
0.00035
-0.012
-0.0054
0.019
0.031
0.029
0.023
0.0095
-0.0013
-1.5e-005
-0.005
0.0035
0.017
0.032
0.053
0.06
0.048
0.031
0.021
0.01
0.0072
0.011
0.019
0.02
0.0025
-0.0027
0.011
0.029
0.04
0.041
0.021
0.0075
0.0091
0.012
0.018
0.026
0.036
0.037
0.02
-0.0033
-0.012
-0.0055
0.0046
-0.00053
-0.021
-0.035
-0.037
-0.028
-0.014
-0.019
-0.027
-0.038
-0.073
-0.098
-0.09
-0.064
-0.053
-0.054
-0.061
-0.078
-0.11
-0.13
-0.14
-0.14
-0.13
-0.098
-0.063
-0.054
-0.07
-0.098
-0.12
-0.12
-0.13
-0.13
-0.16
-0.16
-0.13
-0.12
-0.13
-0.13
-0.13
-0.12
-0.1
-0.077
-0.057
-0.058
-0.08
-0.1
-0.11
-0.12
-0.1
-0.079
-0.064
-0.053
-0.06
-0.078
-0.083
-0.075
-0.045
-0.0086
0.0079
0.017
0.0018
-0.021
-0.013
0.019
0.036
0.018
-0.014
-0.029
-0.016
0.018
0.067
0.089
0.08
0.065
0.043
0.026
0.031
0.052
0.069
0.089
0.095
0.082
0.087
0.094
0.095
0.073
0.061
0.051
0.032
0.036
0.036
0.028
0.042
0.07
0.076
0.074
0.047
0.026
0.03
0.034
0.066
0.095
0.085
0.069
0.046
0.012
-0.0002
0.007
0.0058
0.013
0.029
0.028
0.02
0.0098
0.0034
0.0082
0.019
0.029
0.032
0.043
0.039
0.025
0.0073
-0.014
-0.025
-0.023
-0.019
-0.017
-0.0075
0.0053
0.005
-0.00056
-0.017
-0.032
-0.047
-0.046
-0.024
-0.017
-0.021
-0.0091
-0.0018
0.0073
0.0073
-0.022
-0.044
-0.061
-0.064
-0.035
-0.018
-0.018
-0.0011
0.026
0.032
0.0059
-0.028
-0.04
-0.039
-0.042
-0.021
0.0059
0.021
0.029
0.022
0.011
0.00078
-0.011
-0.015
-0.0011
0.014
0.013
0.00072
-0.011
0.0037
0.022
0.026
0.024
0.022
0.0085
0.0037
0.01
-0.00026
-0.012
-0.0095
-0.0011
-0.00078
-0.012
-0.013
-0.021
-0.025
-0.0029
0.018
0.029
0.017
-0.014
-0.035
-0.024
0.0056
0.033
0.05
0.06
0.065
0.049
0.02
0.004
-0.007
-0.0005
0.019
0.035
0.051
0.055
0.044
0.026
0.0041
-0.0005
0.013
0.015
0.0041
0.007
0.022
0.03
0.025
0.0085
0.0054
0.018
0.014
0.00026
-0.0067
-1.5e-005
0.014
0.024
0.028
0.035
0.031
0.0094
-0.017
-0.031
-0.03
-0.01
0.0038
0.0087
-0.0017
-0.014
-0.0024
0.011
0.013
0.014
0.0077
4.6e-005
0.015
0.028
0.024
0.02
0.01
0.0035
-0.0046
-0.011
-0.0033
0.0019
-0.0025
-0.02
-0.041
-0.051
-0.04
-0.025
-0.0028
0.025
0.021
-0.0098
-0.036
-0.052
-0.055
-0.033
-0.016
-0.019
-0.021
-0.022
-0.022
-0.033
-0.036
-0.02
0.002
0.015
0.0023
-0.034
-0.058
-0.041
-0.0083
0.028
0.042
0.023
-0.011
-0.045
-0.067
-0.072
-0.063
-0.049
-0.016
0.021
0.042
0.05
0.039
0.028
0.0071
-0.023
-0.046
-0.07
-0.062
-0.021
-0.0039
-0.0095
0.0006
0.028
0.041
0.029
-0.014
-0.061
-0.072
-0.053
-0.029
-0.012
-0.012
-0.019
-0.021
-0.019
0.0054
0.025
0.019
-0.0018
-0.012
-0.0043
-0.0064
-0.0093
-0.017
-0.031
-0.038
-0.031
-0.0065
0.011
0.00075
-0.025
-0.043
-0.038
-0.041
-0.043
-0.034
-0.038
-0.064
-0.079
-0.074
-0.063
-0.05
-0.032
-0.0064
0.0063
-0.01
-0.025
-0.026
-0.023
-0.021
-0.021
-0.035
-0.061
-0.082
-0.072
-0.043
-0.049
-0.057
-0.034
-0.011
0.0036
-0.0092
-0.056
-0.084
-0.073
-0.043
-0.0043
0.018
0.023
0.0097
-0.013
-0.018
-0.0049
0.024
0.043
0.048
0.047
0.037
0.017
-0.0095
-0.012
0.0018
0.018
0.037
0.049
0.056
0.044
0.042
0.051
0.053
0.025
-0.0042
-0.0096
0.00081
0.026
0.053
0.07
0.074
0.071
0.066
0.059
0.057
0.056
0.051
0.055
0.075
0.093
0.1
0.098
0.069
0.045
0.045
0.05
0.069
0.1
0.12
0.11
0.09
0.079
0.077
0.066
0.055
0.05
0.038
0.024
0.032
0.036
0.032
0.031
0.033
0.039
0.049
0.047
0.034
0.023
0.0097
0.0029
-0.01
-0.022
-0.028
-0.032
-0.024
-0.023
-0.026
-0.018
0.012
0.042
0.033
-0.016
-0.069
-0.085
-0.074
-0.042
-0.0017
0.021
0.02
0.0096
-0.00093
0.00053
0.004
-0.00072
0.012
0.036
0.039
0.032
0.035
0.033
0.04
0.064
0.073
0.075
0.081
0.068
0.047
0.038
0.042
0.043
0.04
0.029
0.013
0.0052
0.012
0.02
0.033
0.052
0.056
0.044
0.049
0.055
0.044
0.025
0.0049
-0.0031
-0.0028
-0.0025
0.004
0.014
0.019
0.015
0.0011
-0.0044
0.008
0.016
0.0087
-0.008
-0.015
-0.0023
0.0064
0.0029
0.0071
0.014
0.0083
0.0045
-0.0016
-0.0022
0.021
0.047
0.046
0.03
0.013
0.0059
0.024
0.037
0.038
0.049
0.063
0.059
0.044
0.031
0.011
-0.024
-0.037
-0.024
-0.012
-0.013
-0.028
-0.052
-0.061
-0.058
-0.059
-0.058
-0.051
-0.053
-0.042
-0.032
-0.034
-0.036
-0.045
-0.053
-0.04
-0.028
-0.033
-0.047
-0.066
-0.075
-0.064
-0.03
0.02
0.048
0.034
0.0093
-0.01
-0.03
-0.026
4.6e-005
0.0062
-0.019
-0.055
-0.065
-0.05
-0.041
-0.033
-0.013
0.0095
0.028
0.018
-0.0079
-0.019
-0.028
-0.044
-0.046
-0.02
0.015
0.019
-0.0024
-0.0051
-0.0076
-0.027
-0.039
-0.027
0.0091
0.034
0.04
0.038
0.029
0.012
0.0031
0.013
0.018
0.021
0.033
0.053
0.08
0.1
0.1
0.088
0.066
0.056
0.052
0.045
0.048
0.061
0.074
0.091
0.1
0.1
0.096
0.071
0.04
0.047
0.089
0.094
0.066
0.057
0.067
0.076
0.074
0.069
0.065
0.069
0.085
0.089
0.079
0.08
0.089
0.089
0.078
0.067
0.053
0.056
0.073
0.099
0.13
0.14
0.12
0.085
0.057
0.05
0.065
0.085
0.11
0.13
0.13
0.12
0.12
0.12
0.12
0.1
0.088
0.094
0.12
0.14
0.14
0.13
0.11
0.077
0.061
0.071
0.077
0.087
0.11
0.12
0.11
0.08
0.053
0.053
0.075
0.085
0.075
0.056
0.051
0.054
0.067
0.076
0.081
0.078
0.058
0.042
0.018
-0.0082
-0.018
-0.0051
0.026
0.052
0.056
0.046
0.033
0.00084
-0.036
-0.048
-0.022
0.02
0.039
0.025
-0.0015
-0.022
-0.025
-0.029
-0.052
-0.06
-0.056
-0.056
-0.053
-0.055
-0.056
-0.056
-0.066
-0.074
-0.074
-0.088
-0.096
-0.073
-0.044
-0.025
-0.021
-0.039
-0.052
-0.06
-0.078
-0.083
-0.06
-0.031
-0.024
-0.027
-0.032
-0.05
-0.067
-0.064
-0.042
-0.024
-0.019
-0.027
-0.033
-0.023
-0.034
-0.079
-0.12
-0.14
-0.13
-0.092
-0.07
-0.073
-0.074
-0.088
-0.1
-0.1
-0.11
-0.092
-0.077
-0.083
-0.093
-0.083
-0.069
-0.063
-0.08
-0.098
-0.094
-0.098
-0.099
-0.074
-0.046
-0.038
-0.04
-0.047
-0.042
-0.017
0.0049
0.011
0.0035
-0.011
-0.036
-0.058
-0.05
-0.027
-0.012
-0.0086
-0.0034
-0.0023
-0.011
-0.028
-0.028
-0.0016
0.018
0.035
0.046
0.039
0.022
0.014
0.012
0.019
0.041
0.05
0.041
0.028
0.024
0.028
0.041
0.065
0.093
0.11
0.086
0.049
0.021
0.019
0.029
0.054
0.084
0.083
0.062
0.032
-0.0053
-0.038
-0.061
-0.069
-0.056
-0.015
0.024
0.035
0.022
-0.0029
-0.016
-0.038
-0.06
-0.056
-0.058
-0.063
-0.048
-0.019
0.0024
0.011
0.017
0.0081
-0.015
-0.039
-0.041
-0.016
0.019
0.039
0.034
0.013
0.0027
0.0087
0.0037
-0.014
-0.025
-0.029
-0.017
-0.0014
0.011
0.033
0.06
0.081
0.091
0.094
0.087
0.073
0.046
0.009
-0.023
-0.029
-0.0073
0.019
0.05
0.076
0.07
0.04
0.014
0.0022
-0.0053
-0.011
-0.012
0.002
0.0072
-0.002
0.012
0.059
0.087
0.073
0.042
0.016
-0.023
-0.078
-0.097
-0.083
-0.054
-0.0095
0.023
0.038
0.041
0.023
-0.0073
-0.028
-0.045
-0.049
-0.029
-0.0087
0.0064
0.019
0.036
0.05
0.047
0.033
0.031
0.028
0.037
0.044
0.034
0.013
-0.019
-0.037
-0.027
-0.005
0.017
0.031
0.0083
-0.04
-0.047
-0.022
-0.0054
-0.0051
-0.014
-0.011
0.0088
0.024
0.032
0.041
0.046
0.042
0.028
0.002
-0.014
-0.012
-0.0028
0.0047
0.0053
0.0038
-0.011
-0.03
-0.023
-0.013
-0.024
-0.033
-0.032
-0.01
0.018
0.019
-0.0051
-0.042
-0.068
-0.079
-0.087
-0.092
-0.068
-0.038
-0.034
-0.042
-0.053
-0.068
-0.083
-0.088
-0.078
-0.066
-0.07
-0.078
-0.076
-0.077
-0.082
-0.074
-0.056
-0.057
-0.065
-0.06
-0.045
-0.038
-0.045
-0.064
-0.094
-0.11
-0.099
-0.083
-0.062
-0.035
-0.015
-0.015
-0.035
-0.063
-0.08
-0.094
-0.1
-0.091
-0.049
-0.0039
0.018
0.021
-0.00017
-0.032
-0.064
-0.086
-0.09
-0.08
-0.054
-0.015
0.012
0.021
0.0094
-0.026
-0.062
-0.067
-0.037
0.0015
0.03
0.046
0.034
-0.0026
-0.033
-0.02
0.0072
0.016
0.021
0.01
0.0011
0.0072
0.015
0.024
0.035
0.044
0.036
0.022
0.012
-0.0098
-0.021
-0.013
0.0059
0.02
0.025
0.018
-0.012
-0.042
-0.049
-0.025
0.02
0.035
0.018
-0.0034
-0.014
-0.0087
0.012
0.017
0.01
0.014
0.025
0.033
0.043
0.054
0.059
0.057
0.038
0.017
0.005
0.0031
0.01
0.01
0.016
0.034
0.046
0.041
0.03
0.038
0.045
0.056
0.084
0.12
0.15
0.14
0.11
0.079
0.073
0.089
0.11
0.13
0.14
0.12
0.075
0.069
0.09
0.11
0.12
0.13
0.15
0.14
0.12
0.12
0.14
0.16
0.14
0.12
0.11
0.075
0.033
0.016
0.032
0.079
0.13
0.14
0.12
0.098
0.072
0.055
0.055
0.062
0.066
0.043
0.02
0.015
-0.0023
-0.022
-0.026
-0.0054
0.036
0.063
0.06
0.034
0.0056
-0.015
-0.036
-0.051
-0.042
-0.0091
0.0091
0.0088
0.011
0.015
0.024
0.035
0.037
0.035
0.034
0.025
0.014
0.013
0.013
0.021
0.028
0.031
0.043
0.037
0.0097
-0.0082
-0.0074
-0.00075
0.0018
-0.0021
0.0064
0.011
-0.013
-0.035
-0.031
0.0034
0.039
0.046
0.036
0.028
0.018
-0.011
-0.03
-0.019
0.016
0.049
0.06
0.049
0.027
-0.012
-0.043
-0.023
0.023
0.069
0.096
0.08
0.042
-0.0027
-0.021
0.0042
0.051
0.074
0.072
0.059
0.036
0.015
-0.00038
0.0088
0.028
0.051
0.072
0.073
0.056
0.033
0.038
0.075
0.11
0.13
0.13
0.097
0.049
0.0031
-0.021
0.0086
0.067
0.11
0.12
0.1
0.064
0.017
-0.00023
0.0051
0.014
0.026
0.037
0.04
0.013
-0.021
-0.023
0.0043
0.043
0.063
0.055
0.042
0.039
0.038
0.046
0.055
0.046
0.025
0.0048
0.0014
0.014
0.036
0.061
0.064
0.046
0.026
0.043
0.079
0.051
-0.042
-0.11
-0.065
0.052
0.13
0.1
0.029
-0.044
-0.061
-0.031
0.023
0.07
0.087
0.07
0.033
0.0078
0.0012
0.0086
0.014
0.016
0.036
0.046
0.019
-0.044
-0.055
0.039
0.1
0.02
-0.1
-0.089
0.019
0.073
0.041
-0.0064
-0.011
-0.00093
0.024
0.064
0.077
0.048
0.0034
-0.019
0.0028
0.051
0.087
0.11
0.1
0.097
0.066
0.021
0.0018
0.013
0.049
0.11
0.14
0.11
0.054
0.0043
0.017
0.067
0.081
0.071
0.067
0.064
0.075
0.08
0.07
0.079
0.11
0.13
0.12
0.097
0.11
0.14
0.15
0.14
0.13
0.097
0.066
0.042
0.059
0.081
0.099
0.12
0.11
0.073
0.047
0.025
0.011
0.027
0.062
0.082
0.072
0.054
0.037
0.011
0.0017
0.0052
-0.0015
-0.037
-0.055
-0.047
-0.027
-0.0094
-0.017
-0.064
-0.13
-0.17
-0.18
-0.16
-0.13
-0.11
-0.078
-0.047
-0.044
-0.061
-0.084
-0.12
-0.14
-0.14
-0.15
-0.18
-0.2
-0.17
-0.11
-0.076
-0.06
-0.041
-0.024
-0.039
-0.1
-0.15
-0.16
-0.16
-0.16
-0.13
-0.1
-0.12
-0.14
-0.15
-0.16
-0.17
-0.19
-0.19
-0.2
-0.2
-0.2
-0.19
-0.18
-0.17
-0.17
-0.18
-0.2
-0.2
-0.17
-0.14
-0.14
-0.16
-0.17
-0.17
-0.15
-0.12
-0.11
-0.12
-0.13
-0.13
-0.12
-0.1
-0.076
-0.054
-0.037
-0.028
-0.044
-0.072
-0.1
-0.13
-0.13
-0.14
-0.14
-0.14
-0.11
-0.099
-0.073
-0.046
-0.028
-0.035
-0.059
-0.072
-0.078
-0.085
-0.08
-0.041
-0.0079
0.0025
0.017
0.027
0.013
-0.017
-0.051
-0.055
-0.021
0.023
0.044
0.041
0.032
0.033
0.045
0.078
0.12
0.13
0.12
0.12
0.12
0.11
0.086
0.07
0.076
0.11
0.16
0.2
0.21
0.19
0.18
0.17
0.15
0.14
0.16
0.21
0.23
0.23
0.22
0.21
0.19
0.18
0.17
0.19
0.22
0.21
0.19
0.18
0.18
0.18
0.18
0.16
0.15
0.15
0.13
0.11
0.15
0.18
0.2
0.22
0.19
0.12
0.093
0.098
0.15
0.19
0.18
0.16
0.14
0.13
0.12
0.11
0.1
0.11
0.1
0.092
0.076
0.038
0.0005
-0.025
-0.039
-0.015
0.029
0.053
0.033
0.013
0.035
0.062
0.052
0.011
-0.019
-0.033
-0.058
-0.084
-0.092
-0.1
-0.12
-0.11
-0.045
0.011
-0.00053
-0.081
-0.17
-0.19
-0.16
-0.096
-0.075
-0.13
-0.18
-0.22
-0.22
-0.18
-0.19
-0.22
-0.24
-0.28
-0.25
-0.17
-0.19
-0.22
-0.25
-0.29
-0.21
-0.13
-0.12
-0.11
-0.14
-0.14
-0.087
-0.11
-0.16
-0.16
-0.16
-0.14
-0.11
-0.12
-0.11
-0.093
-0.1
-0.098
-0.12
-0.17
-0.19
-0.21
-0.23
-0.2
-0.17
-0.15
-0.15
-0.16
-0.16
-0.15
-0.15
-0.13
-0.091
-0.071
-0.064
-0.081
-0.089
-0.083
-0.075
-0.065
-0.064
-0.063
-0.05
-0.042
-0.033
-0.033
-0.055
-0.091
-0.14
-0.16
-0.12
-0.082
-0.053
-0.037
-0.066
-0.11
-0.14
-0.14
-0.13
-0.1
-0.078
-0.062
-0.068
-0.083
-0.099
-0.12
-0.13
-0.11
-0.097
-0.076
-0.037
-0.014
-0.042
-0.097
-0.12
-0.12
-0.12
-0.092
-0.056
-0.049
-0.035
-0.0037
0.028
0.047
0.032
-0.0067
-0.037
-0.038
-0.017
-0.0068
-0.012
-0.0014
0.015
0.036
0.072
0.1
0.11
0.079
0.016
-0.019
-0.0076
0.034
0.076
0.1
0.11
0.1
0.094
0.073
0.062
0.074
0.093
0.095
0.063
0.03
0.027
0.035
0.055
0.086
0.13
0.16
0.14
0.086
0.064
0.057
0.055
0.072
0.1
0.12
0.12
0.09
0.074
0.085
0.094
0.084
0.061
0.033
0.0051
0.003
0.029
0.055
0.067
0.051
0.023
0.0079
-0.0069
-0.018
-0.019
-0.0077
0.013
0.03
0.036
0.044
0.045
0.036
0.041
0.05
0.049
0.037
0.025
0.022
0.025
0.031
0.031
0.014
0.0011
0.021
0.046
0.035
0.014
0.0059
0.0037
0.0026
0.01
0.035
0.053
0.055
0.051
0.046
0.06
0.071
0.076
0.085
0.094
0.092
0.08
0.077
0.1
0.14
0.13
0.11
0.099
0.11
0.15
0.18
0.19
0.17
0.12
0.074
0.08
0.094
0.099
0.1
0.1
0.11
0.11
0.098
0.1
0.12
0.13
0.13
0.12
0.11
0.12
0.11
0.091
0.087
0.097
0.11
0.11
0.11
0.11
0.11
0.097
0.094
0.11
0.12
0.13
0.093
0.048
0.029
0.038
0.065
0.091
0.096
0.067
0.032
-0.0056
-0.027
-0.023
-0.016
-0.0057
-0.002
-0.00014
0.0076
0.021
0.027
0.03
0.031
0.0076
-0.019
-0.026
-0.014
-0.00032
-0.00023
-0.0051
-0.0077
-0.014
-0.036
-0.073
-0.11
-0.13
-0.11
-0.075
-0.068
-0.077
-0.07
-0.053
-0.042
-0.036
-0.046
-0.072
-0.071
-0.059
-0.046
-0.022
-0.0043
-0.0065
-0.017
-0.027
-0.022
-0.013
-0.031
-0.057
-0.054
-0.032
-0.0028
0.0039
-0.026
-0.046
-0.05
-0.046
-0.042
-0.032
-0.016
-0.0054
-0.01
-0.024
-0.034
-0.048
-0.053
-0.021
0.014
0.03
0.017
0.0017
0.0053
0.013
0.0094
-0.0029
-0.0051
0.015
0.03
0.014
-0.021
-0.025
0.014
0.058
0.056
0.0077
-0.018
-0.0039
0.017
0.017
0.018
0.021
0.012
0.0046
0.017
0.035
0.031
0.021
0.03
0.027
0.0035
-0.00017
0.0076
0.024
0.034
0.024
0.041
0.091
0.12
0.1
0.041
-0.0011
-0.013
-0.0031
0.029
0.054
0.042
0.019
0.027
0.035
0.026
0.0058
0.002
0.035
0.087
0.13
0.14
0.14
0.13
0.087
0.04
0.024
0.036
0.063
0.079
0.058
0.017
-0.0017
0.0026
-0.0058
-0.035
-0.038
-0.0012
0.037
0.052
0.03
-0.015
-0.025
-0.0069
0.0029
-0.0087
-0.022
-0.023
-0.016
-0.001
0.0036
-0.017
-0.045
-0.055
-0.036
-0.033
-0.054
-0.064
-0.052
-0.017
0.0065
-0.006
-0.026
-0.022
-0.011
0.002
0.014
0.024
0.028
0.0073
-0.024
-0.045
-0.032
-0.01
0.00087
0.016
0.021
-0.012
-0.066
-0.075
-0.026
0.019
0.021
-0.0074
-0.017
-0.018
-0.015
-0.013
-0.011
-0.0025
-0.0026
-0.0066
-0.018
-0.023
-0.03
-0.046
-0.048
-0.045
-0.04
-0.022
-0.0024
0.0017
0.016
0.037
0.041
0.025
-0.0059
-0.029
-0.031
-0.013
-0.025
-0.057
-0.069
-0.049
-0.028
-0.047
-0.074
-0.068
-0.04
-0.016
-0.016
-0.011
0.018
0.04
0.04
0.04
0.038
0.0091
-0.018
-0.013
0.0042
0.0033
-0.012
-0.028
-0.046
-0.05
-0.032
-0.017
-0.029
-0.028
0.0068
0.043
0.044
0.0064
-0.014
-0.015
-0.013
-0.0024
0.01
0.026
0.041
0.056
0.068
0.067
0.05
0.043
0.048
0.038
0.023
0.017
0.026
0.042
0.05
0.054
0.055
0.051
0.052
0.068
0.075
0.067
0.051
0.042
0.052
0.072
0.084
0.087
0.066
0.03
0.014
0.01
0.0096
0.014
0.03
0.054
0.083
0.098
0.1
0.1
0.09
0.068
0.055
0.055
0.054
0.047
0.05
0.069
0.074
0.054
0.038
0.025
0.021
0.043
0.067
0.067
0.062
0.055
0.055
0.058
0.047
0.023
0.0068
0.0032
0.01
0.021
0.028
0.031
0.026
0.013
-0.0033
-0.011
-0.012
-0.0091
-0.0072
-0.0022
0.0038
0.00078
-0.01
-0.0097
-0.003
-0.0024
-0.01
-0.021
-0.026
-0.019
-0.0055
0.0027
-0.0049
-0.019
-0.022
-0.025
-0.032
-0.035
-0.03
-0.018
-0.0031
0.0042
-0.0023
-0.023
-0.04
-0.034
-0.013
-0.00056
-0.022
-0.054
-0.053
-0.034
-0.021
-0.027
-0.03
-0.022
-0.022
-0.02
-0.011
0.0032
0.012
0.012
-0.016
-0.048
-0.043
-0.012
0.0074
-0.0059
-0.036
-0.036
-7.6e-005
0.032
0.028
-0.013
-0.048
-0.054
-0.061
-0.075
-0.07
-0.051
-0.024
-0.00011
0.00072
0.0015
0.022
0.045
0.052
0.037
0.027
0.035
0.045
0.051
0.076
0.11
0.12
0.11
0.093
0.095
0.091
0.068
0.035
0.0073
-0.016
-0.038
-0.046
-0.048
-0.024
0.025
0.069
0.11
0.14
0.14
0.12
0.097
0.077
0.061
0.045
0.036
0.03
0.035
0.054
0.062
0.059
0.049
0.043
0.044
0.026
-0.0059
-0.014
-0.00047
-0.0043
-0.028
-0.048
-0.038
-0.014
-0.004
0.0031
0.016
0.027
0.029
0.032
0.046
0.077
0.11
0.1
0.087
0.086
0.1
0.12
0.13
0.14
0.13
0.14
0.14
0.14
0.13
0.1
0.093
0.11
0.14
0.16
0.16
0.16
0.15
0.13
0.11
0.093
0.083
0.081
0.079
0.07
0.06
0.059
0.068
0.073
0.077
0.081
0.089
0.099
0.12
0.15
0.15
0.13
0.098
0.066
0.041
0.023
0.009
0.011
0.03
0.039
0.038
0.035
0.026
0.016
0.027
0.06
0.074
0.072
0.022
-0.066
-0.11
-0.073
-0.024
0.0055
0.024
0.03
0.0055
-0.051
-0.065
-0.017
0.014
-0.012
-0.086
-0.16
-0.21
-0.19
-0.13
-0.11
-0.18
-0.31
-0.36
-0.29
-0.15
-0.012
0.039
-0.0011
-0.089
-0.18
-0.29
-0.35
-0.33
-0.27
-0.2
-0.13
-0.069
-0.02
0.0053
-0.0076
-0.049
-0.085
-0.1
-0.13
-0.18
-0.26
-0.29
-0.2
-0.036
0.12
0.16
0.034
-0.17
-0.27
-0.19
-0.012
0.15
0.24
0.24
0.22
0.21
0.24
0.27
0.26
0.21
0.12
0.016
-0.099
-0.2
-0.27
-0.28
-0.21
-0.11
-0.02
0.025
0.0042
-0.054
-0.11
-0.15
-0.15
-0.12
-0.1
-0.084
-0.074
-0.08
-0.1
-0.13
-0.16
-0.17
-0.2
-0.26
-0.35
-0.43
-0.47
-0.38
-0.22
-0.074
0.022
0.058
0.076
0.091
0.083
0.0071
-0.13
-0.26
-0.33
-0.32
-0.26
-0.19
-0.16
-0.16
-0.18
-0.19
-0.18
-0.18
-0.21
-0.26
-0.28
-0.29
-0.26
-0.22
-0.19
-0.18
-0.19
-0.2
-0.2
-0.2
-0.23
-0.28
-0.31
-0.3
-0.27
-0.22
-0.15
-0.1
-0.077
-0.073
-0.07
-0.06
-0.034
-0.0028
0.015
0.012
0.0075
0.014
0.029
0.05
0.059
0.066
0.076
0.088
0.088
0.052
-0.015
-0.06
-0.067
-0.05
-0.016
0.026
0.064
0.083
0.094
0.11
0.15
0.18
0.19
0.18
0.17
0.18
0.19
0.2
0.19
0.17
0.11
0.065
0.044
0.039
0.043
0.042
0.052
0.061
0.052
0.032
0.036
0.061
0.099
0.14
0.16
0.14
0.11
0.12
0.15
0.18
0.19
0.17
0.15
0.13
0.11
0.11
0.11
0.086
0.051
0.028
0.026
0.026
0.034
0.057
0.072
0.064
0.044
0.021
0.00093
-0.017
-0.029
-0.033
-0.042
-0.047
-0.045
-0.018
0.012
0.029
0.043
0.043
0.035
0.033
0.031
0.0098
-0.015
-0.033
-0.049
-0.048
-0.041
-0.026
-0.019
-0.026
-0.039
-0.059
-0.095
-0.13
-0.15
-0.16
-0.14
-0.11
-0.081
-0.067
-0.056
-0.046
-0.051
-0.058
-0.053
-0.058
-0.072
-0.068
-0.044
-0.016
0.0091
0.033
0.032
0.02
0.009
-0.0038
-0.011
-0.011
-0.018
-0.037
-0.039
-0.028
-0.016
0.013
0.036
0.031
-0.0021
-0.04
-0.048
-0.033
-0.019
-0.015
-0.021
-0.031
-0.029
-0.019
0.0048
0.023
0.019
0.011
0.014
0.019
0.039
0.06
0.059
0.05
0.047
0.045
0.048
0.049
0.057
0.072
0.086
0.1
0.11
0.11
0.093
0.08
0.079
0.089
0.096
0.088
0.09
0.099
0.11
0.1
0.077
0.061
0.049
0.045
0.055
0.072
0.088
0.11
0.13
0.13
0.12
0.09
0.06
0.036
0.032
0.038
0.046
0.051
0.051
0.042
0.019
0.00056
0.0046
0.034
0.05
0.044
0.029
0.02
0.021
0.024
0.031
0.03
0.03
0.041
0.057
0.059
0.071
0.13
0.16
0.084
-0.015
-0.033
0.026
0.088
0.1
0.098
0.088
0.064
0.049
0.045
0.044
0.041
0.037
0.046
0.056
0.059
0.059
0.064
0.075
0.086
0.11
0.12
0.1
0.083
0.075
0.089
0.11
0.12
0.11
0.099
0.076
0.064
0.059
0.058
0.08
0.11
0.13
0.13
0.098
0.063
0.051
0.042
0.039
0.045
0.05
0.046
0.039
0.04
0.035
0.016
-0.0078
-0.015
0.0096
0.051
0.076
0.074
0.066
0.07
0.072
0.077
0.087
0.078
0.059
0.049
0.052
0.056
0.071
0.088
0.091
0.072
0.048
0.03
0.027
0.036
0.038
0.038
0.046
0.06
0.084
0.12
0.13
0.12
0.11
0.086
0.062
0.051
0.056
0.076
0.091
0.1
0.11
0.11
0.1
0.1
0.094
0.085
0.091
0.1
0.1
0.086
0.079
0.079
0.071
0.062
0.063
0.062
0.063
0.065
0.067
0.076
0.082
0.065
0.048
0.05
0.062
0.068
0.074
0.083
0.074
0.06
0.056
0.052
0.051
0.059
0.07
0.079
0.074
0.066
0.07
0.085
0.092
0.085
0.072
0.061
0.049
0.044
0.04
0.032
0.026
0.033
0.033
0.02
0.023
0.037
0.046
0.051
0.063
0.08
0.09
0.084
0.069
0.055
0.045
0.039
0.04
0.05
0.044
0.025
0.024
0.043
0.058
0.067
0.069
0.069
0.067
0.056
0.05
0.057
0.064
0.063
0.065
0.068
0.07
0.071
0.073
0.069
0.06
0.048
0.051
0.069
0.076
0.075
0.077
0.091
0.11
0.11
0.087
0.058
0.041
0.043
0.052
0.062
0.056
0.037
0.024
0.033
0.039
0.024
7.6e-005
-0.0072
-0.0033
0.0009
0.0036
-0.0096
-0.034
-0.053
-0.053
-0.043
-0.041
-0.05
-0.059
-0.06
-0.061
-0.073
-0.075
-0.075
-0.1
-0.13
-0.12
-0.089
-0.063
-0.058
-0.066
-0.066
-0.067
-0.075
-0.074
-0.069
-0.076
-0.096
-0.1
-0.072
-0.033
-0.028
-0.04
-0.051
-0.069
-0.079
-0.076
-0.088
-0.12
-0.14
-0.12
-0.1
-0.085
-0.076
-0.093
-0.14
-0.15
-0.12
-0.091
-0.072
-0.059
-0.057
-0.061
-0.087
-0.12
-0.11
-0.12
-0.14
-0.17
-0.21
-0.23
-0.21
-0.14
-0.037
0.037
0.046
0.023
-0.0073
-0.06
-0.13
-0.19
-0.24
-0.24
-0.19
-0.14
-0.12
-0.096
