-0.022
-0.017
-0.0025
0.017
0.029
0.014
0.0078
0.015
0.0071
-0.0048
0.0036
0.01
0.00075
-0.0016
0.013
0.025
0.026
0.026
0.0095
-0.012
-0.011
-0.014
-0.018
-0.00041
0.029
0.02
-0.016
-0.023
-0.0098
-0.0025
-0.0075
-0.0032
0.0068
0.022
0.016
-0.0051
-0.0036
0.0077
-0.003
-0.026
-0.018
0.0087
0.02
0.026
0.027
0.021
-0.00044
-0.0064
0.013
0.022
0.012
0.0034
0.014
0.017
0.0098
-0.00066
0.0083
0.019
0.0054
0.0079
0.022
0.015
0.011
0.035
0.042
0.011
-0.0034
0.013
0.021
-0.0013
-0.016
0.0033
0.013
0.0036
-0.0089
-0.0063
0.011
0.019
0.0073
-0.0045
0.0029
0.0091
0.0046
-0.008
-0.014
-0.0062
0.003
-0.011
-0.024
-0.00093
0.0063
-0.023
-0.027
-0.0038
-0.015
-0.032
-0.00081
0.035
0.029
0.01
0.02
0.027
0.014
0.013
0.024
0.034
0.035
0.026
0.02
0.024
0.02
0.0077
0.011
0.013
0.00093
-0.0093
0.0006
0.0065
-0.0022
-0.0028
-0.0047
-0.012
-0.015
-0.019
-0.011
-0.0046
-0.0027
-0.012
-0.012
-0.0082
-0.011
-0.011
-0.0077
-0.00099
-0.006
0.0082
0.025
0.018
0.012
0.023
0.019
-0.0025
0.00053
0.018
0.014
0.0051
0.014
0.011
-0.017
-0.015
0.0042
0.0018
-0.016
-0.027
-0.025
-0.01
-0.00041
-0.017
-0.021
-0.013
-0.02
-0.021
-0.01
-0.0072
-0.0073
0.0051
0.011
0.0089
-0.001
0.00087
0.011
0.013
0.011
0.0045
0.0011
0.021
0.028
0.015
0.00072
0.00075
-0.0051
-0.01
0.0084
0.022
0.015
0.0052
0.0076
0.014
0.017
0.011
0.011
0.012
0.01
0.0061
0.0058
0.0079
-0.0011
-0.018
-0.013
0.00029
0.0046
-0.00044
-0.0028
0.0012
0.0025
-0.00014
0.0045
0.015
0.013
0.022
0.037
0.032
0.023
0.023
0.024
0.017
0.0066
0.0053
0.012
0.011
0.013
0.02
0.022
0.012
0.0034
0.015
0.023
0.0043
0.0079
0.029
0.041
0.031
0.0095
-0.0012
0.009
0.014
0.0056
-0.0018
-0.0055
0.0053
-0.0012
-0.015
-0.0088
0.0097
0.014
-0.011
-0.022
-0.00069
0.019
0.011
-0.0013
0.016
0.018
-0.0068
-0.016
-0.017
-0.015
-0.00069
0.0064
-0.0093
-0.02
-0.013
0.0017
0.0021
-0.0017
0.018
0.03
0.0077
-0.0085
0.00047
0.0047
0.0044
0.012
0.027
0.018
-0.015
-0.02
-0.00075
0.0085
0.015
0.011
0.0098
0.0075
0.0016
-0.0064
0.0014
0.017
0.024
0.016
0.0026
-0.00069
0.0072
0.019
0.011
0.002
0.0075
-0.00093
-0.016
-0.0098
0.0014
-0.0052
0.0033
0.027
0.017
-0.026
-0.041
-0.014
-0.0038
-0.02
-0.027
-0.0079
0.019
0.017
-0.0015
-0.014
-0.0066
0.001
0.0032
0.0088
0.012
0.013
0.014
0.018
0.014
0.013
0.019
0.018
0.019
0.02
0.015
0.018
0.029
0.039
0.032
0.023
0.018
0.02
0.012
0.008
0.014
0.031
0.051
0.037
0.0058
-0.0027
0.013
0.016
-0.00066
0.0046
0.017
0.0057
-0.012
-0.014
-0.016
-0.028
-0.023
-0.012
-0.011
-0.022
-0.029
-0.021
-0.006
-0.007
-0.026
-0.014
0.0072
0.012
0.012
0.015
0.0093
0.0068
0.016
0.014
0.011
0.018
0.025
0.034
0.029
0.015
0.012
0.018
0.029
0.025
0.016
0.016
0.039
0.06
0.073
0.072
0.058
0.049
0.033
0.014
0.024
0.028
0.0039
0.0051
0.024
0.015
-0.0031
0.0087
0.036
0.028
0.0036
0.013
0.023
0.0081
-0.0096
-0.017
-0.019
-0.017
-0.021
-0.017
-0.0086
-0.0092
-0.01
-0.019
-0.027
-0.03
-0.022
-0.013
-0.025
-0.032
-0.02
-0.0044
-0.0014
-0.00063
0.0013
-0.0011
-0.0038
-0.013
-0.0083
0.01
0.021
0.027
0.025
0.04
0.047
0.037
0.018
0.017
0.023
0.033
0.038
0.037
0.031
0.021
0.011
0.002
-0.0063
-0.012
-0.017
-0.022
-0.0096
0.009
-0.0028
-0.024
-0.016
-0.0064
-0.017
-0.039
-0.051
-0.025
0.014
0.016
-0.0097
-0.027
-0.021
0.0074
0.015
0.0022
0.0047
0.013
0.01
0.014
0.02
0.016
0.016
0.025
0.04
0.04
0.016
0.0094
0.027
0.029
0.014
-0.0052
-0.0032
0.0081
0.014
0.0079
0.0051
-0.007
-0.022
-0.022
-0.017
-0.017
-0.015
-0.007
0.0043
0.015
0.0097
-0.0099
-0.021
-0.0053
0.0094
-0.00096
-0.0014
0.018
0.026
-0.0012
-0.017
-0.0022
0.0033
0.0015
0.014
0.034
0.045
0.04
0.027
0.02
0.023
0.015
-0.0047
-0.034
-0.042
-0.023
-0.0025
0.0054
0.011
0.029
0.023
-0.016
-0.03
-0.017
-0.016
-0.019
-0.0043
0.0051
-0.0058
0.0047
0.031
0.048
0.036
0.022
0.011
0.0054
0.0062
0.0083
0.019
0.024
0.026
0.013
-0.0036
-0.0012
0.0022
0.0061
0.016
0.021
0.0037
-0.016
-0.028
-0.032
-0.031
-0.029
-0.011
0.0094
0.018
0.01
0.002
0.0051
0.0052
0.016
0.033
0.028
-0.0019
-0.0091
0.0088
0.014
0.0064
-0.0066
-0.016
-0.013
-0.015
-0.015
-0.021
-0.022
-0.01
-0.008
-0.013
-0.013
-0.026
-0.042
-0.035
-0.029
-0.016
0.0052
0.019
0.027
0.031
0.017
-0.011
-0.02
-0.0014
0.027
0.053
0.091
0.1
0.067
0.049
0.059
0.046
0.013
-0.0094
-0.024
-0.029
-0.015
0.009
0.033
0.039
0.029
0.018
0.0048
-0.019
-0.046
-0.053
-0.054
-0.058
-0.055
-0.045
-0.042
-0.038
-0.016
0.006
0.0095
0.0088
0.011
0.017
0.024
0.029
0.011
-0.0086
-0.0049
-0.0006
-0.0051
-0.018
-0.012
-0.0023
0.013
0.036
0.04
0.019
0.0073
0.011
0.013
0.016
0.023
0.017
0.0014
-0.0045
0.0016
-0.0012
-0.0046
0.0065
0.019
0.037
0.042
0.029
0.02
0.015
-0.0041
-0.026
-0.027
-0.016
0.0027
0.0071
0.00075
-0.014
-0.014
-0.0054
-0.011
-0.02
-0.022
-0.008
0.0055
-0.0069
-0.019
-0.021
-0.0051
-0.0051
-0.015
-0.017
-0.0029
0.024
0.028
0.019
0.014
0.0098
0.0037
0.011
0.018
0.021
0.0083
-0.01
0.0062
0.021
0.0056
-0.008
-0.0039
0.0019
-0.00014
0.0033
0.025
0.049
0.048
0.024
-0.0088
-0.019
-0.011
-0.0049
-0.0045
-0.011
-0.0034
0.012
0.021
0.017
0.0084
0.013
0.012
0.0064
-0.0033
-0.013
-0.026
-0.022
-0.0054
-0.00044
-0.007
-0.036
-0.063
-0.057
-0.043
-0.017
-0.0072
-0.013
-0.025
-0.036
-0.027
-0.013
-0.022
-0.043
-0.036
-0.019
-0.0018
0.0015
-0.014
-0.028
-0.03
-0.02
-0.014
-0.022
-0.04
-0.039
-0.027
-0.02
-0.0061
-0.0039
-0.017
-0.027
-0.032
-0.031
-0.021
-0.0082
-0.0074
-0.022
-0.03
-0.026
-0.019
-0.013
-0.0029
0.024
0.025
0.0025
-0.0087
-0.019
-0.026
-0.026
-0.015
-0.0024
-0.015
-0.037
-0.028
-0.004
0.02
0.016
-0.012
-0.024
-0.02
-0.021
-0.027
-0.026
-0.036
-0.05
-0.049
-0.043
-0.057
-0.082
-0.1
-0.11
-0.12
-0.14
-0.18
-0.2
-0.19
-0.15
-0.11
-0.064
-0.028
-0.033
-0.079
-0.14
-0.22
-0.31
-0.37
-0.42
-0.5
-0.59
-0.68
-0.78
-0.83
-0.74
-0.53
-0.29
-0.16
-0.19
-0.23
-0.13
0.056
0.15
0.15
0.15
0.082
-0.15
-0.57
-0.85
-0.87
-0.87
-0.86
-0.87
-0.81
-0.76
-0.85
-0.83
-0.44
0.46
0.97
0.99
0.75
0.12
-0.23
-0.49
-0.82
-0.9
-0.81
-0.97
0.18
1
1
0.12
-1
-0.79
-0.95
-0.16
0.32
-0.44
-0.85
-0.86
-0.87
-0.87
-0.85
-0.84
-0.69
-0.48
-0.7
-0.85
-0.85
-0.73
-0.033
0.18
-0.55
-0.87
-0.82
-0.84
-0.83
-0.83
-0.82
-0.82
-0.82
-0.82
-0.81
-0.81
-0.81
-0.81
-0.8
-0.8
-0.8
-0.8
-0.79
-0.79
-0.79
-0.79
-0.78
-0.78
-0.78
-0.77
-0.77
-0.77
-0.76
-0.76
-0.76
-0.75
-0.75
-0.61
-0.43
-0.33
-0.3
-0.4
-0.57
-0.6
-0.4
-0.2
-0.29
-0.58
-0.71
-0.55
-0.23
-0.18
-0.55
-0.74
-0.71
-0.72
-0.7
-0.72
-0.71
-0.71
-0.71
-0.71
-0.71
-0.71
-0.7
-0.7
-0.7
-0.7
-0.7
-0.69
-0.69
-0.69
-0.69
-0.68
-0.68
-0.68
-0.68
-0.67
-0.67
-0.67
-0.67
-0.67
-0.66
-0.66
-0.66
-0.66
-0.65
-0.65
-0.65
-0.65
-0.64
-0.64
-0.64
-0.64
-0.63
-0.63
-0.63
-0.63
-0.62
-0.62
-0.61
-0.61
-0.61
-0.61
-0.61
-0.61
-0.61
-0.61
-0.6
-0.6
-0.6
-0.6
-0.6
-0.6
-0.59
-0.59
-0.59
-0.59
-0.59
-0.59
-0.58
-0.58
-0.58
-0.58
-0.58
-0.57
-0.57
-0.57
-0.57
-0.57
-0.56
-0.56
-0.56
-0.56
-0.56
-0.55
-0.55
-0.55
-0.55
-0.55
-0.54
-0.54
-0.54
-0.54
-0.54
-0.53
-0.53
-0.53
-0.53
-0.53
-0.53
-0.52
-0.52
-0.52
-0.52
-0.52
-0.52
-0.51
-0.51
-0.51
-0.51
-0.51
-0.5
-0.5
-0.5
-0.5
-0.5
-0.5
-0.49
-0.49
-0.49
-0.49
-0.49
-0.49
-0.48
-0.48
-0.48
-0.48
-0.48
-0.48
-0.47
-0.47
-0.47
-0.47
-0.47
-0.47
-0.46
-0.46
-0.46
-0.46
-0.46
-0.46
-0.46
-0.45
-0.45
-0.45
-0.45
-0.45
-0.45
-0.44
-0.44
-0.44
-0.44
-0.44
-0.44
-0.43
-0.43
-0.43
-0.43
-0.43
-0.43
-0.42
-0.42
-0.42
-0.42
-0.42
-0.42
-0.42
-0.41
-0.41
-0.41
-0.41
-0.41
-0.41
-0.4
-0.4
-0.4
-0.4
-0.4
-0.4
-0.4
-0.39
-0.39
-0.39
-0.39
-0.39
-0.39
-0.39
-0.38
-0.38
-0.38
-0.38
-0.38
-0.38
-0.38
-0.38
-0.37
-0.37
-0.37
-0.37
-0.37
-0.37
-0.37
-0.37
-0.36
-0.36
-0.36
-0.36
-0.36
-0.36
-0.36
-0.36
-0.35
-0.35
-0.35
-0.35
-0.35
-0.35
-0.35
-0.34
-0.34
-0.34
-0.34
-0.34
-0.34
-0.34
-0.34
-0.33
-0.33
-0.33
-0.33
-0.33
-0.33
-0.33
-0.33
-0.32
-0.32
-0.32
-0.32
-0.31
-0.31
-0.31
-0.31
-0.31
-0.31
-0.31
-0.31
-0.31
-0.31
-0.31
-0.3
-0.3
-0.3
-0.3
-0.3
-0.3
-0.3
-0.3
-0.3
-0.3
-0.3
-0.29
-0.29
-0.29
-0.29
-0.29
-0.29
-0.29
-0.29
-0.28
-0.28
-0.28
-0.28
-0.28
-0.28
-0.28
-0.28
-0.27
-0.27
-0.27
-0.27
-0.27
-0.27
-0.26
-0.26
-0.26
-0.26
-0.25
-0.25
-0.23
-0.21
-0.2
-0.17
-0.12
-0.09
-0.083
-0.12
-0.2
-0.24
-0.25
-0.26
-0.26
-0.25
-0.25
-0.25
-0.25
-0.25
-0.25
-0.25
-0.25
-0.25
-0.25
-0.25
-0.24
-0.24
-0.24
-0.24
-0.24
-0.24
-0.24
-0.23
-0.23
-0.23
-0.21
-0.12
-0.027
0.063
0.2
0.32
0.36
0.26
0.11
-0.035
-0.18
-0.22
-0.23
-0.23
-0.23
-0.23
-0.23
-0.23
-0.23
-0.23
-0.23
-0.23
-0.22
-0.22
-0.22
-0.22
-0.22
-0.22
-0.22
-0.22
-0.21
-0.21
-0.2
-0.2
-0.19
-0.19
-0.19
-0.17
-0.16
-0.17
-0.18
-0.19
-0.19
-0.19
-0.2
-0.2
-0.2
-0.2
-0.2
-0.2
-0.2
-0.2
-0.2
-0.2
-0.2
-0.2
-0.19
-0.19
-0.19
-0.19
-0.19
-0.19
-0.19
-0.19
-0.19
-0.18
-0.18
-0.18
-0.18
-0.18
-0.18
-0.18
-0.18
-0.18
-0.18
-0.18
-0.18
-0.17
-0.17
-0.17
-0.17
-0.17
-0.17
-0.17
-0.17
-0.17
-0.17
-0.17
-0.17
-0.17
-0.17
-0.17
-0.16
-0.16
-0.16
-0.16
-0.16
-0.16
-0.16
-0.15
-0.15
-0.15
-0.14
-0.14
-0.14
-0.15
-0.15
-0.15
-0.15
-0.15
-0.15
-0.14
-0.14
-0.15
-0.15
-0.14
-0.14
-0.14
-0.14
-0.14
-0.14
-0.14
-0.14
-0.14
-0.14
-0.14
-0.14
-0.14
-0.14
-0.14
-0.13
-0.13
-0.13
-0.13
-0.13
-0.13
-0.13
-0.13
-0.13
-0.13
-0.13
-0.13
-0.13
-0.13
-0.13
-0.13
-0.12
-0.12
-0.12
-0.12
-0.12
-0.12
-0.12
-0.12
-0.12
-0.12
-0.12
-0.12
-0.12
-0.12
-0.11
-0.11
-0.11
-0.11
-0.11
-0.11
-0.11
-0.11
-0.11
-0.11
-0.11
-0.11
-0.11
-0.1
-0.1
-0.1
-0.1
-0.1
-0.1
-0.1
-0.1
-0.099
-0.096
-0.095
-0.093
-0.092
-0.093
-0.094
-0.096
-0.097
-0.097
-0.096
-0.093
-0.091
-0.089
-0.087
-0.086
-0.084
-0.083
-0.084
-0.083
-0.081
-0.081
-0.08
-0.08
-0.078
-0.074
-0.071
-0.073
-0.075
-0.076
-0.077
-0.076
-0.074
-0.072
-0.073
-0.076
-0.075
-0.073
-0.074
-0.076
-0.077
-0.076
-0.072
-0.069
-0.07
-0.071
-0.069
-0.064
-0.06
-0.06
-0.059
-0.057
-0.056
-0.058
-0.06
-0.06
-0.059
-0.06
-0.061
-0.06
-0.061
-0.062
-0.063
-0.064
-0.064
-0.064
-0.066
-0.065
-0.063
-0.063
-0.063
-0.062
-0.062
-0.064
-0.065
-0.065
-0.064
-0.063
-0.063
-0.063
-0.062
-0.06
-0.059
-0.057
-0.057
-0.057
-0.056
-0.057
-0.057
-0.056
-0.054
-0.051
-0.051
-0.051
-0.052
-0.05
-0.047
-0.046
-0.046
-0.045
-0.043
-0.043
-0.043
-0.042
-0.044
-0.043
-0.038
-0.032
-0.034
-0.04
-0.042
-0.041
-0.039
-0.037
-0.034
-0.031
-0.032
-0.037
-0.04
-0.04
-0.041
-0.039
-0.037
-0.036
-0.035
-0.032
-0.028
-0.026
-0.025
-0.025
-0.024
-0.024
-0.018
-0.016
-0.018
-0.016
-0.011
-0.0082
-0.011
-0.016
-0.018
-0.021
-0.019
-0.014
-0.011
-0.012
-0.01
-0.0094
-0.0028
0.0034
-0.0032
-0.0095
-0.008
-0.0054
-0.0042
0.002
0.0014
-0.01
-0.014
-0.01
0.0013
0.011
0.0075
-0.0019
-0.0042
-0.0055
-0.012
-0.014
-0.015
-0.018
-0.018
-0.012
-0.0063
-0.0047
-0.0028
-0.0056
-0.0098
-0.01
-0.011
-0.012
-0.01
-0.0088
-0.012
-0.014
-0.014
-0.013
-0.0093
-0.0059
-0.0041
-0.0049
-0.0082
-0.011
-0.013
-0.013
-0.01
-0.008
-0.008
-0.0071
-0.0071
-0.0046
1.5e-005
-0.00038
-0.0041
-0.0098
-0.013
-0.014
-0.012
-0.011
-0.0095
-0.0081
-0.0089
-0.0095
-0.0098
-0.01
-0.011
-0.013
-0.015
-0.015
-0.015
-0.014
-0.012
-0.011
-0.011
-0.0097
-0.0092
-0.0077
-0.006
-0.0042
-0.0042
-0.0063
-0.0081
-0.0082
-0.0061
-0.0047
-0.0014
-0.00075
-0.0014
-0.00075
0.0017
0.0057
0.0068
0.0053
0.0029
0.0023
0.0031
0.0018
0.00093
0.0031
0.0062
0.0087
0.011
0.011
0.0079
0.0061
0.0058
0.0049
0.0086
0.015
0.018
0.019
0.018
0.018
0.023
0.023
0.019
0.019
0.023
0.028
0.031
0.026
0.021
0.023
0.029
0.034
0.034
0.027
0.026
0.031
0.039
0.039
0.034
0.031
0.034
0.039
0.043
0.045
0.046
0.055
0.073
0.088
0.08
0.057
0.053
0.057
0.05
0.039
0.04
0.046
0.044
0.042
0.046
0.077
0.086
0.057
0.042
0.041
0.046
0.053
0.074
0.091
0.076
0.051
0.04
0.038
0.036
0.035
0.031
0.029
0.028
0.027
0.026
0.029
0.032
0.031
0.034
0.037
0.033
0.028
0.023
0.019
0.019
0.021
0.024
0.027
0.029
0.033
0.032
0.032
0.034
0.036
0.038
0.038
0.035
0.035
0.038
0.041
0.044
0.047
0.048
0.049
0.048
0.046
0.043
0.038
0.037
0.037
0.035
0.032
0.032
0.035
0.039
0.045
0.042
0.036
0.037
0.042
0.047
0.047
0.043
0.04
0.039
0.038
0.038
0.041
0.042
0.045
0.049
0.05
0.053
0.046
0.039
0.035
0.032
0.031
0.032
0.033
0.034
0.036
0.036
0.036
0.033
0.032
0.034
0.034
0.032
0.033
0.034
0.034
0.032
0.032
0.034
0.034
0.033
0.037
0.036
0.033
0.033
0.036
0.039
0.038
0.04
0.041
0.041
0.041
0.042
0.043
0.042
0.042
0.043
0.045
0.045
0.044
0.047
0.052
0.059
0.064
0.06
0.049
0.043
0.042
0.04
0.042
0.047
0.056
0.066
0.087
0.099
0.087
0.069
0.058
0.052
0.047
0.048
0.055
0.063
0.083
0.13
0.17
0.16
0.12
0.079
0.066
0.065
0.065
0.063
0.059
0.061
0.072
0.094
0.13
0.15
0.13
0.13
0.12
0.083
0.063
0.064
0.076
0.09
0.087
0.086
0.092
0.12
0.16
0.19
0.18
0.15
0.11
0.078
0.066
0.072
0.1
0.16
0.19
0.19
0.16
0.14
0.13
0.12
0.13
0.13
0.13
0.12
0.12
0.14
0.16
0.19
0.21
0.21
0.17
0.11
0.08
0.086
0.1
0.14
0.19
0.18
0.14
0.12
0.1
0.082
0.077
0.098
0.11
0.097
0.091
0.099
0.11
0.12
0.13
0.11
0.097
0.089
0.089
0.088
0.086
0.078
0.077
0.1
0.13
0.13
0.1
0.088
0.11
0.12
0.12
0.086
0.074
0.081
0.098
0.11
0.14
0.17
0.2
0.23
0.23
0.19
0.13
0.084
0.08
0.095
0.12
0.15
0.15
0.14
0.14
0.16
0.17
0.14
0.09
0.065
0.061
0.058
0.072
0.13
0.19
0.18
0.15
0.14
0.16
0.16
0.13
0.092
0.073
0.083
0.12
0.19
0.21
0.2
0.16
0.12
0.12
0.11
0.11
0.13
0.16
0.17
0.17
0.17
0.18
0.2
0.19
0.17
0.16
0.15
0.15
0.16
0.19
0.19
0.18
0.18
0.19
0.21
0.21
0.2
0.17
0.15
0.13
0.13
0.17
0.22
0.24
0.25
0.24
0.2
0.16
0.14
0.13
0.14
0.16
0.16
0.15
0.15
0.16
0.19
0.23
0.22
0.19
0.16
0.14
0.12
0.12
0.13
0.14
0.18
0.21
0.22
0.25
0.26
0.27
0.24
0.21
0.2
0.19
0.17
0.18
0.2
0.21
0.22
0.23
0.24
0.26
0.25
0.22
0.19
0.19
0.2
0.23
0.25
0.27
0.26
0.23
0.23
0.23
0.21
0.19
0.18
0.17
0.18
0.21
0.21
0.22
0.24
0.26
0.25
0.23
0.21
0.19
0.19
0.2
0.22
0.26
0.29
0.28
0.24
0.23
0.25
0.26
0.28
0.29
0.27
0.22
0.21
0.24
0.29
0.32
0.3
0.24
0.19
0.16
0.16
0.19
0.22
0.23
0.27
0.29
0.31
0.31
0.31
0.31
0.31
0.29
0.27
0.24
0.21
0.2
0.23
0.29
0.35
0.36
0.33
0.29
0.27
0.26
0.26
0.26
0.25
0.22
0.21
0.23
0.28
0.32
0.35
0.35
0.31
0.25
0.2
0.16
0.14
0.17
0.21
0.25
0.25
0.28
0.32
0.33
0.31
0.26
0.21
0.17
0.17
0.19
0.23
0.27
0.3
0.29
0.25
0.24
0.25
0.27
0.27
0.24
0.21
0.21
0.22
0.22
0.23
0.23
0.19
0.16
0.13
0.13
0.14
0.16
0.16
0.19
0.2
0.2
0.19
0.18
0.18
0.16
0.14
0.15
0.16
0.17
0.17
0.16
0.16
0.16
0.17
0.19
0.19
0.18
0.19
0.2
0.18
0.17
0.16
0.17
0.19
0.2
0.2
0.18
0.16
0.15
0.15
0.13
0.12
0.12
0.13
0.17
0.18
0.17
0.18
0.2
0.18
0.14
0.11
0.11
0.12
0.15
0.17
0.18
0.2
0.19
0.17
0.14
0.1
0.081
0.089
0.11
0.094
0.079
0.091
0.11
0.12
0.11
0.094
0.078
0.073
0.065
0.057
0.062
0.096
0.13
0.15
0.15
0.13
0.1
0.074
0.057
0.059
0.091
0.12
0.1
0.087
0.11
0.12
0.11
0.12
0.12
0.11
0.11
0.12
0.12
0.11
0.11
0.12
0.13
0.13
0.15
0.16
0.15
0.14
0.13
0.094
0.059
0.074
0.1
0.11
0.12
0.14
0.15
0.15
0.13
0.096
0.091
0.1
0.095
0.089
0.12
0.16
0.2
0.2
0.16
0.14
0.15
0.14
0.15
0.16
0.17
0.15
0.13
0.12
0.13
0.15
0.13
0.12
0.13
0.17
0.19
0.18
0.17
0.12
0.091
0.12
0.15
0.15
0.15
0.16
0.16
0.18
0.2
0.18
0.17
0.17
0.14
0.13
0.14
0.16
0.16
0.18
0.18
0.16
0.14
0.13
0.12
0.14
0.18
0.21
0.19
0.15
0.11
0.1
0.12
0.16
0.17
0.14
0.11
0.078
0.064
0.046
0.028
0.018
0.031
0.086
0.15
0.16
0.14
0.13
0.15
0.16
0.16
0.12
0.039
-0.0038
0.017
0.061
0.1
0.16
0.2
0.21
0.19
0.14
0.11
0.12
0.12
0.092
0.059
0.082
0.13
0.16
0.18
0.17
0.16
0.17
0.12
0.058
0.032
0.044
0.086
0.15
0.19
0.18
0.18
0.19
0.17
0.12
0.063
0.031
0.04
0.051
0.054
0.076
0.11
0.13
0.12
0.1
0.092
0.1
0.12
0.11
0.08
0.085
0.099
0.1
0.09
0.063
0.058
0.074
0.069
0.061
0.084
0.11
0.11
0.077
0.07
0.089
0.13
0.18
0.2
0.18
0.15
0.1
0.074
0.059
0.06
0.11
0.18
0.23
0.23
0.19
0.16
0.14
0.11
0.069
0.044
0.043
0.076
0.15
0.2
0.22
0.21
0.17
0.13
0.11
0.084
0.083
0.11
0.14
0.18
0.22
0.22
0.17
0.11
0.13
0.17
0.18
0.17
0.16
0.15
0.16
0.19
0.21
0.21
0.19
0.19
0.2
0.22
0.22
0.19
0.16
0.16
0.18
0.19
0.21
0.25
0.28
0.29
0.27
0.25
0.21
0.16
0.16
0.19
0.21
0.22
0.25
0.3
0.3
0.26
0.21
0.17
0.15
0.17
0.19
0.2
0.19
0.21
0.24
0.26
0.27
0.23
0.17
0.18
0.19
0.21
0.24
0.24
0.23
0.25
0.29
0.32
0.29
0.26
0.25
0.2
0.17
0.17
0.2
0.24
0.28
0.31
0.33
0.33
0.29
0.24
0.21
0.2
0.21
0.23
0.25
0.26
0.24
0.22
0.23
0.27
0.28
0.26
0.23
0.22
0.25
0.27
0.28
0.31
0.33
0.31
0.29
0.3
0.33
0.35
0.35
0.31
0.29
0.29
0.29
0.28
0.28
0.28
0.29
0.29
0.29
0.26
0.23
0.22
0.23
0.24
0.26
0.27
0.27
0.29
0.28
0.24
0.22
0.23
0.26
0.26
0.24
0.21
0.18
0.21
0.26
0.29
0.28
0.24
0.22
0.23
0.24
0.22
0.22
0.24
0.25
0.24
0.22
0.2
0.2
0.23
0.28
0.29
0.28
0.27
0.25
0.26
0.28
0.28
0.28
0.27
0.26
0.23
0.22
0.21
0.19
0.2
0.23
0.25
0.27
0.29
0.31
0.32
0.32
0.29
0.24
0.19
0.16
0.16
0.16
0.21
0.27
0.31
0.31
0.28
0.26
0.25
0.26
0.24
0.19
0.15
0.15
0.14
0.15
0.21
0.26
0.31
0.33
0.29
0.23
0.15
0.095
0.07
0.084
0.11
0.15
0.19
0.22
0.25
0.25
0.23
0.19
0.15
0.11
0.072
0.051
0.082
0.15
0.21
0.24
0.25
0.25
0.22
0.2
0.17
0.14
0.11
0.12
0.12
0.13
0.15
0.21
0.26
0.28
0.26
0.21
0.15
0.092
0.067
0.099
0.17
0.22
0.24
0.23
0.23
0.24
0.23
0.22
0.2
0.17
0.17
0.21
0.25
0.25
0.23
0.22
0.24
0.27
0.29
0.28
0.25
0.26
0.27
0.28
0.29
0.29
0.28
0.28
0.28
0.28
0.3
0.31
0.29
0.27
0.28
0.28
0.24
0.25
0.28
0.32
0.37
0.36
0.3
0.22
0.16
0.15
0.17
0.19
0.2
0.18
0.2
0.21
0.18
0.18
0.18
0.16
0.12
0.068
0.054
0.096
0.17
0.19
0.14
0.076
0.02
0.0072
0.029
0.058
0.077
0.1
0.13
0.14
0.15
0.15
0.14
0.12
0.11
0.11
0.081
0.05
0.021
0.017
0.019
0.019
0.028
0.042
0.057
0.081
0.11
0.12
0.13
0.15
0.17
0.23
0.28
0.3
0.3
0.29
0.29
0.27
0.27
0.27
0.29
0.3
0.31
0.32
0.32
0.33
0.32
0.29
0.22
0.17
0.15
0.15
0.17
0.2
0.23
0.23
0.2
0.14
0.082
0.052
0.055
0.063
0.039
0.027
0.022
0.013
0.023
0.044
0.065
0.08
0.067
0.045
0.034
0.022
0.021
0.028
0.014
0.022
0.061
0.096
0.12
0.12
0.12
0.096
0.067
0.014
-0.018
-0.017
0.0021
0.048
0.094
0.12
0.089
0.04
-0.0036
-0.036
-0.047
-0.053
-0.049
-0.048
-0.026
0.0072
0.016
-0.005
-0.047
-0.089
-0.11
-0.097
-0.082
-0.047
-0.012
-0.01
-0.031
-0.03
-0.016
-0.038
-0.081
-0.085
-0.066
-0.03
0.011
0.013
-0.017
-0.037
-0.034
-0.032
-0.038
-0.038
0.00084
0.054
0.078
0.08
0.073
0.07
0.07
0.088
0.11
0.14
0.14
0.11
0.059
0.011
-0.022
-0.021
0.016
0.069
0.14
0.19
0.19
0.16
0.094
0.031
-0.009
-0.035
-0.034
-0.01
0.027
0.06
0.086
0.1
0.1
0.078
0.019
-0.051
-0.081
-0.045
-0.0023
0.021
0.042
0.047
0.055
0.068
0.06
0.029
0.0076
-0.0022
-0.017
-0.03
-0.022
-0.007
0.019
0.032
0.0043
-0.0076
0.015
0.038
0.037
0.016
0.0022
0.0034
0.021
0.013
-0.00075
0.016
0.048
0.056
0.033
0.019
0.022
0.059
0.097
0.11
0.12
0.13
0.14
0.15
0.12
0.082
0.055
0.046
0.081
0.11
0.1
0.1
0.13
0.16
0.16
0.14
0.14
0.14
0.14
0.14
0.14
0.13
0.12
0.13
0.16
0.2
0.22
0.18
0.16
0.15
0.15
0.15
0.12
0.097
0.13
0.21
0.28
0.31
0.29
0.25
0.2
0.15
0.11
0.1
0.12
0.16
0.19
0.19
0.21
0.23
0.24
0.24
0.21
0.17
0.15
0.15
0.15
0.15
0.15
0.17
0.18
0.16
0.13
0.12
0.11
0.11
0.098
0.12
0.16
0.19
0.19
0.18
0.16
0.16
0.19
0.2
0.2
0.19
0.19
0.19
0.19
0.19
0.2
0.23
0.25
0.25
0.23
0.22
0.21
0.21
0.2
0.19
0.19
0.19
0.22
0.25
0.24
0.22
0.21
0.22
0.21
0.18
0.13
0.11
0.16
0.24
0.3
0.31
0.29
0.23
0.18
0.16
0.16
0.19
0.21
0.22
0.22
0.23
0.24
0.24
0.21
0.18
0.17
0.18
0.21
0.22
0.21
0.2
0.2
0.2
0.2
0.17
0.14
0.13
0.12
0.11
0.097
0.085
0.081
0.089
0.099
0.1
0.087
0.065
0.045
0.027
0.024
0.042
0.065
0.095
0.11
0.078
0.045
0.02
-0.0026
0.0013
0.0076
0.0014
0.0019
0.015
0.032
0.049
0.056
0.063
0.095
0.11
0.11
0.11
0.1
0.092
0.075
0.069
0.084
0.096
0.11
0.14
0.15
0.13
0.11
0.088
0.061
0.076
0.12
0.15
0.15
0.15
0.13
0.1
0.092
0.092
0.076
0.06
0.087
0.13
0.19
0.22
0.24
0.24
0.23
0.19
0.16
0.14
0.11
0.097
0.13
0.2
0.26
0.27
0.26
0.22
0.18
0.14
0.12
0.11
0.11
0.1
0.13
0.2
0.25
0.25
0.23
0.19
0.15
0.14
0.13
0.15
0.17
0.19
0.21
0.2
0.14
0.13
0.17
0.2
0.19
0.18
0.16
0.15
0.13
0.099
0.095
0.1
0.13
0.15
0.13
0.097
0.086
0.11
0.14
0.19
0.23
0.24
0.21
0.17
0.17
0.17
0.17
0.17
0.16
0.16
0.16
0.16
0.16
0.19
0.23
0.23
0.21
0.16
0.12
0.11
0.14
0.17
0.18
0.22
0.24
0.22
0.18
0.12
0.097
0.11
0.12
0.11
0.09
0.08
0.085
0.082
0.074
0.089
0.11
0.11
0.096
0.085
0.073
0.057
0.041
0.068
0.11
0.12
0.13
0.14
0.14
0.15
0.18
0.21
0.17
0.12
0.083
0.071
0.08
0.12
0.17
0.19
0.18
0.16
0.14
0.12
0.11
0.082
0.066
0.1
0.16
0.2
0.21
0.18
0.12
0.068
0.048
0.04
0.028
0.041
0.059
0.07
0.091
0.13
0.16
0.15
0.13
0.12
0.086
0.053
0.013
-0.0006
0.041
0.085
0.13
0.15
0.12
0.093
0.093
0.1
0.095
0.067
0.037
0.029
0.035
0.038
0.053
0.046
0.05
0.081
0.09
0.066
0.042
0.013
-0.019
-0.018
0.0083
0.024
0.017
0.0099
0.011
0.023
0.051
0.069
0.037
-0.027
-0.087
-0.11
-0.091
-0.054
-0.023
0.011
0.037
0.035
0.0059
-0.032
-0.066
-0.075
-0.046
-0.011
0.012
0.0059
-0.024
-0.05
-0.061
-0.035
-0.0046
0.014
0.006
-0.0082
0.0067
0.026
0.049
0.065
0.067
0.067
0.089
0.1
0.1
0.13
0.15
0.17
0.17
0.14
0.12
0.11
0.12
0.13
0.13
0.15
0.18
0.19
0.15
0.096
0.057
0.067
0.095
0.11
0.12
0.12
0.12
0.12
0.12
0.086
0.052
0.044
0.033
0.031
0.017
0.012
0.037
0.069
0.1
0.11
0.11
0.099
0.098
0.087
0.06
0.043
0.061
0.11
0.15
0.17
0.15
0.11
0.075
0.054
0.049
0.056
0.069
0.096
0.14
0.14
0.13
0.15
0.18
0.18
0.16
0.12
0.07
0.042
0.07
0.11
0.14
0.18
0.26
0.33
0.32
0.29
0.26
0.2
0.13
0.084
0.073
0.086
0.12
0.17
0.18
0.18
0.18
0.19
0.18
0.13
0.091
0.077
0.06
0.064
0.085
0.12
0.15
0.19
0.21
0.2
0.16
0.12
0.098
0.09
0.091
0.11
0.12
0.13
0.12
0.12
0.12
0.13
0.13
0.14
0.14
0.11
0.063
0.039
0.067
0.1
0.13
0.12
0.091
0.083
0.087
0.079
0.044
0.028
0.042
0.041
0.047
0.056
0.043
0.026
0.027
0.049
0.061
0.058
0.053
0.03
0.0098
0.002
-0.0088
-0.023
-0.017
0.0014
0.0014
-0.023
-0.045
-0.051
-0.047
-0.023
0.016
0.017
-0.023
-0.045
-0.042
-0.024
-0.0063
-0.017
-0.027
-0.023
-0.017
-0.0024
0.018
0.022
0.04
0.058
0.058
0.055
0.045
0.028
0.012
0.003
0.0067
0.0075
0.0098
0.026
0.041
0.04
0.03
0.028
0.054
0.097
0.12
0.096
0.055
0.026
0.025
0.054
0.076
0.082
0.076
0.08
0.11
0.12
0.11
0.095
0.1
0.13
0.15
0.14
0.13
0.12
0.083
0.055
0.058
0.07
0.11
0.13
0.1
0.076
0.051
0.045
0.026
0.016
0.034
0.065
0.086
0.097
0.093
0.084
0.1
0.14
0.15
0.16
0.14
0.094
0.072
0.083
0.1
0.11
0.12
0.12
0.089
0.057
0.04
0.028
0.037
0.06
0.052
0.032
0.034
0.033
0.0076
-0.024
-0.038
-0.021
-0.0059
0.0058
0.032
0.042
0.033
0.042
0.082
0.11
0.13
0.13
0.094
0.022
-0.07
-0.14
-0.15
-0.082
0.034
0.12
0.16
0.11
0.037
-0.01
-0.013
0.024
0.052
0.041
0.013
-0.0086
0.012
0.059
0.11
0.14
0.14
0.11
0.075
0.079
0.1
0.12
0.14
0.16
0.18
0.17
0.16
0.14
0.14
0.16
0.18
0.18
0.19
0.19
0.19
0.19
0.17
0.15
0.16
0.18
0.18
0.17
0.17
0.17
0.16
0.14
0.13
0.12
0.15
0.18
0.2
0.19
0.17
0.14
0.11
0.049
-0.0031
-0.021
-0.011
0.034
0.087
0.16
0.24
0.29
0.3
0.27
0.18
0.064
0.00056
-0.014
0.022
0.1
0.19
0.25
0.25
0.23
0.18
0.11
0.053
0.018
0.023
0.039
0.024
-0.00011
-0.012
0.0075
0.033
0.025
0.0026
-0.0049
-0.02
-0.061
-0.1
-0.11
-0.059
0.0031
0.049
0.058
0.023
-0.0088
-0.018
-0.004
0.0014
-0.0055
-0.032
-0.076
-0.1
-0.12
-0.12
-0.07
-0.0017
0.057
0.081
0.046
-0.03
-0.074
-0.049
-0.0051
0.02
0.047
0.078
0.092
0.093
0.097
0.11
0.087
0.054
0.037
0.037
0.032
0.013
0.039
0.092
0.13
0.15
0.14
0.095
0.047
0.035
0.058
0.092
0.12
0.14
0.14
0.13
0.12
0.083
0.071
0.087
0.09
0.092
0.086
0.078
0.069
0.067
0.065
0.047
0.033
0.035
0.041
0.021
-0.0031
-0.036
-0.071
-0.046
0.0061
0.0096
-0.0089
-0.014
-0.024
-0.025
-0.012
-0.014
-0.043
-0.045
0.065
0.16
0.1
-0.14
-0.4
-0.39
-0.19
-0.051
0.021
0.059
0.074
0.08
0.0045
-0.13
-0.14
-0.087
0.00017
0.075
0.033
-0.084
-0.15
-0.14
-0.088
0.009
0.092
0.11
0.11
0.11
0.16
0.21
0.19
0.13
0.016
-0.1
-0.1
-0.047
-0.027
-0.031
0.0085
0.095
0.13
0.073
-0.018
-0.062
-0.071
-0.048
0.017
0.064
0.08
0.074
0.051
0.042
0.042
0.066
0.085
0.1
0.096
0.051
0.028
0.041
0.063
0.077
0.064
0.044
0.021
-0.0057
-0.031
-0.0026
0.089
0.15
0.14
0.11
0.12
0.15
0.13
0.093
0.08
0.1
0.13
0.16
0.16
0.14
0.15
0.14
0.13
0.15
0.15
0.12
0.093
0.09
0.11
0.13
0.15
0.15
0.14
0.13
0.11
0.057
0.023
0.022
0.05
0.091
0.13
0.16
0.14
0.051
-0.014
-0.0091
0.022
0.071
0.11
0.1
0.081
0.055
0.044
0.069
0.1
0.095
0.092
0.11
0.099
0.081
0.052
0.045
0.078
0.11
0.13
0.13
0.1
0.092
0.085
0.071
0.056
0.031
0.0033
-0.012
-0.015
0.027
0.083
0.11
0.11
0.055
-0.00026
-0.015
-0.032
-0.047
-0.048
-0.048
-0.031
-0.013
0.00099
0.0043
-0.0084
-0.028
-0.049
-0.061
-0.061
-0.024
0.05
0.09
0.08
0.064
0.047
0.012
-0.0047
0.0028
-0.0043
-0.03
-0.031
-0.023
-0.027
0.012
0.075
0.097
0.086
0.077
0.041
0.0093
0.0062
0.00078
0.0041
-0.0069
-0.013
0.021
0.039
0.052
0.061
0.052
0.036
0.02
0.0053
-0.0055
0.0013
0.02
0.053
0.07
0.051
0.014
0.005
0.02
0.031
0.041
0.031
-0.0033
-0.03
-0.024
0.0022
0.012
-0.0018
-0.015
0.0087
0.054
0.089
0.1
0.095
0.082
0.051
0.032
0.023
0.0033
-0.015
-0.019
-0.0097
-0.0074
0.0034
0.021
0.016
-0.0092
-0.042
-0.053
-0.049
-0.059
-0.076
-0.087
-0.077
-0.052
-0.016
0.018
0.025
0.0025
-0.014
-0.048
-0.093
-0.096
-0.059
-0.03
-0.02
-0.0062
0.023
0.046
0.047
0.028
0.016
0.011
-0.016
-0.048
-0.041
-0.012
0.00029
0.00047
-0.0046
0.0046
0.018
0.0094
-0.014
-0.028
-0.023
-0.0051
0.032
0.049
0.03
0.0011
-0.013
0.012
0.032
0.033
0.022
0.037
0.065
0.056
0.04
0.025
0.016
0.0054
0.012
0.028
0.025
0.022
0.012
0.0089
-0.00011
-0.011
-0.018
-0.0054
0.025
0.046
0.058
0.064
0.057
0.052
0.046
0.045
0.045
0.051
0.072
0.082
0.088
0.11
0.1
0.078
0.047
0.016
0.011
0.021
0.024
0.052
0.11
0.15
0.14
0.11
0.094
0.1
0.11
0.12
0.13
0.11
0.095
0.096
0.12
0.14
0.15
0.16
0.15
0.13
0.1
0.097
0.098
0.091
0.086
0.082
0.097
0.11
0.11
0.12
0.13
0.12
0.1
0.085
0.077
0.076
0.079
0.095
0.11
0.1
0.097
0.099
0.077
0.066
0.064
0.045
0.046
0.07
0.078
0.089
0.092
0.088
0.082
0.057
0.045
0.057
0.061
0.055
0.069
0.079
0.06
0.045
0.039
0.03
0.01
-0.0048
-0.012
-0.011
-0.01
0.0026
0.014
0.015
0.027
0.021
-0.0092
-0.025
-0.033
-0.037
-0.022
-0.0079
-0.0009
0.0046
-0.004
-0.0047
0.0083
0.034
0.055
0.045
0.012
-0.0061
-0.022
-0.04
-0.042
-0.032
-0.028
-0.035
-0.035
-0.016
-0.011
-0.045
-0.075
-0.097
-0.11
-0.085
-0.038
0.0098
0.029
0.013
-0.033
-0.084
-0.14
-0.18
-0.19
-0.16
-0.11
-0.054
0.016
0.052
0.034
-0.016
-0.068
-0.12
-0.17
-0.19
-0.16
-0.099
-0.028
0.014
0.063
0.09
0.054
0.0028
-0.029
-0.066
-0.081
-0.07
-0.063
-0.053
-0.046
-0.012
0.041
0.033
-0.016
-0.043
-0.039
-0.038
-0.055
-0.09
-0.077
-0.027
-0.044
-0.11
-0.12
-0.074
-0.015
0.014
0.026
0.021
-0.0029
-0.042
-0.079
-0.087
-0.054
-0.0027
0.033
0.046
0.045
0.024
0.00078
0.0015
0.023
0.042
0.03
0.0083
-0.0081
-0.043
-0.059
-0.051
-0.019
0.0035
-0.0051
-0.013
0.016
0.041
0.016
-0.0069
-0.018
-0.0023
0.015
0.0055
-0.019
-0.019
0.008
0.028
0.04
0.068
0.085
0.066
0.024
-0.01
-0.03
-0.023
0.0096
0.016
0.031
0.071
0.083
0.075
0.081
0.11
0.14
0.12
0.09
0.051
0.029
0.056
0.099
0.11
0.11
0.12
0.14
0.17
0.18
0.16
0.16
0.17
0.15
0.14
0.12
0.13
0.16
0.16
0.12
0.12
0.15
0.17
0.14
0.11
0.11
0.14
0.16
0.19
0.2
0.21
0.2
0.16
0.12
0.12
0.12
0.14
0.16
0.18
0.21
0.22
0.21
0.18
0.14
0.14
0.16
0.17
0.16
0.15
0.16
0.17
0.19
0.18
0.17
0.15
0.13
0.12
0.11
0.11
0.12
0.14
0.15
0.16
0.12
0.09
0.097
0.1
0.13
0.15
0.13
0.11
0.085
0.056
0.06
0.093
0.12
0.16
0.16
0.15
0.15
0.13
0.098
0.093
0.094
0.12
0.14
0.13
0.14
0.14
0.11
0.1
0.11
0.095
0.073
0.05
0.039
0.054
0.079
0.092
0.085
0.048
0.015
0.0027
-0.018
-0.017
0.0044
0.041
0.073
0.047
0.0082
-0.0075
-0.028
-0.054
-0.075
-0.11
-0.12
-0.1
-0.094
-0.072
-0.051
-0.057
-0.062
-0.064
-0.098
-0.13
-0.12
-0.12
-0.12
-0.14
-0.13
-0.078
-0.05
-0.049
-0.078
-0.1
-0.082
-0.07
-0.094
-0.11
-0.13
-0.13
-0.12
-0.12
-0.12
-0.077
-0.044
-0.058
-0.09
-0.12
-0.14
-0.16
-0.17
-0.12
-0.057
-0.032
-0.051
-0.086
-0.083
-0.051
-0.018
0.00072
-0.0035
-0.024
-0.063
-0.11
-0.12
-0.093
-0.072
-0.083
-0.096
-0.087
-0.06
-0.027
-0.019
-0.033
-0.017
-0.018
-0.026
-0.04
-0.091
-0.13
-0.12
-0.069
-0.015
0.041
0.075
0.068
0.043
0.021
0.0042
-0.014
-0.018
-0.026
-0.056
-0.083
-0.089
-0.067
-0.02
0.016
0.024
0.01
-0.0089
-0.05
-0.096
-0.12
-0.13
-0.13
-0.11
-0.081
-0.056
-0.036
-0.011
0.0083
-0.0056
-0.037
-0.054
-0.052
-0.031
-0.027
-0.036
-0.012
-0.0048
-0.023
-0.014
0.025
0.058
0.073
0.07
0.063
0.05
0.033
0.0025
-0.03
-0.032
7.6e-005
0.033
0.054
0.062
0.071
0.072
0.05
0.021
0.02
0.038
0.043
0.027
0.0068
0.0085
0.02
0.021
0.013
0.004
0.0065
-0.0019
-0.018
-0.018
-0.0087
0.011
0.038
0.069
0.09
0.1
0.099
0.096
0.11
0.11
0.078
0.052
0.064
0.063
0.066
0.086
0.086
0.096
0.12
0.13
0.13
0.1
0.063
0.05
0.067
0.089
0.11
0.12
0.13
0.12
0.11
0.094
0.066
0.035
0.042
0.046
0.041
0.05
0.066
0.083
0.11
0.13
0.11
0.086
0.042
-0.014
-0.047
-0.04
-0.017
0.0081
0.032
0.059
0.064
0.049
0.025
-0.0087
-0.0092
0.028
0.047
0.044
0.035
0.019
0.02
0.049
0.043
0.036
0.049
0.064
0.084
0.11
0.14
0.15
0.14
0.11
0.11
0.086
0.06
0.051
0.066
0.11
0.14
0.15
0.16
0.15
0.13
0.1
0.078
0.05
0.05
0.076
0.11
0.17
0.2
0.18
0.15
0.091
0.06
0.051
0.042
0.039
0.057
0.078
0.078
0.052
0.0029
-0.037
-0.035
-0.016
-0.013
-0.027
-0.062
-0.1
-0.11
-0.06
-0.015
-0.021
-0.052
-0.11
-0.13
-0.092
-0.052
-0.038
-0.051
-0.084
-0.11
-0.1
-0.087
-0.073
-0.06
-0.046
-0.016
0.0011
-0.0064
-0.031
-0.046
-0.063
-0.097
-0.091
-0.068
-0.053
-0.048
-0.051
-0.04
-0.034
-0.042
-0.068
-0.091
-0.09
-0.077
-0.066
-0.03
0.011
0.018
0.0097
-0.033
-0.063
-0.04
0.011
0.051
0.047
0.0082
-0.014
0.0022
0.012
0.038
0.073
0.081
0.074
0.053
0.044
0.064
0.094
0.12
0.14
0.15
0.13
0.095
0.06
0.048
0.063
0.097
0.14
0.17
0.19
0.22
0.21
0.19
0.16
0.12
0.11
0.099
0.061
0.027
0.03
0.037
0.054
0.093
0.11
0.081
0.059
0.055
0.066
0.076
0.066
0.044
0.025
0.028
0.036
0.061
0.084
0.075
0.059
0.065
0.088
0.091
0.067
0.00029
-0.065
-0.056
-0.022
0.013
0.039
0.056
0.048
0.023
0.00075
-0.016
-0.02
-0.044
-0.056
-0.04
0.0069
0.054
0.071
0.064
0.053
0.056
0.069
0.085
0.092
0.085
0.057
0.026
0.018
0.02
0.03
0.03
0.0066
-0.0027
0.0095
0.007
0.0032
0.021
0.045
0.06
0.072
0.068
0.043
0.006
-0.014
-0.019
-0.03
-0.019
0.017
0.025
0.018
0.0089
-0.0099
-0.022
-0.02
-0.031
-0.036
-0.013
0.0058
-0.00035
-0.0056
-0.0088
-0.018
-0.038
-0.071
-0.086
-0.075
-0.063
-0.076
-0.11
-0.11
-0.08
-0.059
-0.046
-0.078
-0.13
-0.15
-0.15
-0.13
-0.086
-0.061
-0.092
-0.16
-0.21
-0.21
-0.18
-0.15
-0.13
-0.14
-0.15
-0.15
-0.12
-0.12
-0.13
-0.14
-0.14
-0.15
-0.16
-0.15
-0.14
-0.13
-0.13
-0.13
-0.14
-0.13
-0.12
-0.11
-0.12
-0.15
-0.15
-0.12
-0.086
-0.063
-0.063
-0.075
-0.075
-0.072
-0.079
-0.084
-0.098
-0.1
-0.069
-0.032
-0.02
-0.034
-0.053
-0.062
-0.068
-0.077
-0.074
-0.064
-0.067
-0.053
-0.024
-0.0076
0.0039
-0.0023
-0.042
-0.064
-0.036
0.0014
0.027
0.043
0.042
0.039
0.045
0.062
0.077
0.095
0.096
0.07
0.055
0.063
0.073
0.088
0.11
0.094
0.072
0.073
0.075
0.088
0.11
0.12
0.11
0.11
0.09
0.072
0.062
0.055
0.065
0.094
0.11
0.11
0.099
0.09
0.09
0.077
0.058
0.073
0.11
0.13
0.14
0.13
0.13
0.12
0.11
0.082
0.068
0.074
0.089
0.098
0.1
0.12
0.15
0.16
0.15
0.12
0.11
0.11
0.14
0.17
0.18
0.17
0.15
0.14
0.13
0.14
0.13
0.11
0.085
0.094
0.12
0.14
0.15
0.14
0.14
0.12
0.093
0.05
0.019
0.028
0.061
0.098
0.14
0.14
0.1
0.074
0.059
0.044
0.062
0.1
0.092
0.06
0.053
0.061
0.065
0.073
0.081
0.086
0.11
0.15
0.18
0.2
0.19
0.13
0.067
0.029
0.008
0.017
0.049
0.1
0.15
0.16
0.14
0.12
0.076
0.014
-0.00066
-0.0081
-0.016
-0.027
-0.049
-0.033
0.0052
0.041
0.05
0.031
-0.01
-0.05
-0.08
-0.088
-0.078
-0.062
-0.035
-0.012
-0.027
-0.05
-0.058
-0.07
-0.085
-0.083
-0.062
-0.056
-0.075
-0.081
-0.062
-0.054
-0.066
-0.08
-0.082
-0.078
-0.071
-0.054
-0.042
-0.038
-0.074
-0.13
-0.16
-0.18
-0.18
-0.17
-0.15
-0.13
-0.13
-0.14
-0.14
-0.13
-0.13
-0.09
-0.082
-0.11
-0.14
-0.15
-0.15
-0.15
-0.13
-0.12
-0.12
-0.13
-0.13
-0.15
-0.16
-0.13
-0.1
-0.094
-0.1
-0.1
-0.099
-0.1
-0.099
-0.074
-0.061
-0.072
-0.093
-0.12
-0.13
-0.12
-0.13
-0.13
-0.11
-0.087
-0.08
-0.091
-0.097
-0.11
-0.12
-0.14
-0.14
-0.1
-0.042
-0.023
-0.046
-0.071
-0.082
-0.075
-0.036
0.027
0.057
0.035
-0.0051
-0.021
0.0077
0.049
0.071
0.068
0.054
0.048
0.049
0.058
0.053
0.042
0.047
0.046
0.036
0.049
0.079
0.092
0.084
0.082
0.089
0.096
0.091
0.092
0.093
0.1
0.12
0.12
0.13
0.14
0.14
0.14
0.13
0.11
0.098
0.086
0.075
0.077
0.098
0.13
0.13
0.1
0.1
0.11
0.12
0.11
0.11
0.12
0.1
0.072
0.071
0.092
0.12
0.15
0.15
0.1
0.049
0.042
0.068
0.087
0.089
0.086
0.092
0.082
0.055
0.033
0.031
0.034
0.043
0.052
0.064
0.067
0.073
0.085
0.053
0.017
0.033
0.069
0.094
0.096
0.088
0.08
0.082
0.083
0.059
0.042
0.032
0.033
0.042
0.032
0.025
0.015
0.012
0.011
-0.0018
-0.01
-0.011
-0.011
-0.017
-0.015
-0.0005
-0.0034
-0.037
-0.063
-0.062
-0.078
-0.1
-0.1
-0.077
-0.064
-0.08
-0.089
-0.089
-0.099
-0.1
-0.06
-0.028
-0.029
-0.043
-0.063
-0.061
-0.04
-0.02
-0.0014
0.0056
0.014
0.02
0.019
0.0022
-0.022
-0.044
-0.032
0.01
0.038
0.045
0.033
0.011
-0.016
-0.026
1.5e-005
0.053
0.093
0.098
0.083
0.042
-0.0036
-0.013
0.039
0.093
0.11
0.12
0.15
0.16
0.17
0.17
0.14
0.12
0.11
0.066
0.01
0.0029
0.066
0.15
0.22
0.25
0.22
0.18
0.13
0.11
0.12
0.14
0.13
0.11
0.096
0.094
0.13
0.19
0.23
0.24
0.23
0.22
0.19
0.16
0.14
0.1
0.1
0.13
0.17
0.2
0.22
0.23
0.24
0.22
0.18
0.15
0.12
0.097
0.081
0.081
0.12
0.17
0.19
0.16
0.14
0.15
0.16
0.14
0.089
0.066
0.052
0.046
0.04
0.03
0.039
0.057
0.06
0.057
0.044
0.011
-0.045
-0.086
-0.077
-0.028
0.021
0.035
-0.0022
-0.035
-0.023
-0.0032
0.0054
-0.0022
0.009
0.037
0.039
-0.011
-0.072
-0.077
-0.058
-0.038
-0.044
-0.055
-0.046
-0.036
-0.053
-0.084
-0.088
-0.072
-0.054
-0.063
-0.08
-0.087
-0.091
-0.099
-0.11
-0.11
-0.11
-0.11
-0.13
-0.14
-0.15
-0.14
-0.12
-0.13
-0.15
-0.14
-0.13
-0.12
-0.12
-0.14
-0.15
-0.16
-0.15
-0.12
-0.084
-0.062
-0.059
-0.073
-0.089
-0.1
-0.12
-0.13
-0.11
-0.088
-0.077
-0.076
-0.087
-0.1
-0.11
-0.1
-0.083
-0.068
-0.071
-0.087
-0.075
-0.058
-0.071
-0.097
-0.13
-0.13
-0.088
-0.057
-0.077
-0.094
-0.095
-0.12
-0.14
-0.11
-0.094
-0.1
-0.12
-0.16
-0.21
-0.23
-0.22
-0.19
-0.16
-0.14
-0.15
-0.17
-0.22
-0.25
-0.24
-0.22
-0.2
-0.17
-0.16
-0.17
-0.17
-0.17
-0.15
-0.12
-0.13
-0.18
-0.23
-0.25
-0.26
-0.24
-0.2
-0.18
-0.18
-0.15
-0.11
-0.086
-0.079
-0.062
-0.065
-0.084
-0.13
-0.17
-0.16
-0.092
-0.02
0.0035
-0.011
-0.042
-0.062
-0.068
-0.048
-0.005
0.0052
-0.003
-0.018
-0.04
-0.028
-0.0072
0.00032
0.023
0.07
0.078
0.047
0.0089
-0.0014
0.0073
0.017
0.047
0.077
0.094
0.1
0.11
0.11
0.14
0.19
0.19
0.17
0.15
0.16
0.2
0.26
0.3
0.29
0.27
0.25
0.24
0.24
0.23
0.25
0.27
0.28
0.29
0.3
0.32
0.31
0.29
0.25
0.24
0.23
0.2
0.18
0.18
0.2
0.22
0.25
0.27
0.24
0.19
0.16
0.14
0.1
0.09
0.096
0.089
0.073
0.085
0.13
0.18
0.18
0.13
0.089
0.084
0.066
0.036
0.02
0.021
0.041
0.076
0.12
0.16
0.16
0.12
0.1
0.097
0.079
0.049
0.016
0.0033
0.026
0.08
0.12
0.12
0.092
0.067
0.058
0.066
0.092
0.12
0.12
0.097
0.082
0.087
0.089
0.069
0.077
0.089
0.09
0.11
0.074
0.047
0.063
0.076
0.16
0.27
0.32
0.26
0.082
-0.12
-0.21
-0.18
0.0048
0.24
0.27
0.064
-0.24
-0.42
-0.22
0.23
0.52
0.42
-0.0032
-0.39
-0.44
-0.2
0.086
0.22
0.17
0.088
0.029
-0.059
-0.13
-0.17
-0.14
-0.021
0.039
0.032
-0.0039
-0.072
-0.12
-0.081
0.0088
0.093
0.095
0.013
-0.066
-0.081
-0.013
0.058
0.037
-0.02
-0.074
-0.14
-0.16
-0.14
-0.13
-0.11
-0.074
-0.055
-0.027
-0.015
-0.048
-0.1
-0.16
-0.19
-0.2
-0.21
-0.15
-0.055
-0.009
-0.0029
-0.0042
-0.021
-0.061
-0.12
-0.15
-0.15
-0.11
-0.088
-0.1
-0.11
-0.095
-0.046
-0.0076
-0.012
-0.064
-0.1
-0.098
-0.051
-0.018
-0.04
-0.077
-0.093
-0.083
-0.041
0.0081
0.038
0.065
0.046
0.0043
0.0056
0.011
0.003
-0.0056
-0.0064
0.01
0.031
0.049
0.051
0.047
0.028
0.011
-0.013
-0.034
-0.048
-0.061
-0.05
-0.0066
0.034
0.049
0.038
-0.0034
-0.046
-0.073
-0.094
-0.087
-0.059
-0.032
-0.018
-0.036
-0.072
-0.096
-0.11
-0.11
-0.1
-0.092
-0.085
-0.088
-0.11
-0.099
-0.077
-0.076
-0.09
-0.11
-0.11
-0.092
-0.11
-0.15
-0.14
-0.099
-0.083
-0.073
-0.073
-0.064
-0.06
-0.057
-0.048
-0.058
-0.073
-0.083
-0.09
-0.073
-0.036
-0.011
-0.0081
-0.027
-0.034
-0.0029
0.024
0.0073
-0.0055
0.00084
0.0046
0.0014
-0.002
0.018
0.063
0.089
0.093
0.071
0.034
0.016
0.03
0.054
0.066
0.068
0.056
0.057
0.076
0.077
0.09
0.1
0.085
0.047
0.025
0.027
0.044
0.063
0.058
0.063
0.083
0.095
0.082
0.038
0.0086
-0.011
-0.03
-0.038
-0.0094
0.04
0.067
0.044
0.0098
-0.025
-0.064
-0.066
-0.05
-0.006
0.048
0.072
0.066
0.024
-0.055
-0.13
-0.15
-0.13
-0.068
0.018
0.1
0.16
0.15
0.075
-0.023
-0.074
-0.075
-0.068
-0.056
-0.01
0.044
0.07
0.054
0.0064
-0.011
0.011
0.00017
-0.02
-0.011
0.014
0.021
0.017
0.014
0.019
0.018
-0.012
-0.047
-0.077
-0.11
-0.15
-0.14
-0.083
-0.024
-0.011
-0.0044
-0.014
-0.056
-0.09
-0.098
-0.096
-0.072
-0.061
-0.079
-0.077
-0.066
-0.055
-0.045
-0.028
0.025
0.058
0.031
-0.04
-0.11
-0.13
-0.12
-0.094
-0.064
-0.0032
0.053
0.055
0.024
-0.0097
-0.038
-0.08
-0.11
-0.11
-0.081
-0.042
-0.0065
0.026
0.024
-0.0057
-0.015
0.0028
0.025
0.023
0.0069
0.011
0.023
0.021
0.0071
-0.0094
-0.015
-0.026
-0.042
-0.053
-0.04
-0.033
-0.048
-0.027
0.0023
0.031
0.065
0.096
0.12
0.11
0.057
0.004
-0.033
-0.031
0.0055
0.043
0.06
0.075
0.098
0.12
0.11
0.088
0.065
0.031
0.015
0.034
0.062
0.078
0.087
0.091
0.13
0.19
0.19
0.13
0.065
0.0094
-0.02
-0.025
0.014
0.11
0.19
0.2
0.17
0.13
0.1
0.096
0.093
0.082
0.059
0.038
0.05
0.062
0.05
0.052
0.073
0.1
0.11
0.091
0.037
-0.0044
-0.026
-0.039
-0.0079
0.04
0.07
0.084
0.069
0.023
-0.028
-0.041
-0.003
0.025
-0.024
-0.093
-0.1
-0.091
-0.064
-0.022
-0.021
-0.0094
0.018
0.011
-0.018
-0.067
-0.11
-0.12
-0.063
0.02
0.049
0.03
0.021
0.028
0.015
-0.03
-0.059
-0.036
-0.016
-0.027
-0.018
-0.0039
-0.008
0.00017
0.016
0.0047
-0.011
-0.037
-0.062
-0.07
-0.051
-0.0053
0.022
0.026
0.015
0.0095
0.0011
-0.052
-0.087
-0.064
-0.045
-0.052
-0.05
-0.031
-0.021
-0.035
-0.065
-0.067
-0.047
-0.058
-0.08
-0.083
-0.054
-0.014
0.0065
-0.00041
-0.00099
-0.0031
-0.029
-0.039
-0.018
0.007
0.022
0.032
0.02
-0.015
-0.046
-0.061
-0.069
-0.058
-0.022
0.0087
0.0055
-0.016
-0.047
-0.077
-0.12
-0.13
-0.1
-0.098
-0.11
-0.12
-0.1
-0.093
-0.11
-0.14
-0.18
-0.22
-0.22
-0.18
-0.13
-0.098
-0.091
-0.097
-0.11
-0.15
-0.18
-0.18
-0.17
-0.14
-0.11
-0.098
-0.11
-0.13
-0.17
-0.16
-0.12
-0.096
-0.1
-0.12
-0.11
-0.066
-0.036
-0.032
-0.025
-0.015
-0.051
-0.13
-0.18
-0.14
-0.066
0.011
0.066
0.056
0.0055
-0.021
-0.043
-0.082
-0.08
-0.049
-0.032
-0.051
-0.084
-0.093
-0.058
0.014
0.053
0.066
0.09
0.068
-0.011
-0.083
-0.11
-0.091
-0.036
0.012
0.0021
-0.013
-0.0014
-0.0037
-0.034
-0.08
-0.1
-0.093
-0.078
-0.065
-0.047
-0.051
-0.038
0.009
0.031
0.0061
-0.043
-0.079
-0.085
-0.066
-0.052
-0.046
-0.04
-0.019
-0.0023
-0.029
-0.055
-0.063
-0.059
-0.043
-0.054
-0.049
-0.0062
0.032
0.046
0.053
0.054
0.053
0.045
0.0066
-0.021
0.0012
0.017
0.024
0.03
0.033
0.038
0.047
0.05
0.032
-0.0032
-0.0044
0.025
0.025
0.022
0.042
0.037
-0.017
-0.052
-0.039
-0.033
0.0032
0.053
0.068
0.039
-0.0019
-0.024
-0.046
-0.041
-0.02
-0.024
-0.035
-0.0077
0.036
0.031
-0.0052
-0.022
-0.03
-0.058
-0.073
-0.046
-0.0096
0.016
0.036
0.016
-0.025
-0.041
-0.055
-0.07
-0.079
-0.071
-0.049
-0.005
0.045
0.066
0.058
0.012
-0.044
-0.056
-0.031
0.0024
0.039
0.068
0.077
0.058
0.032
0.019
0.0043
-0.033
-0.035
0.017
0.067
0.084
0.06
0.038
0.03
0.046
0.058
0.066
0.098
0.12
0.12
0.12
0.11
0.11
0.11
0.11
0.11
0.12
0.14
0.16
0.18
0.18
0.18
0.19
0.17
0.15
0.17
0.15
0.11
0.11
0.13
0.16
0.17
0.13
0.11
0.095
0.088
0.099
0.11
0.091
0.07
0.067
0.095
0.11
0.084
0.053
0.047
0.043
0.035
0.034
0.037
0.039
0.045
0.042
0.047
0.043
0.037
0.036
0.036
0.05
0.039
0.0052
-0.019
-0.00087
0.029
0.031
0.0071
-0.021
-0.041
-0.06
-0.034
-0.00084
0.01
0.0054
-0.011
-0.015
-0.0083
-0.0046
-0.022
-0.01
0.032
0.05
0.044
0.033
0.03
0.031
0.038
0.034
0.028
0.029
0.033
0.022
0.02
0.058
0.083
0.06
0.019
-0.00072
0.027
0.08
0.094
0.065
0.051
0.041
0.0081
-0.036
-0.047
-0.025
-0.013
0.0066
0.027
0.031
0.0057
-0.017
-0.011
0.006
0.0097
-0.0014
0.0039
0.0072
-0.0076
-0.026
-0.054
-0.093
-0.11
-0.1
-0.067
-0.033
-0.028
-0.03
-0.034
-0.054
-0.068
-0.08
-0.11
-0.14
-0.13
-0.088
-0.046
-0.018
0.021
0.064
0.076
0.013
-0.081
-0.13
-0.11
-0.078
-0.11
-0.15
-0.16
-0.16
-0.16
-0.14
-0.11
-0.085
-0.056
-0.056
-0.065
-0.079
-0.087
-0.084
-0.1
-0.13
-0.14
-0.11
-0.099
-0.11
-0.11
-0.094
-0.1
-0.14
-0.14
-0.11
-0.068
-0.023
0.018
0.017
-0.02
-0.046
-0.054
-0.064
-0.073
-0.043
-0.021
-0.016
-0.0055
-0.017
-0.032
-0.028
-0.03
-0.051
-0.06
-0.049
-0.035
-0.02
-0.012
0.016
0.057
0.025
-0.036
-0.076
-0.097
-0.078
-0.04
-0.022
-0.0079
-0.0069
0.00023
0.031
0.018
-0.01
-0.048
-0.084
-0.073
-0.051
-0.017
0.016
-7.6e-005
-0.047
-0.083
-0.092
-0.053
0.011
0.052
0.066
0.028
-0.023
-0.043
-0.016
0.025
0.054
0.089
0.12
0.14
0.16
0.15
0.16
0.15
0.068
-0.016
-0.059
-0.041
0.039
0.12
0.16
0.17
0.13
0.12
0.15
0.18
0.17
0.19
0.18
0.12
0.07
0.049
0.064
0.077
0.1
0.14
0.11
0.072
0.085
0.15
0.23
0.29
0.32
0.3
0.25
0.16
0.047
-0.019
-0.011
0.031
0.077
0.15
0.22
0.22
0.16
0.091
0.048
0.044
0.041
0.045
0.082
0.1
0.11
0.11
0.13
0.18
0.2
0.17
0.099
0.021
-0.036
-0.027
0.018
0.059
0.081
0.073
0.052
0.012
-0.029
-0.043
-0.063
-0.07
-0.048
-0.0058
0.037
0.058
0.049
0.039
0.039
0.023
0.026
0.016
-0.051
-0.11
-0.12
-0.1
-0.017
0.073
0.12
0.12
0.075
0.03
-0.007
-0.057
-0.044
0.024
0.059
0.048
0.033
0.021
-0.022
-0.063
-0.066
-0.03
0.027
0.025
-0.029
-0.09
-0.11
-0.1
-0.091
-0.051
-0.0043
-0.0052
-0.036
-0.035
-0.037
-0.053
-0.045
-0.024
-0.012
0.00084
0.02
0.03
0.032
0.039
0.047
0.036
0.024
0.0083
-0.02
-0.032
-0.027
0.0077
0.021
0.0021
-0.0094
-0.026
-0.056
-0.11
-0.13
-0.091
-0.027
0.017
0.017
-0.017
-0.05
-0.033
-0.0055
0.022
0.021
-0.026
-0.097
-0.17
-0.18
-0.17
-0.13
-0.047
0.012
0.018
0.0094
-0.033
-0.09
-0.09
-0.042
0.014
0.054
0.037
-0.048
-0.12
-0.12
-0.09
-0.067
-0.021
0.026
0.06
0.057
0.016
-0.021
-0.024
-0.018
-0.02
-0.042
-0.063
-0.052
-0.031
0.0088
0.059
0.1
0.13
0.1
0.026
-0.05
-0.076
-0.061
-0.03
0.018
0.053
0.057
0.046
0.021
-0.004
-0.0013
0.033
0.072
0.087
0.065
0.021
0.0094
0.031
0.054
0.043
0.015
0.0022
0.015
0.047
0.07
0.046
0.015
0.031
0.044
0.04
0.067
0.094
0.047
-0.015
-0.029
-0.028
-0.03
-0.023
-0.011
0.0012
-0.0055
-0.037
-0.052
-0.035
-0.033
-0.042
-0.027
0.0059
0.004
-0.028
-0.041
-0.033
-0.02
-0.038
-0.082
-0.094
-0.075
-0.065
-0.062
-0.06
-0.072
-0.064
-0.04
-0.047
-0.079
-0.077
-0.042
-0.026
-0.03
-0.029
-0.025
-0.035
-0.038
-0.02
-0.0032
-0.014
-0.052
-0.044
-0.0034
-0.0062
-0.025
-0.022
-0.011
-0.027
-0.042
-0.014
0.047
0.068
0.052
0.043
0.015
-0.016
-0.04
-0.054
-0.039
-0.026
-0.0098
-0.015
-0.0081
0.016
0.015
0.018
0.0094
-0.022
-0.036
-0.039
-0.035
-0.012
0.017
0.05
0.047
-0.03
-0.081
-0.066
-0.043
-0.036
0.002
0.05
0.075
0.066
0.015
-0.059
-0.079
-0.029
0.03
0.036
0.0033
-0.049
-0.11
-0.15
-0.16
-0.12
-0.039
0.0043
0.012
0.022
-0.013
-0.069
-0.084
-0.041
0.026
0.049
0.0095
-0.045
-0.062
-0.026
0.012
0.034
0.049
0.078
0.099
0.067
0.0072
0.0082
0.076
0.099
0.068
0.045
0.086
0.14
0.15
0.13
0.1
0.082
0.079
0.081
0.089
0.12
0.14
0.13
0.12
0.13
0.13
0.12
0.082
0.02
-0.016
-0.018
0.028
0.099
0.12
0.094
0.049
0.019
0.0069
-0.0087
-0.021
-0.039
-0.025
0.017
0.027
0.0077
-0.014
-0.017
-0.033
-0.052
-0.051
-0.055
-0.074
-0.087
-0.087
-0.094
-0.096
-0.075
-0.047
-0.045
-0.074
-0.11
-0.16
-0.2
-0.19
-0.15
-0.13
-0.1
-0.077
-0.081
-0.1
-0.13
-0.17
-0.2
-0.19
-0.12
-0.059
-0.054
-0.062
-0.073
-0.079
-0.055
-0.026
-0.027
-0.031
-0.041
-0.064
-0.068
-0.077
-0.1
-0.12
-0.11
-0.076
-0.014
0.027
0.02
0.018
0.013
-0.0022
-0.011
-0.042
-0.11
-0.15
-0.13
-0.076
0.0032
0.077
0.12
0.11
0.077
0.021
-0.059
-0.11
-0.13
-0.11
-0.076
-0.045
-0.01
0.033
0.068
0.058
0.02
-0.019
-0.051
-0.078
-0.1
-0.093
-0.055
-0.02
0.0089
0.011
-0.013
-0.034
-0.047
-0.049
-0.044
-0.036
-0.025
-0.024
-0.041
-0.048
-0.048
-0.029
0.017
0.059
0.05
0.018
-0.019
-0.053
-0.058
-0.064
-0.052
-0.011
0.032
0.051
0.03
0.0056
-0.0022
-0.013
-0.031
-0.044
-0.062
-0.071
-0.049
-0.024
-0.005
-0.012
-0.054
-0.079
-0.066
-0.057
-0.065
-0.077
-0.094
-0.093
-0.055
-0.02
-0.018
-0.027
-0.031
-0.024
-0.029
-0.05
-0.062
-0.082
-0.12
-0.15
-0.13
-0.081
-0.056
-0.098
-0.12
-0.091
-0.051
-0.033
-0.026
-0.044
-0.072
-0.088
-0.075
-0.026
0.026
0.079
0.11
0.084
0.016
-0.039
-0.049
-0.015
0.058
0.13
0.16
0.14
0.12
0.12
0.1
0.082
0.098
0.14
0.15
0.14
0.12
0.13
0.14
0.12
0.11
0.095
0.098
0.11
0.11
0.093
0.081
0.087
0.11
0.13
0.16
0.15
0.11
0.08
0.063
0.047
0.034
0.044
0.069
0.089
0.1
0.12
0.12
0.11
0.093
0.1
0.12
0.11
0.091
0.054
0.044
0.071
0.1
0.11
0.13
0.13
0.098
0.053
0.0043
-0.0074
0.034
0.07
0.082
0.053
-7.6e-005
-0.021
-0.0057
-0.00075
-0.017
-0.034
-0.031
-0.05
-0.1
-0.11
-0.073
-0.041
-0.029
-0.012
0.019
0.034
0.015
-0.012
-0.018
-0.019
-0.018
0.015
0.046
0.053
0.032
-0.0011
-0.032
-0.052
-0.045
-0.025
-0.029
-0.082
-0.11
-0.075
-0.009
0.042
0.032
-0.0019
-0.032
-0.053
-0.056
-0.038
-0.024
-0.032
-0.036
-0.039
-0.028
-0.016
-0.027
-0.038
-0.021
0.014
0.036
0.038
0.028
0.024
0.018
0.0044
0.0094
0.033
0.049
0.042
0.036
0.045
0.041
-0.00029
-0.026
0.018
0.12
0.15
0.025
-0.094
-0.073
0.0028
0.054
0.064
0.058
0.044
-0.0002
-0.051
-0.055
0.0036
0.061
0.082
0.071
0.058
0.042
0.013
0.0066
0.027
0.059
0.072
0.055
0.027
0.0051
0.0045
0.03
0.056
0.077
0.1
0.094
0.048
0.011
-0.0041
0.033
0.081
0.1
0.12
0.12
0.076
0.028
0.0026
0.018
0.067
0.13
0.19
0.21
0.11
-0.033
-0.092
-0.04
0.056
0.12
0.13
0.13
0.13
0.093
0.04
0.021
0.031
0.013
-0.016
-0.011
0.016
0.034
0.033
0.051
0.093
0.11
0.087
0.034
0.005
-0.014
-0.03
-0.0092
0.053
0.12
0.14
0.12
0.085
0.089
0.053
-0.02
-0.062
-0.038
0.0031
-0.0071
-0.012
-0.0035
-0.0027
0.0035
0.019
0.015
-0.012
-0.031
-0.051
-0.069
-0.042
0.017
0.026
0.0015
0.01
0.043
0.064
0.057
0.034
0.0074
-0.022
-0.027
-0.014
0.0066
0.026
0.053
0.081
0.099
0.12
0.11
0.067
0.047
0.066
0.11
0.14
0.14
0.14
0.16
0.18
0.18
0.18
0.19
0.2
0.18
0.16
0.15
0.15
0.14
0.12
0.12
0.13
0.13
0.12
0.11
0.081
0.033
0.0067
0.01
0.033
0.048
0.034
0.015
0.006
-0.021
-0.06
-0.077
-0.076
-0.067
-0.083
-0.089
-0.058
-0.056
-0.1
-0.14
-0.15
-0.16
-0.17
-0.17
-0.16
-0.15
-0.17
-0.19
-0.19
-0.17
-0.17
-0.2
-0.2
-0.19
-0.2
-0.22
-0.21
-0.18
-0.17
-0.19
-0.2
-0.19
-0.21
-0.22
-0.22
-0.21
-0.2
-0.19
-0.19
-0.18
-0.15
-0.15
-0.16
-0.18
-0.17
-0.16
-0.14
-0.15
-0.14
-0.15
-0.17
-0.18
-0.18
-0.16
-0.11
-0.083
-0.069
-0.079
-0.11
-0.12
-0.13
-0.13
-0.11
-0.11
-0.1
-0.075
-0.035
-0.039
-0.061
-0.066
-0.072
-0.098
-0.11
-0.08
-0.04
0.00096
0.026
0.034
0.02
-0.014
-0.063
-0.091
-0.077
-0.046
-0.014
-0.013
-0.032
-0.033
-0.012
0.016
0.03
-0.0091
-0.062
-0.054
0.012
0.078
0.12
0.12
0.092
0.085
0.09
0.1
0.085
0.062
0.072
0.12
0.14
0.14
0.12
0.11
0.13
0.14
0.15
0.16
0.15
0.12
0.12
0.14
0.16
0.16
0.14
0.12
0.13
0.16
0.18
0.14
0.12
0.1
0.11
0.12
0.13
0.1
0.049
0.0059
-0.017
-0.012
0.0019
0.036
0.079
0.13
0.15
0.14
0.11
0.056
0.0027
-0.04
-0.068
-0.066
-0.022
0.022
0.048
0.075
0.1
0.1
0.059
0.0036
-0.034
-0.057
-0.062
-0.045
-0.021
-0.02
-0.035
-0.021
-0.003
0.0036
0.0022
0.0015
0.016
0.034
0.048
0.036
-0.019
-0.1
-0.15
-0.13
-0.061
0.027
0.09
0.11
0.085
0.026
-0.052
-0.12
-0.15
-0.13
-0.077
-0.051
-0.018
-0.0023
-0.00011
-0.015
-0.057
-0.11
-0.12
-0.11
-0.11
-0.11
-0.12
-0.13
-0.12
-0.085
-0.059
-0.071
-0.1
-0.12
-0.11
-0.09
-0.075
-0.064
-0.046
-0.038
-0.05
-0.064
-0.058
-0.02
0.0021
-0.029
-0.063
-0.078
-0.069
-0.06
-0.059
-0.063
-0.034
0.021
0.057
0.083
0.075
0.011
-0.065
-0.11
-0.1
-0.05
0.00084
0.01
0.016
0.036
0.041
0.032
0.022
0.022
0.028
0.027
0.021
0.023
0.027
0.058
0.1
0.12
0.14
0.15
0.16
0.11
0.053
0.03
0.027
0.041
0.084
0.14
0.17
0.15
0.094
0.068
0.054
0.045
0.058
0.054
0.043
0.031
-0.0072
-0.012
-0.019
-0.032
0.012
0.047
0.046
0.013
-0.038
-0.042
-0.0068
-0.0023
0.0068
0.022
-0.0013
1.5e-005
0.017
0.021
0.038
0.05
0.05
0.031
0.019
0.018
0.025
0.032
0.011
0.0037
0.02
0.017
0.0029
-0.00072
0.024
0.045
0.037
0.011
-0.045
-0.11
-0.13
-0.08
-0.027
-0.0071
-0.043
-0.075
-0.098
-0.14
-0.13
-0.14
-0.14
-0.12
-0.12
-0.14
-0.14
-0.12
-0.097
-0.093
-0.15
-0.16
-0.14
-0.13
-0.12
-0.094
-0.046
-0.021
-0.056
-0.1
-0.083
-0.098
-0.14
-0.12
-0.11
-0.083
-0.046
-0.045
-0.053
-0.066
-0.11
-0.1
-0.088
-0.076
-0.048
-0.088
-0.099
-0.074
-0.071
-0.044
-0.059
-0.099
-0.082
-0.091
-0.11
-0.11
-0.12
-0.033
0.044
0.0054
-0.029
-0.092
-0.12
-0.045
-0.031
-0.047
-0.04
-0.044
-0.031
-0.014
-0.046
-0.041
-0.036
-0.054
-0.04
-0.058
-0.054
-0.012
-0.032
-0.053
-0.026
-0.022
-0.022
-0.037
-0.083
-0.09
-0.11
-0.12
-0.068
-0.048
-0.048
-0.039
-0.027
0.0075
0.029
-0.019
-0.062
-0.11
-0.12
-0.065
-0.015
-0.0036
-0.013
-0.024
0.015
0.043
0.017
-0.023
-0.063
-0.095
-0.12
-0.16
-0.16
-0.14
-0.096
-0.033
-0.011
-0.014
0.0095
-0.0046
-0.049
-0.11
-0.17
-0.17
-0.14
-0.094
-0.022
0.054
0.097
0.11
0.066
0.035
0.043
0.04
0.027
-0.013
-0.023
-0.00035
0.027
0.081
0.13
0.15
0.15
0.16
0.15
0.097
0.0073
-0.052
-0.049
-0.0067
0.078
0.17
0.2
0.16
0.1
0.055
0.028
0.048
0.095
0.1
0.09
0.055
0.016
-0.0014
0.0084
0.068
0.11
0.071
0.0027
-0.045
-0.025
0.033
0.047
0.0021
-0.049
-0.034
0.018
0.014
-0.0037
0.0089
-0.015
-0.053
-0.078
-0.1
-0.077
-0.025
0.016
0.035
0.035
0.032
0.024
0.0091
0.004
-0.0018
-0.025
-0.046
-0.047
-0.031
-0.015
-0.031
-0.041
-0.034
-0.014
0.0028
0.015
0.036
0.062
0.071
0.06
0.046
0.035
0.021
0.023
0.056
0.077
0.087
0.092
0.09
0.089
0.084
0.079
0.08
0.076
0.075
0.093
0.094
0.091
0.11
0.12
0.095
0.049
0.017
0.0057
0.043
0.083
0.078
0.052
0.038
0.04
0.066
0.12
0.14
0.13
0.14
0.14
0.12
0.14
0.17
0.16
0.14
0.11
0.1
0.15
0.2
0.21
0.21
0.2
0.17
0.1
0.072
0.096
0.14
0.18
0.21
0.21
0.17
0.14
0.099
0.084
0.085
0.064
0.065
0.11
0.15
0.14
0.13
0.12
0.14
0.13
0.11
0.14
0.17
0.16
0.11
0.047
0.029
0.069
0.14
0.15
0.13
0.089
0.073
0.098
0.1
0.095
0.088
0.068
0.048
0.037
0.048
0.081
0.094
0.057
-0.0052
-0.055
-0.026
0.063
0.13
0.15
0.12
0.081
0.052
0.038
0.013
0.033
0.091
0.12
0.11
0.066
0.021
0.02
0.03
0.026
-0.033
-0.09
-0.077
-0.047
-0.036
-0.033
-0.045
-0.064
-0.091
-0.11
-0.097
-0.081
-0.079
-0.08
-0.069
-0.042
-0.03
-0.07
-0.13
-0.17
-0.17
-0.14
-0.11
-0.1
-0.096
-0.078
-0.078
-0.12
-0.16
-0.16
-0.12
-0.052
-0.0036
-0.0097
-0.031
-0.037
-0.037
-0.04
-0.032
-0.0071
0.028
0.055
0.042
0.032
0.04
0.039
0.025
0.022
0.075
0.15
0.15
0.11
0.039
-0.025
-0.017
0.037
0.11
0.13
0.067
-0.0026
-0.0085
0.036
0.068
0.068
0.062
0.06
0.079
0.11
0.11
0.075
0.067
0.076
0.11
0.15
0.17
0.16
0.13
0.07
0.074
0.14
0.18
0.17
0.14
0.13
0.14
0.15
0.15
0.14
0.12
0.099
0.094
0.1
0.061
0.032
0.011
0.016
0.082
0.12
0.1
0.076
0.051
0.022
0.037
0.071
0.082
0.081
0.078
0.099
0.11
0.071
0.03
0.012
0.023
0.034
0.023
0.034
0.051
0.044
0.038
0.026
0.014
0.017
0.02
0.026
0.029
0.034
0.037
0.033
0.0087
-0.022
-0.043
-0.048
-0.055
-0.064
-0.058
-0.022
0.021
0.0066
-0.022
-0.034
-0.031
-0.027
-0.035
-0.058
-0.078
-0.096
-0.092
-0.063
-0.051
-0.067
-0.075
-0.057
-0.039
-0.038
-0.074
-0.11
-0.12
-0.12
-0.095
-0.091
-0.08
-0.037
0.0065
0.023
0.00093
-0.07
-0.14
-0.18
-0.16
-0.059
0.046
0.095
0.06
-0.035
-0.054
-0.016
-0.0031
0.041
0.082
0.046
0.029
0.094
0.12
0.049
0.002
0.074
0.29
0.44
0.32
0.031
-0.18
-0.22
-0.11
0.074
0.3
0.51
0.54
0.35
0.033
-0.23
-0.29
-0.15
0.042
0.13
0.06
-0.15
-0.32
-0.3
0.04
0.31
0.18
-0.025
-0.075
-0.12
-0.19
-0.15
0.08
0.27
0.14
-0.11
-0.19
-0.14
-0.15
-0.22
-0.22
-0.11
-0.016
-0.05
-0.11
-0.17
-0.27
-0.21
-0.0027
-0.085
-0.52
-0.75
-0.74
-0.71
-0.6
-0.48
-0.41
-0.35
-0.51
-0.74
-0.75
-0.75
-0.67
-0.45
-0.36
-0.39
-0.39
-0.53
-0.71
-0.74
-0.73
-0.71
-0.65
-0.48
-0.34
-0.32
-0.43
-0.61
-0.68
-0.54
-0.23
0.05
0.16
0.096
-0.071
-0.24
-0.3
-0.21
-0.12
-0.14
-0.2
-0.14
0.046
0.28
0.43
0.42
0.28
0.18
0.11
-0.006
-0.1
-0.086
0.0095
0.11
0.19
0.19
0.14
0.053
-0.11
-0.25
-0.26
-0.18
-0.086
0.00035
0.043
0.043
0.067
0.13
0.14
0.058
-0.088
-0.19
-0.23
-0.21
-0.16
-0.15
-0.15
-0.19
-0.28
-0.38
-0.42
-0.34
-0.18
-0.025
0.0081
-0.05
-0.12
-0.13
-0.07
0.0038
0.034
-0.00087
-0.0025
0.071
0.15
0.17
0.13
0.097
0.073
0.059
0.058
0.1
0.2
0.32
0.41
0.43
0.45
0.44
0.35
0.22
0.13
0.098
0.12
0.2
0.29
0.33
0.33
0.28
0.2
0.12
0.058
0.037
0.056
0.11
0.16
0.19
0.2
0.16
0.095
0.0091
-0.056
-0.074
-0.08
-0.097
-0.12
-0.13
-0.14
-0.16
-0.18
-0.18
-0.16
-0.13
-0.073
-0.0055
0.02
-0.0099
-0.046
-0.083
-0.11
-0.083
-0.057
-0.062
-0.074
-0.068
-0.049
-0.066
-0.12
-0.14
-0.1
-0.036
0.0048
0.02
0.023
0.0042
-0.004
0.016
0.044
0.06
0.059
0.055
0.014
-0.038
-0.046
-0.025
-0.015
-0.03
-0.041
-0.026
0.018
0.07
0.12
0.14
0.12
0.083
0.024
-0.02
-0.034
-0.022
0.0078
0.032
0.018
0.011
0.04
0.06
0.049
0.0079
-0.027
-0.037
-0.032
0.00072
0.024
0.013
-0.00056
0.022
0.057
0.048
0.026
0.021
0.021
0.028
0.039
0.051
0.062
0.072
0.049
-0.0065
-0.027
-0.015
-0.0096
-0.0077
0.0019
0.023
0.032
0.0098
-0.022
-0.031
-0.032
-0.027
-0.023
-0.015
-0.0029
-0.0025
-0.025
-0.04
-0.033
-0.028
-0.037
-0.059
-0.063
-0.044
-0.027
-0.022
-0.014
-0.004
-0.0015
-0.0069
-0.014
-0.01
-0.0068
-0.0037
-0.023
-0.053
-0.068
-0.048
-0.022
-0.013
-0.016
-0.031
-0.043
-0.051
-0.031
0.0099
0.04
0.063
0.08
0.096
0.11
0.1
0.088
0.083
0.088
0.1
0.12
0.14
0.16
0.17
0.18
0.19
0.19
0.19
0.17
0.15
0.17
0.18
0.17
0.13
0.11
0.11
0.11
0.15
0.16
0.15
0.13
0.11
0.079
0.071
0.066
0.064
0.063
0.035
0.0057
-0.0072
-0.0047
-0.0053
-0.011
-0.0067
0.0075
0.016
0.0012
-0.011
-0.0026
0.035
0.067
0.075
0.067
0.045
0.016
-0.011
-0.012
0.019
0.045
0.047
0.058
0.076
0.075
0.048
0.0034
-0.035
-0.033
0.0026
0.043
0.078
0.11
0.11
0.092
0.065
0.05
0.052
0.057
0.055
0.055
0.062
0.066
0.077
0.098
0.094
0.08
0.06
0.056
0.067
0.042
0.028
0.034
0.028
0.026
0.032
0.043
0.055
0.056
0.058
0.055
0.036
0.0065
-0.021
-0.02
0.0027
0.03
0.057
0.054
0.03
0.016
0.022
0.032
0.0002
-0.038
-0.052
-0.044
-0.021
-0.0015
-0.017
-0.046
-0.067
-0.072
-0.043
-0.045
-0.077
-0.027
0.14
0.24
0.11
-0.082
-0.13
-0.067
0.0039
0.021
0.017
-0.0081
-0.0098
0.023
0.034
0.033
0.0047
-0.04
-0.049
0.0002
0.068
0.095
0.058
0.016
0.0087
0.032
0.086
0.12
0.12
0.11
0.1
0.098
0.088
0.093
0.098
0.1
0.11
0.13
0.14
0.17
0.19
0.2
0.19
0.17
0.14
0.13
0.14
0.16
0.21
0.25
0.25
0.21
0.18
0.18
0.2
0.2
0.19
0.18
0.17
0.17
0.21
0.25
0.27
0.26
0.22
0.2
0.2
0.21
0.21
0.21
0.22
0.23
0.23
0.23
0.23
0.23
0.23
0.23
0.21
0.18
0.15
0.12
0.12
0.13
0.16
0.19
0.19
0.18
0.15
0.12
0.082
0.063
0.057
0.064
0.082
0.092
0.1
0.093
0.053
0.023
0.015
0.0086
0.0071
0.019
0.025
0.01
-0.024
-0.053
-0.066
-0.042
-0.0067
-0.0035
-0.03
-0.055
-0.069
-0.071
-0.069
-0.078
-0.082
-0.076
-0.072
-0.064
-0.051
-0.046
-0.061
-0.074
-0.078
-0.086
-0.1
-0.1
-0.088
-0.069
-0.03
0.0053
0.013
-0.0088
-0.039
-0.073
-0.11
-0.12
-0.11
-0.091
-0.092
-0.11
-0.13
-0.14
-0.15
-0.14
-0.13
-0.13
-0.12
-0.11
-0.13
-0.14
-0.15
-0.14
-0.12
-0.12
-0.13
-0.13
-0.12
-0.098
-0.094
-0.1
-0.11
-0.13
-0.14
-0.13
-0.11
-0.093
-0.099
-0.11
-0.11
-0.11
-0.11
