0.0031
0.0064
0.013
0.016
0.01
0.0016
-0.0032
0.0077
0.017
0.0051
-0.0043
0.0079
0.026
0.019
-0.0064
-0.0085
0.0081
0.015
0.019
0.02
0.012
0.0086
0.0022
-0.0048
0.011
0.028
0.033
0.014
-0.00063
0.02
0.042
0.015
-0.00035
0.031
0.037
0.0019
-0.013
0.014
0.022
-0.0002
0.00072
0.019
0.011
-0.017
-0.025
-0.013
-0.009
-0.01
-0.011
0.0021
0.016
0.021
0.012
-0.013
-0.032
-0.03
-0.0082
0.00093
0.0016
0.0084
0.014
-0.0028
-0.028
-0.024
-0.012
-0.0051
-0.0012
0.0015
0.016
0.023
0.015
0.0053
0.0086
0.005
-0.011
-0.016
-0.0082
0.0083
0.0036
-0.00029
-0.00087
-0.005
-0.0011
0.0084
0.0053
-0.0036
0.006
0.017
0.01
0.009
0.022
0.019
-0.0024
0.005
0.019
0.015
0.0076
0.0049
0.0043
0.0072
0.013
0.013
0.014
0.014
0.023
0.022
0.015
0.02
0.021
0.014
0.0088
0.0074
0.0045
-0.00038
0.0046
0.019
0.018
-0.004
-0.0085
0.015
0.016
-0.012
-0.029
-0.012
0.0036
-0.0043
-0.0066
0.0074
0.0096
0.0015
0.002
0.0013
-0.00069
0.0088
0.03
0.033
0.023
0.019
0.016
0.0069
0.0037
0.0066
0.0078
0.016
0.034
0.037
0.017
0.00075
0.0027
-0.0036
-0.014
-0.012
-0.00081
0.014
0.016
0.012
0.01
0.0052
-0.0047
-0.0085
-0.0057
-0.0099
-0.0039
0.011
0.026
0.028
0.023
0.015
0.0014
0.0021
0.0074
0.00075
0.0067
0.033
0.048
0.027
0.011
0.0049
0.00093
-0.0062
-0.011
-0.011
0.0019
0.026
0.024
0.0037
-0.006
0.0053
0.0074
-0.014
-0.014
0.0063
0.0095
-0.00044
0.0065
0.013
-0.0018
-0.0062
-0.0061
-0.0066
-0.014
-0.016
-0.0022
0.0081
0.00029
-0.017
-0.019
-0.012
-0.0068
-0.00081
0.0032
-0.0032
-0.0056
0.0036
-0.0067
-0.026
-0.027
-0.019
-0.014
-0.02
-0.025
-0.012
0.0042
0.0079
-0.0073
-0.021
-0.0096
0.0056
-0.0069
-0.0087
0.0094
0.03
0.034
0.024
0.016
0.03
0.038
0.017
0.016
0.037
0.026
-0.0067
-0.0042
0.015
0.0036
-0.0056
0.02
0.039
0.027
0.017
0.025
0.028
0.028
0.027
0.026
0.027
0.036
0.041
0.04
0.049
0.046
0.04
0.032
0.0099
-0.0097
-0.01
0.011
0.023
0.02
0.0071
-0.0017
0.00099
-0.0027
-0.0087
0.00078
0.018
0.015
-0.0071
-0.012
-0.0014
0.012
0.0036
-0.0076
-0.012
-0.0037
0.008
-0.01
-0.023
0.0034
0.015
-0.023
-0.051
-0.03
-0.0072
-0.0099
-0.0066
0.011
0.0019
-0.021
-0.014
0.0043
0.013
0.014
0.011
0.014
0.024
0.027
0.021
0.014
0.013
0.016
0.0057
-0.0076
-0.0005
0.018
0.023
0.02
0.012
0.00023
-0.0021
0.015
0.035
0.017
-0.024
-0.024
0.0068
0.017
0.0028
-0.0026
0.0065
-0.0044
-0.019
-0.018
-0.0065
-0.0075
-0.0057
-0.0027
-0.01
-0.014
-0.00053
0.0051
-0.0038
-0.0073
-0.023
-0.047
-0.046
-0.03
-0.025
-0.026
-0.018
-0.0017
-0.0068
-0.029
-0.025
0.00023
0.0092
0.0014
-0.0082
0.0006
0.018
0.015
0.0058
0.0019
-0.0017
-0.006
0.0026
0.0069
0.0041
0.0078
0.021
0.023
0.019
0.011
0.056
0.17
0.18
0.059
-0.02
0.029
0.095
0.049
-0.033
-0.021
0.048
0.07
0.04
0.042
0.061
0.071
0.048
0.01
-0.0038
-0.004
-0.0089
-0.019
-0.022
-0.0032
0.017
-7.6e-005
-0.037
-0.049
-0.038
-0.018
-0.012
-0.033
-0.041
-0.023
-0.0042
-0.00084
-0.0071
-0.0091
-0.0061
-0.00063
-1.5e-005
0.0016
0.0068
0.01
0.011
0.0049
-0.014
-0.032
-0.032
-0.014
0.01
0.024
0.0062
-0.011
-0.004
0.02
0.016
-0.019
-0.037
-0.018
0.0065
0.0058
-0.0032
0.0032
0.025
0.03
0.025
0.034
0.053
0.048
0.03
0.029
0.028
0.015
0.017
0.028
0.013
0.0044
0.03
0.056
0.052
0.021
-0.009
-0.034
-0.04
-0.026
-0.024
-0.014
-0.0019
-0.0058
-0.018
-0.019
-0.023
-0.04
-0.053
-0.061
-0.056
-0.039
-0.023
-0.021
-0.026
-0.026
-0.027
-0.037
-0.035
-0.03
-0.022
-0.018
0.00069
0.012
0.019
0.024
0.02
0.021
0.019
0.016
0.011
0.029
0.047
0.042
0.026
0.024
0.029
0.026
0.026
0.029
0.022
0.022
0.029
0.013
-0.024
-0.045
-0.032
-0.0076
0.0072
-0.0033
-0.02
-0.024
-0.02
-0.023
-0.03
-0.027
-0.013
0.023
0.038
0.0083
-0.0077
0.0069
0.017
0.018
-0.0053
-0.044
-0.052
-0.028
-0.0077
-0.001
-0.00011
0.0079
0.011
-0.0026
-0.03
-0.018
0.0059
0.01
0.0068
-0.0056
-0.0082
-0.0018
0.0027
0.00041
0.0077
0.028
0.057
0.059
0.03
0.0093
0.043
0.095
0.086
0.028
-0.0015
0.0035
0.012
0.022
0.024
0.016
0.024
0.049
0.061
0.054
0.036
0.035
0.039
0.019
-0.027
-0.058
-0.057
-0.037
-0.017
-0.0033
0.00047
-0.029
-0.067
-0.078
-0.06
-0.05
-0.057
-0.057
-0.047
-0.03
0.014
0.043
0.043
0.026
0.0031
-0.011
0.0082
0.033
0.044
0.047
0.038
0.042
0.04
0.033
0.027
0.016
-0.00029
-0.026
-0.041
-0.022
-0.0009
-0.0053
-0.0092
-0.0086
-0.011
-0.001
0.0015
-0.018
-0.016
0.0099
0.03
0.022
-0.0044
-0.027
-0.0051
0.029
0.037
0.036
0.032
0.019
0.014
0.011
-0.0018
-0.012
-0.0087
0.006
0.016
0.0017
-0.0039
0.0052
0.0051
0.0052
-0.00078
0.0037
0.02
0.029
0.022
0.037
0.054
0.06
0.057
0.049
0.03
0.029
0.04
0.024
0.012
0.015
0.012
-0.01
-0.019
-0.012
-0.012
-0.0066
0.015
0.019
0.0084
-0.0009
-0.01
-0.018
-0.01
0.012
0.02
0.02
0.027
0.031
0.02
0.015
0.017
0.022
0.017
0.00017
-0.0065
0.011
0.019
0.0041
-0.00069
0.0088
0.011
0.017
0.017
0.0049
-0.00011
0.031
0.055
0.023
-0.019
-0.035
-0.019
-0.0099
-0.0013
-0.011
-0.0075
0.012
0.024
0.023
0.014
0.00066
-0.0079
-0.0054
0.011
0.018
0.0078
0.00038
-0.011
-0.027
-0.042
-0.058
-0.087
-0.11
-0.12
-0.15
-0.15
-0.16
-0.19
-0.23
-0.29
-0.3
-0.29
-0.27
-0.13
0.03
0.054
-0.045
-0.2
-0.22
-0.13
-0.11
-0.14
-0.15
-0.14
-0.11
-0.1
-0.13
-0.16
-0.19
-0.22
-0.22
-0.23
-0.082
0.15
0.29
0.26
0.12
0.028
-0.025
-0.077
-0.12
-0.1
-0.025
0.023
0.0084
-0.1
-0.26
-0.38
-0.46
-0.49
-0.53
-0.56
-0.55
-0.52
-0.55
-0.69
-0.84
-0.88
-0.89
-0.89
-0.88
-0.89
-0.76
-0.46
-0.51
-0.75
-0.66
-0.15
0.26
0.44
0.58
0.79
0.96
0.98
0.94
0.27
-0.66
-0.89
-0.84
-0.61
-0.45
-0.5
-0.32
0.094
0.45
0.48
0.16
-0.25
-0.35
-0.13
0.17
0.36
0.49
0.67
0.84
0.9
0.86
0.79
0.83
0.91
0.94
0.94
0.89
0.46
-0.18
-0.26
0.076
0.32
0.34
0.13
-0.15
-0.3
-0.38
-0.47
-0.52
-0.38
-0.14
-0.063
-0.17
-0.27
-0.2
-0.027
0.061
-0.034
-0.22
-0.38
-0.47
-0.42
-0.27
-0.27
-0.4
-0.41
-0.22
-0.017
0.072
0.1
0.13
0.15
0.16
0.19
0.27
0.39
0.49
0.59
0.67
0.75
0.77
0.73
0.7
0.71
0.71
0.67
0.62
0.61
0.66
0.7
0.68
0.6
0.5
0.41
0.32
0.3
0.32
0.31
0.23
0.11
0.019
-0.019
-0.029
-0.058
-0.12
-0.21
-0.31
-0.38
-0.4
-0.37
-0.36
-0.38
-0.38
-0.35
-0.28
-0.23
-0.19
-0.15
-0.12
-0.095
-0.078
-0.062
-0.0019
0.083
0.13
0.13
0.11
0.11
0.1
0.075
0.02
-0.03
-0.03
-0.013
-0.042
-0.092
-0.12
-0.14
-0.14
-0.1
-0.073
-0.092
-0.12
-0.11
-0.056
0.035
0.11
0.12
0.093
0.092
0.11
0.12
0.13
0.12
0.11
0.096
0.062
0.029
0.035
0.05
0.05
0.036
0.023
0.021
0.049
0.1
0.12
0.12
0.12
0.16
0.19
0.2
0.19
0.16
0.15
0.17
0.19
0.19
0.17
0.12
0.11
0.11
0.11
0.09
0.07
0.048
0.038
0.049
0.065
0.076
0.086
0.074
0.029
-0.023
-0.029
0.0023
0.031
0.037
0.017
-0.019
-0.048
-0.055
-0.058
-0.061
-0.072
-0.085
-0.071
-0.025
0.0033
-0.0017
-0.021
-0.029
-0.0047
0.021
0.021
0.021
0.031
0.053
0.086
0.12
0.13
0.13
0.12
0.1
0.12
0.12
0.12
0.11
0.096
0.089
0.068
0.045
0.023
-0.0065
-0.046
-0.079
-0.084
-0.062
-0.034
-0.037
-0.063
-0.094
-0.1
-0.068
-0.041
-0.031
-0.019
-0.0026
-0.0017
-0.01
-0.017
-0.028
-0.032
-0.034
-0.031
-0.016
-0.014
-0.023
-0.026
-0.03
-0.046
-0.063
-0.068
-0.058
-0.049
-0.05
-0.04
-0.014
0.0083
0.0069
-0.019
-0.036
-0.023
-0.0082
0.0022
0.03
0.058
0.066
0.048
0.036
0.047
0.071
0.082
0.065
0.049
0.036
0.012
-0.009
-0.021
-0.031
-0.019
0.036
0.098
0.12
0.1
0.096
0.092
0.097
0.11
0.11
0.11
0.11
0.12
0.12
0.11
0.094
0.067
0.018
-0.054
-0.12
-0.14
-0.14
-0.14
-0.15
-0.15
-0.17
-0.2
-0.19
-0.18
-0.17
-0.14
-0.1
-0.099
-0.12
-0.14
-0.12
-0.07
-0.043
-0.031
-0.032
-0.024
0.0043
0.026
0.029
0.025
0.023
0.023
0.03
0.048
0.065
0.083
0.098
0.095
0.065
0.033
0.019
0.00078
-0.018
-0.02
-0.0089
-0.009
-0.019
-0.038
-0.057
-0.069
-0.077
-0.08
-0.073
-0.062
-0.053
-0.035
-0.018
-0.013
-0.006
0.0025
0.02
0.032
0.018
0.0093
0.026
0.064
0.089
0.086
0.075
0.073
0.06
0.039
0.034
0.043
0.061
0.072
0.078
0.085
0.1
0.093
0.074
0.078
0.076
0.062
0.058
0.069
0.074
0.062
0.06
0.07
0.074
0.063
0.039
0.0071
-0.0039
0.01
0.034
0.049
0.057
0.061
0.051
0.034
0.007
-0.0098
-0.01
-0.019
-0.022
-0.0045
0.011
0.0087
0.0061
-0.0059
-0.015
-0.011
-0.02
-0.026
-0.021
-0.015
-0.009
-0.016
-0.021
-0.015
-0.012
-0.021
-0.016
-0.0089
-0.0047
0.0063
0.018
0.036
0.035
0.016
0.0072
0.011
0.017
0.02
0.019
0.019
0.016
0.0019
-0.021
-0.031
-0.028
-0.026
-0.023
-0.027
-0.026
-0.0098
-0.0081
-0.025
-0.03
-0.027
-0.02
-0.0083
-0.00014
0.0042
0.0041
-0.0011
-0.00087
-0.0028
-0.0036
0.0016
0.004
0.0043
0.00069
-0.012
-0.016
-0.006
0.0041
0.0054
-0.014
-0.032
-0.028
-0.019
-0.017
-0.01
-0.00099
0.007
0.0035
-0.006
-0.0022
0.0015
-0.0028
-0.0021
0.0056
0.015
0.0066
-0.01
-0.013
-0.016
-0.029
-0.022
-0.0009
0.0096
-0.012
-0.046
-0.078
-0.11
-0.11
-0.091
-0.074
-0.062
-0.056
-0.057
-0.075
-0.091
-0.088
-0.082
-0.081
-0.074
-0.065
-0.039
0.00093
0.0087
-0.0012
-0.016
-0.018
-0.0054
-0.0049
-0.02
-0.037
-0.027
0.011
0.037
0.045
0.031
0.0053
-0.013
-0.0022
0.0011
-0.015
-0.024
-0.018
-0.021
-0.0078
0.025
0.048
0.058
0.065
0.085
0.11
0.13
0.15
0.17
0.18
0.19
0.18
0.14
0.077
0.037
0.048
0.076
0.073
0.049
0.037
0.038
0.039
0.047
0.065
0.074
0.067
0.043
0.029
0.062
0.11
0.12
0.11
0.09
0.063
0.034
0.0056
-0.017
-0.011
0.023
0.058
0.071
0.04
-0.0051
-0.02
0.012
0.06
0.094
0.1
0.095
0.06
0.015
0.0052
0.012
-0.001
-0.025
-0.04
-0.039
-0.035
-0.019
-0.00093
0.0015
-0.02
-0.044
-0.063
-0.078
-0.07
-0.039
-0.008
-0.0074
-0.025
-0.041
-0.041
-0.041
-0.071
-0.1
-0.11
-0.062
-0.013
-0.0014
-0.04
-0.089
-0.12
-0.13
-0.13
-0.11
-0.1
-0.08
-0.068
-0.058
-0.063
-0.073
-0.081
-0.092
-0.1
-0.083
-0.046
-0.018
-0.007
-0.017
-0.024
-0.026
-0.025
-0.027
-0.025
-0.01
0.011
0.032
0.041
0.032
0.012
-0.0043
-0.0042
0.01
0.035
0.058
0.047
0.02
0.018
0.018
0.0082
0.0028
-0.016
-0.024
0.007
0.038
0.055
0.058
0.043
0.024
0.00032
-0.024
-0.03
-0.027
-0.012
0.013
0.027
0.021
0.0089
-0.013
-0.014
-0.0084
-0.015
-0.014
-0.0033
0.0022
0.0071
0.02
0.023
0.021
0.0063
-0.0028
-0.0039
-0.0014
0.0042
0.0011
-0.016
-0.03
-0.036
-0.032
-0.013
0.00014
0.0022
0.011
0.016
0.0011
-0.023
-0.033
-0.045
-0.05
-0.045
-0.038
-0.031
-0.028
-0.023
-0.024
-0.031
-0.035
-0.047
-0.062
-0.071
-0.068
-0.056
-0.027
-0.011
-0.012
-0.017
-0.038
-0.053
-0.05
-0.041
-0.033
-0.021
0.0011
0.0096
0.0091
-0.0025
-0.014
-0.023
-0.027
-0.022
-0.017
-0.0079
-0.0046
-0.015
-0.022
-0.025
-0.031
-0.037
-0.038
-0.039
-0.043
-0.051
-0.059
-0.072
-0.083
-0.076
-0.064
-0.054
-0.051
-0.06
-0.057
-0.033
-0.016
-0.016
-0.022
-0.027
-0.03
-0.033
-0.035
-0.027
-0.018
-0.0099
-0.0029
-0.0048
-0.0068
-0.013
-0.017
-0.013
-0.011
-0.013
-0.0063
0.0018
-0.009
-0.018
-0.019
-0.0079
-0.0056
-0.0061
-0.012
-0.025
-0.034
-0.036
-0.028
-0.011
0.016
0.027
0.0057
-0.031
-0.071
-0.087
-0.077
-0.051
-0.013
0.028
0.049
0.049
0.048
0.029
-0.014
-0.047
-0.046
-0.031
-0.0087
0.0054
-0.0096
-0.017
-0.013
-0.018
-0.032
-0.037
-0.027
-0.014
0.0072
0.023
0.018
-0.0048
-0.021
-0.024
-0.013
0.019
0.047
0.057
0.045
0.02
0.0099
-0.0015
-0.0099
-0.01
-7.6e-005
0.0059
0.017
0.022
0.023
0.025
0.022
0.014
-0.0059
-0.03
-0.049
-0.038
-0.0085
0.012
0.024
0.019
0.00069
-0.032
-0.053
-0.055
-0.036
-0.014
-0.0059
-0.0053
0.0044
0.02
0.025
0.0047
-0.025
-0.042
-0.033
-0.016
0.00063
0.026
0.056
0.078
0.077
0.049
0.018
0.004
0.001
0.024
0.059
0.066
0.061
0.056
0.055
0.056
0.047
0.044
0.041
0.039
0.039
0.039
0.027
0.017
0.013
0.015
0.043
0.077
0.097
0.1
0.11
0.1
0.083
0.063
0.056
0.062
0.067
0.098
0.13
0.13
0.12
0.096
0.078
0.052
0.033
0.018
0.016
0.052
0.11
0.18
0.22
0.19
0.15
0.13
0.12
0.11
0.12
0.13
0.14
0.1
0.063
0.053
0.072
0.11
0.12
0.091
0.076
0.12
0.19
0.2
0.19
0.16
0.12
0.097
0.091
0.093
0.08
0.049
0.035
0.027
0.027
0.039
0.044
0.052
0.055
0.063
0.075
0.074
0.057
0.025
0.0049
-0.025
-0.038
-0.037
-0.056
-0.053
-0.027
7.6e-005
0.0051
-0.017
-0.059
-0.11
-0.12
-0.12
-0.12
-0.095
-0.059
-0.033
-0.0058
0.0058
-0.019
-0.066
-0.12
-0.17
-0.17
-0.15
-0.11
-0.072
-0.074
-0.083
-0.079
-0.082
-0.094
-0.11
-0.11
-0.11
-0.091
-0.057
-0.0073
0.031
0.024
-0.00047
-0.015
-0.034
-0.048
-0.046
-0.026
-0.0061
-0.024
-0.036
-0.048
-0.081
-0.092
-0.062
-0.028
-0.033
-0.075
-0.12
-0.12
-0.097
-0.065
-0.046
-0.045
-0.045
-0.049
-0.039
-0.042
-0.064
-0.097
-0.13
-0.14
-0.13
-0.077
-0.018
0.018
0.021
-0.012
-0.044
-0.063
-0.059
-0.048
-0.026
-0.024
-0.043
-0.047
-0.032
-0.015
-0.026
-0.033
-0.029
-0.028
-0.019
-0.0057
0.011
0.023
0.033
0.034
0.03
0.039
0.062
0.087
0.087
0.082
0.061
0.02
-0.013
-0.034
-0.031
0.02
0.085
0.12
0.11
0.083
0.09
0.12
0.13
0.11
0.095
0.066
0.044
0.048
0.075
0.11
0.13
0.14
0.13
0.12
0.11
0.12
0.14
0.15
0.13
0.081
0.049
0.053
0.085
0.11
0.12
0.12
0.12
0.11
0.099
0.098
0.1
0.12
0.14
0.14
0.1
0.069
0.07
0.082
0.083
0.084
0.092
0.089
0.076
0.069
0.077
0.071
0.049
0.027
0.017
0.034
0.062
0.098
0.12
0.11
0.085
0.073
0.072
0.054
0.028
0.015
0.016
0.016
0.025
0.04
0.039
0.029
0.0022
-0.019
-0.015
-0.0044
0.015
0.022
0.024
0.0097
0.0006
-0.0026
-0.012
-0.024
-0.015
0.021
0.043
0.047
0.03
0.0092
-0.0026
0.005
0.034
0.064
0.077
0.063
0.037
0.015
0.008
0.0086
-0.0072
-0.025
-0.024
0.0059
0.041
0.047
0.029
4.6e-005
-0.0083
0.0011
0.0072
0.0062
0.0079
0.024
0.051
0.07
0.061
0.041
0.015
-0.018
-0.039
-0.049
-0.043
-0.027
-0.016
-0.0027
0.00053
0.0027
0.0082
0.011
-0.0026
-0.0069
-0.011
-0.028
-0.048
-0.059
-0.054
-0.047
-0.063
-0.078
-0.069
-0.052
-0.047
-0.04
-0.02
-0.018
-0.04
-0.044
-0.039
-0.043
-0.041
-0.027
-0.021
-0.034
-0.051
-0.061
-0.066
-0.066
-0.063
-0.055
-0.045
-0.033
-0.036
-0.047
-0.06
-0.076
-0.08
-0.07
-0.056
-0.05
-0.051
-0.06
-0.071
-0.072
-0.082
-0.083
-0.076
-0.062
-0.05
-0.05
-0.049
-0.049
-0.045
-0.047
-0.042
-0.037
-0.035
-0.036
-0.045
-0.06
-0.074
-0.089
-0.099
-0.098
-0.082
-0.066
-0.055
-0.04
-0.029
-0.042
-0.052
-0.051
-0.051
-0.041
-0.029
-0.023
-0.0066
0.022
0.024
-0.0081
-0.042
-0.062
-0.064
-0.064
-0.059
-0.04
-0.022
-0.0062
0.0049
0.0043
0.00063
0.0069
0.0069
-0.0044
-0.0064
-0.0058
-0.0044
-0.007
-0.0082
-0.025
-0.047
-0.049
-0.045
-0.037
-0.037
-0.036
-0.038
-0.04
-0.035
-0.03
-0.024
-0.011
-0.0091
-0.024
-0.032
-0.036
-0.045
-0.037
-0.028
-0.033
-0.047
-0.039
-0.028
-0.029
-0.044
-0.056
-0.04
-0.012
0.015
0.012
-0.011
-0.036
-0.039
-0.0063
0.028
0.028
0.0006
-0.023
-0.051
-0.081
-0.084
-0.047
-0.022
-0.0059
0.032
0.065
0.074
0.066
0.049
0.034
0.018
0.014
0.0042
-0.015
-0.032
-0.029
-0.0022
0.029
0.06
0.077
0.083
0.083
0.081
0.081
0.065
0.029
-0.018
-0.04
-0.015
0.037
0.082
0.096
0.075
0.04
0.022
0.015
0.01
0.01
0.014
0.032
0.052
0.066
0.062
0.063
0.091
0.11
0.11
0.094
0.081
0.067
0.052
0.042
0.048
0.067
0.066
0.043
0.029
0.028
0.038
0.039
0.038
0.039
0.031
0.023
0.028
0.033
0.044
0.055
0.047
0.027
0.021
0.037
0.049
0.037
0.017
0.01
0.017
0.0059
-0.012
-0.0084
-0.0076
-0.014
0.002
0.025
0.012
-0.021
-0.018
0.0066
0.014
0.006
0.0031
0.013
0.026
0.026
0.012
0.0018
0.0012
-0.0039
-0.011
-0.015
-0.029
-0.043
-0.051
-0.046
-0.043
-0.044
-0.046
-0.046
-0.03
-0.021
-0.034
-0.047
-0.053
-0.039
-0.025
-0.019
-0.03
-0.045
-0.058
-0.06
-0.057
-0.053
-0.048
-0.048
-0.045
-0.042
-0.041
-0.042
-0.044
-0.038
-0.017
-0.0031
-0.005
-0.012
-0.029
-0.042
-0.037
-0.039
-0.054
-0.071
-0.087
-0.079
-0.045
-0.013
-0.0078
-0.019
-0.026
-0.0098
0.0092
0.0039
-0.01
-0.012
0.0022
0.017
0.024
0.02
0.0097
0.0088
0.014
0.021
0.025
0.022
0.019
0.018
0.012
-0.0014
-0.01
-0.016
-0.0072
0.016
0.033
0.03
0.023
0.02
0.024
0.024
0.02
0.019
0.012
0.0034
0.01
0.024
0.034
0.037
0.036
0.021
0.0063
0.003
-0.0012
0.0014
0.016
0.02
0.016
0.019
0.023
0.028
0.047
0.063
0.063
0.055
0.035
0.011
0.01
0.032
0.041
0.039
0.04
0.03
0.01
0.0073
0.013
0.014
0.013
0.0055
-0.0043
-0.0081
-0.0025
0.011
0.025
0.032
0.022
0.0091
-0.0027
0.0023
0.019
0.044
0.062
0.061
0.05
0.042
0.04
0.028
0.026
0.039
0.043
0.042
0.049
0.05
0.036
0.026
0.032
0.032
0.018
0.0072
0.012
0.02
0.023
0.015
-0.0017
-0.0019
0.0026
0.0046
0.011
0.013
0.012
0.0043
-0.0052
-0.014
-0.02
-0.025
-0.018
0.004
0.023
0.032
0.021
0.02
0.01
-0.0091
-0.01
0.0074
0.015
0.018
0.042
0.067
0.082
0.084
0.077
0.068
0.061
0.049
0.036
0.033
0.032
0.034
0.061
0.1
0.13
0.15
0.15
0.12
0.078
0.038
0.018
-0.0075
-0.045
-0.054
-0.018
0.038
0.083
0.097
0.08
0.048
0.0095
-0.023
-0.043
-0.056
-0.061
-0.062
-0.04
0.0022
0.035
0.059
0.066
0.064
0.043
0.0053
-0.022
-0.036
-0.014
0.025
0.062
0.081
0.084
0.078
0.06
0.049
0.04
0.034
0.029
0.02
0.0031
-0.0012
0.01
0.028
0.051
0.066
0.069
0.06
0.055
0.048
0.035
0.037
0.046
0.049
0.051
0.037
0.012
-0.0045
-0.017
-0.025
-0.026
-0.016
0.0058
0.027
0.048
0.071
0.082
0.085
0.081
0.077
0.058
0.033
0.032
0.038
0.038
0.037
0.026
0.015
0.0085
0.0063
-0.0024
-0.013
-0.026
-0.039
-0.042
-0.043
-0.051
-0.055
-0.049
-0.035
-0.018
-0.0092
-0.0024
-0.00078
-0.019
-0.041
-0.041
-0.04
-0.046
-0.057
-0.066
-0.058
-0.029
-0.0015
0.0036
-0.021
-0.052
-0.069
-0.046
0.0016
0.027
0.041
0.043
0.034
0.032
0.032
0.016
-0.011
-0.014
-0.016
-0.018
-7.6e-005
0.042
0.084
0.092
0.071
0.055
0.059
0.061
0.043
0.033
0.05
0.085
0.098
0.086
0.055
0.035
0.04
0.062
0.077
0.066
0.058
0.047
0.035
0.05
0.068
0.056
0.029
0.032
0.042
0.033
0.024
0.034
0.045
0.047
0.043
0.031
0.021
0.018
0.029
0.036
0.021
0.0009
-0.02
-0.029
-0.027
-0.024
-0.013
-0.0073
-0.0089
-0.0021
0.0055
-0.0069
-0.017
-0.015
-0.0033
0.0034
-0.0046
-0.0083
-0.013
-0.01
0.0062
0.004
-0.0065
-0.014
-0.024
-0.041
-0.042
-0.033
-0.016
-0.0019
0.009
0.009
-0.00063
-0.0074
-0.011
-0.0069
0.011
0.013
0.0022
-0.0029
-0.0018
0.00099
0.012
0.037
0.055
0.051
0.037
0.024
0.0028
-0.014
-0.016
-0.0034
0.021
0.027
0.022
0.031
0.044
0.041
0.031
0.028
0.019
-0.0014
-0.019
-0.0063
0.014
0.034
0.052
0.057
0.061
0.043
0.015
-0.012
-0.029
-0.015
0.017
0.038
0.034
0.026
0.017
0.023
0.044
0.059
0.07
0.066
0.058
0.038
0.017
0.0059
-0.011
-0.011
0.0063
0.028
0.055
0.076
0.067
0.057
0.055
0.032
0.0076
-0.022
-0.062
-0.087
-0.08
-0.039
0.0042
0.037
0.057
0.058
0.04
0.0096
-0.031
-0.068
-0.098
-0.11
-0.11
-0.11
-0.09
-0.061
-0.056
-0.062
-0.071
-0.064
-0.06
-0.081
-0.1
-0.11
-0.1
-0.089
-0.072
-0.045
-0.013
0.0083
0.0036
-0.0053
-0.0019
-0.014
-0.039
-0.054
-0.062
-0.056
-0.036
-0.016
0.0054
0.019
0.032
0.026
0.0071
-0.0061
-0.026
-0.045
-0.044
-0.027
-0.012
0.0088
0.017
0.019
0.01
-0.014
-0.036
-0.063
-0.084
-0.093
-0.072
-0.049
-0.041
-0.038
-0.037
-0.046
-0.063
-0.066
-0.069
-0.069
-0.07
-0.075
-0.055
-0.032
-0.019
-0.0086
-0.0032
-0.0065
-0.017
-0.021
-0.02
-0.02
-0.02
-0.0063
0.01
0.011
0.0081
0.0014
-0.02
-0.046
-0.057
-0.048
-0.042
-0.039
-0.029
-0.0077
0.0017
0.0006
-0.014
-0.044
-0.054
-0.042
-0.023
-0.016
-0.024
-0.053
-0.09
-0.096
-0.084
-0.07
-0.057
-0.05
-0.056
-0.061
-0.06
-0.048
-0.04
-0.043
-0.051
-0.057
-0.044
-0.03
-0.028
-0.028
-0.056
-0.077
-0.069
-0.045
-0.026
-0.013
-0.012
-0.011
-0.00081
0.0081
0.019
0.025
0.029
0.027
0.018
0.015
0.022
0.024
0.029
0.031
0.023
0.014
0.0082
0.0099
0.012
0.0086
0.0061
0.0031
-0.0048
-0.0041
0.02
0.062
0.094
0.086
0.055
0.031
0.019
0.0053
0.0099
0.036
0.055
0.061
0.066
0.059
0.046
0.042
0.033
0.031
0.029
0.029
0.052
0.072
0.074
0.07
0.063
0.044
0.028
0.004
-0.0062
0.012
0.031
0.049
0.059
0.055
0.054
0.057
0.055
0.044
0.032
0.026
0.026
0.029
0.04
0.042
0.025
0.01
0.01
0.004
0.0017
0.0096
0.026
0.048
0.062
0.054
0.026
0.0069
0.0069
0.019
0.032
0.033
0.021
0.014
0.016
0.013
0.0076
0.0027
0.0094
0.0092
0.014
0.025
0.031
0.038
0.043
0.042
0.025
0.013
0.0098
0.013
0.003
-0.007
0.00038
0.011
0.02
0.023
0.021
0.0083
-0.015
-0.019
-0.0054
0.015
0.039
0.054
0.054
0.046
0.048
0.047
0.03
0.0047
0.0022
0.0051
-0.007
-0.013
0.0035
0.017
0.021
0.039
0.059
0.078
0.083
0.079
0.086
0.096
0.11
0.094
0.051
-0.0079
-0.037
-0.016
0.034
0.1
0.15
0.18
0.17
0.13
0.074
0.031
0.015
-0.0027
-0.018
-0.018
0.0052
0.038
0.08
0.11
0.13
0.12
0.087
0.025
-0.031
-0.064
-0.065
-0.033
0.0013
0.03
0.058
0.07
0.052
-0.0022
-0.067
-0.096
-0.078
-0.043
-0.023
-0.022
-0.024
-0.0041
0.021
0.023
0.022
0.01
-0.0099
-0.018
-0.032
-0.061
-0.074
-0.064
-0.046
-0.036
-0.042
-0.04
-0.033
-0.032
-0.019
-0.017
-0.04
-0.064
-0.071
-0.066
-0.036
-0.015
-0.014
-0.0075
-0.018
-0.046
-0.062
-0.07
-0.083
-0.079
-0.052
-0.027
-0.03
-0.048
-0.055
-0.038
-0.021
-0.025
-0.05
-0.059
-0.046
-0.046
-0.048
-0.046
-0.05
-0.05
-0.049
-0.071
-0.08
-0.062
-0.049
-0.04
-0.037
-0.036
-0.031
-0.015
-0.00096
-0.013
-0.027
-0.015
0.011
0.016
0.006
0.0057
0.0052
0.008
0.014
0.017
0.021
0.042
0.048
0.037
0.018
0.014
0.018
0.017
0.023
0.035
0.061
0.086
0.087
0.082
0.089
0.087
0.074
0.061
0.066
0.082
0.099
0.11
0.13
0.13
0.13
0.1
0.067
0.047
0.045
0.06
0.076
0.079
0.081
0.084
0.089
0.075
0.057
0.047
0.046
0.047
0.038
0.045
0.075
0.085
0.076
0.079
0.086
0.09
0.082
0.05
0.025
0.018
0.037
0.074
0.097
0.093
0.071
0.043
0.016
-0.00096
0.0024
0.025
0.049
0.051
0.038
0.036
0.049
0.059
0.048
0.025
0.012
0.016
0.026
0.037
0.036
0.035
0.038
0.039
0.039
0.04
0.036
0.018
0.0069
0.0098
0.019
0.026
0.022
0.016
1.5e-005
-0.0076
-0.014
-0.022
-0.021
-0.02
-0.012
-0.00032
0.0061
0.0068
0.0092
-0.00041
-0.014
-0.004
0.006
0.014
0.025
0.035
0.036
0.031
0.028
0.024
0.012
0.0095
0.017
0.029
0.044
0.048
0.044
0.049
0.06
0.049
0.026
0.0035
-0.003
0.014
0.034
0.04
0.045
0.036
0.0068
-0.016
-0.04
-0.052
-0.026
0.012
0.022
0.0033
-0.02
-0.016
0.0079
0.0093
-0.0071
-0.014
-0.021
-0.039
-0.042
-0.03
-0.013
-0.00063
0.019
0.044
0.062
0.066
0.053
0.04
0.04
0.031
0.0064
-0.024
-0.046
-0.037
-0.0014
0.027
0.034
0.026
0.022
0.034
0.049
0.045
0.03
0.018
0.018
0.031
0.027
0.014
0.019
0.024
0.037
0.069
0.094
0.079
0.03
-0.0041
-0.018
-0.016
-0.0064
-0.0058
0.0059
0.037
0.063
0.057
0.043
0.036
0.034
0.051
0.072
0.09
0.1
0.1
0.09
0.053
0.018
-0.0039
-0.00011
0.0062
0.0072
0.019
0.057
0.099
0.11
0.093
0.055
0.011
-0.031
-0.041
-0.021
0.012
0.054
0.073
0.06
0.045
0.058
0.067
0.042
0.0076
-0.025
-0.04
-0.02
0.022
0.043
0.031
0.016
0.02
0.036
0.03
-0.00041
-0.028
-0.033
-0.016
-0.01
-0.012
-0.023
-0.015
-0.0013
0.0059
0.0057
-0.025
-0.05
-0.037
0.0039
0.022
0.011
-0.0056
-0.023
-0.032
-0.029
-0.023
-0.026
-0.031
-0.032
-0.027
-0.027
-0.035
-0.032
-0.031
-0.033
-0.032
-0.025
-0.02
-0.021
-0.024
-0.037
-0.049
-0.05
-0.05
-0.05
-0.039
-0.022
-0.031
-0.052
-0.077
-0.093
-0.071
-0.053
-0.045
-0.04
-0.02
-0.002
0.00044
-0.015
-0.028
-0.024
-0.017
-0.0012
-0.0096
-0.033
-0.046
-0.037
-0.011
-0.0046
-0.0091
-0.0054
0.003
-0.0022
0.0025
0.0061
-0.013
-0.026
-0.034
-0.025
-0.02
-0.011
0.003
-0.00066
-0.012
-0.027
-0.031
-0.047
-0.052
-0.048
-0.046
-0.041
-0.044
-0.041
-0.025
-0.017
-0.0096
-0.0047
-0.017
-0.034
-0.049
-0.055
-0.051
-0.036
-0.027
-0.02
-0.023
-0.047
-0.066
-0.067
-0.066
-0.068
-0.06
-0.043
-0.017
-0.0012
0.0002
-0.015
-0.028
-0.026
-0.026
-0.033
-0.034
-0.027
-0.025
-0.02
-0.018
-0.024
-0.011
-0.0083
-0.0031
0.009
0.0034
-0.00069
-0.005
-0.01
-0.014
-0.017
-0.01
-0.0037
0.0039
0.008
0.021
0.034
0.026
0.022
0.019
0.025
0.036
0.038
0.027
0.014
0.019
0.031
0.035
0.037
0.036
0.035
0.039
0.041
0.027
0.016
0.019
0.031
0.033
0.032
0.029
0.012
-0.014
-0.027
-0.024
-0.022
-0.013
0.0051
0.013
0.012
0.006
0.0024
0.019
0.028
0.013
0.0083
0.02
0.025
0.0032
-0.023
-0.035
-0.031
-0.012
0.022
0.054
0.065
0.071
0.092
0.11
0.086
0.046
-0.0056
-0.055
-0.071
-0.037
0.012
0.048
0.08
0.084
0.082
0.067
0.024
-0.0098
-0.024
-0.039
-0.047
-0.043
-0.027
-0.02
-0.011
0.003
0.013
0.019
0.0025
-0.025
-0.049
-0.043
-0.015
0.0087
0.0084
-0.01
-0.013
-0.015
-0.02
-0.015
-0.0062
0.013
0.019
0.0051
-0.0071
-0.013
-0.013
-0.0017
0.0098
0.00056
-0.015
-0.017
-0.023
-0.012
0.0054
0.0037
-0.011
-0.034
-0.055
-0.061
-0.048
-0.037
-0.039
-0.043
-0.033
-0.014
0.00081
0.0029
-0.0094
-0.017
-0.015
-0.018
-0.037
-0.068
-0.098
-0.093
-0.049
-0.0079
-0.00087
-0.011
-0.023
-0.038
-0.046
-0.047
-0.043
-0.033
-0.011
0.009
0.013
0.0062
-0.021
-0.055
-0.062
-0.046
-0.03
-0.031
-0.031
-0.039
-0.047
-0.051
-0.042
-0.029
-0.023
-0.025
-0.024
-0.0059
0.015
0.022
0.012
0.0029
-0.0051
-0.014
-0.019
-0.02
-0.021
-0.019
-0.0094
0.00087
0.0062
0.0084
0.014
0.014
0.01
0.011
0.019
0.029
0.032
0.024
0.024
0.019
0.0014
-0.0046
0.00023
-0.0006
0.0054
0.031
0.054
0.071
0.078
0.077
0.067
0.044
0.033
0.031
0.039
0.053
0.052
0.058
0.077
0.08
0.062
0.049
0.047
0.045
0.04
0.039
0.047
0.057
0.055
0.047
0.043
0.047
0.053
0.056
0.046
0.035
0.029
0.039
0.054
0.063
0.057
0.035
0.019
0.015
0.022
0.022
0.021
0.028
0.028
0.025
0.016
0.0061
0.004
0.0073
0.0081
0.0029
-0.0059
-0.0033
0.023
0.042
0.044
0.042
0.033
0.022
0.012
0.0054
0.0049
0.011
0.018
0.0094
-0.011
-0.022
-0.024
-0.03
-0.038
-0.04
-0.02
0.0031
0.018
0.014
-0.0032
-0.013
-0.013
-0.0031
0.012
0.025
0.035
0.038
0.03
0.012
-0.0025
-0.018
-0.039
-0.047
-0.032
-0.029
-0.03
-0.027
-0.034
-0.04
-0.03
-0.022
-0.025
-0.033
-0.03
-0.014
-0.0014
-0.00099
-0.0014
-0.01
-0.027
-0.037
-0.042
-0.052
-0.057
-0.059
-0.055
-0.052
-0.045
-0.036
-0.039
-0.055
-0.068
-0.065
-0.06
-0.056
-0.049
-0.045
-0.049
-0.059
-0.089
-0.12
-0.12
-0.11
-0.093
-0.063
-0.021
0.017
0.032
0.026
0.011
-0.004
-0.025
-0.053
-0.081
-0.11
-0.13
-0.12
-0.09
-0.068
-0.052
-0.031
-0.017
-0.02
-0.032
-0.033
-0.031
-0.018
-0.016
-0.034
-0.046
-0.047
-0.047
-0.045
-0.038
-0.027
-0.015
-0.014
-0.018
-0.01
-0.0099
-0.019
-0.036
-0.048
-0.054
-0.056
-0.049
-0.044
-0.043
-0.047
-0.048
-0.038
-0.031
-0.028
-0.028
-0.027
-0.018
-0.011
-0.012
-0.016
-0.02
-0.027
-0.012
0.018
0.03
0.028
0.013
-0.0078
-0.014
-0.0043
-0.0061
-0.01
0.0094
0.045
0.067
0.047
0.028
0.043
0.059
0.072
0.082
0.076
0.065
0.071
0.087
0.088
0.073
0.049
0.033
0.034
0.05
0.049
0.037
0.03
0.043
0.062
0.07
0.083
0.089
0.071
0.055
0.055
0.062
0.063
0.065
0.064
0.056
0.043
0.031
0.029
0.032
0.044
0.062
0.073
0.067
0.044
0.018
0.0041
0.0061
0.031
0.054
0.05
0.019
0.0017
0.015
0.038
0.05
0.052
0.054
0.056
0.051
0.046
0.046
0.055
0.061
0.05
0.032
0.025
0.042
0.057
0.05
0.038
0.027
0.028
0.033
0.029
0.018
0.012
0.0048
-0.00075
-0.0017
0.0075
0.026
0.035
0.047
0.063
0.067
0.051
0.026
0.021
0.035
0.047
0.043
0.026
-0.0026
-0.028
-0.036
-0.035
-0.025
-0.0019
0.023
0.03
0.025
0.022
0.0072
-0.0033
-0.00023
-0.0023
-0.016
-0.017
-0.0038
0.0014
-0.00099
-0.0036
-0.0071
-0.024
-0.043
-0.05
-0.052
-0.063
-0.092
-0.1
-0.088
-0.082
-0.094
-0.11
-0.12
-0.12
-0.11
-0.11
-0.11
-0.12
-0.13
-0.12
-0.11
-0.098
-0.091
-0.084
-0.088
-0.1
-0.11
-0.085
-0.062
-0.063
-0.082
-0.092
-0.08
-0.057
-0.037
-0.031
-0.043
-0.056
-0.069
-0.068
-0.049
-0.04
-0.039
-0.039
-0.045
-0.053
-0.06
-0.064
-0.054
-0.042
-0.033
-0.018
-0.0058
-0.00023
-0.002
-0.011
-0.014
-0.013
-0.007
-0.011
-0.012
-0.0045
0.0009
0.012
0.016
0.0074
-0.012
-0.026
-0.032
-0.026
-0.01
0.017
0.045
0.045
0.034
0.023
0.012
0.017
0.026
0.017
0.004
0.0079
0.016
0.034
0.053
0.075
0.077
0.044
-0.00056
-0.0073
0.023
0.053
0.062
0.063
0.07
0.077
0.09
0.098
0.094
0.094
0.097
0.11
0.13
0.13
0.13
0.13
0.15
0.19
0.2
0.19
0.17
0.15
0.12
0.1
0.086
0.052
0.031
0.043
0.074
0.09
0.082
0.064
0.062
0.08
0.11
0.13
0.13
0.12
0.12
0.11
0.12
0.13
0.13
0.099
0.073
0.073
0.073
0.064
0.041
0.015
0.019
0.043
0.05
0.042
0.035
0.032
0.039
0.052
0.07
0.082
0.076
0.051
0.032
0.023
0.023
0.027
0.026
0.022
0.011
0.0098
0.014
0.01
0.011
0.014
0.021
0.036
0.048
0.029
-0.0098
-0.028
-0.015
0.0089
0.029
0.046
0.052
0.053
0.054
0.045
0.023
0.0066
0.0065
0.012
0.023
0.035
0.052
0.057
0.043
0.033
0.022
-0.0035
-0.033
-0.039
-0.02
0.0028
0.018
0.0085
-0.024
-0.052
-0.068
-0.075
-0.071
-0.052
-0.037
-0.028
-0.024
-0.031
-0.037
-0.053
-0.077
-0.092
-0.097
-0.1
-0.1
-0.094
-0.081
-0.072
-0.075
-0.083
-0.1
-0.11
-0.095
-0.088
-0.089
-0.089
-0.086
-0.082
-0.086
-0.1
-0.11
-0.098
-0.074
-0.067
-0.08
-0.099
-0.11
-0.094
-0.064
-0.044
-0.049
-0.064
-0.068
-0.071
-0.079
-0.08
-0.077
-0.067
-0.06
-0.05
-0.051
-0.064
-0.073
-0.064
-0.031
-0.02
-0.037
-0.048
-0.03
-0.0012
0.011
0.0047
-0.0082
-0.008
0.0009
0.0087
0.015
0.027
0.045
0.055
0.067
0.071
0.057
0.03
0.013
0.031
0.066
0.095
0.11
0.11
0.094
0.069
0.047
0.023
0.0014
-0.00056
0.018
0.043
0.063
0.066
0.046
0.018
-0.0044
-0.0079
0.00099
0.0095
0.013
0.017
0.019
0.017
0.022
0.036
0.044
0.047
0.048
0.059
0.075
0.081
0.08
0.084
0.096
0.11
0.1
0.1
0.11
0.11
0.11
0.11
0.11
0.1
0.089
0.077
0.072
0.068
0.074
0.097
0.12
0.13
0.14
0.12
0.11
0.12
0.13
0.14
0.14
0.14
0.13
0.12
0.12
0.12
0.11
0.097
0.1
0.13
0.15
0.16
0.14
0.11
0.089
0.084
0.091
0.11
0.14
0.18
0.18
0.13
0.085
0.054
0.056
0.076
0.11
0.15
0.18
0.19
0.18
0.16
0.1
0.065
0.051
0.059
0.081
0.1
0.12
0.12
0.11
0.093
0.075
0.047
0.024
0.023
0.052
0.11
0.15
0.14
0.091
0.033
0.0034
-0.0092
-0.0045
0.01
0.035
0.068
0.078
0.042
-0.013
-0.044
-0.051
-0.07
-0.083
-0.075
-0.055
-0.026
-0.0027
0.0052
-0.0023
-0.029
-0.068
-0.097
-0.089
-0.054
-0.029
-0.025
-0.033
-0.045
-0.072
-0.1
-0.12
-0.11
-0.07
-0.021
0.02
0.013
-0.048
-0.12
-0.16
-0.17
-0.14
-0.085
-0.043
-0.032
-0.05
-0.066
-0.067
-0.066
-0.088
-0.12
-0.13
-0.1
-0.077
-0.061
-0.045
-0.055
-0.077
-0.076
-0.083
-0.13
-0.17
-0.14
-0.075
-0.016
0.018
0.013
-0.0081
-0.021
-0.031
-0.03
-0.016
0.00093
0.011
0.0065
-0.012
-0.036
-0.056
-0.053
-0.031
-0.019
-0.0094
-0.013
-0.034
-0.062
-0.081
-0.06
-0.027
-0.0095
0.011
0.034
0.043
0.023
-0.027
-0.055
-0.042
-0.018
0.0088
0.026
0.048
0.068
0.067
0.047
0.026
0.025
0.061
0.11
0.12
0.1
0.069
0.015
-0.025
-0.0097
0.034
0.077
0.12
0.13
0.073
-0.0078
-0.056
-0.022
0.047
0.073
0.06
0.041
0.046
0.042
0.06
0.089
0.07
0.031
0.022
0.072
0.12
0.13
0.11
0.017
-0.057
-0.034
0.0036
0.021
0.062
0.1
0.11
0.076
0.057
0.051
0.049
0.055
0.032
0.017
0.042
0.062
0.066
0.063
0.071
0.058
0.011
-0.062
-0.12
-0.11
-0.055
0.035
0.088
0.07
0.019
-0.034
-0.053
-0.045
-0.022
-0.0051
-0.0064
-0.0063
0.0088
0.025
0.013
-0.036
-0.065
-0.055
-0.059
-0.051
-0.02
-0.0028
-0.0025
-0.009
-0.016
-0.037
-0.054
-0.069
-0.068
-0.044
-0.039
-0.05
-0.06
-0.045
-0.055
-0.083
-0.1
-0.12
-0.11
-0.074
0.0084
0.086
0.11
0.084
0.036
-0.0041
-0.021
-0.014
0.016
0.056
0.081
0.082
0.063
0.023
-0.0054
-0.0038
0.0085
0.028
0.076
0.13
0.17
0.16
0.1
0.031
-0.02
-0.032
0.01
0.056
0.065
0.024
-0.039
-0.072
-0.056
-0.029
-0.028
-0.034
-0.027
-0.0026
0.013
0.0022
-0.036
-0.11
-0.15
-0.14
-0.12
-0.098
-0.076
-0.072
-0.086
-0.11
-0.15
-0.18
-0.21
-0.22
-0.17
-0.088
0.0064
0.07
0.086
0.062
0.011
-0.048
-0.054
0.01
0.092
0.15
0.17
0.14
0.094
0.049
0.019
-0.01
-0.038
-0.058
-0.062
-0.056
-0.042
-0.0052
0.054
0.11
0.15
0.15
0.13
0.11
0.093
0.1
0.12
0.12
0.12
0.099
0.078
0.086
0.1
0.099
0.085
0.06
0.037
0.032
0.016
0.015
0.041
0.055
0.061
0.068
0.065
0.061
0.046
0.018
0.0013
0.00047
0.013
0.022
0.032
0.052
0.065
0.057
0.04
0.025
0.023
0.043
0.054
0.057
0.064
0.071
0.065
0.051
0.05
0.06
0.061
0.059
0.073
0.069
0.024
-0.019
-0.022
0.005
0.034
0.064
0.091
0.1
0.099
0.096
0.095
0.088
0.076
0.072
0.09
0.11
0.14
0.14
0.11
0.076
0.056
0.047
0.039
0.035
0.037
0.035
0.023
0.012
0.02
0.042
0.072
0.085
0.076
0.05
0.02
0.017
0.031
0.048
0.046
0.017
-7.6e-005
-0.0052
-0.02
-0.027
-0.016
-0.011
-0.0036
-0.0073
-0.035
-0.062
-0.071
-0.056
-0.037
-0.02
0.00081
0.0027
-0.02
-0.049
-0.086
-0.13
-0.15
-0.16
-0.15
-0.13
-0.12
-0.12
-0.12
-0.1
-0.079
-0.046
-0.043
-0.055
-0.069
-0.076
-0.065
-0.062
-0.07
-0.083
-0.1
-0.12
-0.13
-0.13
-0.12
-0.12
-0.13
-0.12
-0.11
-0.12
-0.14
-0.15
-0.14
-0.12
-0.1
-0.11
-0.13
-0.15
-0.16
-0.13
-0.1
-0.089
-0.078
-0.066
-0.057
-0.045
-0.026
-0.012
-0.014
-0.02
-0.024
-0.032
-0.034
-0.024
-0.027
-0.025
-0.016
-0.0068
0.00032
-0.001
-0.0081
-0.0031
0.012
0.019
0.02
0.032
0.051
0.066
0.068
0.064
0.058
0.053
0.041
0.027
0.03
0.04
0.04
0.045
0.059
0.073
0.081
0.089
0.084
0.053
0.02
0.02
0.044
0.062
0.061
0.056
0.051
0.031
0.0084
-0.002
4.6e-005
-0.011
-0.029
-0.019
0.018
0.046
0.043
0.035
0.032
0.03
0.025
0.016
0.019
0.028
0.052
0.087
0.1
0.074
0.027
-0.019
-0.053
-0.058
-0.024
0.024
0.066
0.091
0.079
0.054
0.032
0.027
0.031
0.03
0.028
0.027
0.028
0.028
0.038
0.048
0.045
0.041
0.033
-0.00011
-0.033
-0.022
0.0097
0.021
0.023
0.038
0.066
0.079
0.079
0.082
0.079
0.056
0.027
0.023
0.036
0.041
0.023
0.0082
0.012
0.026
0.039
0.044
0.033
0.027
0.025
0.018
-0.0034
-0.032
-0.04
-0.026
-0.017
-0.0098
0.005
0.015
0.0025
-0.0063
0.0067
0.023
0.014
-0.012
-0.016
0.0038
0.017
0.01
-0.0079
-0.034
-0.053
-0.063
-0.07
-0.064
-0.061
-0.061
-0.058
-0.059
-0.058
-0.037
-0.023
-0.036
-0.044
-0.041
-0.038
-0.033
-0.029
-0.028
-0.027
-0.016
0.005
0.0032
-0.021
-0.045
-0.07
-0.085
-0.092
-0.098
-0.089
-0.067
-0.038
-0.025
-0.037
-0.063
-0.078
-0.085
-0.087
-0.071
-0.043
-0.016
-0.0014
-0.011
-0.037
-0.056
-0.063
-0.059
-0.045
-0.024
-0.0067
-0.0061
-0.014
-0.019
-0.015
0.014
0.045
0.043
0.024
0.014
0.016
0.023
0.026
0.019
0.033
0.045
0.031
0.012
0.0002
-0.00084
0.0036
-0.0032
-0.0097
0.0011
0.016
0.021
0.02
0.004
-0.0089
-0.0041
0.015
0.031
0.022
0.00041
-0.016
-0.036
-0.052
-0.037
-0.0092
0.011
0.013
0.0018
-0.0022
0.00053
0.0078
0.023
0.032
0.031
0.023
0.0092
0.0016
0.0065
0.024
0.045
0.055
0.037
0.0047
-0.023
-0.048
-0.06
-0.043
-0.013
0.00093
0.0068
0.0037
0.0039
0.0066
0.0044
-0.0066
-0.013
-0.013
-0.0073
-0.00047
0.0064
0.02
0.023
0.0099
-0.0071
-0.014
-0.012
-0.018
-0.019
-0.013
-0.0033
0.0074
0.022
0.03
0.025
0.016
-0.0014
-0.01
-0.0085
0.0023
0.024
0.04
0.034
0.015
-4.6e-005
-0.017
-0.024
-0.02
-0.02
-0.032
-0.034
-0.022
-0.019
-0.02
-0.02
-0.025
-0.033
-0.027
-0.0091
0.011
0.032
0.042
0.039
0.028
0.017
0.0079
-0.0031
-0.01
-0.0091
-0.0076
-0.014
-0.018
-0.02
-0.013
0.0026
0.0078
-0.0038
-0.0065
-0.0042
0.0022
0.012
0.014
0.008
0.00026
-0.022
-0.05
-0.065
-0.068
-0.054
-0.034
-0.022
-0.034
-0.059
-0.068
-0.052
-0.021
-0.00011
-0.0085
-0.031
-0.033
-0.022
-0.035
-0.05
-0.064
-0.08
-0.084
-0.082
-0.056
-0.018
0.00099
0.0065
0.016
0.013
0.0075
0.0089
0.00063
-0.016
-0.044
-0.056
-0.038
-0.0095
0.013
0.023
0.02
0.0084
-0.003
-0.029
-0.045
-0.042
-0.04
-0.031
-0.024
-0.0062
0.013
0.015
-0.00041
-0.022
-0.04
-0.054
-0.054
-0.034
-0.0077
0.0043
0.02
0.037
0.045
0.059
0.082
0.086
0.065
0.041
0.017
-0.00093
-0.011
-0.0099
0.021
0.06
0.088
0.095
0.075
0.039
0.013
0.015
0.026
0.035
0.033
0.038
0.057
0.064
0.067
0.071
0.067
0.053
0.029
0.011
0.014
0.013
0.0083
0.023
0.046
0.058
0.058
0.051
0.049
0.034
0.01
-0.0012
0.0018
0.009
0.026
0.044
0.04
0.027
0.026
0.04
0.06
0.067
0.065
0.052
0.04
0.036
0.035
0.037
0.035
0.031
0.037
0.049
0.043
0.018
0.0013
-0.0022
-0.0039
-0.0029
0.0017
0.0019
0.0073
0.022
0.038
0.05
0.05
0.035
0.021
0.021
0.019
-0.0011
-0.019
0.0082
0.047
0.064
0.068
0.065
0.054
0.022
0.0012
0.0094
0.028
0.046
0.059
0.065
0.05
0.028
0.018
0.022
0.035
0.046
0.055
0.048
0.039
0.037
0.037
0.041
0.04
0.039
0.037
0.047
0.077
0.1
0.1
0.074
0.04
-0.0022
-0.02
-0.0094
0.011
0.033
0.052
0.063
0.049
0.023
0.00038
-0.0059
-0.0095
-0.011
0.0079
0.027
0.036
0.043
0.052
0.054
0.045
0.034
0.019
0.016
0.013
0.0022
0.01
0.03
0.042
0.047
0.031
-0.0026
-0.035
-0.067
-0.071
-0.046
-0.022
-0.013
-0.023
-0.056
-0.08
-0.075
-0.056
-0.047
-0.049
-0.041
-0.021
-0.019
-0.031
-0.042
-0.059
-0.059
-0.042
-0.022
-0.011
-0.017
-0.026
-0.022
-0.018
-0.021
-0.017
-0.016
-0.018
-0.03
-0.044
-0.04
-0.028
-0.018
-0.018
-0.0082
0.0022
0.0087
0.0029
-0.0065
-0.0074
-0.019
-0.04
-0.052
-0.025
0.02
0.04
0.038
0.027
0.024
0.034
0.046
0.036
0.017
0.0062
0.013
0.041
0.063
0.061
0.057
0.058
0.062
0.074
0.07
0.063
0.063
0.055
0.049
0.05
0.047
0.051
0.056
0.06
0.073
0.083
0.073
0.047
0.022
0.021
0.066
0.1
0.098
0.065
0.03
0.027
0.046
0.072
0.092
0.072
0.043
0.04
0.056
0.071
0.06
0.044
0.043
0.031
0.035
0.044
0.03
0.03
0.034
0.025
0.0092
-0.034
-0.056
-0.026
-0.0018
0.018
0.024
-0.02
-0.048
-0.048
-0.042
-0.013
-0.0068
-0.026
-0.042
-0.064
-0.077
-0.084
-0.096
-0.089
-0.077
-0.091
-0.091
-0.092
-0.1
-0.074
-0.056
-0.052
-0.028
-0.029
-0.056
-0.076
-0.093
-0.086
-0.079
-0.079
-0.068
-0.08
-0.11
-0.12
-0.13
-0.15
-0.17
-0.17
-0.15
-0.12
-0.1
-0.1
-0.11
-0.12
-0.12
-0.13
-0.14
-0.16
-0.17
-0.17
-0.16
-0.15
-0.15
-0.15
-0.16
-0.16
-0.15
-0.14
-0.14
-0.12
-0.097
-0.086
-0.083
-0.084
-0.099
-0.11
-0.11
-0.097
-0.081
-0.061
-0.056
-0.06
-0.062
-0.072
-0.088
-0.097
-0.077
-0.04
-0.02
-0.032
-0.054
-0.077
-0.095
-0.08
-0.056
-0.048
-0.044
-0.052
-0.05
-0.044
-0.038
-0.021
-0.023
-0.058
-0.093
-0.12
-0.13
-0.1
-0.057
-0.0055
0.024
0.0061
-0.036
-0.058
-0.041
-0.013
-0.011
-0.015
-0.011
-0.019
-0.027
-0.011
0.013
0.026
0.027
0.028
0.031
0.026
0.034
0.052
0.078
0.084
0.062
0.04
0.026
0.032
0.045
0.046
0.054
0.089
0.16
0.24
0.24
0.17
0.053
-0.057
-0.088
-0.043
0.019
0.017
-0.047
-0.044
0.081
0.25
0.33
0.28
0.13
-0.038
-0.19
-0.25
-0.2
-0.041
0.14
0.24
0.25
0.22
0.14
0.013
-0.1
-0.12
-0.032
0.074
0.12
0.095
0.075
0.13
0.24
0.34
0.34
0.22
0.05
-0.095
-0.19
-0.21
-0.14
0.026
0.23
0.4
0.46
0.39
0.2
-0.031
-0.19
-0.2
-0.096
0.0059
0.076
0.12
0.11
0.078
0.054
0.052
0.048
0.015
-0.024
-0.053
-0.085
-0.12
-0.13
-0.066
0.023
0.061
0.045
0.039
0.054
0.056
0.025
-0.039
-0.072
-0.081
-0.073
-0.032
0.034
0.12
0.22
0.26
0.18
0.046
-0.053
-0.11
-0.16
-0.13
-0.045
0.041
0.11
0.2
0.26
0.25
0.15
0.026
-0.00011
0.043
0.07
0.063
0.023
0.02
0.061
0.062
-0.0098
-0.019
0.067
0.11
0.073
0.0036
-0.063
-0.1
-0.096
-0.083
-0.13
-0.17
-0.12
0.041
0.2
0.25
0.16
-0.0054
-0.13
-0.19
-0.17
-0.11
-0.036
0.055
0.1
0.088
0.053
0.033
0.018
-0.017
-0.07
-0.12
-0.095
-0.015
0.079
0.15
0.19
0.13
0.0038
-0.1
-0.097
-0.02
0.085
0.19
0.22
0.13
0.032
0.00066
0.014
0.021
-0.0035
-0.029
-0.016
0.026
0.068
0.07
0.0015
-0.12
-0.19
-0.18
-0.11
-0.014
0.059
0.075
0.063
0.06
0.049
-0.0027
-0.058
-0.073
-0.032
0.0037
-0.025
-0.064
-0.047
0.0013
0.015
-0.045
-0.11
-0.11
-0.069
0.0009
0.07
0.064
0.0064
-0.037
-0.072
-0.082
-0.06
-0.023
0.017
0.038
0.037
0.0064
-0.05
-0.079
-0.061
-0.036
-0.017
0.0069
0.067
0.15
0.18
0.15
0.057
-0.073
-0.14
-0.12
-0.075
-0.04
-0.0064
0.022
0.036
0.044
0.046
0.054
0.072
0.086
0.071
0.029
0.011
0.031
0.054
0.058
0.061
0.066
0.063
0.059
0.072
0.087
0.096
0.12
0.12
0.099
0.089
0.11
0.14
0.16
0.14
0.07
0.018
0.025
0.077
0.11
0.11
0.077
0.034
0.016
-0.003
-0.014
-0.0069
0.033
0.089
0.1
0.081
0.051
0.036
0.05
0.065
0.053
0.0053
-0.034
-0.03
-0.0064
0.0069
-0.0026
-0.024
-0.018
0.022
0.057
0.049
0.017
-0.0058
-0.008
-0.014
-0.047
-0.067
-0.038
0.0065
0.037
0.038
0.0042
-0.021
-0.022
-0.0094
0.0091
0.02
0.013
-0.0062
-0.017
-0.0091
0.0074
0.011
0.006
-0.0067
-0.033
-0.068
-0.081
-0.065
-0.051
-0.056
-0.069
-0.067
-0.048
-0.03
-0.033
-0.051
-0.073
-0.098
-0.099
-0.069
-0.046
-0.033
-0.022
-0.027
-0.06
-0.1
-0.13
-0.15
-0.12
-0.068
-0.03
-0.023
-0.018
-0.017
-0.017
-0.016
-0.031
-0.041
-0.021
-0.0064
-0.014
-0.023
-0.035
-0.058
-0.071
-0.059
-0.048
-0.057
-0.048
-0.019
-0.0077
-0.016
-0.025
-0.027
-0.019
-0.024
-0.038
-0.037
-0.0087
0.023
0.015
-0.02
-0.043
-0.033
-0.019
-0.022
-0.034
-0.029
-0.0044
0.027
0.042
0.021
-0.0074
-0.016
-0.0086
-0.011
-0.015
-0.031
-0.054
-0.057
-0.031
0.0099
0.038
0.043
0.042
0.028
-0.018
-0.069
-0.083
-0.07
-0.047
-0.024
0.0044
0.041
0.062
0.068
0.076
0.075
0.053
0.028
0.0076
0.012
0.051
0.082
0.093
0.086
0.071
0.046
0.034
0.037
0.038
0.041
0.041
0.045
0.04
0.03
0.025
0.037
0.08
0.1
0.091
0.062
0.036
0.0065
-0.02
-0.025
-0.026
-0.015
-0.01
-0.0061
-0.00069
0.008
0.033
0.043
0.018
-0.033
-0.078
-0.11
-0.14
-0.13
-0.11
-0.085
-0.055
-0.013
0.015
0.0029
-0.045
-0.091
-0.12
-0.13
-0.13
-0.11
-0.083
-0.078
-0.091
-0.11
-0.11
-0.1
-0.09
-0.078
-0.075
-0.077
-0.084
-0.091
-0.09
-0.087
-0.089
-0.09
-0.079
-0.069
-0.063
-0.063
-0.076
-0.096
-0.098
-0.085
-0.068
-0.055
-0.035
-0.019
-0.0082
-0.012
-0.025
-0.034
-0.044
-0.046
-0.042
-0.035
-0.021
-0.0038
0.014
0.034
0.05
0.037
0.011
0.0056
0.019
0.018
0.0082
0.022
0.053
0.08
0.095
0.099
0.093
0.079
0.077
0.081
0.088
0.085
0.065
0.042
0.04
0.041
0.041
0.053
0.079
0.095
0.088
0.073
0.048
0.032
0.031
0.03
0.052
0.085
0.11
0.12
0.1
0.083
0.072
0.066
0.046
0.031
0.038
0.066
0.084
0.076
0.057
0.043
0.033
0.024
0.033
0.062
0.075
0.073
0.083
0.1
0.1
0.09
0.092
0.085
0.067
0.052
0.051
0.06
0.079
0.087
0.076
0.056
0.032
0.018
0.02
0.044
0.077
0.1
0.12
0.12
0.11
0.099
0.091
0.091
0.095
0.096
0.082
0.065
0.043
0.02
0.024
0.046
0.065
0.076
0.069
0.058
0.063
0.063
0.051
0.038
0.028
0.025
0.016
0.016
0.04
0.068
0.09
0.1
0.092
0.069
0.044
0.013
-0.0076
-0.0097
0.0063
0.027
0.033
0.033
0.029
0.029
0.02
-0.0059
-0.035
-0.049
-0.055
-0.058
-0.038
-0.015
-0.0046
-0.0028
0.0021
-0.0054
-0.029
-0.058
-0.088
-0.089
-0.073
-0.058
-0.031
0.0015
0.018
-0.012
-0.078
-0.14
-0.17
-0.16
-0.14
-0.088
-0.032
-0.0041
-0.023
-0.062
-0.08
-0.073
-0.07
-0.087
-0.1
-0.095
-0.079
-0.07
-0.059
-0.052
-0.06
-0.062
-0.044
-0.013
0.012
0.015
-0.0019
-0.016
-0.028
-0.057
-0.078
-0.07
-0.021
0.035
0.042
0.012
-0.037
-0.08
-0.082
-0.064
-0.054
-0.044
-0.021
0.0052
0.031
0.041
0.02
-0.0033
-0.036
-0.071
-0.085
-0.071
-0.037
-0.0023
0.0063
-0.016
-0.044
-0.069
-0.08
-0.087
-0.087
-0.071
-0.057
-0.054
-0.078
-0.097
-0.073
-0.031
-0.014
-0.022
-0.034
-0.042
-0.055
-0.085
-0.11
-0.11
-0.11
-0.092
-0.063
-0.039
-0.026
-0.013
-0.011
-0.027
-0.056
-0.076
-0.072
-0.038
0.011
0.036
0.031
-0.00093
-0.03
-0.042
-0.045
-0.041
-0.029
0.0006
0.022
0.027
0.03
0.022
0.016
0.015
0.011
0.018
0.028
0.019
0.019
0.032
0.035
0.035
0.033
0.032
0.038
0.044
0.034
0.014
0.0034
0.011
0.016
0.016
0.015
0.0089
0.0037
0.0079
0.016
0.0078
-0.017
-0.037
-0.058
-0.069
-0.051
-0.021
0.012
0.03
0.014
-0.016
-0.03
-0.02
-0.011
-0.0078
0.0094
0.037
0.047
0.033
0.011
-0.012
-0.023
-0.027
-0.0035
0.033
0.044
0.043
0.043
0.049
0.045
0.032
0.019
0.0082
-0.0014
0.001
0.015
0.015
0.019
0.03
0.025
0.041
0.062
0.055
0.058
0.058
0.028
0.025
0.041
0.036
0.028
0.026
0.018
0.014
0.017
0.0077
-0.023
-0.035
-0.0041
0.027
0.029
0.035
0.041
0.021
0.0015
0.0064
0.011
0.0077
0.018
0.014
-0.0024
-0.009
0.011
0.042
0.035
0.025
0.028
0.025
0.013
0.006
-0.00053
-0.0046
0.0046
0.015
0.028
0.029
0.021
0.015
1.5e-005
-0.024
-0.038
-0.022
-0.02
-0.054
-0.063
-0.033
-0.0021
0.015
0.018
0.0018
-0.017
-0.02
-0.021
-0.029
-0.051
-0.071
-0.06
-0.032
-0.021
-0.028
-0.035
-0.033
-0.029
-0.055
-0.086
-0.087
-0.079
-0.075
-0.065
-0.049
-0.018
0.0092
-0.00038
-0.024
-0.017
0.018
0.058
0.048
0.0083
-0.021
-0.033
-0.02
0.0095
0.038
0.038
0.0099
-0.026
-0.039
-0.022
-0.00035
0.021
0.032
0.023
0.014
0.018
0.025
0.03
0.029
0.014
-0.0046
-0.027
-0.033
-0.021
-0.0081
0.011
0.032
0.036
0.034
0.047
0.07
0.09
0.1
0.1
0.1
0.08
0.045
0.026
0.021
0.023
0.057
0.13
0.19
0.21
0.17
0.12
0.093
0.068
0.078
0.096
0.1
0.11
0.11
0.12
0.14
0.17
0.18
0.16
0.14
0.12
0.098
0.086
0.097
0.11
0.13
0.15
0.16
0.15
0.14
0.1
0.068
0.051
0.053
0.074
0.091
0.094
0.09
0.065
0.029
0.033
0.081
0.12
0.12
0.084
0.03
-0.028
-0.06
-0.046
0.012
0.089
0.13
0.1
0.043
0.002
-0.014
-0.0054
0.019
0.037
0.035
0.02
0.016
0.04
0.072
0.081
0.081
0.076
0.048
0.027
0.022
0.014
0.0039
0.011
0.032
0.051
0.055
0.056
0.054
0.042
0.041
0.062
0.077
0.075
0.065
0.051
0.044
0.038
0.034
0.041
0.061
0.077
0.088
0.088
0.079
0.064
0.043
0.036
0.046
0.057
0.052
0.04
0.034
0.026
0.019
0.011
0.012
0.01
-0.0037
-0.014
-0.02
-0.024
-0.021
0.00072
0.039
0.077
0.089
0.06
0.0076
-0.042
-0.057
-0.049
-0.025
0.0011
0.032
0.076
0.11
0.1
0.065
0.029
0.016
0.021
0.026
0.032
0.027
0.0069
0.0068
0.016
0.018
0.026
0.028
0.012
-0.02
-0.052
-0.068
-0.055
-0.018
0.02
0.046
0.054
0.048
0.031
0.0083
-0.00075
-0.013
-0.033
-0.037
-0.031
-0.019
0.00056
0.015
0.012
0.004
-0.0045
-0.0098
-0.018
-0.036
-0.049
-0.052
-0.046
-0.037
-0.026
-0.012
0.0076
0.023
0.025
0.013
-0.0092
-0.019
-0.011
-0.011
-0.024
-0.039
-0.039
-0.026
-0.02
-0.023
-0.013
-0.0055
-0.0047
0.0025
-0.0012
-0.016
-0.025
-0.026
-0.015
0.016
0.031
0.021
0.0056
-0.0094
-0.01
-0.0047
-0.0048
0.0009
0.01
0.0052
-0.0022
0.011
0.024
0.025
0.022
0.023
0.029
0.023
0.015
0.0061
-0.004
0.0072
0.031
0.045
0.049
0.047
0.035
0.013
-0.0094
-0.0037
0.021
0.037
0.042
0.035
0.025
0.021
0.016
0.021
0.043
0.057
0.061
0.056
0.034
0.019
0.025
0.036
0.041
0.034
0.015
0.015
0.034
0.044
0.034
0.016
0.0076
0.011
0.0076
0.00053
0.0066
0.016
0.02
0.023
0.021
0.018
0.017
0.019
0.031
0.033
0.023
0.017
0.0011
-0.0093
-0.015
-0.043
-0.057
-0.039
-0.011
0.017
0.026
0.0043
-0.023
-0.035
-0.033
-0.028
-0.031
-0.038
-0.042
-0.041
-0.029
-0.01
0.0092
0.017
0.0092
-0.014
-0.035
-0.051
-0.062
-0.058
-0.049
-0.044
-0.045
-0.042
-0.041
-0.027
0.0058
0.028
0.026
-0.0087
-0.058
-0.082
-0.066
-0.026
0.0052
0.006
-0.0036
0.0036
0.0048
0.0015
-0.0059
-0.025
-0.034
-0.049
-0.076
-0.056
-0.0013
0.033
0.037
-0.00053
-0.033
-0.048
-0.061
-0.066
-0.062
-0.027
0.011
0.018
0.0053
-0.013
-0.045
-0.075
-0.086
-0.07
-0.036
-0.023
-0.029
-0.042
-0.073
-0.097
-0.096
-0.093
-0.095
-0.11
-0.11
-0.099
-0.074
-0.06
-0.06
-0.073
-0.075
-0.056
-0.038
-0.023
-0.023
-0.039
-0.045
-0.048
-0.053
-0.054
-0.057
-0.065
-0.073
-0.087
-0.094
-0.09
-0.097
-0.099
-0.094
-0.094
-0.11
-0.13
-0.13
-0.12
-0.11
-0.1
-0.1
-0.092
-0.086
-0.076
-0.071
-0.089
-0.11
-0.12
-0.11
-0.086
-0.072
-0.058
-0.045
-0.058
-0.08
-0.079
-0.062
-0.045
-0.031
-0.038
-0.054
-0.063
-0.074
-0.07
-0.068
-0.076
-0.081
-0.079
-0.07
-0.054
-0.042
-0.051
-0.057
-0.045
-0.035
-0.027
-0.028
-0.034
-0.049
-0.066
-0.065
-0.041
-0.021
-0.026
-0.035
-0.049
-0.054
-0.046
-0.037
-0.029
-0.018
-0.0022
0.0056
-0.0013
-0.014
-0.015
-0.015
-0.021
-0.029
-0.029
-0.023
-0.022
-0.015
-0.014
-0.033
-0.048
-0.053
-0.048
-0.031
-0.026
-0.02
0.0017
0.015
0.0036
-0.02
-0.027
-0.011
0.0052
0.019
0.038
0.048
0.046
0.045
0.045
0.046
0.057
0.064
0.057
0.042
0.023
0.026
0.042
0.057
0.076
0.078
0.068
0.054
0.031
0.026
0.04
0.055
0.074
0.091
0.094
0.091
0.091
0.1
0.11
0.11
0.11
0.11
0.11
0.099
0.086
0.067
0.063
0.083
0.11
0.13
0.13
0.11
0.08
0.063
0.068
0.098
0.13
0.15
0.14
0.13
0.11
0.11
0.11
0.11
0.11
0.099
0.094
0.096
0.1
0.1
0.098
0.1
0.12
0.13
0.12
0.11
0.11
0.11
0.12
0.12
0.12
0.11
0.086
0.077
0.083
0.12
0.15
0.16
0.14
0.1
0.062
0.027
0.02
0.044
0.083
0.12
0.14
0.14
0.13
0.094
0.068
0.064
0.058
0.042
0.03
0.028
0.039
0.057
0.08
0.1
0.11
0.087
0.047
0.024
0.032
0.046
0.049
0.052
0.06
0.079
0.091
0.09
0.087
0.1
0.11
0.1
0.099
0.09
0.074
0.075
0.073
0.068
0.087
0.1
0.1
0.092
0.083
0.086
0.099
0.097
0.081
0.058
0.035
0.039
0.074
0.12
0.14
0.11
0.089
0.11
0.12
0.09
0.048
0.03
0.042
0.061
0.064
0.068
0.08
0.086
0.092
0.089
0.082
0.083
0.1
0.12
0.11
0.07
0.048
0.07
0.098
0.1
0.094
0.11
0.13
0.11
0.08
0.037
0.017
0.02
0.018
0.021
0.052
0.1
0.16
0.16
0.092
0.042
0.038
0.063
0.082
0.12
0.16
0.11
-0.042
-0.22
-0.31
-0.25
-0.076
0.1
0.2
0.18
0.085
-0.0094
-0.088
-0.12
-0.096
-0.05
-0.035
-0.087
-0.14
-0.16
-0.13
-0.071
-0.039
-0.0029
0.059
0.084
0.067
0.032
-0.00078
-0.032
-0.055
-0.055
-0.068
-0.11
-0.13
-0.089
-0.035
-0.00038
0.0065
-0.005
-0.02
-0.022
-0.03
-0.038
-0.032
-0.022
-0.011
-0.0026
-0.00078
-0.014
-0.029
-0.026
-0.006
0.045
0.083
0.081
0.068
0.054
0.036
0.019
0.035
0.073
0.1
0.11
0.099
0.082
0.074
0.072
0.059
0.052
0.055
0.054
0.051
0.04
0.018
0.0039
0.014
0.026
0.039
0.055
0.059
0.067
0.094
0.09
0.034
-0.014
-0.033
-0.024
0.0036
0.023
0.024
0.015
0.018
0.02
-0.014
-0.058
-0.055
-0.032
-0.0094
0.023
0.046
0.04
0.0033
-0.038
-0.091
-0.15
-0.16
-0.12
-0.05
-0.00081
0.017
0.0012
-0.036
-0.058
-0.077
-0.1
-0.11
-0.085
-0.045
-0.03
-0.048
-0.09
-0.12
-0.11
-0.075
-0.057
-0.064
-0.074
-0.058
-0.033
-0.023
-0.024
-0.05
-0.084
-0.091
-0.08
-0.059
-0.041
-0.033
-0.029
-0.038
-0.05
-0.045
-0.047
-0.067
-0.076
-0.083
-0.085
-0.078
-0.07
-0.059
-0.054
-0.056
-0.059
-0.072
-0.067
-0.057
-0.047
-0.024
-0.02
-0.049
-0.065
-0.042
-0.025
-0.048
-0.079
-0.091
-0.11
-0.13
-0.12
-0.082
-0.029
0.0034
0.015
0.01
-0.02
-0.071
-0.11
-0.12
-0.11
-0.095
-0.11
-0.13
-0.13
-0.11
-0.098
-0.094
-0.091
-0.097
-0.098
-0.093
-0.096
-0.13
-0.17
-0.17
-0.14
-0.12
-0.12
-0.13
-0.14
-0.12
-0.11
-0.12
-0.14
-0.13
-0.12
-0.11
-0.11
-0.11
-0.078
-0.049
-0.026
-0.0086
-0.016
-0.045
-0.072
-0.1
-0.11
-0.09
-0.068
-0.056
-0.034
-0.014
-0.013
-0.019
-0.021
-0.00096
0.017
0.03
0.041
0.045
0.045
0.034
0.012
0.0012
0.0072
0.009
0.0099
0.0023
-0.011
0.0051
0.029
0.051
0.075
0.08
0.073
0.082
0.1
0.099
0.085
0.064
0.04
0.026
0.016
0.018
0.048
0.087
0.12
0.11
0.08
0.064
0.059
0.043
0.016
-0.0093
-0.0058
0.021
0.047
0.065
0.065
0.043
0.0088
-0.00032
-0.011
-0.02
-0.021
-0.015
0.018
0.048
0.063
0.069
0.084
0.11
0.11
0.098
0.092
0.08
0.06
0.049
0.043
0.06
0.081
0.084
0.08
0.092
0.12
0.13
0.14
0.13
0.11
0.082
0.049
0.015
0.013
0.049
0.098
0.13
0.12
0.11
0.091
0.06
0.036
0.045
0.07
0.074
0.074
0.076
0.068
0.067
0.067
0.055
0.05
0.046
0.022
-0.013
-0.035
-0.035
0.0075
0.064
0.075
0.057
0.048
0.071
0.088
0.061
0.027
0.023
0.047
0.071
0.052
0.021
0.0017
-0.0047
0.02
0.058
0.044
0.0012
-0.02
-0.038
-0.061
-0.061
-0.025
0.01
0.006
-0.029
-0.059
-0.071
-0.089
-0.099
-0.088
-0.056
-0.041
-0.054
-0.058
-0.04
-0.028
-0.026
-0.021
-0.021
-0.025
-0.019
-0.0056
-0.014
-0.039
-0.045
-0.045
-0.047
-0.062
-0.069
-0.051
-0.017
0.0057
-0.0044
-0.023
-0.043
-0.067
-0.097
-0.091
-0.038
-0.0002
-0.0044
-0.042
-0.076
-0.084
-0.084
-0.086
-0.076
-0.069
-0.074
-0.093
-0.12
-0.11
-0.079
-0.082
-0.1
-0.13
-0.11
-0.046
-0.016
-0.028
-0.046
-0.051
-0.048
-0.083
-0.12
-0.12
-0.11
-0.068
-0.035
-0.026
-0.021
-0.04
-0.085
-0.11
-0.12
-0.12
-0.1
-0.069
-0.062
-0.066
-0.057
-0.028
-0.02
-0.044
-0.055
-0.042
-0.038
-0.048
-0.047
-0.018
0.023
0.037
0.035
0.036
0.03
0.02
-0.02
-0.046
-0.018
-0.0097
-0.02
-0.0029
0.037
0.089
0.1
0.052
-0.0036
-0.019
-0.0063
0.01
0.031
0.062
0.1
0.12
0.12
0.1
0.077
0.059
0.048
0.043
0.051
0.061
0.068
0.075
0.085
0.093
0.09
0.09
0.087
0.076
0.068
0.049
0.03
0.052
0.11
0.16
0.17
0.13
0.065
0.016
0.0036
0.022
0.044
0.073
0.088
0.081
0.073
0.056
0.053
0.067
0.07
0.069
0.063
0.058
0.07
0.062
0.041
0.045
0.056
0.06
0.063
0.054
0.041
0.041
0.044
0.05
0.057
0.066
0.083
0.091
0.087
0.073
0.052
0.039
0.052
0.068
0.056
0.034
0.031
0.048
0.053
0.045
0.038
0.034
0.044
0.049
0.026
0.0066
-0.0011
-0.023
-0.057
-0.075
-0.053
-0.024
-0.018
-0.022
-0.02
-0.014
-0.03
-0.041
-0.029
-0.0078
0.005
0.013
0.00035
-0.026
-0.035
-0.04
-0.043
-0.048
-0.055
-0.06
-0.062
-0.068
-0.056
-0.041
-0.04
-0.038
-0.033
-0.022
-0.023
-0.039
-0.045
-0.045
-0.058
-0.064
-0.049
-0.04
-0.049
-0.059
-0.056
-0.034
-0.023
-0.034
-0.044
-0.048
-0.049
-0.061
-0.076
-0.087
-0.082
-0.082
-0.084
-0.085
-0.072
-0.067
-0.11
-0.14
-0.14
-0.14
-0.12
-0.093
-0.082
-0.083
-0.091
-0.1
-0.11
-0.12
-0.12
-0.11
-0.11
-0.097
-0.078
-0.07
-0.076
-0.056
-0.023
-0.00035
0.0039
0.0089
0.011
0.013
0.019
0.02
0.035
0.058
0.055
0.028
0.011
0.012
0.015
0.043
0.087
0.1
0.093
0.079
0.083
0.095
0.098
0.099
0.11
0.11
0.096
0.092
0.088
0.09
0.11
0.11
0.11
0.1
0.086
0.072
0.069
0.082
0.099
0.11
0.092
0.073
0.061
0.059
0.063
0.06
0.062
0.073
0.071
0.06
0.046
0.03
0.021
0.023
0.026
0.023
0.032
0.037
0.025
0.0097
0.018
0.028
0.013
0.012
0.028
0.034
0.04
0.045
0.028
0.023
0.035
0.038
0.029
0.0069
-0.0037
0.0061
0.035
0.057
0.056
0.037
0.023
0.024
0.03
0.034
0.04
0.059
0.054
0.015
-0.017
-0.029
-0.026
-0.012
0.013
0.048
0.09
0.11
0.084
0.029
-0.034
-0.057
-0.03
0.017
0.057
0.07
0.045
-0.003
-0.03
-0.021
-0.005
0.0054
0.012
0.016
0.009
0.0043
0.015
0.013
-0.012
-0.037
-0.039
-0.013
0.018
0.028
0.028
0.013
-0.0069
-0.018
-0.019
-0.007
0.011
0.021
0.026
0.02
0.029
0.056
0.066
0.051
0.032
0.021
0.018
0.026
0.029
0.028
0.044
0.066
0.073
0.073
0.059
0.017
-0.025
-0.027
0.0046
0.042
0.06
0.068
0.068
0.05
0.0071
-0.033
-0.028
0.0027
0.009
0.0086
0.027
0.035
0.022
0.0089
-0.0013
-0.0074
0.0025
0.018
0.018
0.018
0.02
0.025
0.018
0.0015
-0.011
-0.016
-0.013
-0.0089
-0.0083
-0.015
-0.0084
0.011
0.0094
-0.022
-0.045
-0.032
-0.0049
0.0096
0.011
-0.00072
-0.012
-0.025
-0.039
-0.047
-0.047
-0.03
-0.0027
0.029
0.049
0.038
0.0069
-0.027
-0.056
-0.056
-0.053
-0.056
-0.038
-0.012
0.007
0.017
-0.0029
-0.038
-0.072
-0.088
-0.08
-0.052
-0.018
0.012
0.028
0.039
0.041
0.0098
-0.024
-0.03
-0.011
0.0051
0.0064
0.0068
0.022
0.036
0.04
0.042
0.042
0.047
0.041
0.016
-0.0082
-0.015
-0.0028
0.019
0.031
0.03
0.032
0.029
0.016
-0.0097
-0.023
-0.0032
0.015
0.02
0.029
0.03
0.029
0.042
0.055
0.05
0.026
0.014
0.022
0.034
0.027
0.00044
-0.028
-0.03
-0.005
0.0013
-0.00072
0.002
-0.0023
0.0013
0.015
0.0097
-0.013
-0.019
-0.023
-0.021
-0.022
-0.035
-0.04
-0.021
-0.0064
-0.0041
0.0023
0.0074
0.0048
-0.0031
0.009
0.017
0.022
0.024
0.0095
-0.0019
0.011
0.045
0.069
0.071
0.05
0.0068
-0.028
-0.029
-0.0086
0.008
0.021
0.044
0.061
0.05
0.033
0.032
0.039
0.049
0.07
0.08
0.076
0.075
0.076
0.071
0.062
0.052
0.036
0.031
0.043
0.046
0.027
0.0025
-0.012
0.0015
0.03
0.035
0.03
0.022
0.0051
-0.0045
0.0074
0.017
0.013
0.0029
-0.0044
-0.0038
-0.011
-0.036
-0.069
-0.073
-0.049
-0.038
-0.043
-0.052
-0.053
-0.063
-0.074
-0.07
-0.059
-0.065
-0.082
-0.081
-0.066
-0.063
-0.072
-0.081
-0.077
-0.071
-0.077
-0.085
-0.088
-0.096
-0.11
-0.095
-0.054
-0.037
-0.047
-0.053
-0.068
-0.098
-0.11
-0.099
-0.089
-0.078
-0.085
-0.092
-0.086
-0.067
-0.057
-0.051
-0.055
-0.075
-0.091
-0.084
-0.054
-0.027
-0.028
-0.07
-0.11
-0.13
-0.12
-0.09
-0.058
-0.036
-0.028
-0.021
-0.028
-0.057
-0.088
-0.1
-0.083
-0.047
-0.0062
0.022
0.034
0.035
0.04
0.049
0.043
0.023
0.015
0.02
0.031
0.037
0.027
0.0056
-0.0093
-0.0089
0.0045
0.018
0.0063
-0.036
-0.065
-0.049
-0.027
-0.025
-0.038
-0.083
-0.14
-0.11
-0.031
0.00041
-0.029
-0.064
-0.045
-0.011
0.004
0.0063
-0.0028
-0.028
-0.06
-0.11
-0.14
-0.11
-0.056
-0.048
-0.086
-0.13
-0.13
-0.12
-0.12
-0.16
-0.22
-0.24
-0.21
-0.17
-0.14
-0.13
-0.12
-0.13
-0.14
-0.15
-0.16
-0.2
-0.23
-0.25
-0.23
-0.18
-0.14
-0.14
-0.18
-0.23
-0.26
-0.25
-0.22
-0.2
-0.15
-0.09
-0.021
0.035
0.076
0.12
0.14
0.14
0.12
0.11
0.11
0.1
0.088
0.077
0.065
0.033
-0.0025
-0.038
-0.066
-0.085
-0.094
-0.089
-0.083
-0.075
-0.059
-0.023
0.023
0.057
0.086
0.13
0.17
0.2
0.18
0.15
0.13
0.11
0.089
0.068
0.051
0.041
0.037
0.027
0.0085
-0.018
-0.031
-0.034
-0.053
-0.082
-0.09
-0.071
-0.049
-0.04
-0.047
-0.038
-0.019
-0.0075
0.0015
0.0083
0.022
0.036
0.039
0.024
0.0092
0.0051
0.015
0.031
0.023
0.014
0.0064
0.00035
-0.0074
-0.021
-0.038
-0.05
-0.058
-0.063
-0.05
-0.026
-0.012
-0.0087
0.0052
0.019
0.02
-0.004
-0.034
-0.037
-0.008
0.023
0.036
0.036
0.014
-0.012
0.0013
0.043
0.046
-0.0031
-0.066
-0.096
-0.079
-0.038
-0.013
0.0056
0.033
0.036
0.01
-0.025
-0.057
-0.087
-0.092
-0.058
-0.004
0.034
0.032
0.014
-0.0029
-0.014
-0.022
-0.032
-0.047
-0.072
-0.086
-0.073
-0.04
-0.024
-0.033
-0.048
-0.04
-0.01
0.0063
-0.014
-0.051
-0.05
0.0028
0.059
0.072
0.041
0.0057
-0.015
-0.013
-0.0041
0.0011
0.011
0.022
0.014
-0.0092
-0.028
-0.022
-0.0034
0.014
0.035
0.047
0.036
0.018
0.021
0.044
0.079
0.1
0.1
0.085
0.082
0.092
0.1
0.1
0.099
0.092
0.093
0.11
0.13
0.13
0.13
0.13
0.13
0.13
0.11
0.064
0.037
0.045
0.082
0.1
0.096
0.078
0.065
0.059
0.061
0.055
0.039
0.038
0.067
0.095
0.094
0.084
0.076
0.078
0.088
0.098
0.11
0.12
0.11
0.11
0.11
0.1
0.081
0.072
0.064
0.055
0.037
0.024
0.016
0.022
0.035
0.044
0.032
0.0091
-0.018
-0.03
-0.016
0.006
0.02
0.021
0.014
0.0017
-0.016
-0.032
-0.04
-0.033
-0.017
-0.0081
-0.01
-0.019
-0.034
-0.045
-0.053
-0.05
-0.047
-0.042
-0.019
0.0049
0.011
-0.0036
-0.027
-0.045
-0.046
-0.021
0.0065
0.02
0.013
0.00056
0.006
0.012
0.015
0.024
0.027
0.027
0.049
0.078
0.086
0.08
0.072
0.073
0.075
0.06
0.038
0.024
0.03
0.055
0.076
0.075
0.053
0.028
0.01
0.014
0.023
0.028
0.031
0.04
0.061
0.063
0.043
0.0093
-0.017
-0.025
-0.01
0.0067
0.0055
-0.013
-0.015
0.0037
0.024
0.033
0.026
0.013
0.005
0.0065
0.014
0.029
0.05
0.053
0.042
0.044
0.054
0.063
0.069
0.063
0.079
0.098
0.095
0.071
0.066
0.09
0.11
0.12
0.13
0.13
0.11
0.089
0.081
0.078
0.07
0.08
0.11
0.14
0.14
0.11
0.089
0.089
0.097
0.11
0.1
0.082
0.088
0.11
0.094
0.067
0.056
0.077
0.092
0.077
0.049
0.031
0.035
0.051
0.077
0.079
0.059
0.042
0.036
0.035
0.044
0.06
0.064
0.057
0.049
0.047
0.052
0.051
0.04
0.031
0.037
0.054
0.062
0.057
0.04
0.024
0.013
0.017
0.035
0.051
0.051
0.049
0.04
0.028
0.022
0.033
0.045
0.047
0.056
0.075
0.081
0.06
0.039
0.028
0.031
0.036
0.035
0.028
0.017
0.01
0.0037
-0.0009
0.0036
0.0044
0.021
0.051
0.072
0.065
0.034
0.015
0.024
0.05
0.066
0.072
0.071
0.069
0.061
0.039
0.015
-0.0076
-0.021
-0.024
-0.016
-0.011
-0.012
-0.028
-0.047
-0.055
-0.058
-0.054
-0.037
-0.018
-0.0088
-0.011
-0.029
-0.051
-0.061
-0.039
0.0061
0.04
0.058
0.065
0.073
0.091
0.11
0.11
0.12
0.12
0.13
0.15
0.18
0.2
0.22
0.24
0.26
0.27
0.27
0.27
0.27
0.28
0.28
0.29
0.3
0.31
0.32
0.31
0.29
0.26
0.25
0.25
0.24
0.23
0.23
0.23
0.22
0.21
0.21
0.21
0.2
0.18
0.15
0.13
0.12
0.13
0.13
0.12
0.11
0.08
0.052
0.032
0.016
0.011
0.013
0.025
0.026
-0.0011
-0.032
-0.049
-0.052
-0.038
-0.023
-0.03
-0.046
-0.057
-0.044
-0.014
-0.0011
-0.014
-0.034
-0.045
-0.033
-0.012
-0.0023
-0.00096
0.0081
0.022
0.025
0.0046
-0.035
-0.062
-0.063
-0.032
0.0025
0.012
-0.0023
-0.012
0.0043
0.012
0.0032
-0.015
-0.036
-0.046
-0.025
0.0039
0.021
0.022
0.017
0.018
0.022
0.028
0.029
0.018
-0.0074
-0.027
-0.022
-0.0072
0.0033
0.0094
0.018
0.019
0.0069
-0.017
-0.036
-0.032
-0.016
0.0078
0.02
0.005
-0.024
-0.036
-0.024
-0.017
-0.02
-0.027
-0.037
-0.042
-0.041
-0.042
-0.047
-0.043
-0.04
-0.042
-0.043
-0.054
-0.072
-0.083
-0.073
-0.075
-0.095
-0.12
-0.13
-0.11
-0.081
-0.065
-0.076
-0.11
-0.14
-0.14
-0.12
-0.095
-0.077
-0.066
-0.062
-0.069
-0.082
-0.088
-0.098
-0.11
-0.11
-0.11
-0.13
-0.14
-0.12
-0.1
-0.089
-0.086
-0.1
-0.13
-0.14
-0.12
-0.095
-0.074
-0.071
-0.077
-0.075
-0.065
-0.051
-0.048
-0.06
-0.076
-0.072
-0.059
-0.058
-0.067
-0.077
-0.08
-0.073
-0.068
-0.078
-0.094
-0.1
-0.096
-0.075
-0.066
-0.065
-0.066
-0.061
-0.061
-0.057
-0.047
-0.046
-0.05
-0.04
-0.017
-0.0074
-0.0092
-0.019
-0.03
-0.015
0.0065
0.013
0.026
0.025
-0.0079
