-0.0076
0.014
0.0087
0.00075
0.0023
-0.0033
-0.0094
-0.0069
0.0031
0.0079
0.0092
0.017
0.015
0.0017
0.0014
0.012
0.011
0.0063
0.0072
0.0077
0.015
0.021
0.02
0.017
0.018
0.014
0.011
0.018
0.011
0.0075
0.022
0.036
0.031
0.011
0.006
0.0028
-0.0013
-0.01
-0.01
0.00014
0.018
0.027
0.013
-0.0018
0.00053
0.012
0.0051
-0.005
0.0076
0.021
0.017
0.0016
0.0058
0.016
0.0037
-0.0034
0.00063
-0.00026
0.00023
0.012
0.0092
-0.0011
-0.0019
-0.00093
0.0006
-0.0053
0.00014
0.015
0.0094
-0.0024
0.01
0.013
-0.0063
-0.012
0.008
0.022
0.0087
-0.0047
0.011
0.024
0.02
0.0054
-0.0057
0.002
0.011
0.0019
-0.0049
0.0061
0.0084
0.0056
0.0014
0.0049
0.011
0.014
0.0033
-0.019
-0.017
-0.013
-0.034
-0.036
-0.01
-0.014
-0.038
-0.016
0.019
0.019
-0.0042
-0.0082
0.0022
-0.0079
-0.021
-0.013
0.0066
0.0088
0.0046
0.016
0.025
0.012
-0.012
-0.015
-0.01
-0.021
-0.023
-0.0028
0.011
0.0092
0.0087
0.0039
0.0055
0.011
-0.0018
-0.013
-0.0024
0.016
0.0088
-0.0025
0.0043
0.0064
-0.002
-0.0083
-0.0018
-0.0015
0.0095
0.029
0.028
0.015
0.012
0.0083
-0.011
-0.014
0.016
0.03
0.021
0.022
0.021
-0.005
-0.01
0.013
0.014
-0.0049
-0.011
0.0013
0.014
0.019
0.00053
-0.017
-0.019
-0.027
-0.028
-0.018
-0.0063
-0.00029
0.0078
0.0068
-0.0068
-0.0087
0.006
0.017
-0.00035
-0.031
-0.027
-0.00096
0.014
0.0063
-0.00056
0.00038
0.0081
-0.0021
-0.016
-0.0075
0.004
0.0094
-0.0011
-0.011
0.012
0.03
-0.00044
-0.011
0.014
0.01
-0.015
-0.0079
0.02
0.011
-0.022
-0.011
0.017
0.0035
-0.02
-0.013
-0.012
-0.018
-0.016
-0.0079
0.0042
0.0095
0.013
0.01
-0.0032
-0.021
-0.023
-0.015
-0.02
-0.018
0.003
0.018
0.0052
-0.0076
-0.00023
0.005
-0.0077
-0.014
0.0021
0.012
0.0098
0.019
0.022
0.02
0.012
0.0092
0.0061
-0.0027
-0.011
-0.0069
0.0088
0.02
0.026
0.016
0.0051
0.01
0.024
0.024
0.011
0.0056
0.015
0.022
0.015
0.0053
0.018
0.028
0.022
0.014
0.009
0.011
0.027
0.03
0.015
0.0095
0.006
0.0092
0.019
0.024
0.027
0.023
0.0099
0.013
0.022
0.0076
-0.0042
0.0048
0.018
0.017
0.0005
-0.0069
0.0087
0.024
0.02
0.0011
-0.0023
0.011
0.017
0.0069
0.013
0.019
0.018
0.0092
0.0043
0.019
0.028
0.024
0.016
0.019
0.027
0.013
-0.0034
0.00041
0.0098
0.0045
0.013
0.037
0.042
0.019
-0.0031
0.0006
0.0058
0.0048
0.0034
0.012
0.024
0.021
0.011
0.0087
0.0071
-0.011
-0.023
-0.024
-0.026
-0.024
-0.013
0.0036
0.0035
-0.0077
-0.02
-0.027
-0.015
-0.0084
-0.013
-0.0024
0.022
0.028
0.009
0.00041
-0.0038
-0.013
-0.025
-0.015
-0.0069
0.0086
0.032
0.027
0.00093
-0.011
-0.0035
-0.0031
-0.017
-0.0081
0.007
0.0045
0.0083
0.018
0.0079
-0.011
-0.012
-0.016
-0.018
-0.018
-0.012
0.0038
0.012
-0.0022
-0.015
0.0088
0.026
0.014
0.014
0.03
0.024
0.0051
0.0002
-0.0079
-0.017
0.00087
0.028
0.031
0.0048
-0.014
-0.013
-0.0085
-0.018
-0.025
-0.014
-0.0026
-0.0091
-0.029
-0.013
0.0024
-0.0089
-0.027
-0.038
-0.032
-0.011
-0.017
-0.035
-0.019
0.004
-0.0086
-0.032
-0.033
-0.021
-0.013
0.003
0.024
0.013
-0.014
-0.016
-0.018
-0.027
-0.014
0.0047
0.022
0.027
0.026
0.025
0.014
0.0067
0.0076
0.011
0.0059
0.0075
0.029
0.048
0.038
0.022
0.016
-0.0025
-0.013
0.0043
0.029
0.034
0.02
0.023
0.032
0.042
0.039
0.019
0.004
-0.0023
0.01
0.0097
0.0082
0.021
0.044
0.053
0.03
0.0039
0.0014
0.019
0.032
0.021
0.015
0.014
-0.00066
-0.014
-0.014
-0.0044
0.0011
0.0016
0.0011
-0.0025
0.0037
0.021
0.014
-0.0071
-0.017
-0.013
-0.0006
0.0014
0.005
0.013
0.011
0.0083
0.0095
-0.002
-0.011
-0.0015
0.026
0.035
0.11
0.22
0.24
0.23
0.2
0.19
0.18
0.13
0.073
-0.022
-0.056
-0.03
-0.0091
0.073
0.12
0.11
0.083
0.079
0.13
0.13
0.048
-0.024
-0.024
0.0036
-0.021
-0.09
-0.093
-0.023
0.027
0.024
-0.04
-0.066
-0.056
-0.038
-0.035
-0.071
-0.067
-0.085
-0.08
-0.038
-0.0083
0.013
-0.028
-0.036
0.016
0.051
0.077
0.05
-0.0066
-0.0074
0.026
0.054
0.027
-0.01
-0.033
-0.045
-0.02
0.011
0.029
0.043
0.012
0.0065
0.046
0.067
0.038
-0.022
-0.015
0.01
0.0017
0.0071
0.012
0.0058
-0.0073
0.021
0.061
0.049
0.0078
-0.0071
-0.0027
-0.04
-0.034
0.0023
-0.015
-0.046
-0.098
-0.079
0.042
0.19
0.28
0.27
0.22
0.17
0.17
0.16
0.042
-0.16
-0.38
-0.48
-0.38
-0.19
-0.12
-0.14
-0.092
0.059
0.22
0.3
0.28
0.22
0.21
0.2
0.18
0.084
-0.083
-0.21
-0.28
-0.31
-0.32
-0.31
-0.28
-0.25
-0.22
-0.11
0.0036
0.052
0.038
0.032
0.068
0.11
0.12
0.094
0.043
0.021
0.053
0.057
-0.0042
-0.054
-0.045
0.0095
0.061
0.084
0.077
0.045
0.012
-0.029
-0.052
-0.068
-0.061
-0.023
0.031
0.095
0.13
0.1
0.041
-0.0069
-0.041
-0.054
-0.055
-0.097
-0.18
-0.22
-0.18
-0.084
0.0071
0.069
0.12
0.17
0.19
0.17
0.15
0.14
0.1
0.059
0.036
0.02
-0.0088
-0.025
-0.0076
0.028
0.065
0.085
0.067
0.025
-0.012
-0.041
-0.039
-0.013
-0.016
-0.048
-0.085
-0.12
-0.13
-0.11
-0.061
-0.015
-0.0067
-0.025
-0.039
-0.036
-0.012
0.019
0.028
0.022
0.023
0.048
0.097
0.13
0.11
0.088
0.065
0.036
0.017
0.0026
0.012
0.022
0.0077
-0.033
-0.065
-0.064
-0.02
0.004
-0.021
-0.051
-0.07
-0.072
-0.059
-0.055
-0.074
-0.1
-0.1
-0.064
-0.032
-0.018
-0.0011
0.017
0.019
0.0038
-0.0011
0.0057
0.015
0.026
0.038
0.056
0.068
0.064
0.064
0.06
0.046
0.031
0.032
0.021
-0.011
-0.015
0.022
0.05
0.037
0.015
0.0066
0.015
0.028
0.033
0.038
0.051
0.074
0.08
0.068
0.051
0.033
0.037
0.037
0.036
0.046
0.067
0.079
0.064
0.047
0.032
0.017
0.014
0.022
0.031
0.016
-0.0058
-0.0039
0.011
0.02
0.039
0.059
0.057
0.041
0.012
0.0075
0.021
0.019
-0.0055
-0.038
-0.046
-0.043
-0.035
-0.028
-0.023
-0.032
-0.05
-0.078
-0.11
-0.11
-0.083
-0.043
0.021
0.068
0.1
0.14
0.18
0.22
0.24
0.24
0.21
0.18
0.16
0.15
0.14
0.14
0.15
0.14
0.13
0.1
0.023
-0.089
-0.19
-0.28
-0.35
-0.4
-0.42
-0.45
-0.49
-0.5
-0.5
-0.51
-0.48
-0.39
-0.21
0.014
0.17
0.16
0.016
-0.12
-0.097
0.062
0.19
0.22
0.16
0.04
-0.1
-0.23
-0.23
-0.12
-0.11
-0.31
-0.63
-0.86
-0.89
-0.8
-0.6
-0.35
-0.17
-0.024
-0.066
-0.49
-0.88
-0.76
-0.3
-0.031
-0.26
-0.68
-0.69
-0.27
0.047
0.035
-0.042
0.22
0.8
0.99
0.98
0.93
0.41
0.036
-0.076
-0.28
-0.62
-0.82
-0.61
-0.057
0.46
0.69
0.92
1
0.95
1
0.76
0.4
-0.11
-0.82
-0.93
-0.9
-0.92
-0.88
-0.5
-0.3
-0.4
-0.46
-0.46
-0.54
-0.83
-0.91
-0.89
-0.89
-0.88
-0.88
-0.87
-0.85
-0.75
-0.74
-0.73
-0.46
-0.18
-0.16
-0.51
-0.82
-0.84
-0.79
-0.54
-0.45
-0.4
0.07
0.58
0.84
0.86
0.76
0.64
0.54
0.32
-0.11
-0.51
-0.55
-0.25
0.02
0.072
-0.051
-0.22
-0.34
-0.39
-0.45
-0.57
-0.72
-0.78
-0.78
-0.76
-0.64
-0.51
-0.44
-0.44
-0.44
-0.44
-0.5
-0.66
-0.8
-0.82
-0.81
-0.79
-0.69
-0.61
-0.66
-0.67
-0.56
-0.4
-0.25
-0.088
0.0012
0.014
0.012
0.046
0.076
0.056
0.014
-0.0012
0.041
0.14
0.21
0.14
-0.031
-0.19
-0.27
-0.3
-0.37
-0.48
-0.57
-0.56
-0.46
-0.37
-0.34
-0.38
-0.43
-0.45
-0.44
-0.43
-0.41
-0.38
-0.35
-0.35
-0.38
-0.42
-0.43
-0.41
-0.38
-0.32
-0.26
-0.21
-0.18
-0.18
-0.21
-0.23
-0.22
-0.19
-0.19
-0.18
-0.14
-0.099
-0.076
-0.067
-0.057
-0.055
-0.074
-0.12
-0.16
-0.18
-0.18
-0.19
-0.19
-0.19
-0.22
-0.22
-0.2
-0.19
-0.23
-0.29
-0.34
-0.38
-0.39
-0.37
-0.31
-0.26
-0.24
-0.23
-0.22
-0.22
-0.2
-0.18
-0.19
-0.22
-0.22
-0.17
-0.14
-0.16
-0.22
-0.26
-0.27
-0.25
-0.24
-0.25
-0.27
-0.26
-0.25
-0.25
-0.25
-0.25
-0.25
-0.25
-0.24
-0.23
-0.23
-0.23
-0.25
-0.27
-0.3
-0.31
-0.32
-0.31
-0.29
-0.27
-0.26
-0.26
-0.27
-0.28
-0.28
-0.25
-0.23
-0.21
-0.21
-0.21
-0.17
-0.14
-0.17
-0.2
-0.21
-0.18
-0.18
-0.18
-0.19
-0.18
-0.17
-0.17
-0.18
-0.18
-0.16
-0.12
-0.083
-0.072
-0.095
-0.13
-0.13
-0.12
-0.13
-0.16
-0.18
-0.17
-0.16
-0.16
-0.18
-0.22
-0.26
-0.27
-0.24
-0.22
-0.23
-0.24
-0.23
-0.21
-0.17
-0.12
-0.1
-0.1
-0.1
-0.11
-0.13
-0.13
-0.12
-0.12
-0.12
-0.11
-0.091
-0.085
-0.076
-0.072
-0.067
-0.054
-0.038
-0.041
-0.066
-0.09
-0.09
-0.073
-0.076
-0.092
-0.11
-0.12
-0.12
-0.13
-0.14
-0.17
-0.18
-0.15
-0.12
-0.12
-0.16
-0.16
-0.13
-0.082
-0.073
-0.093
-0.12
-0.14
-0.13
-0.093
-0.044
-0.018
-0.019
-0.022
-0.0051
0.026
0.054
0.072
0.077
0.079
0.074
0.064
0.044
0.014
-0.0037
-0.0016
0.017
0.037
0.045
0.027
-0.0068
-0.032
-0.043
-0.037
-0.029
-0.026
-0.028
-0.03
-0.028
-0.014
-0.0012
-0.017
-0.049
-0.078
-0.096
-0.098
-0.094
-0.091
-0.086
-0.079
-0.072
-0.08
-0.095
-0.1
-0.087
-0.084
-0.092
-0.11
-0.12
-0.13
-0.14
-0.13
-0.1
-0.071
-0.067
-0.089
-0.1
-0.1
-0.088
-0.067
-0.063
-0.086
-0.091
-0.057
-0.011
0.0063
-0.018
-0.057
-0.089
-0.092
-0.066
-0.037
-0.014
0.00078
0.003
-0.00096
-0.00066
-0.0087
-0.024
-0.044
-0.067
-0.075
-0.066
-0.041
-0.026
-0.021
-0.019
-0.034
-0.066
-0.096
-0.1
-0.079
-0.053
-0.04
-0.051
-0.066
-0.081
-0.077
-0.073
-0.074
-0.083
-0.083
-0.063
-0.04
-0.035
-0.044
-0.047
-0.047
-0.047
-0.052
-0.049
-0.043
-0.028
0.002
0.013
0.0028
-0.022
-0.049
-0.052
-0.027
0.0035
0.026
0.044
0.051
0.039
0.024
0.02
0.027
0.034
0.041
0.054
0.061
0.047
0.024
0.005
-0.012
-0.032
-0.056
-0.066
-0.058
-0.051
-0.045
-0.032
-0.018
-0.017
-0.032
-0.045
-0.055
-0.051
-0.046
-0.04
-0.031
-0.014
-0.0076
-0.024
-0.04
-0.045
-0.044
-0.034
-0.013
-0.0036
-0.013
-0.028
-0.034
-0.034
-0.031
-0.0094
0.024
0.042
0.04
0.035
0.03
0.033
0.054
0.065
0.058
0.051
0.052
0.069
0.086
0.095
0.094
0.082
0.057
0.035
0.029
0.049
0.066
0.058
0.053
0.054
0.051
0.056
0.049
0.034
0.042
0.068
0.087
0.09
0.078
0.061
0.042
0.017
0.0055
0.012
0.043
0.07
0.066
0.05
0.041
0.042
0.046
0.039
0.041
0.063
0.083
0.094
0.085
0.06
0.062
0.079
0.081
0.073
0.069
0.075
0.08
0.07
0.045
0.033
0.05
0.057
0.045
0.028
0.023
0.03
0.04
0.031
-0.0032
-0.023
-0.023
-0.015
-0.012
-0.031
-0.048
-0.069
-0.066
-0.052
-0.06
-0.083
-0.11
-0.13
-0.12
-0.098
-0.083
-0.11
-0.14
-0.13
-0.11
-0.13
-0.17
-0.2
-0.2
-0.17
-0.17
-0.15
-0.13
-0.15
-0.18
-0.14
-0.079
-0.06
-0.089
-0.13
-0.16
-0.16
-0.12
-0.097
-0.074
-0.035
-0.019
-0.027
-0.011
0.014
0.011
0.017
0.031
0.032
0.029
0.043
0.051
0.058
0.096
0.14
0.16
0.18
0.18
0.19
0.22
0.28
0.33
0.34
0.36
0.39
0.43
0.47
0.48
0.42
0.27
0.017
-0.4
-0.63
-0.62
-0.62
-0.61
-0.62
-0.61
-0.62
-0.61
-0.63
-0.49
-0.13
0.08
0.073
-0.1
-0.39
-0.58
-0.59
-0.59
-0.58
-0.58
-0.41
-0.02
0.32
0.51
0.54
0.5
0.45
0.4
0.31
0.17
0.027
-0.037
0.013
0.16
0.34
0.54
0.7
0.77
0.78
0.73
0.61
0.4
0.15
-0.056
-0.16
-0.2
-0.23
-0.29
-0.39
-0.5
-0.56
-0.56
-0.56
-0.55
-0.51
-0.41
-0.28
-0.15
-0.022
0.089
0.19
0.3
0.38
0.42
0.4
0.37
0.31
0.26
0.26
0.27
0.25
0.24
0.24
0.24
0.22
0.2
0.17
0.14
0.13
0.12
0.12
0.12
0.12
0.073
0.033
0.0028
-0.046
-0.11
-0.19
-0.25
-0.29
-0.29
-0.28
-0.26
-0.23
-0.19
-0.16
-0.11
-0.03
0.02
0.049
0.085
0.11
0.13
0.13
0.13
0.12
0.14
0.18
0.2
0.2
0.18
0.16
0.15
0.14
0.14
0.11
0.073
0.056
0.069
0.088
0.1
0.079
0.031
-0.0055
-0.037
-0.052
-0.058
-0.07
-0.068
-0.061
-0.058
-0.05
-0.035
-0.031
-0.025
-0.011
0.00026
0.02
0.046
0.074
0.093
0.11
0.13
0.16
0.18
0.17
0.17
0.15
0.14
0.14
0.14
0.16
0.18
0.2
0.21
0.22
0.22
0.19
0.16
0.15
0.15
0.12
0.09
0.088
0.11
0.13
0.13
0.12
0.1
0.11
0.13
0.14
0.15
0.15
0.15
0.14
0.16
0.17
0.18
0.2
0.22
0.23
0.24
0.24
0.22
0.21
0.22
0.21
0.21
0.21
0.21
0.21
0.21
0.2
0.18
0.14
0.088
0.05
0.027
0.033
0.037
0.039
0.043
0.047
0.055
0.061
0.051
0.039
0.052
0.069
0.074
0.075
0.07
0.06
0.027
0.0088
0.022
0.047
0.072
0.095
0.11
0.12
0.14
0.12
0.069
0.013
-0.015
-0.006
0.0078
0.016
0.025
0.023
0.024
0.04
0.049
0.05
0.047
0.03
-0.011
-0.05
-0.063
-0.05
-0.046
-0.045
-0.03
-0.018
-0.024
-0.036
-0.038
-0.054
-0.081
-0.095
-0.094
-0.092
-0.077
-0.061
-0.039
0.00011
0.031
0.046
0.044
0.028
0.00066
-0.03
-0.038
-0.023
0.0045
0.02
0.026
0.042
0.071
0.091
0.089
0.082
0.06
0.04
0.023
0.0076
0.0043
0.0005
0.011
0.028
0.057
0.093
0.12
0.12
0.11
0.097
0.07
0.058
0.049
0.033
0.015
-0.0022
0.0039
0.019
0.05
0.08
0.082
0.066
0.052
0.048
0.049
0.065
0.08
0.084
0.084
0.095
0.1
0.086
0.067
0.044
0.044
0.07
0.084
0.099
0.12
0.13
0.12
0.1
0.085
0.069
0.064
0.061
0.055
0.061
0.092
0.11
0.11
0.13
0.14
0.14
0.14
0.14
0.15
0.15
0.15
0.14
0.12
0.098
0.091
0.093
0.091
0.09
0.083
0.099
0.11
0.1
0.095
0.1
0.11
0.11
0.12
0.12
0.11
0.11
0.12
0.13
0.12
0.12
0.14
0.14
0.13
0.13
0.15
0.16
0.15
0.13
0.13
0.13
0.12
0.12
0.11
0.11
0.12
0.14
0.15
0.17
0.16
0.13
0.12
0.12
0.12
0.13
0.15
0.15
0.16
0.17
0.18
0.18
0.18
0.18
0.16
0.15
0.16
0.16
0.16
0.15
0.15
0.14
0.12
0.11
0.13
0.14
0.14
0.14
0.15
0.17
0.18
0.17
0.14
0.12
0.11
0.1
0.1
0.096
0.097
0.097
0.084
0.061
0.031
0.017
0.014
0.023
0.045
0.057
0.064
0.078
0.091
0.075
0.053
0.05
0.057
0.068
0.058
0.044
0.04
0.037
0.04
0.042
0.038
0.035
0.039
0.032
0.024
0.022
0.025
0.029
0.023
0.034
0.039
0.035
0.029
0.037
0.047
0.051
0.048
0.033
0.0088
-0.0089
-0.012
-0.01
-0.02
-0.024
-0.0049
0.0089
-0.0054
-0.025
-0.043
-0.063
-0.062
-0.041
-0.011
-0.0045
-0.017
-0.03
-0.049
-0.061
-0.057
-0.036
-0.026
-0.013
0.0051
0.018
0.019
0.00011
-0.017
-0.028
-0.041
-0.047
-0.043
-0.041
-0.027
-0.014
-0.021
-0.028
-0.018
-0.0072
-0.0042
0.015
0.04
0.06
0.073
0.042
-0.029
-0.11
-0.14
-0.1
-0.05
-0.0088
0.028
0.055
0.046
0.017
-0.0087
-0.026
-0.043
-0.042
-0.023
-0.0091
0.019
0.059
0.085
0.078
0.04
0.004
-0.026
-0.055
-0.076
-0.06
-0.021
0.01
0.014
-0.0011
0.01
0.033
0.052
0.062
0.061
0.06
0.046
0.039
0.057
0.087
0.085
0.047
0.023
0.0044
-0.0056
0.0056
0.031
0.037
0.026
0.028
0.038
0.036
0.023
0.037
0.065
0.092
0.1
0.079
0.04
0.019
0.02
0.028
0.054
0.081
0.096
0.12
0.15
0.15
0.14
0.13
0.12
0.091
0.074
0.083
0.089
0.091
0.089
0.086
0.096
0.11
0.12
0.12
0.12
0.11
0.096
0.1
0.11
0.12
0.12
0.11
0.1
0.084
0.081
0.083
0.083
0.1
0.11
0.11
0.096
0.082
0.08
0.081
0.085
0.096
0.11
0.11
0.11
0.11
0.12
0.15
0.15
0.15
0.14
0.12
0.11
0.13
0.15
0.17
0.18
0.19
0.17
0.15
0.15
0.15
0.14
0.15
0.16
0.16
0.17
0.17
0.15
0.11
0.097
0.12
0.15
0.17
0.15
0.12
0.098
0.085
0.084
0.091
0.11
0.11
0.11
0.1
0.09
0.079
0.075
0.061
0.044
0.025
0.016
0.006
0.0078
0.019
0.029
0.041
0.05
0.053
0.034
0.0085
0.0018
0.03
0.065
0.067
0.05
0.023
0.0055
0.013
0.023
0.033
0.036
0.045
0.049
0.048
0.053
0.052
0.043
0.042
0.052
0.048
0.047
0.054
0.061
0.064
0.057
0.04
0.027
0.027
0.028
0.038
0.058
0.066
0.053
0.039
0.036
0.048
0.064
0.067
0.054
0.042
0.044
0.069
0.089
0.095
0.073
0.043
0.031
0.04
0.056
0.076
0.1
0.11
0.097
0.097
0.1
0.1
0.089
0.093
0.11
0.11
0.12
0.13
0.13
0.14
0.14
0.13
0.1
0.094
0.11
0.13
0.13
0.11
0.085
0.076
0.086
0.093
0.095
0.1
0.095
0.075
0.055
0.056
0.073
0.088
0.098
0.11
0.13
0.14
0.13
0.11
0.096
0.067
0.041
0.04
0.047
0.056
0.064
0.075
0.086
0.089
0.08
0.053
0.046
0.065
0.09
0.12
0.13
0.1
0.077
0.067
0.051
0.029
0.026
0.037
0.036
0.021
0.032
0.057
0.074
0.092
0.1
0.1
0.12
0.13
0.12
0.093
0.072
0.055
0.061
0.076
0.086
0.1
0.13
0.15
0.13
0.097
0.066
0.036
0.022
0.034
0.058
0.093
0.13
0.16
0.19
0.2
0.17
0.12
0.049
-0.0009
-0.025
-0.013
0.032
0.075
0.1
0.13
0.15
0.13
0.1
0.067
0.029
0.0095
0.026
0.056
0.07
0.083
0.095
0.087
0.078
0.067
0.044
0.039
0.062
0.083
0.082
0.061
0.017
-0.018
-0.037
-0.04
-0.027
0.0042
0.033
0.034
0.013
-0.022
-0.048
-0.047
-0.046
-0.042
-0.047
-0.06
-0.058
-0.04
-0.0031
0.027
0.019
-0.0092
-0.015
-0.028
-0.069
-0.12
-0.12
-0.064
-0.017
0.019
0.049
0.074
0.066
0.04
0.041
0.029
-0.0027
0.0037
0.011
-0.019
-0.003
0.039
0.041
0.033
0.039
0.039
0.029
0.013
0.0015
0.005
0.026
0.051
0.082
0.089
0.072
0.056
0.05
0.04
0.013
-0.00044
0.025
0.049
0.06
0.062
0.046
0.016
0.0012
0.014
0.033
0.048
0.077
0.091
0.079
0.045
0.0032
-0.014
0.0015
0.025
0.036
0.044
0.048
0.066
0.095
0.11
0.11
0.083
0.053
0.032
0.032
0.035
0.05
0.059
0.051
0.057
0.06
0.047
0.031
0.034
0.054
0.067
0.077
0.081
0.1
0.15
0.18
0.17
0.14
0.11
0.11
0.13
0.14
0.14
0.13
0.13
0.15
0.16
0.16
0.14
0.13
0.15
0.17
0.16
0.12
0.11
0.11
0.13
0.17
0.19
0.18
0.16
0.14
0.14
0.15
0.15
0.13
0.11
0.075
0.06
0.093
0.14
0.17
0.18
0.18
0.17
0.15
0.14
0.14
0.12
0.11
0.12
0.13
0.14
0.15
0.15
0.15
0.13
0.1
0.079
0.08
0.11
0.14
0.15
0.17
0.17
0.18
0.17
0.16
0.17
0.18
0.15
0.12
0.1
0.11
0.13
0.14
0.12
0.11
0.11
0.1
0.096
0.1
0.13
0.14
0.13
0.13
0.14
0.15
0.14
0.15
0.15
0.14
0.12
0.095
0.034
-0.019
-0.026
-0.00056
0.034
0.068
0.092
0.11
0.13
0.12
0.094
0.062
0.044
0.017
-0.017
-0.036
-0.035
-0.019
0.0094
0.05
0.081
0.09
0.075
0.033
-0.02
-0.048
-0.066
-0.072
-0.047
-0.011
0.024
0.033
0.025
0.012
0.018
0.026
0.015
-0.012
-0.049
-0.072
-0.062
-0.038
-0.022
-0.00041
0.017
0.016
0.021
0.043
0.071
0.057
0.0074
-0.028
-0.04
-0.034
-0.033
-0.028
-0.03
-0.049
-0.05
-0.027
-0.026
-0.03
-0.0034
0.013
0.0072
-0.011
-0.036
-0.054
-0.044
-0.0066
0.023
0.051
0.077
0.071
0.045
0.032
0.0082
-0.02
-0.029
-0.031
-0.024
-0.0078
0.022
0.043
0.047
0.045
0.038
0.03
0.022
0.019
0.0079
0.0043
0.014
0.023
0.027
0.04
0.056
0.054
0.033
0.0051
-0.01
0.0067
0.032
0.045
0.046
0.029
0.012
-0.00081
-0.012
0.0095
0.059
0.084
0.063
0.01
-0.041
-0.05
-0.03
0.011
0.052
0.082
0.089
0.067
0.043
0.035
0.049
0.076
0.081
0.036
0.0026
0.0099
0.018
0.062
0.095
0.08
0.064
0.049
0.033
0.02
0.027
0.046
0.053
0.059
0.092
0.1
0.075
0.037
0.0015
0.0039
0.046
0.088
0.11
0.11
0.072
0.021
0.00093
-0.0019
0.0086
0.036
0.087
0.12
0.11
0.081
0.055
0.04
0.044
0.059
0.064
0.06
0.059
0.049
0.064
0.094
0.081
0.056
0.049
0.053
0.08
0.078
0.023
0.023
0.055
0.023
0.032
0.082
0.092
0.097
0.099
0.082
0.059
0.016
-0.0068
0.014
0.029
0.046
0.091
0.11
0.11
0.11
0.11
0.087
0.027
-0.02
-0.036
-0.031
0.032
0.096
0.088
0.059
0.038
0.0077
-0.01
-0.028
-0.034
-0.022
-0.017
-0.0094
0.0026
0.013
0.015
0.021
0.042
0.056
0.044
0.041
0.047
0.045
0.041
0.043
0.047
0.046
0.053
0.069
0.071
0.074
0.072
0.053
0.029
0.016
0.024
0.043
0.059
0.058
0.061
0.055
0.053
0.075
0.082
0.055
0.042
0.061
0.078
0.096
0.096
0.072
0.068
0.088
0.099
0.095
0.083
0.07
0.063
0.048
0.037
0.052
0.082
0.1
0.14
0.17
0.19
0.17
0.15
0.14
0.12
0.11
0.088
0.041
-0.0083
0.00069
0.049
0.087
0.12
0.15
0.13
0.11
0.079
0.061
0.075
0.081
0.051
0.0047
-0.02
-0.025
-0.019
-0.016
0.0086
0.039
0.055
0.066
0.054
0.025
0.018
0.047
0.068
0.051
0.03
0.033
0.054
0.071
0.091
0.099
0.073
0.036
-0.0011
-0.041
-0.048
-0.012
0.039
0.052
0.028
0.0069
0.0045
0.0078
-0.0044
0.0031
0.0036
-0.00066
0.015
0.044
0.049
0.033
0.029
0.022
0.0097
0.0013
0.0043
-0.013
-0.019
0.0056
0.026
0.033
0.039
0.059
0.064
0.041
0.016
0.018
0.0066
-0.015
-0.017
-0.0063
0.013
0.035
0.051
0.041
0.023
0.019
0.026
0.024
0.0064
0.01
0.034
0.047
0.033
0.0042
-0.02
-0.031
-0.036
-0.037
-0.034
-0.033
-0.019
-0.0066
-0.015
-0.026
-0.045
-0.055
-0.032
0.0046
0.043
0.059
0.051
0.026
0.0037
0.0058
0.036
0.065
0.052
0.022
0.011
0.027
0.044
0.046
0.035
0.027
0.028
0.038
0.054
0.052
0.049
0.064
0.072
0.058
0.035
0.031
0.052
0.075
0.11
0.14
0.13
0.12
0.12
0.092
0.062
0.05
0.054
0.083
0.12
0.14
0.15
0.14
0.11
0.064
0.029
0.015
0.026
0.052
0.072
0.075
0.072
0.08
0.1
0.12
0.14
0.15
0.14
0.099
0.072
0.05
0.046
0.061
0.072
0.082
0.095
0.092
0.076
0.079
0.083
0.071
0.033
-0.0093
-0.025
-0.015
0.0094
0.033
0.052
0.06
0.05
0.04
0.037
0.038
0.029
0.033
0.04
0.042
0.048
0.052
0.046
0.049
0.058
0.056
0.049
0.025
-0.0061
-0.021
-0.019
-0.0067
0.0035
0.017
0.014
-0.0083
-0.021
-0.0072
0.026
0.042
0.032
0.01
0.0047
0.013
0.0031
-0.0088
-0.009
0.014
0.045
0.069
0.062
0.038
0.013
-0.014
-0.025
-0.021
-0.0099
0.0011
0.011
0.022
0.035
0.046
0.05
0.024
-0.023
-0.052
-0.045
-0.04
-0.038
-0.037
-0.036
-0.04
-0.048
-0.049
-0.056
-0.063
-0.046
-0.0041
0.016
-0.011
-0.05
-0.078
-0.076
-0.055
-0.017
0.014
0.014
0.0054
-0.019
-0.051
-0.063
-0.07
-0.074
-0.065
-0.055
-0.031
0.0093
0.038
0.052
0.037
0.0058
-0.026
-0.054
-0.074
-0.077
-0.058
-0.038
-0.018
-0.014
-0.018
-0.016
0.00041
0.023
0.02
0.014
0.0034
-0.023
-0.051
-0.067
-0.072
-0.048
0.012
0.057
0.072
0.078
0.061
0.011
-0.022
-0.034
-0.033
-0.015
0.0067
0.016
0.027
0.062
0.089
0.074
0.049
0.0085
-0.036
-0.049
-0.027
0.0029
0.029
0.041
0.04
0.056
0.05
0.0045
-0.044
-0.065
-0.055
-0.055
-0.05
-0.043
-0.035
-0.047
-0.07
-0.083
-0.088
-0.073
-0.057
-0.063
-0.069
-0.067
-0.077
-0.095
-0.1
-0.087
-0.064
-0.05
-0.044
-0.042
-0.037
-0.021
-0.022
-0.031
-0.026
-0.0093
0.018
0.042
0.052
0.055
0.049
0.038
0.018
-0.0052
-0.0058
0.021
0.067
0.096
0.1
0.1
0.098
0.083
0.076
0.081
0.089
0.098
0.1
0.12
0.14
0.15
0.15
0.14
0.098
0.083
0.1
0.13
0.16
0.19
0.21
0.23
0.22
0.2
0.17
0.15
0.13
0.12
0.12
0.12
0.12
0.11
0.1
0.098
0.12
0.14
0.13
0.11
0.11
0.11
0.11
0.13
0.17
0.22
0.18
0.1
0.082
0.12
0.18
0.16
0.068
0.012
0.044
0.13
0.22
0.21
0.17
0.16
0.16
0.13
0.11
0.11
0.11
0.12
0.17
0.19
0.15
0.083
0.037
0.03
0.05
0.063
0.055
0.04
0.039
0.029
0.0036
-0.016
-0.035
-0.046
-0.045
-0.037
-0.039
-0.06
-0.085
-0.12
-0.14
-0.12
-0.11
-0.14
-0.15
-0.13
-0.11
-0.11
-0.1
-0.091
-0.079
-0.066
-0.048
-0.027
-0.021
-0.044
-0.072
-0.065
-0.036
-0.0034
0.021
0.036
0.049
0.06
0.067
0.077
0.093
0.11
0.11
0.12
0.13
0.14
0.13
0.11
0.1
0.094
0.1
0.12
0.13
0.12
0.13
0.14
0.12
0.12
0.11
0.12
0.14
0.17
0.19
0.2
0.19
0.15
0.12
0.099
0.089
0.094
0.12
0.16
0.18
0.2
0.19
0.16
0.15
0.13
0.11
0.11
0.16
0.21
0.21
0.18
0.15
0.12
0.097
0.08
0.079
0.096
0.14
0.2
0.23
0.24
0.21
0.14
0.058
-0.0005
-0.0078
0.011
0.048
0.11
0.18
0.2
0.16
0.1
0.069
0.05
0.027
0.026
0.022
0.002
0.014
0.037
0.039
0.035
0.036
0.063
0.089
0.09
0.077
0.064
0.057
0.057
0.049
0.045
0.062
0.071
0.074
0.091
0.12
0.12
0.11
0.11
0.11
0.099
0.079
0.081
0.078
0.075
0.094
0.12
0.14
0.13
0.1
0.056
0.0069
-0.032
-0.023
0.013
0.045
0.061
0.05
0.039
0.043
0.049
0.043
0.041
0.054
0.085
0.1
0.083
0.045
-0.0039
-0.027
-0.019
0.00023
0.033
0.059
0.068
0.064
0.05
0.031
0.023
0.015
-0.0081
-0.029
-0.021
-0.0047
0.011
0.027
0.035
0.029
0.0072
-0.03
-0.065
-0.072
-0.059
-0.03
0.0032
0.027
0.026
-0.002
-0.045
-0.091
-0.12
-0.13
-0.083
-0.036
-0.015
-0.04
-0.086
-0.13
-0.15
-0.15
-0.13
-0.096
-0.058
-0.035
-0.032
-0.04
-0.05
-0.052
-0.054
-0.062
-0.057
-0.041
-0.022
-0.0091
0.0046
0.02
0.018
-0.029
-0.06
-0.028
0.0048
0.023
0.04
0.044
0.061
0.071
0.05
0.016
-0.0047
-0.0052
-0.005
-0.011
-0.012
-0.0029
0.0074
0.02
0.03
0.027
0.04
0.062
0.092
0.096
0.062
0.038
0.028
0.038
0.031
-0.00029
-0.035
-0.063
-0.066
-0.048
-0.016
0.0078
0.0012
-0.012
-0.026
-0.043
-0.059
-0.072
-0.085
-0.07
-0.025
0.017
0.024
-0.0093
-0.046
-0.077
-0.076
-0.042
-0.031
-0.048
-0.05
-0.018
0.018
0.02
0.011
0.0065
-0.023
-0.048
-0.044
-0.025
-0.014
-0.022
-0.025
-0.03
-0.019
0.019
0.055
0.063
0.041
0.02
0.0079
0.0079
0.015
0.028
0.046
0.037
0.015
-0.0065
-0.00032
0.027
0.04
0.03
0.023
0.019
0.018
0.0064
-0.014
-0.0077
0.025
0.058
0.071
0.075
0.068
0.032
-0.0035
-0.022
-0.031
-0.024
-0.012
-0.0048
-0.0016
0.00041
-0.0091
-0.025
-0.021
-0.013
-0.019
-0.036
-0.036
-0.036
-0.029
-0.012
-1.5e-005
0.009
-0.016
-0.057
-0.083
-0.099
-0.11
-0.11
-0.11
-0.11
-0.11
-0.13
-0.14
-0.14
-0.14
-0.1
-0.058
-0.036
-0.031
-0.041
-0.068
-0.086
-0.08
-0.057
-0.042
-0.045
-0.044
-0.043
-0.047
-0.055
-0.069
-0.064
-0.044
-0.0064
0.043
0.078
0.089
0.083
0.076
0.072
0.061
0.028
-0.014
-0.037
-0.03
0.0074
0.055
0.11
0.15
0.16
0.14
0.12
0.11
0.083
0.059
0.03
0.025
0.054
0.069
0.092
0.11
0.11
0.12
0.12
0.11
0.089
0.079
0.075
0.081
0.092
0.11
0.12
0.15
0.17
0.18
0.16
0.13
0.11
0.096
0.078
0.077
0.088
0.11
0.14
0.14
0.13
0.12
0.13
0.12
0.091
0.067
0.063
0.056
0.048
0.056
0.079
0.1
0.1
0.097
0.1
0.1
0.085
0.047
0.006
-0.019
-0.017
0.0027
0.028
0.041
0.026
-0.0019
-0.021
-0.022
-0.032
-0.045
-0.049
-0.041
-0.027
-0.037
-0.064
-0.07
-0.046
-0.036
-0.048
-0.059
-0.078
-0.1
-0.1
-0.083
-0.076
-0.086
-0.1
-0.12
-0.12
-0.11
-0.11
-0.1
-0.078
-0.064
-0.069
-0.078
-0.073
-0.062
-0.06
-0.058
-0.06
-0.068
-0.054
-0.04
-0.043
-0.04
-0.036
-0.041
-0.039
-0.045
-0.055
-0.049
-0.044
-0.041
-0.047
-0.049
-0.053
-0.06
-0.04
-0.019
-0.0028
0.014
0.026
0.016
0.0064
-0.0066
-0.016
-0.0044
0.0059
0.014
0.028
0.047
0.071
0.089
0.08
0.055
0.046
0.046
0.031
0.018
0.027
0.035
0.042
0.062
0.086
0.094
0.085
0.072
0.06
0.059
0.051
0.022
0.0098
0.024
0.05
0.072
0.075
0.063
0.043
0.014
-0.014
-0.023
-0.0067
0.00011
-0.0057
-0.0094
0.00081
0.012
0.018
0.0085
-0.032
-0.074
-0.1
-0.11
-0.11
-0.084
-0.048
-0.03
-0.034
-0.036
-0.025
-0.0023
0.022
0.025
0.0045
-0.027
-0.054
-0.053
-0.027
-0.0024
0.0062
0.0096
0.0097
-0.0028
-0.014
-0.022
-0.031
-0.046
-0.057
-0.052
-0.048
-0.058
-0.066
-0.047
-0.029
-0.017
-0.0085
-0.016
-0.046
-0.092
-0.12
-0.13
-0.11
-0.084
-0.073
-0.073
-0.069
-0.056
-0.056
-0.068
-0.08
-0.066
-0.039
-0.038
-0.049
-0.05
-0.038
-0.037
-0.034
-0.051
-0.08
-0.089
-0.073
-0.045
-0.023
-0.022
-0.047
-0.071
-0.074
-0.064
-0.052
-0.037
-0.0076
0.021
0.03
0.016
-0.025
-0.04
-0.033
-0.047
-0.04
-0.0057
0.0098
-0.011
-0.027
-0.021
-0.0079
-0.01
-0.016
-0.015
-0.012
-0.0022
0.021
0.042
0.046
0.031
0.017
0.0054
-0.0071
-0.018
-0.019
-0.0087
0.029
0.075
0.095
0.094
0.08
0.064
0.046
0.036
0.045
0.066
0.09
0.11
0.13
0.13
0.12
0.12
0.12
0.11
0.1
0.1
0.098
0.099
0.11
0.14
0.14
0.13
0.14
0.14
0.11
0.091
0.095
0.12
0.14
0.13
0.12
0.12
0.12
0.13
0.13
0.13
0.14
0.13
0.11
0.095
0.084
0.076
0.068
0.07
0.098
0.12
0.1
0.083
0.071
0.055
0.022
0.00053
0.0015
0.0012
0.002
0.0073
0.025
0.04
0.027
0.0071
0.00014
0.012
0.017
-0.0031
-0.02
-0.009
0.0027
4.6e-005
-0.00041
0.0092
0.024
0.0082
-0.0047
-0.011
-0.034
-0.055
-0.057
-0.041
-0.014
0.0085
-0.0099
-0.037
-0.05
-0.059
-0.063
-0.042
-0.02
-0.018
-0.014
-0.016
-0.026
-0.02
-0.0097
0.0053
0.022
0.027
0.025
0.0096
0.0056
0.011
0.022
0.038
0.051
0.053
0.059
0.074
0.075
0.056
0.048
0.048
0.039
0.026
0.018
0.033
0.069
0.096
0.095
0.079
0.078
0.074
0.072
0.059
0.037
0.023
0.021
0.039
0.055
0.069
0.072
0.051
0.028
0.011
0.0031
0.0066
0.017
0.011
-0.0028
0.0084
0.019
0.021
0.02
0.014
0.019
0.0082
-0.021
-0.043
-0.043
-0.041
-0.045
-0.051
-0.067
-0.066
-0.047
-0.031
-0.03
-0.03
-0.044
-0.051
-0.061
-0.072
-0.055
-0.029
-0.015
-0.022
-0.039
-0.06
-0.067
-0.047
-0.02
-0.0013
-0.00014
-1.5e-005
-0.0086
-0.021
-0.019
-0.018
-0.015
-0.015
-0.028
-0.056
-0.062
-0.043
-0.033
-0.031
-0.014
0.017
0.025
0.012
0.021
0.04
0.045
0.036
0.032
0.05
0.066
0.063
0.06
0.062
0.066
0.086
0.092
0.095
0.1
0.08
0.065
0.078
0.11
0.13
0.14
0.13
0.13
0.13
0.11
0.1
0.13
0.15
0.17
0.15
0.13
0.1
0.099
0.13
0.15
0.16
0.18
0.17
0.14
0.11
0.094
0.093
0.1
0.1
0.11
0.15
0.17
0.16
0.15
0.15
0.15
0.14
0.14
0.14
0.12
0.091
0.077
0.078
0.069
0.08
0.11
0.13
0.15
0.17
0.16
0.13
0.076
0.033
0.012
0.013
0.015
0.0063
0.0021
0.016
0.031
0.064
0.099
0.099
0.077
0.066
0.043
0.011
-0.007
-0.016
-0.022
-0.022
-0.0068
0.046
0.067
0.027
-0.0037
-0.0017
0.005
-0.019
-0.044
-0.073
-0.091
-0.078
-0.067
-0.05
-0.019
0.0061
0.019
0.025
0.0098
-0.048
-0.11
-0.14
-0.095
-0.037
0.0013
0.03
0.032
0.0063
-0.022
-0.024
-0.018
-0.035
-0.059
-0.064
-0.065
-0.049
-0.013
-0.0014
-0.024
-0.061
-0.091
-0.11
-0.12
-0.12
-0.089
-0.039
0.001
0.015
0.013
-0.011
-0.071
-0.12
-0.13
-0.13
-0.12
-0.097
-0.066
-0.035
-0.017
-0.02
-0.027
-0.041
-0.07
-0.085
-0.081
-0.086
-0.1
-0.12
-0.12
-0.093
-0.063
-0.046
-0.032
-0.031
-0.059
-0.1
-0.13
-0.13
-0.12
-0.11
-0.099
-0.094
-0.08
-0.061
-0.042
-0.023
-0.015
-0.03
-0.056
-0.061
-0.058
-0.062
-0.057
-0.037
-0.011
0.0057
0.0016
-0.035
-0.094
-0.12
-0.11
-0.074
-0.03
-0.0062
-0.0081
-0.015
-0.031
-0.061
-0.088
-0.1
-0.096
-0.069
-0.053
-0.054
-0.057
-0.04
0.014
0.072
0.075
0.039
0.00081
-0.045
-0.074
-0.071
-0.049
-0.018
0.0082
0.016
0.013
0.0055
-0.0013
-0.023
-0.047
-0.046
-0.042
-0.039
-0.026
-0.0085
0.017
0.038
0.034
0.02
0.013
0.0095
0.0012
-0.0065
-0.011
-0.0055
0.0069
0.019
0.045
0.077
0.097
0.1
0.093
0.063
0.034
0.012
0.0044
0.019
0.039
0.046
0.056
0.073
0.064
0.062
0.079
0.089
0.095
0.065
0.033
0.047
0.095
0.13
0.12
0.12
0.14
0.14
0.13
0.11
0.11
0.12
0.13
0.12
0.13
0.15
0.17
0.17
0.15
0.12
0.11
0.11
0.12
0.12
0.11
0.12
0.12
0.1
0.086
0.082
0.078
0.079
0.087
0.098
0.097
0.084
0.087
0.1
0.094
0.081
0.085
0.094
0.095
0.093
0.096
0.088
0.07
0.04
0.034
0.053
0.056
0.049
0.047
0.059
0.061
0.046
0.027
0.0097
0.0039
0.016
0.041
0.06
0.063
0.048
0.045
0.058
0.055
0.034
0.018
-0.012
-0.061
-0.084
-0.086
-0.06
-0.026
0.00023
0.022
0.052
0.09
0.085
0.03
-0.035
-0.076
-0.078
-0.067
-0.076
-0.096
-0.088
-0.055
-0.025
0.013
0.055
0.061
0.015
-0.035
-0.071
-0.084
-0.079
-0.074
-0.059
-0.041
-0.025
-0.023
-0.038
-0.033
-0.018
-0.015
-0.018
-0.015
-0.02
-0.048
-0.076
-0.079
-0.047
-0.028
-0.021
-0.0076
0.0012
-0.015
-0.044
-0.059
-0.063
-0.047
-0.041
-0.033
-0.026
-0.033
-0.047
-0.059
-0.07
-0.072
-0.074
-0.087
-0.098
-0.092
-0.073
-0.066
-0.067
-0.079
-0.11
-0.14
-0.15
-0.15
-0.15
-0.13
-0.12
-0.1
-0.071
-0.051
-0.074
-0.11
-0.14
-0.16
-0.16
-0.13
-0.1
-0.081
-0.07
-0.063
-0.058
-0.06
-0.065
-0.058
-0.05
-0.047
-0.054
-0.055
-0.055
-0.049
-0.035
-0.014
-0.0033
-0.012
-0.031
-0.038
-0.031
-0.027
-0.031
-0.04
-0.03
-0.0033
0.025
0.034
0.032
0.036
0.046
0.063
0.063
0.041
0.029
0.016
0.016
0.03
0.036
0.067
0.1
0.1
0.082
0.066
0.048
0.031
0.027
0.036
0.049
0.053
0.047
0.046
0.05
0.047
0.027
0.013
0.014
0.02
0.024
0.038
0.038
0.025
0.041
0.065
0.087
0.097
0.094
0.074
0.05
0.044
0.044
0.045
0.052
0.083
0.11
0.13
0.13
0.12
0.099
0.077
0.069
0.065
0.082
0.11
0.13
0.12
0.11
0.1
0.098
0.091
0.095
0.075
0.052
0.051
0.054
0.056
0.062
0.061
0.069
0.098
0.11
0.091
0.047
0.024
0.019
0.019
0.032
0.048
0.052
0.04
0.045
0.046
0.047
0.061
0.068
0.072
0.061
0.047
0.04
0.041
0.04
0.057
0.076
0.052
0.015
0.00081
0.0073
0.021
0.029
0.03
0.038
0.041
0.031
0.013
0.0086
0.022
0.016
-0.0055
-0.017
-0.026
-0.028
-0.018
-0.005
-0.003
0.0023
0.0017
-0.023
-0.049
-0.077
-0.078
-0.035
0.014
0.024
0.0081
-0.0093
-0.017
-0.0038
0.0038
0.0051
0.011
0.025
0.016
-0.02
-0.026
-0.0092
-0.0095
-0.0098
-0.00093
0.012
0.0096
-0.011
-0.052
-0.067
-0.069
-0.067
-0.04
-0.017
-0.0028
0.0088
0.0098
0.0058
0.0054
0.0059
0.0059
-0.0059
-0.019
-0.026
-0.031
-0.032
-0.024
-0.014
0.00044
0.015
0.03
0.051
0.067
0.058
0.049
0.046
0.0094
-0.045
-0.082
-0.078
-0.045
-0.0057
0.039
0.071
0.081
0.071
0.045
-0.012
-0.069
-0.076
-0.074
-0.069
-0.057
-0.053
-0.042
-0.023
-0.0022
0.013
-0.0019
-0.045
-0.085
-0.1
-0.092
-0.082
-0.073
-0.053
-0.033
-0.022
-0.0063
0.0081
0.0054
-0.026
-0.062
-0.066
-0.051
-0.054
-0.046
-0.015
0.0054
0.02
0.018
0.013
0.015
-0.00032
-0.024
-0.027
-0.03
-0.052
-0.046
-0.029
-0.018
-0.0045
-0.00081
-0.0032
-0.013
-0.021
-0.019
-0.019
-0.022
-0.012
0.0037
0.022
0.041
0.047
0.026
0.0011
0.0023
0.026
0.05
0.059
0.066
0.079
0.077
0.068
0.042
0.021
0.015
0.016
0.031
0.045
0.05
0.04
0.022
0.0062
0.0017
0.019
0.031
0.028
0.017
0.011
0.0088
-0.0053
-0.016
-0.024
-0.036
-0.042
-0.02
0.024
0.058
0.069
0.061
0.058
0.054
0.046
0.042
0.049
0.067
0.071
0.058
0.051
0.062
0.061
0.042
0.026
0.0071
0.00014
0.0019
0.0088
0.0098
-0.0089
-0.038
-0.058
-0.069
-0.059
-0.037
-0.041
-0.053
-0.054
-0.057
-0.051
-0.024
0.014
0.026
-0.00053
-0.031
-0.052
-0.064
-0.067
-0.061
-0.059
-0.04
-0.024
-0.039
-0.069
-0.082
-0.082
-0.081
-0.069
-0.067
-0.066
-0.067
-0.076
-0.072
-0.067
-0.063
-0.05
-0.033
-0.023
-0.03
-0.06
-0.082
-0.09
-0.1
-0.094
-0.066
-0.02
0.012
-0.015
-0.055
-0.081
-0.08
-0.061
-0.038
-0.016
-0.0059
0.0045
-0.0051
-0.04
-0.051
-0.044
-0.048
-0.065
-0.079
-0.064
-0.031
-0.0014
0.039
0.085
0.12
0.13
0.11
0.061
0.018
-0.00032
0.009
0.027
0.046
0.066
0.083
0.12
0.16
0.14
0.1
0.075
0.061
0.053
0.05
0.067
0.11
0.13
0.13
0.12
0.12
0.11
0.099
0.096
0.088
0.094
0.11
0.14
0.14
0.11
0.085
0.066
0.055
0.064
0.076
0.095
0.13
0.13
0.1
0.061
0.027
0.025
0.048
0.071
0.075
0.078
0.088
0.085
0.064
0.03
0.018
0.03
0.056
0.079
0.07
0.06
0.043
0.0014
-0.032
-0.039
-0.045
-0.035
-0.0052
0.017
0.046
0.07
0.071
0.047
0.0065
-0.039
-0.076
-0.1
-0.1
-0.062
-0.016
0.0092
0.003
-0.021
-0.037
-0.053
-0.082
-0.1
-0.092
-0.068
-0.056
-0.076
-0.12
-0.16
-0.16
-0.11
-0.04
0.0074
0.019
-0.0048
-0.05
-0.094
-0.13
-0.14
-0.14
-0.13
-0.11
-0.067
-0.023
0.012
0.016
-0.013
-0.064
-0.11
-0.14
-0.13
-0.095
-0.059
-0.025
-0.017
-0.041
-0.066
-0.073
-0.062
-0.037
-0.0038
0.0038
-0.026
-0.056
-0.053
-0.04
-0.029
-0.0051
0.012
0.017
0.019
0.013
0.00096
-0.018
-0.019
0.00053
0.021
0.036
0.046
0.058
0.072
0.082
0.088
0.074
0.042
0.0037
-0.019
-0.015
0.0026
0.02
0.058
0.097
0.1
0.082
0.052
0.022
-0.018
-0.058
-0.059
-0.023
0.014
0.035
0.041
0.049
0.068
0.058
0.021
-0.032
-0.082
-0.11
-0.094
-0.06
-0.022
0.011
0.026
0.058
0.09
0.072
0.026
-0.02
-0.062
-0.095
-0.093
-0.047
0.0058
0.047
0.068
0.07
0.055
0.06
0.072
0.076
0.068
0.036
0.00053
-0.0085
0.023
0.077
0.11
0.11
0.096
0.098
0.077
0.009
-0.059
-0.076
-0.058
-0.027
0.0044
0.021
0.038
0.062
0.092
0.098
0.087
0.062
0.007
-0.046
-0.045
-0.0015
0.031
0.052
0.077
0.096
0.076
0.045
0.031
0.032
0.038
0.038
0.041
0.068
0.1
0.12
0.13
0.13
0.12
0.11
0.086
0.06
0.047
0.032
0.024
0.031
0.046
0.05
0.044
0.047
0.05
0.05
0.049
0.027
-0.0098
-0.048
-0.06
-0.034
0.014
0.051
0.048
0.025
-0.0051
-0.034
-0.045
-0.027
-0.015
-0.036
-0.049
-0.038
-0.01
0.019
0.031
0.015
-0.021
-0.068
-0.092
-0.085
-0.052
-0.0051
0.024
0.028
0.025
0.029
0.031
0.02
0.012
0.0048
-0.00069
-0.00023
0.0041
0.0076
0.0055
0.012
0.0096
-0.013
-0.027
-0.0089
0.0029
0.0029
0.016
0.032
0.033
0.028
0.0087
-0.017
-0.022
-0.0031
0.025
0.044
0.047
0.031
-0.0061
-0.033
-0.029
-0.02
-0.0033
0.019
0.021
0.01
0.0048
0.003
-0.0024
0.011
0.039
0.052
0.042
0.035
0.035
0.027
0.029
0.045
0.043
0.025
0.0097
0.018
0.044
0.069
0.082
0.097
0.1
0.089
0.061
0.047
0.042
0.05
0.059
0.049
0.032
0.04
0.066
0.09
0.12
0.14
0.13
0.11
0.1
0.11
0.1
0.066
0.024
-0.00011
0.0098
0.028
0.024
0.02
0.047
0.085
0.1
0.088
0.05
0.015
-0.013
-0.021
-0.0046
0.037
0.073
0.088
0.095
0.071
0.039
0.0063
-0.015
-0.012
-0.015
-0.026
-0.013
0.016
0.016
0.0084
0.021
0.039
0.056
0.054
0.042
0.019
-0.013
-0.045
-0.051
-0.027
0.013
0.058
0.089
0.079
0.056
0.038
-0.0011
-0.036
-0.028
0.0082
0.042
0.05
0.033
0.00038
-0.037
-0.052
-0.048
-0.049
-0.046
-0.05
-0.067
-0.069
-0.071
-0.082
-0.079
-0.07
-0.069
-0.075
-0.092
-0.11
-0.12
-0.14
-0.13
-0.11
-0.084
-0.089
-0.1
-0.12
-0.13
-0.12
-0.12
-0.1
-0.1
-0.11
-0.13
-0.15
-0.17
-0.14
-0.095
-0.091
-0.058
-0.0036
-0.025
-0.15
-0.27
-0.25
-0.16
-0.07
-0.0084
-0.0053
0.012
0.035
-0.03
-0.095
-0.1
-0.11
-0.077
-0.062
-0.069
-0.041
-0.042
-0.06
-0.019
0.019
0.016
-0.0012
-0.038
-0.071
-0.08
-0.068
-0.029
0.015
0.053
0.058
0.023
-0.028
-0.062
-0.074
-0.063
-0.032
-0.0054
0.0075
0.0048
0.0026
0.0024
-0.0053
-0.01
-0.014
-0.022
-0.028
-0.011
0.0047
0.022
0.048
0.064
0.066
0.057
0.048
0.045
0.046
0.043
0.039
0.043
0.068
0.094
0.095
0.077
0.051
0.026
0.019
0.011
0.0048
0.026
0.046
0.051
0.054
0.064
0.073
0.071
0.059
0.056
0.074
0.098
0.1
0.072
0.04
0.03
0.04
0.055
0.058
0.049
0.031
0.022
0.023
0.024
0.012
-0.00044
0.0017
0.0091
0.017
0.029
0.045
0.062
0.075
0.061
0.027
-0.0063
-0.018
-0.0099
0.0011
0.014
0.048
0.081
0.076
0.034
-0.011
-0.024
-0.0011
0.043
0.086
0.12
0.095
0.006
-0.039
-0.023
0.013
0.09
0.12
0.07
0.042
0.021
-0.0068
0.0022
0.039
0.074
0.096
0.09
0.09
0.086
0.041
0.023
0.037
0.055
0.088
0.088
0.053
0.052
0.073
0.081
0.09
0.1
0.083
0.015
-0.044
-0.048
-0.0098
0.022
0.049
0.086
0.12
0.16
0.17
0.14
0.1
0.076
0.059
0.031
0.0073
0.012
0.041
0.084
0.13
0.16
0.16
0.097
0.016
-0.047
-0.067
-0.052
-0.018
0.013
0.026
0.034
0.047
0.061
0.05
0.017
-0.013
-0.027
-0.028
-0.029
-0.038
-0.067
-0.092
-0.08
-0.064
-0.055
-0.043
-0.029
-0.026
-0.051
-0.11
-0.14
-0.13
-0.11
-0.085
-0.058
-0.044
-0.053
-0.1
-0.16
-0.15
-0.12
-0.095
-0.096
-0.11
-0.14
-0.16
-0.17
-0.15
-0.12
-0.12
-0.15
-0.18
-0.18
-0.15
-0.14
-0.14
-0.13
-0.11
-0.083
-0.074
-0.09
-0.12
-0.16
-0.16
-0.15
-0.14
-0.12
-0.096
-0.057
-0.033
-0.043
-0.076
-0.1
-0.098
-0.08
-0.067
-0.064
-0.065
-0.08
-0.096
-0.082
-0.049
-0.029
-0.032
-0.059
-0.092
-0.098
-0.077
-0.04
-0.0028
0.015
0.0014
-0.018
-0.029
-0.031
-0.018
0.0025
0.028
0.041
0.036
0.029
0.00069
-0.033
-0.036
-0.022
-0.00078
0.032
0.054
0.062
0.05
-0.004
-0.035
-0.003
0.045
0.071
0.082
0.076
0.049
0.013
-0.0016
0.021
0.04
0.03
0.029
0.031
0.023
0.0067
-0.0075
0.004
0.014
0.022
0.027
0.017
0.004
0.0055
0.01
0.013
0.022
0.04
0.056
0.055
0.044
0.046
0.053
0.053
0.049
0.056
0.063
0.072
0.082
0.079
0.077
0.075
0.071
0.074
0.084
0.089
0.084
0.071
0.063
0.059
0.061
0.071
0.077
0.076
0.07
0.062
0.05
0.037
0.03
0.036
0.058
0.065
0.049
0.039
0.055
0.082
0.076
0.057
0.063
0.068
0.057
0.04
0.028
0.028
0.039
0.05
0.074
0.075
0.057
0.045
0.039
0.044
0.066
0.079
0.054
0.013
0.009
0.025
0.023
0.0017
0.00011
0.029
0.061
0.049
-0.024
-0.076
-0.076
-0.062
-0.044
-0.027
-0.024
-0.017
-0.0063
-0.021
-0.04
-0.057
-0.062
-0.044
-0.024
-0.0045
0.005
-0.01
-0.033
-0.035
-0.019
-0.016
-0.023
-0.033
-0.04
-0.05
-0.06
-0.055
-0.041
-0.034
-0.025
-0.015
-0.03
-0.049
-0.053
-0.042
-0.015
0.0083
0.033
0.043
0.021
-0.018
-0.053
-0.066
-0.068
-0.053
-0.019
0.015
0.025
0.036
0.072
0.079
0.049
0.0086
-0.034
-0.071
-0.076
-0.039
0.012
0.051
0.07
0.073
0.05
0.025
0.013
0.0044
0.0047
0.014
0.021
0.013
-0.0019
-0.0079
0.013
0.029
0.014
-0.007
-0.031
-0.038
-0.024
-0.012
0.0053
0.031
0.029
-0.0036
-0.029
-0.037
-0.021
-0.01
-0.021
-0.036
-0.038
-0.028
-0.016
-0.0066
-0.0039
-0.0024
-0.017
-0.056
-0.082
-0.086
-0.064
-0.053
-0.073
-0.092
-0.12
-0.12
-0.066
-0.014
-0.0047
-0.023
-0.062
-0.11
-0.13
-0.14
-0.13
-0.092
-0.058
-0.037
-0.017
-0.0037
-0.016
-0.036
-0.055
-0.07
-0.088
-0.091
-0.074
-0.059
-0.039
-0.026
-0.011
0.015
0.028
0.028
0.038
0.051
0.079
0.098
0.078
0.049
0.04
0.046
0.05
0.05
0.055
0.067
0.075
0.071
0.07
0.073
0.079
0.089
0.11
0.18
0.27
0.29
0.19
0.02
-0.11
-0.14
-0.088
0.02
0.14
0.23
0.27
0.22
0.12
0.088
0.12
0.17
0.18
0.17
0.16
0.13
0.069
0.0048
-0.017
0.025
0.081
0.13
0.13
0.11
0.13
0.17
0.18
0.14
0.05
-0.0063
-0.026
-0.02
0.053
0.14
0.16
0.099
0.012
-0.014
-0.0069
0.0039
0.0094
0.048
0.12
0.14
0.13
0.1
0.072
0.037
0.022
0.051
0.065
0.037
-0.019
-0.051
-0.05
-0.015
0.037
0.069
0.052
-0.0076
-0.059
-0.091
-0.089
-0.041
0.0075
0.036
0.039
0.023
0.015
0.0066
-0.02
-0.027
-0.0019
0.0069
-0.018
-0.062
-0.077
-0.055
-0.025
-0.024
-0.035
-0.021
-0.01
0.008
0.016
0.00099
-0.014
-0.02
0.00038
0.00075
-0.016
-0.046
-0.097
-0.13
-0.12
-0.076
-0.037
-0.0082
-0.0064
-0.036
-0.087
-0.16
-0.2
-0.18
-0.096
-0.037
-0.0083
-0.019
-0.058
-0.11
-0.14
-0.13
-0.089
-0.052
-0.025
0.00069
0.011
0.00026
-0.019
-0.033
-0.029
-0.023
-0.0088
-0.017
-0.045
-0.042
-0.034
-0.026
-0.014
-0.0069
-0.024
-0.05
-0.067
-0.057
-0.019
0.0044
-0.016
-0.045
-0.047
-0.03
-0.025
-0.029
-0.035
-0.03
-0.0043
0.037
0.049
0.018
-0.017
-0.062
-0.11
-0.12
-0.092
-0.055
-0.019
0.0013
0.005
-0.0014
0.011
0.05
0.073
0.046
-0.0066
-0.046
-0.062
-0.065
-0.073
-0.059
-0.0096
0.043
0.084
0.11
0.088
0.041
-0.0061
-0.027
-0.018
-0.003
0.0056
0.0052
0.026
0.045
0.037
0.028
0.032
0.033
0.015
-0.0026
-0.022
-0.034
-0.012
0.019
0.035
0.03
0.026
0.028
0.023
0.01
0.0089
0.016
0.0069
-0.00072
0.0095
0.015
0.0079
0.019
0.048
0.064
0.067
0.048
0.027
0.027
0.042
0.045
0.053
0.058
0.046
0.027
0.026
0.043
0.026
-0.0047
-0.026
-0.043
-0.042
-0.036
-0.032
-0.02
0.003
0.0086
-0.0019
-0.0049
-0.0021
-0.0053
-0.017
-0.026
-0.038
-0.044
-0.029
0.00029
0.013
0.028
0.047
0.044
0.039
0.025
-0.0093
-0.025
-0.026
-0.027
-0.035
-0.046
-0.036
-0.012
-0.0061
-0.018
-0.02
0.00041
0.02
-0.013
-0.073
-0.096
-0.065
-0.012
0.029
0.067
0.086
0.07
0.019
-0.043
-0.07
-0.053
-0.019
0.013
0.023
0.027
0.03
0.046
0.056
0.058
0.063
0.065
0.069
0.064
0.052
0.04
0.04
0.045
0.048
0.068
0.086
0.094
0.091
0.081
0.075
0.071
0.083
0.1
0.098
0.091
0.1
0.091
0.061
0.055
0.092
0.14
0.14
0.12
0.078
0.042
0.01
0.006
0.033
0.064
0.082
0.058
0.032
0.02
0.016
0.012
0.012
0.02
0.033
0.039
0.02
-0.0072
-0.02
-0.011
0.015
0.032
0.04
0.04
0.034
0.028
0.028
0.028
0.039
0.059
0.06
0.061
0.063
0.054
0.034
0.017
0.013
0.011
0.011
0.025
0.032
0.035
0.037
0.038
0.034
0.031
0.015
0.013
0.036
0.044
0.046
0.049
0.032
-0.0017
-0.012
-0.0018
0.012
0.019
0.0098
0.012
0.032
0.046
0.045
0.028
0.015
0.022
0.0037
-0.045
-0.078
-0.077
-0.059
-0.045
-0.04
-0.032
-0.035
-0.04
-0.04
-0.043
-0.049
-0.055
-0.055
-0.042
-0.016
0.00078
0.0048
0.0064
-0.0086
-0.028
-0.048
-0.058
-0.04
-0.0093
-0.0027
-0.027
-0.05
-0.047
-0.03
-0.021
-0.012
-0.015
-0.036
-0.067
-0.084
-0.071
-0.036
0.017
0.059
0.079
0.078
0.055
0.0096
-0.035
-0.055
-0.078
-0.089
-0.077
-0.044
-0.0028
0.037
0.066
0.083
0.078
0.052
0.027
0.0065
-0.0023
-0.0076
-0.021
-0.024
-0.019
-0.012
0.0055
0.044
0.081
0.095
0.094
0.08
0.051
0.043
0.039
-0.0012
-0.035
-0.0094
0.053
0.074
0.059
0.064
0.087
0.097
0.086
0.054
0.022
0.00093
-0.0027
0.0036
0.008
0.013
0.03
0.081
0.12
0.12
0.076
0.0057
-0.051
-0.068
-0.043
0.0063
0.052
0.065
0.049
0.038
0.033
0.039
0.037
0.019
-0.013
-0.045
-0.053
-0.046
-0.037
-0.028
-0.029
-0.047
-0.069
-0.075
-0.058
-0.046
-0.06
-0.076
-0.069
-0.05
-0.043
-0.067
-0.087
-0.084
-0.076
-0.07
-0.057
-0.044
-0.038
-0.033
-0.035
-0.049
-0.07
-0.088
-0.083
-0.049
-0.033
-0.048
-0.057
-0.065
-0.064
-0.056
-0.056
-0.048
-0.041
-0.035
-0.023
-0.014
-0.026
-0.047
-0.057
-0.055
-0.053
-0.06
-0.051
-0.038
-0.027
-0.0075
0.0073
0.0067
-0.0012
-0.002
-0.0041
-0.0064
-0.013
-0.0065
0.012
0.034
0.05
0.064
0.073
0.067
0.043
0.029
0.038
0.052
0.069
0.08
0.067
0.036
0.012
-0.0018
0.0014
0.0075
0.018
0.052
0.11
0.13
0.095
0.04
0.0099
0.016
0.033
0.046
0.048
0.048
0.06
0.074
0.078
0.075
0.079
0.069
0.036
0.015
0.015
0.024
0.025
0.022
0.02
0.045
0.072
0.066
0.049
0.038
0.036
0.039
0.047
0.074
0.074
0.055
0.048
0.039
0.03
0.027
0.03
0.039
0.048
0.039
0.034
0.022
0.003
-0.0058
-0.01
-0.0047
0.0038
-0.0038
-0.0013
0.0029
-0.011
0.00066
0.015
0.015
0.038
0.046
0.029
0.025
0.041
0.058
0.061
0.042
0.024
0.012
0.0014
0.0073
0.013
0.024
0.039
0.039
0.028
0.022
0.023
0.017
0.011
0.0051
0.011
0.0058
-0.024
-0.05
-0.047
-0.0059
0.022
0.014
-0.0012
-0.0033
-0.012
-0.042
-0.066
-0.065
-0.04
-0.02
-0.0099
-0.012
-0.038
-0.064
-0.076
-0.081
-0.087
-0.076
-0.054
-0.059
-0.083
-0.1
-0.12
-0.13
-0.15
-0.17
-0.16
-0.13
-0.12
-0.12
-0.14
-0.14
-0.14
-0.15
-0.13
-0.12
-0.11
-0.099
-0.083
-0.084
-0.12
-0.17
-0.19
-0.19
-0.16
-0.096
-0.039
-0.0057
-0.021
-0.051
-0.064
-0.077
-0.085
-0.089
-0.12
-0.15
-0.14
-0.11
-0.065
-0.016
0.0095
0.017
0.0083
-0.03
-0.079
-0.11
-0.12
-0.11
-0.1
-0.084
-0.052
-0.021
-0.0068
-0.0029
-0.0046
-0.0088
-0.029
-0.067
-0.095
-0.11
-0.11
-0.1
-0.074
-0.039
-0.0078
0.023
0.038
0.026
-0.021
-0.08
-0.12
-0.098
-0.049
-0.016
-0.0024
-0.004
-0.0077
-0.0054
0.013
0.03
0.045
0.055
0.043
0.014
-0.003
0.0026
0.01
0.015
0.024
0.035
0.025
0.01
0.013
0.015
-0.00093
-0.033
-0.055
-0.042
-0.0079
0.019
0.021
0.019
0.016
-0.0043
-0.009
0.0076
0.027
0.034
0.031
0.023
0.012
0.012
0.031
0.05
0.056
0.06
0.07
0.067
0.053
0.053
0.067
0.08
0.093
0.11
0.1
0.077
0.044
0.031
0.047
0.071
0.079
0.077
0.07
0.063
0.057
0.062
0.071
0.072
0.08
0.094
0.095
0.071
0.03
0.012
0.017
0.034
0.07
0.089
0.081
0.047
0.019
0.022
0.04
0.035
0.014
0.029
0.05
0.048
0.034
0.037
0.066
0.075
0.041
-0.0043
-0.0076
0.023
0.039
0.021
0.012
0.039
0.077
0.085
0.058
0.029
0.027
0.048
0.057
0.05
0.037
0.022
0.017
0.012
0.022
0.045
0.076
0.087
0.059
0.012
-0.025
-0.042
-0.041
-0.012
0.035
0.072
0.081
0.066
0.045
0.024
0.0025
-0.0079
-0.01
-0.015
-0.0047
0.021
0.033
0.027
0.0061
-0.015
-0.022
-0.033
-0.046
-0.066
-0.085
-0.086
-0.082
-0.07
-0.046
-0.014
-0.005
-0.015
-0.035
-0.061
-0.089
-0.11
-0.1
-0.075
-0.043
-0.032
-0.048
-0.091
-0.13
-0.14
-0.13
-0.13
-0.12
-0.1
-0.082
-0.081
-0.091
-0.094
-0.085
-0.068
-0.044
-0.02
-0.015
-0.046
-0.081
-0.094
-0.096
-0.087
-0.048
-0.0025
0.0087
-0.018
-0.051
-0.057
-0.041
-0.035
-0.042
-0.047
-0.05
-0.065
-0.07
-0.039
0.0071
0.046
0.05
0.028
0.0041
-0.02
-0.038
-0.039
-0.016
-0.00078
0.0073
0.023
0.026
0.027
0.026
0.024
0.018
0.019
0.018
0.012
0.012
0.025
0.04
0.027
-0.0021
-0.037
-0.053
-0.062
-0.08
-0.071
-0.025
0.015
0.021
0.026
0.035
0.021
-0.0033
-0.036
-0.073
-0.08
-0.053
-0.03
-0.012
0.0078
0.017
0.021
0.03
0.042
0.034
0.0041
-0.026
-0.034
-0.025
-0.017
-0.013
-0.014
-0.0033
0.018
0.0087
-0.021
-0.035
-0.021
-0.0029
-0.0035
-0.0028
0.024
0.061
0.08
0.09
0.086
0.084
0.079
0.047
-0.0087
-0.056
-0.057
-0.024
0.018
0.041
0.042
0.05
0.061
0.062
0.038
0.014
0.024
0.036
0.039
0.042
0.043
0.034
0.021
0.02
0.03
0.041
0.048
0.055
0.045
0.002
-0.04
-0.053
-0.022
0.033
0.067
0.06
0.049
0.037
0.029
0.036
0.039
0.025
0.018
0.022
0.023
0.035
0.04
0.035
0.041
0.041
0.034
0.021
0.0082
-0.014
-0.0066
0.027
0.044
0.033
0.019
0.021
0.0077
-0.041
-0.091
-0.1
-0.082
-0.051
-0.03
-0.04
-0.05
-0.044
-0.046
-0.043
-0.044
-0.059
-0.067
-0.053
-0.036
-0.03
-0.04
-0.064
-0.068
-0.062
-0.065
-0.076
-0.087
-0.078
-0.05
-0.034
-0.024
-0.018
-0.028
-0.035
-0.031
-0.032
-0.043
-0.067
-0.066
-0.043
-0.033
-0.042
-0.048
-0.046
-0.031
0.0088
0.036
0.04
0.033
0.026
0.019
0.0092
0.015
0.024
0.019
0.025
0.052
0.081
0.09
0.083
0.067
0.057
0.048
0.03
0.027
0.039
0.048
0.06
0.087
0.11
0.12
0.096
0.064
0.046
0.039
0.054
0.075
0.096
0.12
0.12
0.1
0.08
0.075
0.069
0.066
0.06
0.067
0.081
0.072
0.074
0.082
0.095
0.098
0.087
0.075
0.077
0.078
0.068
0.072
0.074
0.071
0.062
0.11
0.2
0.2
0.086
0.0014
0.0098
0.07
0.1
0.095
0.068
0.054
0.053
0.045
0.034
0.044
0.071
0.07
0.038
0.02
0.024
0.011
-0.014
-0.016
0.014
0.044
0.049
0.051
0.046
0.018
-0.0037
-0.0056
-0.0002
-0.0064
0.0034
0.11
0.19
0.13
0.062
0.049
0.046
0.065
0.085
0.075
0.077
0.099
0.095
0.09
0.13
0.15
0.15
0.11
0.065
0.051
0.081
0.14
0.19
0.21
0.21
0.18
0.13
0.095
0.077
0.093
0.14
0.18
0.2
0.21
0.18
0.14
0.1
0.08
0.083
0.11
0.13
0.15
0.17
0.16
0.12
0.11
0.11
0.1
0.077
0.036
0.011
0.019
0.042
0.053
0.045
0.017
-0.033
-0.067
-0.061
-0.056
-0.057
-0.063
-0.054
-0.017
0.0098
0.0098
-0.0042
-0.023
-0.046
-0.054
-0.05
-0.049
-0.052
-0.057
-0.063
-0.083
-0.11
-0.13
-0.13
-0.11
-0.081
-0.055
-0.063
-0.09
-0.11
-0.14
-0.14
-0.12
-0.1
-0.091
-0.067
-0.054
-0.054
-0.057
-0.068
-0.11
-0.17
-0.2
-0.19
-0.15
-0.11
-0.084
-0.074
-0.065
-0.063
-0.098
-0.14
-0.17
-0.18
-0.17
-0.15
-0.14
-0.12
-0.11
-0.11
-0.11
-0.11
-0.13
-0.15
-0.16
-0.16
-0.16
-0.14
-0.11
-0.097
-0.12
-0.15
-0.17
-0.14
-0.094
-0.065
-0.054
-0.072
-0.14
-0.18
-0.18
-0.17
-0.16
-0.14
-0.12
-0.095
-0.073
-0.071
-0.079
-0.089
-0.088
-0.094
-0.1
-0.096
-0.093
-0.075
-0.057
-0.035
-0.027
-0.046
-0.08
-0.11
-0.1
-0.096
-0.071
-0.031
0.0011
0.012
-0.0015
-0.019
-0.033
-0.042
-0.052
-0.048
-0.041
-0.033
-0.028
-0.031
-0.028
-0.0019
0.024
0.013
-0.015
-0.024
-0.0064
0.0048
0.0036
0.0054
-0.0016
-0.031
-0.049
-0.055
-0.056
-0.067
-0.083
-0.081
-0.073
-0.07
-0.085
-0.11
-0.13
-0.11
-0.061
-0.014
0.0075
0.0062
-0.018
-0.063
-0.11
-0.11
-0.085
-0.056
-0.038
-0.029
-0.034
-0.037
-0.029
-0.023
-0.022
-0.036
-0.049
-0.043
-0.031
-0.015
0.004
0.019
0.024
0.029
0.04
0.038
0.033
0.031
0.029
0.025
0.035
0.052
0.058
0.043
0.048
0.073
0.081
0.086
0.085
0.1
0.12
0.13
0.11
0.092
0.078
0.075
0.088
0.1
0.12
0.13
0.13
0.12
0.096
0.072
0.058
0.071
0.096
0.13
0.17
0.17
0.14
0.11
0.067
0.034
0.032
0.051
0.078
0.1
0.1
0.096
0.074
0.056
0.05
0.054
0.063
0.075
0.078
0.079
0.079
0.081
0.076
0.054
0.042
0.059
0.077
0.081
0.082
0.081
0.066
0.035
0.028
0.037
0.06
0.085
0.1
0.12
0.13
0.12
0.088
0.053
0.026
0.022
0.039
0.072
0.11
0.14
0.15
0.14
0.14
0.1
0.075
0.095
0.11
0.11
0.1
0.084
0.069
0.065
0.08
0.092
0.062
0.019
-0.0047
-0.00087
0.027
0.041
0.038
0.029
0.025
0.041
0.06
0.063
0.044
0.021
0.0065
-0.02
-0.038
-0.022
0.016
0.047
0.056
0.042
0.021
-0.0029
-0.041
-0.073
-0.092
-0.081
-0.062
-0.072
-0.071
-0.049
-0.034
-0.036
-0.035
-0.054
-0.099
-0.14
-0.17
-0.17
-0.15
-0.093
-0.046
-0.018
-0.012
-0.044
-0.1
-0.17
-0.2
-0.19
-0.14
-0.085
-0.05
-0.049
-0.064
-0.083
-0.079
-0.064
-0.076
-0.1
-0.1
-0.067
-0.028
-0.025
-0.036
-0.037
-0.04
-0.022
0.004
0.0072
-0.0049
-0.018
-0.051
-0.078
-0.087
-0.1
-0.1
-0.063
-0.019
0.016
0.021
-0.00023
-0.016
-0.037
-0.073
-0.11
-0.11
-0.048
-0.00017
0.0056
-0.015
-0.034
-0.044
-0.047
-0.0039
0.0089
-0.059
-0.096
-0.083
-0.049
0.0019
0.029
0.049
0.059
0.042
0.022
-0.015
-0.036
-0.02
-0.0057
0.018
0.056
0.077
0.04
-0.039
-0.073
-0.029
0.022
0.032
-0.019
-0.048
-0.049
-0.046
-0.032
-0.023
-0.017
-0.011
-0.012
-0.025
-0.042
-0.06
-0.063
-0.077
-0.1
-0.099
-0.081
-0.075
-0.052
-0.018
-0.019
-0.014
0.0025
-0.004
-0.055
-0.075
-0.022
0.01
-0.0025
0.00011
0.024
0.038
0.044
0.047
0.038
0.034
0.037
0.04
0.03
0.042
0.072
0.085
0.098
0.11
0.096
0.09
0.088
0.061
0.031
0.018
0.04
0.069
0.087
0.11
0.1
0.04
-0.008
-0.011
-0.0022
0.019
0.077
0.11
0.1
0.092
0.041
0.0069
0.0028
-0.0076
0.0005
0.024
0.038
0.044
0.035
0.021
0.0098
-0.016
-0.039
-0.043
-0.035
-0.023
-0.025
-0.025
-0.007
-0.019
-0.062
-0.094
-0.089
-0.078
-0.079
-0.11
-0.15
-0.15
-0.11
-0.11
-0.11
-0.11
-0.08
-0.051
-0.058
-0.094
-0.13
-0.13
-0.11
-0.12
-0.14
-0.15
-0.18
-0.2
-0.19
-0.14
-0.099
-0.073
-0.064
-0.075
-0.089
-0.1
-0.11
-0.12
-0.093
-0.05
-0.011
0.018
0.019
-0.017
-0.058
-0.076
-0.062
-0.046
-0.063
-0.059
-0.032
-0.011
0.0056
-0.0063
-0.034
-0.046
-0.049
-0.048
-0.028
-0.015
-0.024
-0.038
-0.038
-0.022
0.00063
0.018
0.011
-0.0042
-0.0016
0.014
0.033
0.045
0.044
0.055
0.076
0.085
0.078
0.048
0.022
0.038
0.085
0.1
0.078
0.051
0.035
0.019
0.02
0.065
0.11
0.11
0.084
0.096
0.15
0.17
0.17
0.13
0.091
0.069
0.094
0.13
0.17
0.2
0.22
0.22
0.18
0.16
0.17
0.18
0.16
0.13
0.15
0.19
0.22
0.22
0.21
0.22
0.22
0.19
0.14
0.097
0.076
0.093
0.15
0.2
0.23
0.23
0.23
0.2
0.17
0.13
0.11
0.097
0.1
0.11
0.13
0.14
0.13
0.13
0.15
0.16
0.15
0.11
0.063
0.032
0.029
0.045
0.084
0.15
0.17
0.16
0.13
0.11
0.082
0.04
-0.0029
-0.036
-0.039
-0.025
-0.0014
0.04
0.071
0.069
0.055
0.022
-0.021
-0.041
-0.046
-0.039
-0.011
0.018
0.032
0.024
0.0029
-0.0091
-0.0053
-0.0076
-0.022
-0.036
-0.046
-0.033
-0.019
-0.012
0.0069
0.0043
-0.03
-0.038
-0.028
-0.011
0.02
0.037
0.033
0.02
0.018
0.035
0.048
0.027
-0.0031
-0.014
-0.007
0.028
0.06
0.077
0.081
0.083
0.074
0.056
0.044
0.043
0.038
0.036
0.044
0.044
0.024
0.017
0.037
0.065
0.066
0.038
0.01
0.0054
0.024
0.039
0.065
0.12
0.13
0.073
0.033
0.014
-0.0048
-0.019
-0.03
-0.037
-0.014
0.041
0.074
0.07
0.046
0.022
0.0044
0.0017
0.0029
0.0082
0.01
0.012
0.0076
0.0017
-0.0014
-0.011
0.0026
0.014
0.017
0.036
0.047
0.043
0.028
0.003
-0.014
-0.0087
-1.5e-005
0.019
0.054
0.078
0.07
0.028
-0.014
-0.042
-0.053
-0.05
-0.04
-0.018
0.029
0.063
0.072
0.085
0.061
-0.0068
-0.06
-0.1
-0.14
-0.15
-0.1
-0.046
-0.016
-0.0061
-0.0056
-0.01
-0.023
-0.027
-0.04
-0.061
-0.065
-0.063
-0.065
-0.071
-0.066
-0.028
0.023
0.053
0.063
0.055
0.044
0.033
0.031
0.037
0.041
0.034
0.04
0.043
0.049
0.07
0.081
0.085
0.067
0.031
0.029
0.05
0.075
0.084
0.058
0.031
0.052
0.079
0.07
0.067
0.064
0.054
0.048
0.044
0.056
0.071
0.052
0.032
0.043
0.07
0.096
0.095
0.077
0.065
0.061
0.055
0.042
0.029
0.024
0.044
0.07
0.1
0.13
0.16
0.17
0.16
0.14
0.12
0.14
0.16
0.19
0.2
0.19
0.18
0.16
0.15
0.15
0.15
0.16
0.16
0.14
0.12
0.13
0.14
0.15
0.15
0.14
0.14
0.14
0.13
0.12
0.11
0.1
0.085
0.057
0.032
0.028
0.04
0.062
0.072
0.071
0.064
0.031
0.011
-0.0035
-0.029
-0.036
-0.016
0.0038
0.0078
-0.0031
-0.029
-0.041
-0.038
-0.039
-0.024
0.0062
0.0095
-0.016
-0.052
-0.065
-0.033
0.0099
0.025
0.011
-0.0062
-0.015
-0.016
-0.008
4.6e-005
0.017
0.039
0.046
0.0042
-0.06
-0.091
-0.079
-0.039
0.00026
0.028
0.051
0.048
0.03
0.024
0.032
0.023
-0.021
-0.058
-0.059
-0.038
-0.012
0.0054
0.028
0.069
0.11
0.1
0.059
-0.0018
-0.046
-0.065
-0.045
0.0091
0.061
0.089
0.093
0.084
0.065
0.063
0.054
0.031
0.018
0.013
0.0074
0.0038
0.018
0.043
0.071
0.095
0.094
0.071
0.038
0.018
0.0026
0.0073
0.023
0.021
0.002
-0.01
-0.0023
0.019
0.038
0.06
0.07
0.051
0.0049
-0.056
-0.1
-0.1
-0.05
0.011
0.038
0.018
-0.018
-0.053
-0.068
-0.069
-0.069
-0.067
-0.076
-0.076
-0.061
-0.032
-0.025
-0.055
-0.082
-0.091
-0.081
-0.062
-0.064
-0.081
-0.095
-0.1
-0.091
-0.066
-0.05
-0.042
-0.055
-0.077
-0.073
-0.051
-0.036
-0.038
-0.043
-0.047
-0.059
-0.089
-0.11
-0.1
-0.07
-0.04
-0.044
-0.061
-0.069
-0.078
-0.075
-0.054
-0.04
-0.053
-0.069
-0.076
-0.074
-0.061
-0.049
-0.041
-0.047
-0.054
-0.069
-0.091
-0.1
-0.097
-0.06
-0.022
-0.0051
-0.014
-0.022
-0.027
-0.049
-0.071
-0.096
-0.12
-0.088
-0.023
0.034
0.066
0.065
0.02
-0.05
-0.11
-0.15
-0.14
-0.027
0.15
0.25
0.22
0.05
-0.17
-0.21
0.03
0.29
0.24
-0.12
-0.31
-0.1
0.21
0.41
0.43
0.26
0.064
0.01
0.09
0.17
0.11
0.022
0.074
0.16
0.18
0.22
0.3
0.32
0.23
0.075
-0.027
0.0078
0.12
0.2
0.21
0.21
0.19
0.16
0.13
0.052
-0.086
-0.17
-0.11
0.02
0.098
0.053
-0.039
-0.078
-0.059
-0.07
-0.17
-0.3
-0.39
-0.44
-0.44
-0.35
-0.18
-0.096
-0.16
-0.27
-0.37
-0.42
-0.47
-0.46
-0.38
-0.3
-0.31
-0.43
-0.54
-0.53
-0.39
-0.22
-0.11
-0.14
-0.28
-0.37
-0.35
-0.28
-0.21
-0.17
-0.18
-0.23
-0.28
-0.31
-0.33
-0.34
-0.38
-0.39
-0.37
-0.35
-0.34
-0.32
-0.28
-0.25
-0.24
-0.22
-0.2
-0.19
-0.23
-0.3
-0.36
-0.37
-0.38
-0.38
-0.33
-0.23
-0.14
-0.096
-0.12
-0.2
-0.26
-0.25
-0.2
-0.17
-0.17
-0.17
-0.18
-0.21
-0.27
-0.34
-0.43
-0.46
-0.39
-0.28
-0.2
-0.15
-0.1
-0.055
-0.047
-0.084
-0.14
-0.17
-0.19
-0.19
-0.18
-0.14
-0.13
-0.15
-0.16
-0.13
-0.1
-0.077
-0.059
-0.027
0.015
0.035
0.044
0.06
0.058
0.03
-0.007
-0.045
-0.076
-0.091
-0.088
-0.076
-0.059
-0.036
-0.015
-0.022
-0.028
-0.014
0.014
0.025
0.017
0.015
0.015
-0.008
-0.037
-0.036
-0.0091
0.029
0.056
0.079
0.11
0.12
0.12
0.13
0.13
0.12
0.12
0.12
0.11
0.097
0.091
0.091
0.094
0.08
0.057
0.051
0.04
0.02
0.014
0.03
0.039
0.035
0.038
0.046
0.033
-0.0022
-0.027
-0.042
-0.057
-0.078
-0.089
-0.086
-0.079
-0.064
-0.039
-0.011
0.00087
0.0051
0.021
0.044
0.049
0.037
0.036
0.041
0.031
0.022
0.025
0.024
0.0048
-0.028
-0.037
-0.021
-0.0016
0.0094
0.011
-0.0077
-0.035
-0.054
-0.058
-0.033
-0.013
-0.0027
0.025
0.066
0.082
0.07
0.049
0.043
0.057
0.065
0.064
0.057
0.051
0.043
0.038
0.039
0.05
0.058
0.056
0.055
0.055
0.055
0.057
0.06
0.059
0.068
0.078
0.073
0.05
0.023
0.033
0.07
0.091
0.078
0.057
0.041
0.04
0.046
0.04
0.035
0.047
0.079
0.11
0.12
0.11
0.12
0.13
0.15
0.15
0.14
0.15
0.16
0.15
0.12
0.11
0.13
0.15
0.15
0.15
0.15
0.16
0.16
0.15
0.13
0.09
0.087
0.14
0.25
0.34
0.31
0.16
0.0079
-0.011
0.06
0.13
0.17
0.17
0.17
0.18
0.21
0.21
0.16
0.098
0.064
0.066
0.1
0.15
0.21
0.25
0.25
0.21
0.16
0.1
0.082
0.095
0.12
0.15
0.18
0.19
0.19
0.18
0.15
0.12
0.097
0.09
0.091
0.097
0.11
0.11
0.11
0.12
0.11
0.081
0.056
0.077
0.13
0.15
0.12
0.077
0.044
0.033
0.058
0.086
0.097
0.098
0.11
0.12
0.12
0.1
0.082
0.061
0.041
0.025
0.02
0.039
0.061
0.094
0.12
0.12
0.077
0.035
-0.0096
-0.045
-0.042
0.014
0.097
0.15
0.15
0.13
0.084
0.045
0.014
0.0037
0.023
0.037
0.037
0.042
0.075
0.13
0.15
0.11
0.037
0.0076
0.035
0.071
0.077
0.065
0.053
0.062
0.091
0.095
0.056
0.012
0.01
0.038
0.071
0.09
0.075
0.047
0.032
0.032
0.045
0.067
0.084
0.081
0.07
0.057
0.056
0.064
0.079
0.077
0.061
0.056
0.069
0.075
0.064
0.069
0.089
0.11
0.1
0.086
0.069
0.054
0.058
0.093
0.11
0.11
0.094
0.08
0.069
0.061
0.061
0.078
0.11
0.14
0.17
0.16
0.095
0.012
-0.06
-0.078
-0.048
-0.0067
0.02
0.036
0.057
0.068
0.043
-0.0099
-0.05
-0.067
-0.05
-0.017
-0.0036
0.00096
0.025
0.069
0.1
0.079
-1.5e-005
-0.09
-0.11
-0.073
-0.025
0.021
0.058
0.077
0.074
0.045
-0.011
-0.074
-0.1
-0.071
-0.022
0.015
0.032
0.0072
-0.044
-0.07
-0.045
-0.0025
0.0081
-0.021
-0.057
-0.053
-0.0078
0.023
0.016
0.0081
0.0072
0.019
0.044
0.063
0.066
0.071
0.076
0.071
0.065
0.054
0.051
0.067
0.078
0.074
0.057
0.042
0.032
0.033
0.04
0.052
0.059
0.061
0.075
0.093
0.095
0.073
0.042
0.00084
-0.038
-0.039
0.0037
0.055
0.078
0.086
0.085
0.079
0.064
0.035
0.0095
0.0094
0.03
0.059
0.087
0.098
0.076
0.049
0.039
0.0093
-0.044
-0.092
-0.11
-0.073
-0.017
0.018
0.016
-0.023
-0.087
-0.14
-0.15
-0.12
-0.07
-0.027
-0.0084
-0.027
-0.069
-0.1
-0.12
-0.13
-0.11
-0.066
-0.034
-0.035
-0.081
-0.14
-0.17
-0.16
-0.1
-0.057
-0.065
-0.11
-0.15
-0.17
-0.13
-0.049
0.049
0.1
0.066
-0.023
-0.11
-0.17
-0.18
-0.089
0.042
0.12
0.11
0.036
-0.074
-0.18
-0.25
-0.22
-0.07
0.12
0.22
0.16
0.0092
-0.087
-0.069
-0.041
-0.086
-0.13
-0.067
0.033
0.061
-0.011
-0.14
-0.24
-0.25
-0.13
0.059
0.18
0.12
-0.068
-0.22
-0.25
-0.15
-0.012
0.077
0.066
-0.015
-0.08
-0.11
-0.15
-0.18
-0.17
-0.11
-0.0059
0.12
0.21
0.21
0.1
0.004
0.0069
0.046
0.01
-0.1
-0.17
-0.15
-0.1
-0.11
-0.11
-0.032
0.1
0.18
0.18
0.15
0.14
0.14
0.13
0.11
0.075
0.048
