0.0033
-0.0057
0.0023
-0.00063
-0.0069
-0.0042
-0.0023
-0.0054
-0.009
-0.011
-0.0078
0.0027
0.0026
-0.014
-0.0072
0.017
0.03
0.023
0.021
0.015
0.0021
-0.0039
-0.0027
0.0015
0.017
0.043
0.031
-0.0026
-0.0086
0.012
0.015
-0.0011
0.0057
0.017
0.0013
-0.02
-0.011
-0.00014
-0.012
-0.012
-0.011
-0.024
-0.036
-0.021
-0.0035
-0.0072
-0.012
-0.013
-0.0024
0.0026
0.0075
0.011
0.0035
-0.0056
0.0035
0.014
0.0068
0.00032
0.0062
0.012
0.0075
-0.012
-0.019
-0.0061
0.00081
-0.00044
-0.016
-0.02
-0.0041
0.0021
-0.019
-0.023
-0.018
-0.016
-0.016
-0.017
-0.008
0.0099
0.0058
-0.019
-0.017
-0.005
-0.022
-0.041
-0.024
-0.0044
-0.021
-0.029
-0.0066
-0.00026
-0.02
-0.03
-0.019
-0.021
-0.029
-0.025
-0.0076
0.012
0.011
0.0012
0.0011
0.0071
0.0015
0.0026
0.0096
0.006
0.0051
0.0088
0.012
0.0024
-0.011
-0.013
-0.013
-0.0085
-0.013
-0.02
-0.011
-0.00056
-0.001
-0.006
0.0011
-0.0068
-0.015
-0.02
-0.0093
0.0032
0.012
0.018
0.0078
-0.0083
-0.0048
0.0033
-0.005
-0.0088
0.0045
0.01
-0.0011
0.0021
0.016
0.0086
-0.0017
0.0083
0.014
0.0086
0.0032
-0.0022
0.0062
0.019
0.011
-0.013
-0.016
-0.0032
1.5e-005
-0.0087
-0.009
0.00011
0.0015
-0.0034
0.0021
-0.0028
-0.013
-0.0027
0.022
0.032
0.024
0.018
0.038
0.053
0.038
0.016
0.013
0.034
0.044
0.043
0.042
0.051
0.053
0.047
0.033
0.012
0.0061
0.039
0.071
0.064
0.037
0.022
0.026
0.031
0.024
0.015
0.021
0.041
0.058
0.051
0.032
0.024
0.024
0.021
0.014
0.0059
0.016
0.039
0.041
0.029
0.019
0.01
-0.0074
-0.0084
-0.0014
0.0054
0.023
0.035
0.026
0.014
0.012
0.0029
-0.0084
-0.0079
-0.013
-0.011
0.0048
0.029
0.028
0.0065
-0.00069
-0.0005
-0.0048
-0.017
-0.012
0.0078
0.047
0.063
0.035
0.0077
0.0089
0.018
0.013
0.0036
0.0042
0.0061
-0.0037
-0.011
-0.002
1.5e-005
-0.0046
-0.012
-0.016
-0.01
-0.0025
0.011
0.023
0.027
0.015
0.013
0.025
0.019
0.016
0.015
-0.00038
-0.00093
0.024
0.041
0.029
0.011
0.0088
0.02
0.02
0.0059
0.01
0.028
0.045
0.038
0.016
0.01
0.025
0.023
0.0067
-0.00078
0.0023
0.0072
-0.006
-0.015
-0.0019
0.017
0.0078
-0.017
-0.015
-0.0055
-0.0046
0.009
0.029
0.016
-0.0005
0.018
0.034
0.016
-0.0069
-0.0029
0.0059
0.0072
0.019
0.032
0.034
0.024
0.014
0.012
0.011
0.0019
-0.00056
0.0073
1.5e-005
-0.014
-0.018
-0.018
-0.02
-0.014
-0.0035
-0.0086
-0.025
-0.023
-0.011
-0.0006
-0.0027
-0.0076
-0.015
-0.0054
0.0097
0.011
-0.0021
-0.013
-0.013
-0.0053
0.0097
0.00063
-0.024
-0.027
-0.0048
0.0075
1.5e-005
-0.0074
-0.01
-0.02
-0.022
-0.014
-0.02
-0.03
-0.011
0.013
0.009
-0.004
-0.014
-0.011
-0.0016
-0.00056
-0.0053
-0.0098
-0.0047
0.0064
0.012
0.014
0.015
0.014
0.0088
0.0011
-0.0036
-0.0029
0.00056
0.016
0.033
0.023
-0.0068
-0.021
-0.0014
0.017
0.02
0.012
0.017
0.02
0.016
0.0086
0.0026
0.0026
0.0087
0.021
0.025
0.02
0.02
0.029
0.029
0.023
0.027
0.028
0.021
0.009
-0.00078
0.015
0.042
0.058
0.043
0.0096
-0.005
0.0023
0.0093
0.0073
0.0035
0.0084
0.024
0.024
0.0087
-0.0033
-0.012
-0.018
-0.014
-0.0077
-0.015
-0.022
-0.011
0.00066
-0.0069
-0.019
-0.029
-0.034
-0.022
-0.009
-0.014
-0.014
-0.0061
0.0045
-0.0049
-0.015
-0.019
-0.017
-0.018
-0.023
-0.018
0.0048
0.026
0.02
0.004
-0.0052
-0.0037
-0.002
-0.012
-0.0085
0.0053
0.0072
-0.0061
-0.017
-0.025
0.01
0.056
0.051
0.019
0.00023
0.016
0.032
0.027
0.02
0.026
0.041
0.036
0.03
0.042
0.045
0.034
0.032
0.031
0.021
0.0097
0.013
0.027
0.027
0.0098
0.015
0.027
0.029
0.02
0.0086
0.02
0.028
0.013
-0.0083
-0.0028
0.013
0.028
0.033
0.021
0.0018
-0.0079
0.0053
0.013
0.012
0.0083
-0.0088
-0.013
0.01
0.014
-0.0044
-0.00041
0.023
0.029
0.019
0.013
0.012
0.012
0.014
0.012
0.0084
0.019
0.033
0.028
0.012
-0.0088
-0.036
-0.035
-0.011
0.0002
0.0039
0.019
0.03
0.021
0.0078
0.0032
-0.003
0.00041
0.028
0.043
0.023
0.011
0.023
0.031
0.025
0.011
0.02
0.033
0.033
0.015
0.021
0.05
0.05
0.023
0.0036
-0.0023
0.0061
0.026
0.04
0.024
0.0043
0.012
0.0025
-0.048
-0.082
-0.06
-0.019
0.011
0.012
-0.015
-0.039
-0.039
-0.029
-0.028
-0.029
-0.025
-0.019
-0.012
-0.012
-0.018
-0.006
0.0069
0.0057
-0.014
-0.03
-0.019
0.014
0.032
0.026
0.0095
0.0095
0.009
-0.0042
-0.012
0.015
0.061
0.057
0.023
-0.016
-0.026
-0.01
0.0027
-0.0022
0.0081
0.028
0.053
0.077
0.07
0.048
0.034
0.027
0.022
0.013
0.029
0.066
0.087
0.095
0.091
0.062
0.03
0.016
0.019
0.033
0.055
0.077
0.081
0.064
0.038
0.013
-0.007
-0.028
-0.041
-0.034
-0.017
-0.012
-0.015
-0.028
-0.049
-0.056
-0.059
-0.057
-0.04
-0.028
-0.024
-0.045
-0.078
-0.11
-0.16
-0.23
-0.3
-0.34
-0.38
-0.39
-0.38
-0.32
-0.25
-0.18
-0.084
-0.00078
0.051
0.051
0.035
0.044
0.061
0.078
0.11
0.21
0.32
0.38
0.36
0.25
0.086
-0.081
-0.24
-0.42
-0.61
-0.79
-0.87
-0.81
-0.65
-0.47
-0.34
-0.16
0.14
0.42
0.57
0.47
0.17
0.081
0.32
0.47
0.3
-0.031
-0.15
0.01
0.17
0.14
0.022
0.0047
0.1
0.18
0.16
0.12
0.13
0.17
0.16
0.11
0.089
0.12
0.15
0.11
0.027
0.0015
0.065
0.12
0.06
-0.043
-0.087
-0.081
-0.13
-0.26
-0.38
-0.41
-0.35
-0.29
-0.28
-0.27
-0.19
-0.12
-0.16
-0.3
-0.42
-0.46
-0.47
-0.51
-0.55
-0.52
-0.43
-0.31
-0.23
-0.18
-0.17
-0.14
-0.12
-0.13
-0.15
-0.14
-0.088
-0.053
-0.046
-0.044
-0.0061
0.037
0.067
0.068
0.054
0.075
0.13
0.18
0.21
0.25
0.29
0.34
0.38
0.4
0.38
0.37
0.39
0.4
0.39
0.36
0.31
0.26
0.23
0.21
0.2
0.18
0.15
0.097
0.028
-0.04
-0.087
-0.1
-0.092
-0.093
-0.11
-0.14
-0.19
-0.24
-0.27
-0.28
-0.27
-0.28
-0.3
-0.29
-0.25
-0.19
-0.16
-0.15
-0.13
-0.081
-0.056
-0.047
-0.01
0.069
0.15
0.19
0.2
0.23
0.26
0.31
0.36
0.39
0.39
0.39
0.4
0.41
0.39
0.37
0.38
0.4
0.38
0.33
0.27
0.21
0.18
0.18
0.18
0.16
0.12
0.071
0.019
-0.00029
0.0045
0.0045
-0.02
-0.057
-0.09
-0.11
-0.1
-0.098
-0.098
-0.11
-0.12
-0.14
-0.15
-0.13
-0.083
-0.032
-0.0064
-0.014
-0.033
-0.054
-0.066
-0.064
-0.032
-0.011
-0.005
-0.0029
0.011
0.046
0.063
0.062
0.068
0.081
0.087
0.095
0.12
0.16
0.18
0.16
0.13
0.12
0.11
0.13
0.15
0.14
0.13
0.13
0.12
0.11
0.12
0.12
0.11
0.065
0.033
0.027
0.026
0.017
0.0056
-0.015
-0.041
-0.063
-0.07
-0.066
-0.061
-0.055
-0.026
-0.013
-0.022
-0.033
-0.028
-0.0066
-0.0043
-0.04
-0.083
-0.074
-0.024
0.025
0.029
-0.0025
-0.04
-0.058
-0.043
-0.0097
0.027
0.035
0.016
0.019
0.038
0.039
0.034
0.049
0.059
0.05
0.025
0.014
0.029
0.053
0.096
0.13
0.12
0.1
0.096
0.11
0.14
0.16
0.17
0.13
0.042
0.026
0.11
0.16
0.12
0.066
0.019
-0.009
0.013
0.015
-0.094
-0.19
-0.18
-0.065
0.0075
-0.019
-0.068
-0.062
-0.019
-0.021
-0.032
-0.05
-0.082
-0.075
-0.038
-0.01
-0.009
-0.034
-0.089
-0.12
-0.054
0.035
0.038
0.014
-0.01
-0.038
-0.017
0.016
0.014
0.00087
-0.021
-0.038
-0.028
-0.0094
-0.043
-0.08
-0.06
-0.033
-0.038
-0.054
-0.06
-0.058
-0.032
-0.0015
-0.0013
-0.0034
0.021
0.051
0.053
0.034
0.034
0.04
0.043
0.042
0.054
0.072
0.092
0.1
0.085
0.038
0.013
0.052
0.094
0.11
0.11
0.12
0.12
0.12
0.14
0.13
0.085
0.061
0.072
0.07
0.052
0.059
0.091
0.096
0.074
0.054
0.027
0.011
0.029
0.069
0.1
0.12
0.15
0.14
0.092
0.055
0.063
0.087
0.09
0.073
0.048
0.031
0.03
0.05
0.068
0.055
0.019
0.0032
0.048
0.12
0.14
0.12
0.052
-0.0016
0.016
0.061
0.07
0.059
0.049
0.031
0.043
0.079
0.09
0.052
0.015
0.013
0.019
0.044
0.081
0.08
0.053
0.031
0.025
0.042
0.066
0.065
0.058
0.056
0.047
0.051
0.054
0.021
-0.034
-0.052
-0.031
0.0047
0.042
0.046
0.014
0.0028
0.022
0.047
0.058
0.062
0.041
0.0043
0.0048
0.028
0.035
0.047
0.052
0.014
-0.034
-0.051
-0.006
0.051
0.069
0.039
-0.0046
-0.033
-0.04
-0.03
-0.021
-0.015
-0.0094
-0.0072
-0.03
-0.069
-0.089
-0.087
-0.07
-0.041
-0.028
-0.05
-0.049
-0.02
-0.013
-0.025
-0.041
-0.065
-0.1
-0.11
-0.086
-0.058
-0.044
-0.057
-0.083
-0.1
-0.089
-0.052
-0.0075
0.0039
-0.014
-0.023
-0.011
0.0036
-0.00053
-0.011
-0.04
-0.08
-0.075
-0.042
-0.028
-0.023
-0.014
-0.014
-0.031
-0.038
-0.028
-0.0093
-0.0084
-0.011
-0.017
-0.018
0.0067
0.032
0.034
0.02
0.0022
-0.012
-0.012
-0.0054
0.0012
0.0042
0.014
0.027
0.014
-0.013
-0.028
-0.035
-0.024
-0.0043
0.0069
-0.0015
-0.02
-0.03
-0.027
-0.02
-0.019
-0.014
0.0037
0.026
0.041
0.045
0.028
0.0081
0.0025
0.0022
-0.0017
-0.0079
-0.021
-0.029
-0.024
-0.0048
0.0072
0.01
0.015
0.032
0.058
0.058
0.051
0.055
0.064
0.061
0.053
0.045
0.032
0.0033
-0.018
-0.0042
0.019
0.021
0.0069
0.00096
-0.004
-0.0056
0.023
0.053
0.061
0.056
0.048
0.035
0.013
0.0071
0.019
0.031
0.035
0.04
0.036
0.023
0.023
0.043
0.056
0.027
-0.011
-0.023
-0.0011
0.021
0.028
0.018
0.0066
0.011
0.028
0.034
0.026
0.011
0.016
0.012
0.0074
0.02
0.012
-0.011
-0.021
-0.01
-0.017
-0.03
-0.029
-0.015
-0.0099
0.0036
0.015
0.0065
-0.018
-0.04
-0.043
-0.027
-0.0044
-0.00044
-0.0058
-0.0093
-0.0083
0.01
0.02
0.0012
-0.0089
0.0054
0.022
0.016
-0.012
-0.028
-0.027
-0.025
-0.023
-0.037
-0.057
-0.067
-0.068
-0.05
-0.021
-0.0022
-0.0067
-0.013
-0.0079
-0.01
-0.012
0.0019
0.0056
0.00081
-0.021
-0.04
-0.031
-0.019
-0.03
-0.047
-0.055
-0.04
-0.02
-0.018
-7.6e-005
0.018
0.01
-0.023
-0.048
-0.036
-0.02
-0.014
-0.009
-0.0076
-0.022
-0.03
-0.019
0.0054
0.027
0.028
0.0084
-0.029
-0.05
-0.052
-0.036
-0.0049
0.0055
-0.008
-0.027
-0.028
-0.024
-0.018
-0.0061
0.013
0.017
-0.0089
-0.029
-0.057
-0.075
-0.062
-0.038
-0.035
-0.043
-0.037
-0.021
0.0022
0.028
0.031
0.018
-0.0034
-0.015
-0.022
-0.01
0.0084
0.01
0.0098
0.015
0.029
0.022
-0.0079
-0.039
-0.047
-0.021
0.0034
0.0032
-0.0018
-0.0032
-0.011
0.0059
0.045
0.06
0.038
-0.014
-0.048
-0.053
-0.049
-0.043
-0.048
-0.055
-0.043
-0.011
0.035
0.077
0.086
0.072
0.048
0.016
0.0078
0.026
0.038
0.047
0.053
0.038
0.012
0.002
0.014
0.032
0.041
0.036
0.037
0.023
0.017
0.021
0.021
0.015
0.00017
-0.013
-0.013
-0.013
-0.024
-0.013
0.0093
0.0051
-0.018
-0.03
-0.03
-0.047
-0.045
-0.03
-0.037
-0.053
-0.058
-0.057
-0.063
-0.049
-0.028
-0.022
-0.028
-0.031
-0.024
-0.013
-0.015
-0.042
-0.067
-0.078
-0.06
-0.032
-0.018
-0.014
-0.0098
0.0092
0.012
-7.6e-005
-0.014
-0.044
-0.048
-0.022
0.0049
0.028
0.041
0.052
0.051
0.041
0.025
0.032
0.031
0.027
0.034
0.039
0.036
0.026
0.03
0.042
0.045
0.043
0.041
0.042
0.056
0.075
0.079
0.072
0.059
0.046
0.049
0.053
0.055
0.071
0.09
0.094
0.08
0.069
0.08
0.093
0.098
0.11
0.12
0.097
0.074
0.067
0.057
0.065
0.085
0.088
0.086
0.073
0.055
0.072
0.11
0.13
0.11
0.055
0.026
0.028
0.04
0.051
0.051
0.029
0.027
0.033
0.044
0.058
0.051
0.029
-0.00035
-0.0067
0.0014
0.0069
0.02
0.034
0.04
0.038
0.042
0.049
0.051
0.036
0.014
-0.013
-0.029
-0.019
-0.0039
0.013
0.024
0.019
0.0041
-0.0068
-0.016
-0.031
-0.035
-0.035
-0.04
-0.035
-0.0081
0.00075
-0.022
-0.039
-0.05
-0.047
-0.024
-0.0096
-0.0048
-0.0069
-0.00075
0.015
0.025
0.019
0.0024
-0.013
-0.0062
0.019
0.027
0.028
0.017
0.0027
0.0047
0.0099
0.014
0.017
0.022
0.027
0.014
-0.013
-0.018
-0.014
-0.021
-0.013
-0.0016
0.0029
0.0029
-0.0021
0.0034
0.013
0.007
-0.0088
-0.03
-0.044
-0.037
-0.016
-0.00063
0.0081
0.0096
-0.008
-0.026
-0.031
-0.029
-0.019
0.012
0.034
0.026
0.017
0.00069
-0.0079
-0.014
-0.015
-0.0076
0.0085
0.013
0.025
0.04
0.036
0.014
-0.014
-0.017
-0.023
-0.036
-0.038
-0.033
-0.016
-0.005
-0.0076
-0.015
-0.029
-0.046
-0.054
-0.052
-0.047
-0.013
0.0015
-0.036
-0.076
-0.099
-0.11
-0.1
-0.084
-0.077
-0.078
-0.091
-0.098
-0.11
-0.13
-0.13
-0.12
-0.11
-0.077
-0.048
-0.024
-0.0061
-0.015
-0.049
-0.077
-0.1
-0.1
-0.095
-0.11
-0.1
-0.091
-0.063
-0.048
-0.055
-0.074
-0.085
-0.084
-0.078
-0.056
-0.037
-0.025
-0.013
-0.0035
-0.0017
-0.016
-0.04
-0.058
-0.059
-0.054
-0.044
-0.044
-0.054
-0.039
-0.031
-0.041
-0.039
-0.048
-0.06
-0.041
-0.025
-0.035
-0.041
-0.046
-0.046
-0.046
-0.058
-0.062
-0.066
-0.066
-0.051
-0.035
-0.032
-0.029
-0.027
-0.029
-0.026
-0.029
-0.031
-0.034
-0.026
0.0028
0.02
0.029
0.024
0.011
-0.0021
-0.0071
-0.0083
-0.0063
0.0084
0.039
0.068
0.076
0.064
0.043
0.04
0.054
0.054
0.052
0.049
0.031
0.0051
0.011
0.037
0.039
0.026
0.013
0.01
0.0086
0.022
0.036
0.025
0.013
0.0096
0.01
0.0041
-0.015
-0.033
-0.037
-0.031
-0.035
-0.045
-0.041
-0.027
-0.027
-0.026
-0.025
-0.044
-0.049
-0.046
-0.042
-0.037
-0.041
-0.037
-0.044
-0.053
-0.052
-0.051
-0.064
-0.063
-0.064
-0.058
-0.04
-0.034
-0.037
-0.047
-0.061
-0.076
-0.075
-0.05
-0.026
-0.011
-0.0085
-0.024
-0.055
-0.071
-0.066
-0.06
-0.053
-0.04
-0.035
-0.038
-0.041
-0.043
-0.047
-0.047
-0.038
-0.031
-0.035
-0.041
-0.036
-0.019
-0.0095
-0.014
-0.016
-0.017
-0.015
-0.0052
-0.0056
-0.0073
-0.024
-0.039
-0.037
-0.026
-0.0071
0.003
-0.0085
-0.021
-0.0022
0.022
0.043
0.056
0.054
0.04
0.031
0.031
0.033
0.043
0.054
0.055
0.064
0.089
0.096
0.069
0.067
0.075
0.067
0.065
0.071
0.084
0.092
0.095
0.098
0.11
0.13
0.13
0.13
0.13
0.13
0.11
0.11
0.12
0.13
0.13
0.13
0.12
0.11
0.1
0.1
0.096
0.095
0.11
0.13
0.14
0.14
0.14
0.13
0.12
0.11
0.1
0.069
0.041
0.036
0.064
0.1
0.13
0.15
0.14
0.12
0.1
0.075
0.052
0.03
0.015
0.019
0.037
0.054
0.076
0.092
0.1
0.11
0.095
0.059
0.022
-0.015
-0.062
-0.1
-0.11
-0.072
-0.0069
0.053
0.078
0.077
0.057
0.018
-0.025
-0.069
-0.11
-0.13
-0.12
-0.079
-0.039
-0.0013
0.03
0.022
-0.014
-0.06
-0.087
-0.12
-0.15
-0.14
-0.12
-0.1
-0.11
-0.1
-0.1
-0.088
-0.067
-0.063
-0.083
-0.13
-0.18
-0.18
-0.15
-0.12
-0.089
-0.084
-0.091
-0.073
-0.044
-0.051
-0.087
-0.12
-0.13
-0.12
-0.086
-0.064
-0.06
-0.059
-0.051
-0.032
-0.028
-0.043
-0.058
-0.049
-0.035
-0.029
-0.029
-0.019
-0.019
-0.033
-0.034
-0.047
-0.076
-0.11
-0.11
-0.081
-0.041
-0.005
0.01
0.013
0.01
0.018
0.024
0.019
-0.0015
-0.018
-0.012
-0.0081
-0.011
-0.0087
-0.0078
-0.0051
0.0086
0.029
0.029
0.015
0.0077
-0.0017
-0.014
-0.027
-0.014
0.013
0.043
0.071
0.083
0.083
0.076
0.066
0.049
0.034
0.03
0.039
0.062
0.08
0.095
0.12
0.14
0.14
0.13
0.11
0.075
0.062
0.06
0.057
0.059
0.077
0.12
0.13
0.13
0.13
0.12
0.1
0.11
0.11
0.11
0.099
0.1
0.12
0.13
0.13
0.12
0.11
0.096
0.077
0.057
0.05
0.057
0.062
0.075
0.093
0.094
0.073
0.048
0.041
0.042
0.04
0.044
0.045
0.039
0.041
0.077
0.12
0.14
0.12
0.088
0.06
0.049
0.048
0.044
0.043
0.05
0.064
0.074
0.07
0.068
0.057
0.047
0.043
0.034
0.038
0.042
0.055
0.066
0.072
0.071
0.07
0.068
0.068
0.071
0.073
0.052
0.041
0.063
0.084
0.089
0.09
0.093
0.1
0.1
0.084
0.06
0.043
0.044
0.052
0.072
0.074
0.047
0.048
0.064
0.073
0.067
0.052
0.048
0.056
0.062
0.056
0.044
0.04
0.034
0.019
-0.0058
-0.00047
0.027
0.049
0.055
0.035
0.011
-0.0069
-0.0051
0.02
0.049
0.056
0.042
0.0046
-0.034
-0.055
-0.053
-0.052
-0.045
-0.0088
0.04
0.069
0.066
0.041
0.0017
-0.055
-0.091
-0.086
-0.068
-0.053
-0.038
-0.028
-0.009
0.021
0.031
0.0018
-0.028
-0.036
-0.036
-0.037
-0.058
-0.092
-0.12
-0.11
-0.09
-0.066
-0.051
-0.045
-0.032
-0.031
-0.06
-0.096
-0.11
-0.094
-0.082
-0.09
-0.11
-0.14
-0.13
-0.12
-0.1
-0.091
-0.071
-0.056
-0.065
-0.098
-0.15
-0.18
-0.17
-0.14
-0.11
-0.087
-0.084
-0.11
-0.12
-0.11
-0.098
-0.09
-0.073
-0.044
-0.032
-0.052
-0.091
-0.14
-0.2
-0.22
-0.17
-0.12
-0.11
-0.11
-0.095
-0.079
-0.055
-0.056
-0.087
-0.1
-0.096
-0.074
-0.063
-0.062
-0.056
-0.049
-0.045
-0.049
-0.025
0.0065
-0.003
-0.049
-0.093
-0.1
-0.096
-0.084
-0.075
-0.074
-0.055
-0.02
0.00087
0.016
0.022
0.0016
-0.02
-0.033
-0.027
-0.0044
0.00078
0.0082
0.028
0.029
0.0051
-0.013
-0.0022
0.019
0.013
0.0065
0.015
0.00063
-0.015
0.0037
0.045
0.062
0.047
0.028
0.02
0.028
0.037
0.032
0.03
0.035
0.027
0.018
0.021
0.031
0.047
0.063
0.08
0.085
0.076
0.062
0.05
0.056
0.053
0.037
0.037
0.041
0.054
0.056
0.049
0.035
0.031
0.042
0.061
0.087
0.1
0.11
0.11
0.085
0.046
0.014
0.014
0.033
0.055
0.061
0.04
0.04
0.055
0.062
0.08
0.095
0.094
0.079
0.061
0.034
0.011
0.024
0.05
0.063
0.067
0.062
0.065
0.067
0.048
0.026
0.021
0.031
0.043
0.056
0.074
0.1
0.12
0.11
0.1
0.096
0.096
0.087
0.073
0.064
0.049
0.055
0.067
0.074
0.086
0.094
0.081
0.06
0.039
0.024
0.026
0.038
0.065
0.08
0.069
0.055
0.039
0.035
0.033
0.034
0.035
0.029
0.028
0.034
0.042
0.048
0.042
0.021
0.016
0.034
0.032
0.02
0.02
0.027
0.03
0.025
0.011
0.016
0.04
0.045
0.038
0.034
0.023
0.0023
-0.016
-0.025
-0.028
-0.023
-0.017
-0.017
-0.012
0.001
0.013
0.018
0.021
0.0088
-0.0085
-0.029
-0.046
-0.055
-0.027
0.0095
0.0098
-0.0062
-0.019
-0.023
-0.037
-0.051
-0.037
-0.033
-0.046
-0.031
0.008
0.035
0.026
0.0025
-0.02
-0.048
-0.064
-0.068
-0.085
-0.11
-0.11
-0.093
-0.059
-0.009
0.033
0.038
0.021
0.0043
0.0072
0.0051
-0.02
-0.055
-0.082
-0.083
-0.057
-0.021
0.0067
0.013
0.022
0.039
0.027
-0.0066
-0.036
-0.071
-0.091
-0.073
-0.06
-0.062
-0.048
-0.0093
0.03
0.059
0.052
0.013
-0.02
-0.049
-0.077
-0.076
-0.056
-0.049
-0.043
-0.0093
0.025
0.041
0.044
0.041
0.029
0.0092
-0.02
-0.056
-0.075
-0.076
-0.062
-0.031
-0.0044
0.0079
0.0006
0.0067
0.01
-0.0054
-0.031
-0.059
-0.065
-0.06
-0.05
-0.028
-0.0039
0.0092
0.0089
-0.00038
-0.013
-0.0066
0.0045
-0.0019
-0.023
-0.043
-0.039
-0.027
-0.0051
0.019
0.047
0.064
0.051
0.024
0.0098
0.0055
-0.00035
-0.011
-0.015
-0.026
-0.028
-0.002
0.021
0.014
0.003
0.0078
0.0049
-0.0078
-0.017
-0.025
-0.014
0.014
0.029
0.02
0.009
0.006
0.013
0.013
0.014
0.012
0.01
0.0071
0.0096
0.023
0.042
0.059
0.068
0.051
0.026
0.014
0.013
0.01
0.019
0.031
0.029
0.025
0.022
0.022
0.015
0.0081
0.0083
0.025
0.041
0.044
0.032
0.027
0.035
0.038
0.038
0.038
0.033
0.023
0.017
0.023
0.032
0.052
0.05
0.033
0.031
0.031
0.032
0.036
0.039
0.04
0.049
0.074
0.1
0.11
0.096
0.064
0.021
0.0011
0.01
0.033
0.059
0.08
0.07
0.034
0.014
0.022
0.04
0.04
0.032
0.037
0.043
0.054
0.049
0.035
0.023
0.0047
-0.0059
-0.0059
-0.018
-0.032
-0.019
-0.0011
0.0026
0.013
0.042
0.046
0.021
0.0034
-0.011
-0.026
-0.033
-0.027
-0.011
-0.007
-0.0029
-0.0095
-0.038
-0.061
-0.066
-0.065
-0.062
-0.049
-0.037
-0.038
-0.049
-0.054
-0.04
-0.033
-0.035
-0.04
-0.054
-0.078
-0.078
-0.063
-0.048
-0.026
-0.019
-0.035
-0.062
-0.066
-0.038
-0.035
-0.041
-0.024
-0.011
-0.011
-0.0032
-0.015
-0.045
-0.061
-0.05
-0.029
-0.015
-0.0059
-0.004
-0.017
-0.013
0.0002
-0.011
-0.017
-0.0009
0.0022
-0.0086
-0.0075
-0.0022
-0.0098
-0.017
-0.011
-0.026
-0.043
-0.028
-0.0035
0.0024
0.0038
0.0044
-0.002
0.019
0.036
0.035
0.047
0.043
0.019
-0.014
-0.04
-0.057
-0.067
-0.049
-0.023
0.01
0.044
0.066
0.064
0.035
0.0051
-0.017
-0.02
-0.035
-0.058
-0.068
-0.061
-0.048
-0.012
0.04
0.056
0.036
0.0024
-0.027
-0.045
-0.055
-0.052
-0.043
-0.043
-0.032
0.0056
0.034
0.058
0.073
0.06
0.032
0.0062
-0.018
-0.037
-0.045
-0.043
-0.04
-0.026
0.005
0.04
0.05
0.036
0.018
-0.0037
-0.018
-0.022
-0.027
-0.029
-0.019
-0.0047
-0.00063
-0.0059
-0.021
-0.021
-0.019
-0.023
-0.023
-0.025
-0.019
0.0052
0.032
0.044
0.052
0.039
0.014
-0.00063
-0.021
-0.029
-0.033
-0.02
0.0069
0.011
0.015
0.026
0.032
0.028
0.021
0.0067
-0.018
-0.027
-0.023
-0.0081
0.023
0.057
0.082
0.086
0.057
0.023
0.011
0.0026
0.00026
-0.0069
-0.0094
0.0041
0.041
0.085
0.11
0.12
0.11
0.088
0.065
0.034
0.011
0.0031
0.0092
0.018
0.034
0.057
0.084
0.11
0.11
0.09
0.067
0.059
0.044
0.028
0.0049
0.0016
0.033
0.074
0.1
0.1
0.092
0.06
0.027
0.013
-0.0033
-0.023
-0.023
0.0079
0.041
0.068
0.076
0.052
0.023
0.029
0.053
0.059
0.045
0.014
-0.0022
0.015
0.03
0.034
0.031
0.02
0.004
-0.021
-0.043
-0.04
-0.018
0.0021
0.025
0.03
0.025
0.023
0.0096
0.013
0.0054
-0.011
-0.015
-0.011
-0.014
-0.023
-0.023
-0.014
0.0075
0.021
0.02
0.009
-0.00072
-0.0054
-0.025
-0.054
-0.06
-0.048
-0.024
0.0042
0.0042
-0.0086
-0.0044
-0.0054
-0.0084
-0.0029
0.0044
-0.0085
-0.026
-0.033
-0.037
-0.027
-0.015
-0.0029
-0.0017
-0.013
-0.023
-0.032
-0.038
-0.04
-0.036
-0.026
-0.0056
0.006
0.0021
-0.0078
-0.022
-0.021
-0.017
-0.023
-0.026
-0.03
-0.019
0.0019
0.0081
-0.015
-0.042
-0.055
-0.041
-0.016
-0.011
-0.012
-0.014
-0.028
-0.038
-0.039
-0.038
-0.043
-0.052
-0.052
-0.046
-0.036
-0.017
-0.0047
-0.017
-0.03
-0.038
-0.032
-0.021
-0.034
-0.051
-0.053
-0.053
-0.053
-0.053
-0.05
-0.043
-0.039
-0.046
-0.052
-0.055
-0.048
-0.039
-0.045
-0.056
-0.066
-0.052
-0.041
-0.046
-0.047
-0.045
-0.031
-0.021
-0.015
-0.031
-0.067
-0.074
-0.043
-0.019
-0.016
-0.018
-0.034
-0.043
-0.024
0.016
0.041
0.037
0.035
0.03
0.028
0.029
0.023
0.0054
-0.013
-0.02
-0.012
0.018
0.047
0.077
0.11
0.11
0.091
0.077
0.064
0.04
0.015
-0.014
-0.02
0.0034
0.036
0.067
0.088
0.11
0.098
0.081
0.063
0.043
0.023
0.0013
-0.0029
0.01
0.033
0.062
0.09
0.1
0.086
0.068
0.049
0.042
0.032
0.018
0.017
0.04
0.07
0.088
0.1
0.12
0.11
0.11
0.11
0.099
0.081
0.055
0.033
0.016
0.018
0.039
0.055
0.057
0.06
0.055
0.041
0.026
0.033
0.04
0.027
0.0069
-0.0068
0.013
0.037
0.039
0.034
0.02
0.014
0.016
0.016
0.023
0.039
0.052
0.067
0.073
0.074
0.085
0.086
0.084
0.087
0.078
0.066
0.068
0.076
0.071
0.063
0.052
0.053
0.054
0.062
0.082
0.092
0.085
0.072
0.059
0.059
0.071
0.087
0.1
0.097
0.082
0.066
0.055
0.05
0.052
0.049
0.044
0.034
0.036
0.056
0.067
0.075
0.07
0.05
0.03
0.029
0.04
0.046
0.038
0.012
-0.0058
-0.0014
0.011
0.026
0.04
0.037
0.029
0.027
0.017
0.0073
0.0028
0.0096
0.021
0.025
0.022
0.012
0.0053
0.0011
0.011
0.015
0.012
0.012
-0.0012
-0.022
-0.027
-0.022
-0.0075
0.0018
0.0045
-0.012
-0.039
-0.048
-0.035
-0.028
-0.036
-0.029
-0.015
-0.014
-0.041
-0.071
-0.068
-0.034
-0.017
-0.03
-0.042
-0.045
-0.05
-0.062
-0.071
-0.07
-0.065
-0.067
-0.063
-0.059
-0.063
-0.062
-0.054
-0.052
-0.053
-0.056
-0.062
-0.061
-0.046
-0.028
-0.022
-0.035
-0.048
-0.055
-0.068
-0.074
-0.082
-0.085
-0.073
-0.068
-0.055
-0.036
-0.014
-0.00041
-0.014
-0.021
-0.027
-0.055
-0.065
-0.038
-0.017
-0.0084
-0.0051
-0.013
-0.025
-0.041
-0.044
-0.037
-0.052
-0.068
-0.066
-0.061
-0.046
-0.018
-0.01
0.0026
0.0084
0.0034
0.016
0.014
0.002
0.0095
0.018
0.018
0.033
0.041
0.048
0.043
0.029
0.038
0.013
-0.023
-0.026
-0.019
-0.031
-0.032
-0.011
0.021
0.053
0.064
0.087
0.092
0.068
0.046
0.015
-0.031
-0.058
-0.039
0.0079
0.053
0.095
0.12
0.11
0.076
0.037
0.013
-0.02
-0.042
-0.043
-0.041
-0.029
-0.0052
0.006
0.014
0.023
0.015
0.012
0.0052
-0.012
-0.039
-0.055
-0.042
-0.025
-0.019
-0.026
-0.034
-0.047
-0.06
-0.056
-0.04
-0.025
-0.038
-0.058
-0.05
-0.021
-1.5e-005
0.012
0.013
-0.00081
-0.024
-0.045
-0.06
-0.058
-0.045
-0.038
-0.038
-0.037
-0.029
-0.014
0.0012
0.0022
-0.0061
-0.011
-0.018
-0.032
-0.055
-0.063
-0.046
-0.02
-0.0006
0.014
0.0098
-0.0063
-0.027
-0.04
-0.055
-0.065
-0.064
-0.058
-0.038
-0.032
-0.035
-0.029
-0.0025
0.02
0.016
-0.0011
-0.036
-0.066
-0.088
-0.094
-0.074
-0.06
-0.052
-0.049
-0.047
-0.04
-0.034
-0.052
-0.071
-0.081
-0.078
-0.056
-0.029
-0.013
-0.0073
-0.0052
-0.01
-0.012
-0.003
0.0015
-0.01
-0.018
-0.027
-0.038
-0.039
-0.037
-0.031
-0.031
-0.034
-0.041
-0.036
-0.013
-0.013
-0.047
-0.068
-0.056
-0.018
0.019
0.045
0.056
0.045
0.025
0.0083
0.0075
0.00011
-0.014
-0.017
-0.022
-0.0027
0.03
0.042
0.028
-0.00081
-0.02
-0.018
-0.017
-0.028
-0.022
-0.016
-0.0084
-0.0014
-0.0048
0.0088
0.047
0.073
0.065
0.032
0.0051
-0.0047
0.001
0.016
0.025
0.016
0.015
0.022
0.014
0.0052
0.0074
0.011
0.0072
-0.0056
-0.021
-0.037
-0.046
-0.033
0.0093
0.036
0.036
0.02
0.00029
-0.011
-0.013
-0.0028
0.0082
0.013
0.018
0.042
0.067
0.081
0.084
0.073
0.064
0.051
0.05
0.046
0.036
0.037
0.052
0.075
0.078
0.064
0.055
0.06
0.063
0.068
0.079
0.079
0.064
0.056
0.062
0.071
0.078
0.081
0.082
0.075
0.075
0.08
0.076
0.064
0.052
0.036
0.025
0.034
0.056
0.071
0.074
0.069
0.065
0.074
0.072
0.058
0.054
0.057
0.06
0.063
0.064
0.058
0.04
0.02
0.018
0.018
0.014
0.019
0.027
0.046
0.058
0.052
0.032
0.023
0.016
0.0036
0.00035
0.016
0.049
0.063
0.058
0.038
0.0028
-0.025
-0.035
-0.038
-0.043
-0.033
-0.0028
0.025
0.029
0.029
0.043
0.037
0.016
-0.0077
-0.044
-0.089
-0.11
-0.086
-0.053
-0.017
0.035
0.066
0.064
0.034
-0.017
-0.047
-0.046
-0.036
-0.023
-0.02
-0.0071
0.0086
0.0094
0.0078
0.011
0.024
0.024
-0.0036
-0.02
-0.025
-0.02
-0.00023
0.015
0.018
0.02
0.018
0.01
0.0097
0.016
0.016
0.016
0.031
0.036
0.039
0.051
0.061
0.06
0.048
0.028
0.018
0.021
0.02
0.0071
-0.0075
-0.0041
0.0071
0.0096
-0.0026
-0.023
-0.023
-0.013
-0.016
-0.016
-0.0069
-0.036
-0.078
-0.078
-0.048
-0.0019
0.032
0.029
0.012
-0.0034
-0.0027
0.037
0.074
0.083
0.061
0.032
0.02
0.028
0.052
0.065
0.074
0.067
0.068
0.08
0.069
0.049
0.041
0.05
0.068
0.063
0.055
0.065
0.072
0.077
0.085
0.079
0.059
0.022
-0.011
0.0046
0.037
0.069
0.089
0.078
0.051
0.041
0.072
0.13
0.18
0.14
0.025
-0.11
-0.22
-0.17
-0.006
0.16
0.21
0.14
0.0062
-0.057
-0.027
0.021
0.063
0.077
0.037
-0.022
-0.055
-0.061
-0.052
-0.038
-0.022
0.017
0.068
0.093
0.081
0.076
0.09
0.088
0.047
-0.013
-0.045
-0.053
-0.042
0.0099
0.073
0.12
0.1
0.03
-0.036
-0.076
-0.098
-0.085
-0.058
-0.038
-0.0011
0.045
0.077
0.092
0.1
0.11
0.074
0.032
0.0062
-0.003
0.0059
0.025
0.054
0.063
0.065
0.073
0.073
0.075
0.087
0.089
0.096
0.1
0.099
0.095
0.049
-0.018
-0.063
-0.091
-0.093
-0.069
-0.029
0.0092
0.036
0.04
0.0068
-0.027
-0.031
-0.028
-0.04
-0.048
-0.04
-0.026
-0.0038
0.017
0.017
-0.022
-0.048
-0.043
-0.026
-0.019
-0.041
-0.074
-0.069
-0.025
0.019
0.045
0.042
0.004
-0.052
-0.095
-0.1
-0.075
-0.042
-0.021
-0.028
-0.046
-0.047
-0.046
-0.053
-0.054
-0.055
-0.052
-0.049
-0.042
-0.04
-0.049
-0.047
-0.041
-0.026
-0.017
-0.026
-0.05
-0.063
-0.062
-0.067
-0.052
-0.043
-0.061
-0.062
-0.033
-0.015
-0.017
-0.035
-0.06
-0.077
-0.075
-0.054
-0.027
-0.0038
0.013
-0.00093
-0.029
-0.054
-0.057
-0.031
-0.017
-0.014
0.00072
0.036
0.056
0.047
0.063
0.081
0.069
0.04
0.0091
-0.021
-0.029
0.0052
0.054
0.088
0.11
0.12
0.11
0.078
0.068
0.089
0.12
0.12
0.11
0.087
0.059
0.042
0.05
0.064
0.053
0.068
0.089
0.097
0.1
0.1
0.078
0.046
0.023
0.0088
0.012
0.041
0.068
0.081
0.077
0.068
0.067
0.065
0.058
0.049
0.038
0.027
0.023
0.023
0.023
0.013
0.0043
0.0026
0.0055
0.029
0.048
0.051
0.05
0.041
0.009
-0.03
-0.043
-0.042
-0.037
-0.021
-0.0018
0.0076
0.0074
0.015
0.014
0.0096
-0.0094
-0.047
-0.081
-0.096
-0.092
-0.075
-0.055
-0.028
0.0095
0.038
0.033
0.0035
-0.029
-0.063
-0.083
-0.09
-0.079
-0.046
0.00041
0.024
0.0025
-0.028
-0.045
-0.063
-0.074
-0.055
-0.042
-0.056
-0.043
-0.014
-0.011
-0.015
-0.023
-0.023
-0.011
0.0096
0.016
-0.013
-0.054
-0.071
-0.048
-0.01
0.035
0.076
0.084
0.042
-0.035
-0.11
-0.15
-0.13
-0.055
0.008
0.047
0.079
0.099
0.094
0.06
0.011
-0.021
-0.017
0.004
0.028
0.047
0.043
0.033
0.04
0.059
0.077
0.094
0.11
0.097
0.078
0.063
0.057
0.06
0.072
0.084
0.081
0.055
0.023
0.00044
-0.0054
0.0068
0.019
0.024
0.026
0.012
-0.0082
-0.013
0.0049
0.035
0.069
0.1
0.13
0.11
0.041
-0.043
-0.11
-0.12
-0.1
-0.053
0.0078
0.063
0.1
0.11
0.09
0.035
-0.018
-0.078
-0.11
-0.092
-0.046
0.0043
0.042
0.057
0.049
0.024
-0.0067
-0.035
-0.039
-0.019
0.0037
0.02
0.035
0.026
-0.01
-0.047
-0.077
-0.081
-0.073
-0.057
-0.03
-0.00011
0.028
0.035
0.038
0.037
0.03
0.015
0.0017
0.012
0.034
0.049
0.062
0.07
0.068
0.048
0.014
-0.033
-0.063
-0.066
-0.047
-0.022
-0.023
-0.022
-0.0097
-0.015
-0.034
-0.033
-0.024
-0.023
-0.028
-0.032
-0.028
-0.023
-0.029
-0.039
-0.049
-0.05
-0.043
-0.024
-0.0058
0.0071
0.019
0.028
0.014
-0.017
-0.054
-0.07
-0.048
-0.038
-0.043
-0.028
0.0032
0.024
0.023
0.013
-0.0089
-0.031
-0.039
-0.045
-0.055
-0.052
-0.051
-0.064
-0.064
-0.033
-0.008
-0.0083
-0.015
-0.013
-0.0061
-0.0089
-0.028
-0.054
-0.09
-0.13
-0.13
-0.085
-0.02
0.022
0.049
0.05
0.03
0.004
-0.024
-0.046
-0.056
-0.052
-0.05
-0.054
-0.031
0.01
0.041
0.054
0.06
0.06
0.041
0.0012
-0.028
-0.028
-0.019
-0.017
-0.0063
0.023
0.062
0.099
0.11
0.098
0.08
0.044
0.0067
-0.0065
0.0018
0.016
0.022
0.015
0.0049
0.007
0.0084
0.012
0.024
0.026
0.017
-0.002
-0.005
-0.0068
-0.01
0.00035
0.021
0.039
0.039
0.027
0.01
0.0081
0.0014
-0.016
-0.02
-0.014
-7.6e-005
0.0061
0.0056
0.0065
0.0023
0.015
0.038
0.035
0.023
0.02
0.0034
-0.013
-0.016
-0.0011
0.018
0.021
0.0074
-0.019
-0.035
-0.038
-0.043
-0.045
-0.032
-0.021
-0.022
-0.0096
0.0036
-0.0062
-0.023
-0.025
-0.022
-0.024
-0.021
-0.0096
0.016
0.034
0.042
0.042
0.013
-0.019
-0.028
-0.0046
0.02
0.03
0.011
-0.028
-0.039
-0.014
0.035
0.069
0.062
0.038
0.034
0.046
0.051
0.061
0.083
0.084
0.072
0.065
0.072
0.072
0.063
0.054
0.051
0.065
0.079
0.099
0.12
0.12
0.1
0.091
0.091
0.083
0.063
0.044
0.045
0.05
0.055
0.068
0.084
0.1
0.1
0.086
0.058
0.042
0.038
0.032
0.03
0.019
0.018
0.044
0.068
0.071
0.078
0.073
0.051
0.035
0.029
0.026
0.024
0.022
0.026
0.034
0.037
0.028
0.02
0.026
0.024
0.0055
-0.0053
-0.012
-0.029
-0.048
-0.062
-0.053
-0.033
-0.026
-0.023
-0.021
-0.018
-0.02
-0.035
-0.047
-0.04
-0.032
-0.032
-0.022
-0.016
-0.024
-0.042
-0.051
-0.047
-0.048
-0.053
-0.054
-0.054
-0.059
-0.056
-0.046
-0.06
-0.058
-0.042
-0.042
-0.052
-0.051
-0.044
-0.044
-0.055
-0.062
-0.052
-0.031
-0.021
-0.04
-0.062
-0.056
-0.052
-0.051
-0.042
-0.027
-0.016
-0.017
-0.015
-0.02
-0.034
-0.049
-0.029
-0.0034
-0.018
-0.038
-0.046
-0.052
-0.053
-0.058
-0.06
-0.042
-0.016
-0.011
-0.029
-0.046
-0.044
-0.033
-0.035
-0.037
-0.023
-0.0069
0.0073
0.011
0.00011
0.0012
0.0021
-0.005
-0.022
-0.05
-0.058
-0.043
-0.014
0.026
0.057
0.056
0.042
0.02
-0.0052
-0.018
-0.015
-0.02
-0.037
-0.042
-0.0083
0.047
0.084
0.088
0.075
0.056
0.042
0.019
-0.025
-0.053
-0.063
-0.062
-0.049
-0.021
0.018
0.057
0.08
0.082
0.081
0.057
0.0056
-0.051
-0.085
-0.074
-0.044
-0.0096
0.031
0.079
0.11
0.11
0.086
0.043
0.015
-0.0009
-0.0047
-0.0046
-0.00038
0.023
0.055
0.08
0.097
0.092
0.059
0.025
-0.0095
-0.033
-0.039
-0.046
-0.047
-0.026
-0.0095
-0.012
-0.02
-0.032
-0.047
-0.056
-0.063
-0.068
-0.08
-0.094
-0.093
-0.089
-0.084
-0.081
-0.078
-0.078
-0.079
-0.083
-0.091
-0.086
-0.072
-0.069
-0.075
-0.071
-0.056
-0.049
-0.051
-0.058
-0.067
-0.063
-0.046
-0.039
-0.044
-0.046
-0.063
-0.069
-0.065
-0.071
-0.074
-0.068
-0.07
-0.063
-0.05
-0.052
-0.05
-0.035
-0.0078
0.025
0.04
0.039
0.041
0.038
0.027
0.0047
-0.0073
-0.014
-0.028
-0.022
0.019
0.049
0.048
0.029
0.0025
-0.02
-0.025
-0.017
-0.00011
0.0086
-0.005
-0.017
-0.016
0.0018
0.03
0.029
0.006
-0.017
-0.037
-0.043
-0.023
0.0087
0.038
0.053
0.054
0.071
0.073
0.045
0.013
-0.019
-0.0098
0.035
0.083
0.1
0.089
0.059
0.03
0.033
0.048
0.069
0.085
0.078
0.072
0.071
0.05
0.036
0.037
0.041
0.049
0.057
0.061
0.057
0.052
0.052
0.056
0.063
0.066
0.049
0.031
0.029
0.037
0.049
0.045
0.034
0.03
0.032
0.03
0.026
0.029
0.029
0.019
-0.00081
-0.012
0.0065
0.019
-0.0061
-0.043
-0.057
-0.04
-0.028
-0.038
-0.043
-0.05
-0.061
-0.074
-0.076
-0.069
-0.054
-0.053
-0.073
-0.092
-0.1
-0.1
-0.09
-0.082
-0.062
-0.057
-0.06
-0.054
-0.056
-0.062
-0.059
-0.041
-0.022
-0.01
-0.016
-0.029
-0.034
-0.032
-0.026
-0.018
-0.011
-0.019
-0.035
-0.049
-0.053
-0.029
-0.001
0.015
0.013
0.013
0.018
0.0085
-0.0059
-0.0065
-0.0039
0.0018
0.017
0.021
0.016
0.0011
-0.013
-0.0033
0.0079
0.0095
0.012
0.015
0.012
0.0098
-0.00069
0.0024
0.023
0.028
0.012
-0.013
-0.037
-0.04
-0.021
-0.011
-0.0006
0.017
0.024
0.025
0.028
0.04
0.051
0.038
0.00081
-0.054
-0.097
-0.093
-0.058
-0.025
0.0081
0.032
0.031
0.031
0.03
0.019
0.011
-0.002
-0.025
-0.051
-0.076
-0.083
-0.057
-0.02
0.0096
0.023
0.015
0.0086
-0.0054
-0.0094
-0.0009
-0.012
-0.031
-0.04
-0.052
-0.057
-0.026
-0.0058
-0.0051
-0.0035
-0.0026
-0.014
-0.038
-0.064
-0.078
-0.071
-0.049
-0.028
-0.0068
-0.00044
0.001
0.0031
0.0059
0.013
-0.0081
-0.044
-0.063
-0.076
-0.082
-0.076
-0.072
-0.069
-0.058
-0.034
-0.0061
-0.0055
-0.021
-0.039
-0.051
-0.039
-0.031
-0.056
-0.075
-0.056
-0.029
-0.0076
0.00053
-0.0088
-0.011
-0.012
-0.012
-0.0098
-0.0035
0.011
0.018
0.021
0.029
0.038
0.023
0.0047
0.00041
0.0066
0.016
0.018
0.02
0.026
0.03
0.024
0.0073
-0.0012
0.005
0.0087
0.0085
0.015
0.013
0.009
0.014
0.016
0.017
0.023
0.018
-0.0014
-0.0053
-0.0052
-0.00026
0.02
0.032
0.032
0.017
-0.0051
-0.0037
0.0096
0.02
0.017
0.0057
0.0083
0.024
0.023
0.0048
0.015
0.035
0.035
0.02
0.0047
0.0044
0.018
0.025
0.029
0.041
0.056
0.07
0.057
0.039
0.041
0.059
0.093
0.12
0.12
0.099
0.058
0.043
0.064
0.094
0.11
0.11
0.12
0.12
0.12
0.11
0.11
0.13
0.14
0.15
0.14
0.12
0.11
0.11
0.11
0.11
0.13
0.14
0.14
0.14
0.15
0.15
0.15
0.14
0.12
0.1
0.086
0.074
0.064
0.071
0.092
0.1
0.095
0.077
0.049
0.034
0.031
0.026
0.02
0.022
0.036
0.039
0.055
0.093
0.12
0.11
0.081
0.039
-0.0015
-0.0018
0.034
0.056
0.057
0.05
0.047
0.043
0.036
0.038
0.046
0.045
0.039
0.042
0.053
0.061
0.035
0.016
0.028
0.045
0.057
0.059
0.054
0.049
0.051
0.058
0.066
0.069
0.056
0.048
0.049
0.051
0.068
0.089
0.11
0.11
0.064
0.032
0.038
0.047
0.054
0.054
0.044
0.041
0.042
0.04
0.038
0.035
0.029
0.028
0.034
0.04
0.044
0.049
0.042
0.022
0.017
0.036
0.03
-0.0019
-0.018
-0.0043
0.013
0.024
0.032
0.042
0.058
0.05
0.051
0.068
0.073
0.057
0.017
-0.022
-0.046
-0.044
-0.024
0.019
0.068
0.094
0.099
0.096
0.098
0.088
0.057
0.019
-0.0082
-0.016
-0.016
-0.00056
0.019
0.057
0.088
0.092
0.077
0.042
0.00066
-0.031
-0.043
-0.038
-0.022
-0.018
-0.011
0.026
0.064
0.074
0.068
0.067
0.056
0.012
-0.036
-0.054
-0.04
-0.0049
0.036
0.057
0.066
0.073
0.058
0.026
0.0072
-0.0011
-0.022
-0.043
-0.051
-0.054
-0.062
-0.054
-0.031
-0.023
-0.018
-0.016
-0.026
-0.029
-0.048
-0.075
-0.082
-0.077
-0.061
-0.047
-0.049
-0.061
-0.058
-0.043
-0.044
-0.066
-0.088
-0.098
-0.095
-0.076
-0.043
-0.0026
0.022
0.012
-0.0054
-0.02
-0.042
-0.077
-0.085
-0.049
-0.016
-0.0097
-0.039
-0.064
-0.062
-0.059
-0.063
-0.076
-0.095
-0.1
-0.076
-0.048
-0.023
0.0067
0.026
0.035
0.03
0.0031
-0.025
-0.038
-0.038
-0.019
-0.0026
0.0048
0.02
0.029
0.02
0.015
0.022
0.037
0.052
0.046
0.014
-0.0022
-0.0086
-0.019
-0.026
-0.002
0.039
0.064
0.061
0.039
0.027
0.042
0.059
0.042
0.014
0.01
0.02
0.043
0.063
0.066
0.06
0.049
0.039
0.023
0.003
-0.022
-0.04
-0.04
-0.015
0.0061
0.0058
0.0069
0.0058
0.0037
0.0029
0.0096
0.024
0.03
0.025
0.021
0.03
0.03
0.021
0.015
0.0097
0.0074
-0.0058
-0.012
-0.014
-0.01
-0.0012
0.00066
-0.021
-0.041
-0.031
-0.031
-0.049
-0.051
-0.029
-0.01
-0.02
-0.058
-0.098
-0.11
-0.099
-0.075
-0.056
-0.053
-0.064
-0.081
-0.083
-0.073
-0.073
-0.075
-0.068
-0.065
-0.069
-0.068
-0.054
-0.024
-0.012
-0.023
-0.033
-0.042
-0.047
-0.062
-0.066
-0.053
-0.039
-0.031
-0.024
0.0019
0.018
0.014
-0.0063
-0.021
-0.018
-0.017
-0.019
-0.021
-0.011
0.015
0.045
0.044
0.014
-0.02
-0.041
-0.028
-0.0072
0.015
0.034
0.037
0.022
0.022
0.035
0.027
0.0015
-0.022
-0.036
-0.026
0.0089
0.032
0.023
-0.0069
-0.044
-0.058
-0.038
-0.01
-0.011
-0.023
-0.017
-0.017
-0.025
-0.028
-0.03
-0.023
-0.014
-0.029
-0.055
-0.081
-0.088
-0.067
-0.038
-0.0063
0.025
0.027
0.0052
0.0076
0.014
0.014
0.0067
-0.018
-0.063
-0.1
-0.095
-0.053
-0.0072
0.029
0.034
0.012
-0.0077
-0.022
-0.037
-0.038
-0.021
-0.016
-0.022
-0.022
-0.013
-0.0015
-0.00014
0.00023
0.024
0.04
0.029
-0.0016
-0.045
-0.067
-0.057
-0.036
-0.004
0.019
0.016
0.0091
0.0062
0.012
0.036
0.046
0.039
0.03
0.031
0.025
0.014
0.0084
0.014
0.02
0.008
0.0077
0.029
0.041
0.027
0.011
0.0015
-0.0037
0.018
0.029
0.0087
-0.036
-0.073
-0.073
-0.042
-0.0027
-0.00056
-0.017
-0.02
-0.018
-0.024
-0.028
-0.053
-0.099
-0.11
-0.082
-0.038
-0.0011
-0.011
-0.035
-0.036
-0.027
-0.029
-0.041
-0.041
-0.024
-0.016
-0.015
-0.0094
-0.018
-0.0077
0.015
0.0096
-0.018
-0.04
-0.032
-0.014
-0.0059
-0.0012
0.011
0.021
0.017
0.0013
-0.017
-0.017
-0.012
0.00093
0.032
0.041
0.027
0.013
-0.0027
-0.045
-0.082
-0.084
-0.061
-0.029
0.0017
0.015
0.0066
0.0057
0.015
0.01
0.00038
-0.0073
0.0016
0.018
0.0057
-0.03
-0.065
-0.072
-0.05
-0.024
0.0079
0.026
0.002
-0.022
-0.03
-0.028
-0.0051
0.018
0.038
0.036
0.0047
-0.023
-0.036
-0.024
-0.0043
0.0059
-0.0011
-0.012
-0.025
-0.031
-0.031
-0.027
-0.009
-0.0082
-0.024
-0.039
-0.037
-0.017
0.0034
0.024
0.036
0.033
0.0042
-0.012
-0.012
-0.0014
0.031
0.064
0.076
0.069
0.059
0.051
0.038
0.027
0.023
0.028
0.045
0.068
0.071
0.056
0.043
0.037
0.044
0.049
0.042
0.041
0.048
0.041
0.03
0.042
0.07
0.09
0.079
0.04
0.0063
-0.0045
0.0043
0.019
0.022
0.028
0.04
0.041
0.027
0.027
0.014
-0.004
-0.014
-0.019
0.0038
0.029
0.035
0.039
0.046
0.044
0.033
0.016
0.01
0.03
0.057
0.073
0.079
0.083
0.079
0.067
0.065
0.072
0.079
0.077
0.082
0.087
0.078
0.075
0.081
0.099
0.1
0.09
0.078
0.073
0.068
0.074
0.09
0.086
0.073
0.069
0.068
0.069
0.066
0.043
0.016
0.038
0.093
0.13
0.14
0.12
0.078
0.044
0.025
0.015
0.024
0.049
0.1
0.14
0.15
0.16
0.15
0.13
0.086
0.056
0.039
0.03
0.035
0.062
0.097
0.12
0.12
0.11
0.083
0.043
0.0095
0.0087
0.017
0.04
0.055
0.029
-0.012
-0.043
-0.047
-0.02
0.01
0.019
0.02
0.0028
-0.025
-0.02
-0.0085
-0.0031
0.00038
0.0033
0.0096
0.0086
0.01
0.029
0.036
0.02
0.0068
0.0036
-0.0031
-0.015
-0.01
0.04
0.08
0.067
0.04
0.024
-0.0017
-0.0084
0.0071
0.02
0.031
0.038
0.04
0.041
0.029
0.0057
-0.012
-0.016
-0.023
-0.017
0.003
0.013
-0.00032
-0.0082
0.0062
0.013
-0.011
-0.049
-0.063
-0.053
-0.035
-0.019
-0.013
-0.0058
-0.023
-0.053
-0.06
-0.058
-0.047
-0.028
-0.036
-0.053
-0.054
-0.058
-0.057
-0.05
-0.049
-0.037
-0.025
-0.025
-0.043
-0.065
-0.052
-0.032
-0.021
-0.04
-0.059
-0.062
-0.072
-0.098
-0.093
-0.049
-0.036
-0.056
-0.07
-0.079
-0.065
-0.028
-0.01
-0.025
-0.066
-0.11
-0.12
-0.11
-0.083
-0.033
-0.0075
-0.025
-0.051
-0.069
-0.094
-0.11
-0.095
-0.047
-0.013
-0.029
-0.066
-0.094
-0.11
-0.094
-0.059
-0.024
-0.0021
-0.0078
-0.02
-0.025
-0.031
-0.023
-0.017
-0.034
-0.04
-0.04
-0.039
-0.013
0.021
0.038
0.02
-0.022
-0.064
-0.075
-0.064
-0.037
-0.0078
0.003
0.014
0.021
0.015
0.0019
-0.012
-0.015
-0.007
0.0089
0.023
0.034
0.036
0.052
0.081
0.079
0.071
0.069
0.066
0.065
0.066
0.063
0.053
0.03
0.014
0.011
0.0098
0.015
0.0094
-0.015
-0.027
-0.026
-0.026
-0.037
-0.038
-0.024
-0.021
-0.03
-0.025
-0.0096
-0.025
-0.057
-0.1
-0.089
-0.014
0.029
0.048
0.068
0.054
0.0077
-0.017
-0.034
-0.047
-0.029
-0.00029
0.0088
0.012
0.03
0.046
0.033
0.028
0.037
0.025
0.018
0.012
-0.019
-0.031
0.0035
0.035
0.059
0.066
0.039
0.017
0.017
0.025
0.049
0.071
0.092
0.12
0.11
0.065
0.023
0.026
0.08
0.11
0.11
0.1
0.081
0.05
0.031
0.027
0.047
0.069
0.072
0.073
0.064
0.046
0.046
0.036
0.0078
-0.012
-0.028
-0.029
-0.013
0.0016
0.019
0.033
0.021
-0.0068
-0.024
-0.035
-0.039
-0.03
-0.028
-0.041
-0.057
-0.065
-0.042
-0.0091
-0.003
-0.034
-0.087
-0.14
-0.16
-0.16
-0.13
-0.076
-0.032
-0.014
-0.019
-0.034
-0.053
-0.083
-0.1
-0.1
-0.094
-0.085
-0.082
-0.088
-0.1
-0.094
-0.069
-0.024
0.021
0.021
-0.0079
-0.035
-0.046
-0.045
-0.047
-0.047
-0.024
0.01
0.032
0.045
0.033
0.02
0.031
0.043
0.043
0.052
0.062
0.05
0.042
0.061
0.11
0.14
0.14
0.13
0.09
0.04
0.011
0.015
0.052
0.091
0.095
0.082
0.08
0.068
0.045
0.023
0.017
0.031
0.046
0.055
0.06
0.064
0.068
0.082
0.094
0.1
0.11
0.1
0.083
0.08
0.089
0.11
0.13
0.13
0.13
0.13
0.12
0.11
0.11
0.09
0.071
0.059
0.06
0.056
0.04
0.029
0.019
0.0025
-0.019
-0.032
-0.019
-0.0061
-0.019
-0.043
-0.067
-0.095
-0.11
-0.1
-0.099
-0.092
-0.098
-0.12
-0.14
-0.15
-0.15
-0.14
-0.12
-0.097
-0.097
-0.13
-0.16
-0.17
-0.15
-0.14
-0.12
-0.077
-0.034
-0.021
-0.051
-0.081
-0.11
-0.12
-0.088
-0.05
-0.026
-0.029
-0.058
-0.058
-0.018
0.012
0.035
0.038
0.012
-0.0088
-0.026
-0.04
-0.027
0.00014
0.022
0.032
0.024
0.016
0.0079
-0.019
-0.034
-0.022
-0.0011
0.017
-0.0044
-0.04
-0.047
-0.052
-0.053
-0.02
0.014
0.03
0.024
-0.014
-0.029
-0.018
-0.014
0.0087
0.038
0.045
0.031
-0.0022
-0.015
0.0042
0.018
0.015
0.024
0.023
0.004
-0.0027
0.00072
0.016
0.018
0.0054
0.0059
0.02
0.028
0.028
0.0051
-0.013
0.0094
0.037
0.051
0.051
0.043
0.05
0.049
0.04
0.048
0.066
0.071
0.062
0.05
0.056
0.079
0.085
0.076
0.069
0.063
0.071
0.094
0.097
0.083
0.073
0.064
0.064
0.073
0.081
0.083
0.081
0.076
0.075
0.077
0.091
0.11
0.11
0.11
0.086
0.082
0.095
0.093
0.076
0.065
0.082
0.1
0.11
0.11
0.1
0.083
0.049
0.025
0.027
0.049
0.074
0.089
0.093
0.092
0.092
0.08
0.062
0.065
0.068
0.055
0.049
0.067
0.093
0.1
0.11
0.11
0.098
0.078
0.065
0.066
0.075
0.082
0.07
0.072
0.097
0.11
0.1
0.068
0.031
0.012
0.013
0.032
0.067
0.096
0.11
0.1
0.075
0.055
0.055
0.069
0.078
0.06
0.033
0.015
0.0079
0.005
0.012
0.013
0.0027
-0.0082
-0.0049
0.014
0.019
0.0051
0.003
0.024
0.036
0.025
0.021
0.032
0.027
0.0038
0.0018
0.012
0.018
0.017
0.014
0.01
0.0052
0.0065
0.0063
0.009
-0.0013
-0.016
0.0017
0.029
0.044
0.026
0.0024
0.0045
0.0087
0.0086
0.02
0.029
0.01
-0.012
-0.028
-0.03
-0.024
-0.028
-0.019
-0.014
-0.015
-0.0092
0.0018
0.0018
-0.0057
-0.015
-0.022
-0.0084
-0.0031
0.0046
0.021
0.031
0.022
-0.00044
-0.029
-0.047
-0.046
-0.032
-0.011
0.0064
0.0068
0.0094
-4.6e-005
-0.022
-0.035
-0.045
-0.04
-0.038
-0.055
-0.062
-0.053
-0.042
-0.024
-0.027
-0.05
-0.075
-0.095
-0.12
-0.13
-0.12
-0.097
-0.067
-0.05
-0.062
-0.08
-0.083
-0.087
-0.094
-0.095
-0.1
-0.12
-0.12
-0.098
-0.082
-0.06
-0.029
-0.021
-0.037
-0.053
-0.075
-0.093
-0.1
-0.11
-0.11
-0.094
-0.075
-0.047
-0.017
-0.0038
-0.0031
-0.009
-0.033
-0.061
-0.074
-0.053
-0.026
-0.019
-0.02
-0.015
-0.0091
0.017
0.05
0.048
0.022
-0.0078
-0.03
-0.026
-0.018
-0.026
-0.031
-0.02
-0.0056
0.022
0.058
0.087
0.09
0.06
0.0074
-0.034
-0.024
0.01
0.029
0.043
0.065
0.1
0.12
0.12
0.11
0.079
0.041
0.00026
-0.013
0.01
0.047
0.083
0.1
0.11
0.11
0.084
0.05
0.033
0.036
0.042
0.038
0.045
0.067
0.073
0.073
0.073
0.072
0.061
0.042
0.041
0.046
0.043
0.029
0.02
0.029
0.035
0.024
0.0057
0.0002
0.0017
0.0049
0.014
0.022
0.023
0.0087
-0.013
-0.032
-0.036
-0.018
0.0059
0.033
0.036
0.026
0.014
-0.0017
-0.011
-0.0073
0.00096
0.00081
-0.0097
-0.014
-0.0048
0.013
0.036
0.06
0.07
0.063
0.042
0.027
0.029
0.036
0.042
0.062
0.077
0.071
0.057
0.045
0.042
0.035
0.026
0.03
0.048
0.058
0.047
0.033
0.018
0.022
0.037
0.03
0.017
0.0065
0.0061
0.016
0.02
0.0074
-0.0049
-0.011
-0.0049
0.024
0.048
0.059
0.062
0.044
0.02
0.0024
-0.015
-0.04
-0.066
-0.086
-0.078
-0.058
-0.033
0.0063
0.033
0.031
0.012
-0.0082
-0.02
-0.03
-0.046
-0.047
-0.043
-0.055
-0.067
-0.078
-0.072
-0.055
-0.049
-0.034
-0.027
-0.054
-0.083
-0.092
-0.091
-0.093
-0.089
-0.079
-0.06
-0.044
-0.046
-0.048
-0.042
-0.037
-0.046
-0.082
-0.14
-0.17
-0.15
-0.12
-0.094
-0.068
-0.036
-0.012
-0.011
-0.021
-0.045
-0.063
-0.072
-0.073
-0.064
-0.053
-0.056
-0.054
-0.05
-0.063
-0.059
-0.035
-0.02
-0.018
-0.022
-0.026
-0.018
0.0041
0.016
0.017
0.014
0.017
0.027
0.017
-0.011
-0.032
-0.037
-0.029
-0.012
-0.014
-0.022
-0.015
-0.015
-0.0052
0.012
0.0057
-0.019
-0.038
-0.039
-0.03
-0.022
-0.012
0.0039
0.0055
-0.00069
-0.017
-0.038
-0.039
-0.024
-0.0018
0.0094
0.0091
0.0036
0.0046
0.019
0.031
0.011
-0.046
-0.09
-0.087
-0.026
0.052
0.1
0.11
0.092
0.045
0.0021
0.00029
0.011
-0.0096
-0.026
0.00099
0.039
0.068
0.083
0.078
0.073
0.065
0.037
0.0066
-0.0017
0.041
0.097
0.11
0.14
0.17
0.16
0.14
0.11
0.063
0.021
-0.026
-0.032
0.049
0.16
0.24
0.17
-0.019
-0.15
-0.15
-0.021
0.13
0.2
0.17
0.085
-0.022
-0.067
-0.007
0.081
0.11
0.094
0.1
0.14
0.14
0.11
0.057
0.017
0.014
0.034
0.035
0.021
0.023
0.022
0.018
0.023
0.033
0.03
0.02
-0.0095
-0.049
-0.07
-0.047
0.0018
0.033
0.047
0.022
-0.04
-0.077
-0.085
-0.068
-0.02
0.022
0.044
0.05
0.033
0.0096
-0.0074
-0.027
-0.049
-0.078
-0.084
-0.063
-0.048
-0.045
-0.06
-0.077
-0.079
-0.063
-0.059
-0.068
-0.071
-0.055
-0.016
0.02
0.037
0.022
-0.026
-0.079
-0.11
-0.1
-0.088
-0.069
-0.037
0.0025
0.011
-0.018
-0.049
-0.07
-0.079
-0.062
-0.032
0.006
0.046
0.053
0.016
-0.041
-0.082
-0.084
-0.061
-0.025
0.0099
0.011
-0.011
-0.013
-0.014
-0.034
-0.034
-0.042
-0.043
-0.0076
0.034
0.058
0.054
0.03
0.0036
-0.024
-0.049
-0.063
-0.065
-0.039
0.011
0.058
0.091
0.1
0.089
0.051
0.0094
-0.011
0.0023
0.014
-0.0027
-0.0056
0.012
0.01
-0.012
-0.02
-0.0091
0.012
0.019
0.01
0.0097
0.022
0.023
0.038
0.045
0.041
0.056
0.051
0.019
-0.0097
-0.015
-0.0017
0.024
0.055
0.067
0.071
0.07
0.065
0.046
0.025
0.012
0.0048
0.014
0.026
0.052
0.088
0.1
0.091
0.078
0.084
0.081
0.044
-0.011
-0.051
-0.045
0.014
0.086
0.13
0.12
0.096
0.073
0.041
-0.0025
-0.039
-0.05
-0.051
-0.045
-0.02
0.0011
-0.00038
-0.0057
-0.0024
0.0072
0.0031
-0.0099
-0.018
-0.019
-0.036
-0.063
-0.035
0.029
0.061
0.043
0.021
0.029
0.023
-0.0084
-0.025
-0.018
-0.0095
0.0046
0.012
0.0033
-0.0011
-0.018
-0.028
-0.013
0.0093
0.033
0.058
0.061
0.035
0.014
-0.00078
-0.011
0.0031
0.038
0.074
0.098
0.083
0.055
0.034
0.014
0.01
0.018
0.031
0.052
0.067
0.079
0.067
0.03
-0.0068
-0.027
-0.031
-0.045
-0.046
-0.025
0.0055
0.037
0.066
0.089
0.086
0.064
0.025
-0.021
-0.042
-0.033
-0.012
-0.00017
0.01
0.021
0.036
0.033
0.01
-0.01
-0.019
-0.0036
0.0095
0.028
0.047
0.04
0.034
0.036
0.031
0.0069
-0.019
-0.042
-0.041
-0.019
-0.0002
0.0091
0.0088
-0.013
-0.044
-0.066
-0.062
-0.031
-0.0013
0.013
0.02
0.019
0.0076
-0.0083
-0.027
-0.037
-0.03
-0.017
0.0059
0.024
0.012
-0.015
-0.031
-0.018
0.0074
0.02
0.025
0.038
0.044
0.033
0.0086
-0.011
0.0091
0.056
0.083
0.069
0.037
0.018
0.01
0.0095
0.023
0.042
0.051
0.047
0.039
0.036
0.03
0.01
-0.0029
0.0083
0.027
0.042
0.054
0.055
0.049
0.036
0.0093
0.012
0.037
0.052
0.055
0.047
0.029
0.023
0.026
0.034
0.052
0.069
0.059
0.043
0.047
0.041
0.033
0.04
0.051
0.064
0.069
0.061
0.048
0.04
0.033
0.029
0.035
0.049
0.059
0.058
0.053
0.043
0.038
0.03
0.0093
-0.0068
-0.012
-0.0048
0.0012
0.0022
0.0094
0.015
0.0056
-0.015
-0.033
-0.037
-0.024
-0.0058
0.0029
0.0059
0.0094
0.016
0.014
0.0011
-0.028
-0.064
-0.088
-0.094
-0.063
-0.013
0.035
0.056
0.032
-0.0039
-0.017
-0.027
-0.048
-0.074
-0.11
-0.12
-0.082
-0.048
-0.035
-0.011
0.018
0.029
0.0021
-0.049
-0.078
-0.083
-0.084
-0.086
-0.086
-0.058
-0.02
-0.0028
0.0099
-0.0025
-0.027
-0.037
-0.039
-0.039
-0.019
-0.0097
-0.037
-0.08
-0.1
-0.082
-0.037
-0.0085
-0.0094
-0.035
-0.067
-0.087
-0.097
-0.086
-0.075
-0.069
-0.05
-0.034
-0.031
-0.035
-0.036
-0.042
-0.067
-0.083
-0.089
-0.093
-0.09
-0.079
-0.056
-0.035
-0.021
-0.044
-0.093
-0.13
-0.14
-0.13
-0.11
-0.079
-0.036
-0.014
-0.039
-0.082
-0.11
-0.12
-0.12
-0.13
-0.13
-0.092
-0.068
-0.06
-0.072
-0.081
-0.087
-0.097
-0.098
-0.083
-0.07
-0.06
-0.038
-0.02
-0.0022
-0.012
-0.049
-0.061
-0.048
-0.035
-0.029
-0.018
-0.0065
-0.014
-0.036
-0.061
-0.076
-0.071
-0.044
-0.0033
0.057
0.095
0.071
0.036
0.013
0.0053
0.0017
0.0043
0.025
0.051
0.078
0.086
0.064
0.038
0.034
0.053
0.052
0.038
0.029
0.036
0.047
0.057
0.084
0.1
0.081
0.04
0.017
0.0054
0.01
0.019
0.035
0.069
0.091
0.096
0.093
0.085
0.075
0.057
0.044
0.057
0.093
0.11
0.1
0.099
0.078
0.072
0.086
0.1
0.11
0.12
0.097
0.094
0.1
0.12
0.14
0.15
0.16
0.15
0.14
0.11
0.11
0.12
0.12
0.11
0.11
0.11
0.095
0.08
0.073
0.078
0.096
0.1
0.1
0.091
0.067
0.049
0.036
0.042
0.048
0.043
0.035
0.039
0.045
0.052
0.063
0.077
0.083
0.07
0.047
0.031
0.033
0.04
0.035
0.031
0.051
0.075
0.059
0.02
0.0016
-0.0054
-0.018
-0.032
-0.033
-0.033
-0.034
-0.041
-0.046
-0.034
-0.011
0.0053
0.0068
-0.015
-0.038
-0.05
-0.05
-0.033
-0.0093
0.0019
-4.6e-005
-0.0025
0.0061
0.026
0.038
0.045
0.043
0.027
0.01
-0.0042
-0.017
-0.012
0.021
0.04
0.034
0.024
0.027
0.033
0.037
0.044
0.039
0.025
0.0052
-0.0058
0.0037
0.02
0.032
0.034
0.03
0.012
-0.015
-0.028
-0.019
-0.0091
-0.0037
0.017
0.036
0.031
0.0044
-0.024
-0.046
-0.06
-0.052
-0.016
0.048
0.1
0.1
0.064
0.028
0.0098
0.0016
0.0086
0.011
-0.00053
-0.0085
-0.022
-0.035
-0.0051
0.064
0.11
0.12
0.075
0.02
-0.023
-0.033
-0.02
0.0029
0.041
0.074
0.093
0.099
0.081
0.047
0.036
0.056
0.08
0.096
0.089
0.061
0.044
0.03
0.019
0.042
0.087
0.1
0.087
0.073
0.071
0.072
0.043
0.012
0.015
0.049
0.078
0.073
0.059
0.067
0.073
0.081
0.1
0.11
0.11
0.098
0.087
0.072
0.056
0.045
0.046
0.042
0.026
0.015
-0.0025
-0.028
-0.014
0.033
0.07
0.078
0.063
0.052
0.041
0.015
-0.00066
0.0017
0.011
0.0067
0.0043
0.02
0.033
0.023
0.0028
0.002
-0.0006
-0.011
-0.014
-0.0032
-0.0057
-0.041
-0.07
-0.066
-0.03
0.0051
0.024
0.013
-0.02
-0.058
-0.1
-0.12
-0.11
-0.074
-0.049
-0.036
-0.031
-0.034
-0.033
-0.02
-0.0069
-0.023
-0.045
-0.051
-0.035
-0.0018
0.025
0.04
0.045
0.04
0.014
-0.028
-0.061
-0.065
-0.04
-0.0049
0.014
0.014
0.012
-0.0026
-0.033
-0.055
-0.058
-0.056
-0.065
-0.058
-0.025
-0.011
-0.019
-0.051
-0.08
-0.076
-0.054
-0.039
-0.028
-0.038
-0.067
-0.088
-0.096
-0.084
-0.072
-0.075
-0.076
-0.076
-0.079
-0.077
-0.047
0.0062
0.0063
-0.077
-0.14
-0.12
-0.059
-0.0063
0.014
0.015
0.013
-0.00069
-0.015
-0.028
-0.037
-0.036
-0.022
-0.019
-0.014
0.024
0.044
0.033
0.023
0.023
0.023
0.0043
-0.018
-0.028
-0.021
-0.01
0.0033
0.01
0.022
0.044
0.042
0.013
-0.0079
-0.027
-0.05
-0.046
-0.019
0.002
0.012
0.016
0.02
0.011
-0.002
-0.0061
0.019
0.058
0.062
0.032
0.00026
0.0025
0.016
0.039
0.06
0.072
0.082
0.07
0.051
0.04
0.044
0.041
0.035
0.023
-0.00014
0.059
0.18
0.18
0.071
0.021
0.068
0.1
0.073
0.033
0.023
0.038
0.058
0.078
0.073
0.043
0.023
0.01
0.002
0.013
0.021
-0.0081
-0.037
-0.025
0.021
0.055
0.057
0.0026
-0.067
-0.092
-0.076
-0.03
0.0024
-0.0048
-0.019
-0.021
-0.019
-0.025
-0.037
-0.03
-0.021
-0.029
-0.048
-0.07
-0.088
-0.092
-0.072
-0.034
-0.0055
-0.0014
-0.00096
0.00044
-0.02
-0.041
-0.048
-0.047
-0.031
-0.012
-0.03
-0.058
-0.031
0.02
0.038
0.038
0.038
0.019
-0.015
-0.04
-0.033
-0.032
-0.045
-0.047
-0.039
-0.02
-0.0069
-0.009
-0.012
-0.0011
-0.016
-0.056
-0.073
-0.076
-0.079
-0.097
-0.11
-0.069
-0.004
0.016
-0.014
-0.044
-0.09
-0.12
-0.14
-0.11
-0.069
-0.075
-0.1
-0.12
-0.11
-0.11
-0.093
-0.085
-0.075
-0.055
-0.035
-0.052
-0.11
-0.14
-0.15
-0.13
-0.12
-0.12
-0.1
-0.085
-0.098
-0.14
-0.13
-0.082
-0.063
-0.045
-0.022
-0.024
-0.054
-0.084
-0.081
-0.082
-0.11
-0.11
-0.097
-0.097
-0.059
-0.049
-0.058
-0.051
-0.064
-0.075
-0.087
-0.11
-0.13
-0.16
-0.13
-0.048
0.00017
-0.011
-0.057
-0.078
-0.064
-0.092
-0.14
-0.16
-0.19
-0.18
-0.13
-0.071
-0.028
-0.027
-0.065
-0.1
-0.13
-0.11
-0.067
-0.079
-0.053
-0.017
-0.062
-0.067
-0.023
-0.02
-0.019
-0.025
-0.032
-0.034
-0.042
-0.036
-0.027
-0.012
-0.013
-0.014
-0.0077
-0.0017
0.04
0.063
0.05
0.049
0.03
-0.0011
-0.0064
-0.014
0.024
0.066
0.081
0.12
0.13
0.13
0.1
0.029
-0.018
0.014
0.058
0.085
0.088
0.091
0.11
0.11
0.12
0.12
0.089
0.053
0.04
0.048
0.055
0.073
0.095
0.1
0.13
0.16
0.14
0.073
0.02
0.029
0.06
0.088
0.11
0.1
0.095
0.08
0.053
0.057
0.073
0.072
0.082
0.1
0.11
0.1
0.053
0.015
0.019
0.028
0.043
0.061
0.068
0.069
0.069
0.087
0.11
0.11
0.088
0.046
0.028
0.045
0.073
0.075
0.05
0.043
0.066
0.079
0.07
0.059
0.044
0.033
0.027
0.036
0.065
0.066
0.028
0.015
0.041
0.07
0.062
0.035
0.028
0.048
0.053
0.039
0.039
0.034
0.029
0.03
0.016
-0.0061
-0.029
-0.052
-0.052
-0.049
-0.06
-0.059
-0.06
-0.053
-0.04
-0.057
-0.085
-0.097
-0.1
-0.093
-0.069
-0.043
-0.025
-0.056
-0.1
-0.11
-0.1
-0.086
-0.08
-0.064
-0.023
0.014
0.03
0.019
-0.012
-0.052
-0.068
-0.061
-0.04
-0.015
-0.01
-0.0051
0.025
0.048
0.061
0.052
0.013
-0.021
-0.028
-0.02
-0.0072
0.0018
0.0029
0.0081
0.019
0.039
0.044
0.0072
-0.033
-0.037
-0.014
0.0095
0.015
0.00029
-0.019
-0.041
-0.056
-0.045
-0.029
-0.023
-0.011
-0.00056
-0.0061
-0.024
-0.053
-0.069
-0.069
-0.053
-0.024
-0.029
-0.039
-0.028
-0.025
-0.042
-0.06
-0.069
-0.061
-0.047
-0.063
-0.09
-0.093
-0.064
-0.014
0.013
0.014
0.0096
-0.011
-0.036
-0.045
-0.033
-0.031
-0.057
-0.093
-0.1
-0.088
-0.086
-0.075
-0.033
0.0014
0.0025
-0.02
-0.05
-0.049
-0.023
-0.006
0.0018
0.0018
-0.014
-0.043
-0.067
-0.091
-0.093
-0.059
-0.028
-0.00084
0.016
-0.0047
-0.025
-0.013
-0.014
-0.049
-0.087
-0.092
-0.054
-0.0068
0.016
0.0063
-0.03
-0.067
-0.077
-0.08
-0.077
-0.054
-0.0068
0.039
0.039
0.013
0.0031
-0.012
-0.037
-0.047
-0.049
-0.029
0.0096
0.027
0.025
0.027
0.027
0.01
-0.0054
-0.03
-0.04
-0.033
-0.0057
0.025
0.03
0.033
0.035
0.027
0.0083
-0.013
-0.0081
0.0066
0.011
0.015
0.015
0.01
0.022
0.02
0.00081
0.0046
0.029
0.056
0.066
0.057
0.051
0.06
0.053
0.035
0.026
0.024
0.029
0.026
0.031
0.054
0.077
0.087
0.094
0.1
0.084
0.052
0.054
0.085
0.11
0.13
0.14
0.15
0.16
0.16
0.14
0.12
0.1
0.1
0.13
0.18
0.2
0.2
0.2
0.18
0.16
0.14
0.13
0.15
0.16
0.16
0.16
0.15
0.14
0.15
0.14
0.13
0.13
0.12
0.12
0.13
0.15
0.17
0.15
0.12
0.11
0.11
0.12
0.14
0.15
0.15
0.14
0.11
0.095
0.1
0.11
0.1
0.088
0.092
0.11
0.1
0.096
0.11
0.12
0.12
0.092
0.047
0.02
0.0056
0.013
0.04
0.067
0.076
0.077
0.065
0.035
0.021
0.013
0.0089
0.028
0.057
0.074
0.075
0.07
0.064
0.042
0.0086
0.0023
0.026
0.039
0.022
0.0021
0.005
0.0072
0.011
0.03
0.031
0.008
-0.017
-0.043
-0.046
-0.02
0.011
0.038
0.036
-0.00017
-0.026
-0.034
-0.045
-0.033
0.021
0.057
0.031
-0.03
-0.07
-0.071
-0.071
-0.058
-0.022
0.024
0.057
0.056
0.04
0.017
-0.028
-0.075
-0.11
-0.11
-0.06
-0.011
0.024
0.043
0.049
0.048
0.029
-0.0083
-0.05
-0.063
-0.049
-0.025
0.01
0.031
0.035
0.044
0.06
0.071
0.051
-0.0029
-0.044
-0.048
-0.028
-0.0021
0.022
0.052
0.084
0.094
0.074
0.052
0.044
0.032
0.038
0.059
0.065
0.064
0.062
0.06
0.079
0.13
0.17
0.17
0.14
0.12
0.1
0.094
0.089
0.079
0.088
0.13
0.17
0.18
0.13
0.079
0.057
0.061
0.068
0.076
0.066
0.054
0.085
0.15
0.19
0.17
0.11
0.069
0.04
0.031
0.04
0.05
0.054
0.061
0.076
0.082
0.082
0.068
0.046
0.046
0.045
0.044
0.058
0.055
0.046
0.053
0.043
0.025
0.013
0.012
0.049
0.084
0.069
0.027
0.019
0.052
0.072
0.082
0.1
0.11
0.077
0.043
0.037
0.045
0.061
0.061
0.045
0.037
0.065
0.09
0.082
0.068
0.052
0.024
0.013
0.013
0.0085
0.0038
0.0059
0.024
0.038
0.021
0.0009
-0.0054
0.0002
0.012
0.0094
-0.006
-0.026
-0.014
0.023
0.047
0.056
0.048
0.02
-0.00047
-0.017
-0.038
-0.035
-0.013
0.00053
0.022
0.047
0.057
0.048
0.025
0.016
0.018
0.019
0.026
0.046
0.084
0.13
0.16
0.16
0.13
0.11
0.085
0.071
0.067
0.076
0.1
0.12
0.13
0.16
0.2
0.24
0.26
0.26
0.21
0.11
0.029
-0.0059
0.0055
0.048
0.13
0.24
0.31
0.33
0.27
0.18
0.12
0.093
0.078
0.058
0.022
0.019
0.071
0.12
0.14
0.13
0.14
0.16
0.16
0.15
0.11
0.053
0.0011
-0.032
-0.074
-0.11
-0.12
-0.096
-0.05
-0.0072
0.014
-0.0097
-0.061
-0.098
-0.066
0.043
0.14
0.17
0.13
0.046
-0.036
-0.066
-0.024
0.03
0.068
0.097
0.092
0.043
-0.056
-0.14
-0.15
-0.097
-0.046
0.0022
0.035
-0.0016
-0.077
-0.1
-0.068
-0.047
-0.11
-0.22
-0.26
-0.22
-0.16
-0.16
-0.25
-0.35
-0.38
-0.37
-0.36
-0.35
-0.34
-0.32
-0.29
-0.23
-0.16
-0.11
-0.11
-0.15
-0.23
-0.3
-0.32
-0.28
-0.22
-0.15
-0.11
-0.082
-0.088
-0.12
-0.15
-0.2
-0.26
-0.29
-0.3
-0.3
-0.29
-0.27
-0.25
-0.23
-0.23
-0.22
-0.21
-0.21
-0.18
-0.14
-0.096
-0.086
-0.11
-0.13
-0.13
-0.13
-0.12
-0.11
-0.13
-0.19
-0.24
-0.27
-0.27
-0.27
-0.27
-0.29
-0.31
-0.3
-0.28
-0.28
-0.3
-0.32
-0.34
-0.34
-0.34
-0.34
-0.34
-0.33
-0.32
-0.3
-0.28
-0.25
-0.2
-0.16
-0.15
-0.14
-0.14
-0.13
-0.13
-0.13
-0.15
-0.18
-0.2
-0.21
-0.19
-0.13
-0.076
-0.047
-0.021
-0.0035
-0.014
-0.05
-0.089
-0.12
-0.15
-0.16
-0.15
-0.13
-0.11
-0.11
-0.11
-0.09
-0.063
-0.03
0.02
0.077
0.098
0.068
0.015
-0.021
-0.0066
0.038
0.06
0.055
0.041
0.026
0.03
0.068
0.13
0.16
0.14
0.11
0.073
0.048
0.036
0.045
0.066
0.082
0.067
0.023
-0.032
-0.1
-0.16
-0.16
-0.11
-0.042
-0.0087
-0.043
-0.11
-0.16
-0.15
-0.12
-0.11
-0.12
-0.14
-0.13
-0.11
-0.1
-0.12
-0.14
-0.12
-0.068
-0.0067
0.024
0.027
0.016
0.0046
0.0023
0.019
0.041
0.047
0.055
0.059
0.038
0.0036
-0.02
-0.017
0.011
0.051
0.072
0.052
0.014
-0.0012
0.0098
0.038
0.04
-0.0041
-0.047
-0.053
-0.022
0.013
0.04
0.048
0.043
0.0099
-0.047
-0.089
-0.11
-0.094
-0.059
-0.017
0.0072
0.0033
-0.018
-0.019
0.02
0.054
0.06
0.047
0.028
0.021
0.055
0.086
0.073
0.045
0.03
0.038
0.066
0.09
0.084
0.058
0.047
0.056
0.071
0.09
0.11
0.12
0.12
0.11
0.08
0.037
0.028
0.055
0.091
0.11
0.11
0.11
0.11
0.092
0.081
0.071
0.059
0.063
0.086
0.11
0.11
0.084
0.072
0.078
0.098
0.13
0.15
0.13
0.094
0.057
0.024
0.0074
0.011
0.04
0.089
0.12
0.11
0.084
0.045
0.013
-0.0024
0.014
0.041
0.042
0.017
0.006
0.0098
0.011
0.012
0.019
0.019
0.0096
0.0091
0.0087
0.0077
0.0069
0.012
0.026
0.034
0.028
0.011
0.0047
0.016
0.035
0.045
0.047
0.034
0.032
0.055
0.066
0.049
0.017
0.0082
0.027
0.053
0.076
0.076
0.058
0.045
0.048
0.058
0.066
0.069
0.065
0.065
0.062
0.056
0.054
0.065
0.082
0.094
0.11
0.12
0.11
0.086
0.065
0.061
0.071
0.086
0.092
0.088
0.092
0.088
0.093
0.12
0.15
0.15
0.12
0.091
0.091
0.12
0.13
0.14
0.15
0.16
0.16
0.15
0.12
0.095
0.085
0.094
0.12
0.14
0.15
0.14
0.13
0.13
0.12
0.099
0.084
0.075
0.071
0.08
0.088
0.09
0.084
0.074
0.075
0.091
0.09
0.069
0.048
0.057
0.091
0.12
0.13
0.12
0.096
0.072
0.056
0.042
0.032
0.038
0.05
0.06
0.068
0.058
0.036
0.024
0.021
0.023
0.016
-0.0026
-0.022
-0.018
0.0043
0.011
0.0015
-0.0047
-0.00026
-0.0002
-0.004
-0.012
-0.019
-0.0095
0.0041
0.015
0.028
0.037
0.034
0.023
0.012
-0.0011
-0.01
-0.0057
0.019
0.039
0.051
0.055
0.046
0.027
0.015
0.026
0.041
0.047
0.053
0.059
0.069
0.087
0.093
0.074
0.043
0.031
0.045
0.058
0.063
0.08
0.11
0.14
0.15
0.13
0.096
0.074
0.065
0.072
0.093
0.12
0.14
0.14
0.13
0.12
0.11
0.11
0.11
0.1
0.091
0.071
0.069
0.075
0.073
0.074
0.094
0.12
0.13
0.13
0.1
0.069
0.047
0.041
0.047
0.057
0.063
0.068
0.071
0.074
0.07
0.063
0.059
0.041
0.016
-0.0049
-0.02
-0.021
-0.0088
0.014
0.025
-0.0035
-0.049
-0.078
-0.085
-0.082
-0.087
-0.088
-0.071
-0.042
-0.028
-0.029
-0.043
-0.06
-0.078
-0.082
-0.068
-0.055
-0.048
-0.054
-0.053
-0.045
-0.05
-0.07
-0.12
-0.16
-0.16
-0.13
-0.068
-0.019
-0.0038
-0.023
-0.045
-0.048
-0.03
-0.042
-0.1
-0.15
-0.14
-0.081
-0.031
-0.014
-0.0069
0.0036
0.0049
-0.016
-0.059
-0.1
-0.12
-0.11
-0.059
0.012
0.051
0.03
-0.0046
-0.022
-0.025
-0.0083
0.0038
-0.0042
-0.028
-0.053
-0.06
-0.044
-0.018
0.015
0.11
0.18
0.12
-0.033
-0.13
-0.1
-0.034
0.033
0.094
0.099
0.07
0.023
-0.0027
0.021
0.049
0.045
0.036
0.03
0.028
0.03
0.023
0.025
0.053
0.079
0.1
0.1
0.045
-0.0097
-0.019
0.016
0.052
0.063
0.062
0.066
0.046
-0.0013
-0.038
-0.029
0.027
0.09
0.11
0.093
0.059
0.025
0.0034
-0.0016
-0.0022
0.01
0.014
0.014
0.014
0.0033
-0.02
-0.031
-0.033
-0.03
-0.021
-0.012
-0.0032
-0.0091
-0.0094
0.019
0.056
0.067
0.034
-0.011
-0.041
-0.042
-0.015
0.018
0.029
0.017
0.016
0.038
0.059
0.062
0.049
0.017
-0.01
-0.02
-0.028
-0.04
-0.036
-0.0016
0.03
0.028
-0.00038
-0.04
-0.068
-0.064
-0.031
0.0013
0.0036
-0.011
-0.028
-0.034
-0.034
-0.038
-0.048
-0.042
-0.017
0.0033
0.0029
-0.019
-0.041
-0.061
-0.079
-0.068
-0.046
-0.015
0.0093
0.007
-0.014
-0.046
-0.072
-0.068
-0.043
-0.028
-0.018
-0.023
-0.029
-0.02
-0.011
-0.012
-0.026
-0.049
-0.047
-0.026
-0.013
-0.0064
0.012
0.032
0.04
0.029
0.0073
-0.0036
-0.0018
0.011
0.036
0.051
0.046
0.042
0.039
0.032
0.014
-0.0098
-0.014
0.0088
0.036
0.057
0.072
0.08
0.09
0.09
0.077
0.064
0.046
0.038
0.048
0.056
0.063
0.064
0.054
0.05
0.047
0.049
0.059
0.06
0.055
0.06
0.068
0.079
0.089
0.077
0.052
0.037
0.034
0.04
0.044
0.038
0.034
0.032
0.025
0.016
0.01
0.016
0.026
0.024
0.023
0.028
0.031
0.025
0.017
0.015
0.025
0.035
0.036
0.038
0.032
0.014
0.0037
-0.00029
0.0014
0.0017
-0.0098
-0.011
0.0089
0.037
0.061
0.069
0.053
0.041
0.036
0.031
0.026
0.017
0.013
0.021
0.032
0.039
0.04
0.034
0.028
0.018
0.0036
-0.0071
