0.006
0.0084
0.0021
-0.0094
-0.0011
0.02
0.041
0.033
0.014
0.013
0.017
0.012
-0.0053
-0.0074
0.013
0.021
0.0056
0.011
0.027
0.019
0.0038
-0.0034
-0.014
-0.024
-0.0041
0.025
0.019
0.0026
-0.00084
0.0017
-0.0072
-0.015
-0.0049
0.0046
-0.0033
-0.0049
0.018
0.017
-0.012
-0.014
0.011
0.0087
-0.015
-0.013
0.011
0.027
0.021
-0.0092
-0.016
0.0017
0.0054
-0.01
0.0014
0.023
0.022
0.0052
-0.005
0.0052
0.01
0.0025
-0.018
-0.02
0.0014
-0.0045
-0.026
-0.018
-0.0091
-0.029
-0.028
0.0076
0.031
0.013
-0.0097
0.0079
0.013
-0.0097
-0.017
-0.0025
0.02
0.027
0.015
0.0089
0.011
-0.0048
-0.023
-0.016
-0.0029
-0.0059
-0.012
0.00099
0.01
0.0065
-0.0052
-0.015
-0.0074
-0.015
-0.037
-0.03
-0.005
0.00075
-0.015
-0.017
-0.012
-0.0092
-0.022
-0.025
-0.017
-0.0015
0.029
0.028
0.0076
0.012
0.026
0.0071
-0.014
0.0084
0.027
0.0057
-0.012
0.003
0.0051
-0.017
-0.011
0.0056
0.005
-0.013
-0.019
-0.0072
0.0058
0.0016
-0.021
-0.025
-0.024
-0.026
-0.013
0.0078
0.0041
-0.0076
-0.0054
-0.0059
-0.011
-0.0073
0.0025
0.0039
-0.0061
-0.012
-0.0075
0.0071
0.024
0.01
-0.0055
0.0054
0.017
0.0036
0.0056
0.016
0.016
0.007
0.0025
0.014
0.039
0.034
0.009
0.02
0.036
0.013
-0.0075
0.012
0.039
0.031
0.013
0.035
0.05
0.029
0.017
0.016
0.004
-0.0012
0.007
0.028
0.045
0.047
0.042
0.035
0.019
-0.0018
-0.00093
0.0035
0.00035
0.011
0.028
0.024
-0.002
-0.0058
0.0076
0.0057
-0.01
-0.013
0.0046
-0.0034
-0.012
0.00063
0.006
-0.0021
-0.023
-0.021
-0.015
-0.015
-0.022
-0.018
-0.011
-0.0033
0.0034
-0.0067
-0.011
-7.6e-005
0.015
0.014
-0.0074
-0.021
-0.014
-0.0037
-0.0043
-0.0012
0.004
-0.0087
-0.022
-0.023
-0.019
-0.015
-0.016
-0.027
-0.026
-0.016
-0.021
-0.029
-0.027
-0.02
-0.02
-0.037
-0.05
-0.037
-0.029
-0.038
-0.039
-0.022
-0.012
-0.029
-0.051
-0.037
-0.011
-0.01
-0.032
-0.043
-0.025
-0.0065
-0.015
-0.033
-0.026
-0.012
-0.0029
-0.0068
-0.0069
-0.0027
0.0036
0.0068
-0.0031
-0.00081
-0.00011
-0.019
-0.021
-0.0026
-0.0091
-0.021
0.0036
0.024
0.01
-0.023
-0.027
-0.016
-0.023
-0.021
-0.0051
0.01
0.012
0.0039
-0.00047
0.00026
-0.0067
-0.018
-0.017
-0.013
-0.0048
0.004
0.0073
0.0089
0.0057
0.0023
-0.0079
-0.012
0.0023
0.0022
-0.0059
0.0082
0.038
0.037
0.018
0.0098
0.0061
0.0044
-0.0014
0.01
0.023
0.039
0.044
0.033
0.027
0.034
0.038
0.016
0.0092
0.025
0.025
0.018
0.023
0.025
0.0083
0.002
-0.0026
-0.01
-0.0037
0.0023
0.0074
0.019
0.026
0.0092
0.0072
0.034
0.046
0.043
0.054
0.059
0.041
0.033
0.039
0.035
0.039
0.053
0.055
0.045
0.022
0.011
0.017
0.033
0.034
0.027
0.022
0.027
0.017
0.0002
0.0032
0.0055
0.0074
-0.00023
-0.0098
-0.0015
0.0085
-0.0051
-0.00041
0.026
0.024
-0.01
-0.022
0.0072
0.029
0.025
0.032
0.045
0.038
0.019
0.011
0.015
0.025
0.03
0.017
0.013
0.025
0.043
0.05
0.044
0.036
0.035
0.031
0.017
0.02
0.046
0.065
0.045
0.0051
-0.017
-0.015
0.0039
0.023
0.027
0.015
0.0039
0.011
0.016
0.025
0.024
0.014
0.0048
0.006
0.0094
0.011
0.033
0.055
0.06
0.037
0.0083
-0.003
0.0082
0.025
0.027
0.014
0.015
0.023
0.018
0.0095
0.015
0.02
0.018
0.017
0.012
0.018
0.033
0.04
0.026
0.012
0.0097
0.015
0.018
0.019
0.031
0.04
0.029
0.016
0.032
0.039
0.028
0.016
0.02
0.017
-0.0029
-0.003
0.014
0.029
0.036
0.021
0.0062
0.0048
0.003
-0.012
-0.022
-0.021
-0.0058
0.0047
-0.003
-0.022
-0.033
-0.014
0.0039
-0.0025
-0.0093
-0.012
-0.0088
0.0045
-0.0035
-0.021
-0.012
0.022
0.05
0.052
0.039
0.015
-0.015
-0.011
0.035
0.031
-0.013
-0.021
0.015
0.038
0.019
-0.0071
0.0019
0.0058
-0.024
-0.037
-0.018
0.012
0.0075
-0.018
-0.027
-0.02
-0.00032
0.0069
-0.0041
-0.00069
0.026
0.051
0.036
0.0014
-0.017
0.0027
0.022
0.022
-0.00014
-0.014
0.014
0.036
0.028
0.018
0.015
0.012
-0.0014
-0.0048
0.0045
0.014
0.026
0.031
0.017
-0.0068
-0.0078
-0.0017
-0.0033
-0.0064
-0.013
-0.015
-0.012
-0.012
-0.019
-0.021
-0.017
-0.017
-0.013
0.0006
0.0054
0.00056
0.00044
-0.0071
-0.017
-0.022
-0.023
-0.0074
0.00069
-0.015
-0.03
-0.024
-0.0011
0.0049
-0.014
-0.025
-0.0084
1.5e-005
0.00029
-0.0062
-0.0063
0.0014
0.0013
-0.0013
0.0016
-0.0086
-0.021
-0.0027
0.016
0.00063
-0.025
-0.026
-0.011
-0.012
-0.016
-0.0013
0.0093
-0.0011
-0.015
-0.025
-0.039
-0.036
-0.023
-0.0022
0.011
0.0094
0.0092
0.024
0.028
0.015
-0.00063
-0.016
-0.0079
0.01
0.017
-0.0047
-0.02
-0.015
0.011
0.0081
0.01
0.037
0.062
0.072
0.057
0.039
0.025
0.038
0.04
0.024
0.013
0.024
0.018
-0.0014
-0.0087
0.0016
-0.0073
-0.031
-0.03
-0.037
-0.043
-0.037
-0.023
-0.016
-0.026
-0.052
-0.077
-0.083
-0.096
-0.12
-0.11
-0.072
-0.052
-0.048
-0.05
-0.07
-0.08
-0.056
-0.01
0.033
0.041
0.038
0.038
0.045
0.048
0.057
0.064
0.059
0.047
0.05
0.066
0.059
0.04
0.043
0.03
-0.0054
-0.042
-0.045
-0.024
-0.02
-0.026
-0.049
-0.094
-0.1
-0.057
-0.0034
0.0072
-0.024
-0.041
-0.031
-0.024
-0.022
-0.033
-0.058
-0.061
-0.049
-0.041
-0.052
-0.062
-0.062
-0.072
-0.09
-0.11
-0.13
-0.13
-0.12
-0.13
-0.13
-0.099
-0.045
-0.015
-0.0016
0.02
0.066
0.11
0.11
0.081
0.085
0.13
0.15
0.11
0.097
0.11
0.11
0.081
0.021
-0.032
-0.024
0.06
0.15
0.2
0.17
0.11
0.021
-0.095
-0.24
-0.38
-0.3
-0.16
-0.016
0.16
0.32
0.4
0.31
0.12
0.012
0.023
0.038
-0.067
-0.26
-0.33
-0.2
-0.023
0.058
0.055
0.046
0.072
0.077
-0.0076
-0.21
-0.45
-0.64
-0.81
-0.88
-0.88
-0.88
-0.81
-0.6
-0.4
-0.28
-0.21
-0.16
-0.082
0.011
0.09
0.16
0.22
0.25
0.25
0.26
0.27
0.27
0.19
0.096
0.052
0.076
0.13
0.15
0.15
0.15
0.13
0.087
0.018
-0.062
-0.16
-0.25
-0.25
-0.21
-0.17
-0.14
-0.081
-0.02
0.03
0.064
0.096
0.11
0.12
0.13
0.12
0.079
0.018
-0.032
-0.053
-0.04
-0.018
0.0041
0.028
0.045
0.074
0.12
0.14
0.14
0.12
0.12
0.15
0.19
0.22
0.24
0.25
0.28
0.3
0.32
0.34
0.35
0.37
0.4
0.43
0.45
0.44
0.41
0.38
0.34
0.3
0.27
0.24
0.2
0.16
0.12
0.08
0.052
0.033
-0.013
-0.072
-0.11
-0.13
-0.15
-0.19
-0.24
-0.27
-0.28
-0.29
-0.32
-0.35
-0.34
-0.29
-0.25
-0.24
-0.24
-0.24
-0.24
-0.22
-0.2
-0.18
-0.14
-0.095
-0.042
-0.003
0.015
0.055
0.13
0.19
0.22
0.22
0.24
0.28
0.3
0.32
0.31
0.29
0.27
0.26
0.27
0.28
0.28
0.28
0.29
0.27
0.22
0.16
0.1
0.081
0.089
0.1
0.11
0.11
0.093
0.062
0.029
0.013
0.0052
0.013
0.028
0.025
0.013
0.003
0.0031
-0.0094
-0.022
-0.028
-0.046
-0.08
-0.1
-0.094
-0.056
-0.023
-0.02
-0.031
-0.049
-0.059
-0.027
0.016
0.032
0.03
0.02
0.028
0.033
0.032
0.039
0.05
0.044
0.048
0.054
0.061
0.064
0.049
0.037
0.028
0.0042
-0.024
-0.029
-0.0028
0.034
0.058
0.055
0.036
0.012
0.0046
0.027
0.045
0.05
0.051
0.064
0.079
0.087
0.077
0.045
0.02
0.015
0.025
0.034
0.034
0.029
0.026
0.0098
-0.032
-0.083
-0.11
-0.11
-0.086
-0.073
-0.072
-0.078
-0.08
-0.075
-0.074
-0.076
-0.074
-0.069
-0.071
-0.057
-0.042
-0.034
-0.033
-0.032
-0.024
-0.016
-0.012
-0.0072
0.0022
0.012
0.0069
0.01
0.043
0.063
0.053
0.055
0.084
0.12
0.12
0.11
0.092
0.08
0.091
0.096
0.086
0.071
0.062
0.061
0.059
0.045
0.027
0.022
0.013
0.0016
0.00063
0.011
0.015
0.013
0.0098
-0.0051
-0.029
-0.041
-0.04
-0.039
-0.052
-0.062
-0.067
-0.062
-0.057
-0.056
-0.043
-0.028
-0.021
-0.036
-0.034
-0.0091
0.007
-0.003
-0.023
-0.02
0.0047
0.024
0.034
0.027
0.017
0.026
0.039
0.035
0.039
0.053
0.051
0.046
0.04
0.04
0.053
0.06
0.044
0.013
-0.016
-0.026
-0.016
-0.0089
-0.0049
-0.012
-0.028
-0.035
-0.027
-0.017
-0.0087
-0.0045
0.0033
-0.0021
-0.021
-0.036
-0.024
-0.014
-0.0055
-0.008
-0.0098
0.0042
0.0058
-0.0083
-0.029
-0.035
-0.023
0.003
0.019
0.025
0.018
0.015
0.04
0.064
0.062
0.043
0.021
0.01
0.024
0.052
0.069
0.076
0.077
0.063
0.024
-0.024
-0.04
-0.018
0.012
0.03
0.042
0.031
0.0043
-0.023
-0.031
-0.013
0.012
0.035
0.051
0.054
0.037
0.018
-0.0079
-0.018
0.0039
0.023
0.05
0.074
0.066
0.046
0.023
0.006
-0.011
-0.018
-0.0017
0.021
0.037
0.041
0.028
0.003
-0.0077
-0.022
-0.032
-0.027
-0.024
-0.016
-0.012
-0.028
-0.05
-0.049
-0.048
-0.054
-0.061
-0.065
-0.042
-0.0054
0.015
0.015
0.017
0.018
0.0025
-0.011
-0.016
-0.018
-0.024
-0.025
-0.015
-0.0058
-0.012
-0.021
-0.022
-0.0031
0.019
0.018
0.007
7.6e-005
-0.0026
0.00063
0.008
0.015
0.017
0.015
0.024
0.035
0.022
-0.019
-0.034
0.011
0.075
0.1
0.07
0.021
0.012
0.038
0.074
0.1
0.1
0.063
0.018
0.0058
0.019
0.022
0.018
0.029
0.03
0.0072
0.0018
0.011
-0.0029
-0.03
-0.055
-0.071
-0.067
-0.042
-0.011
-0.0002
-0.018
-0.052
-0.074
-0.075
-0.058
-0.035
-0.014
-0.0095
-0.014
-0.0058
-0.0079
-0.02
-0.02
-0.019
-0.043
-0.074
-0.073
-0.032
0.00069
0.013
0.011
0.022
0.028
0.0087
-0.022
-0.033
-0.014
0.022
0.063
0.083
0.062
0.016
-0.01
-0.0021
0.016
0.019
0.023
0.029
0.02
-0.00081
-0.0049
0.0092
0.028
0.051
0.073
0.085
0.087
0.072
0.039
0.012
0.013
0.035
0.037
0.019
0.002
-0.0049
-0.0045
0.0036
0.008
0.01
0.013
0.02
0.02
0.012
0.0097
0.035
0.075
0.088
0.085
0.068
0.06
0.057
0.056
0.049
0.036
0.031
0.037
0.046
0.057
0.057
0.043
0.033
0.026
0.026
0.027
0.025
0.023
0.022
0.016
0.01
0.026
0.048
0.05
0.034
0.024
0.027
0.027
0.03
0.03
0.029
0.037
0.046
0.039
0.013
-0.011
-0.03
-0.032
-0.023
-0.011
-0.01
-0.0063
0.002
0.011
0.032
0.042
0.038
0.045
0.051
0.055
0.06
0.063
0.071
0.073
0.06
0.043
0.041
0.045
0.05
0.044
0.038
0.027
0.015
0.02
0.033
0.044
0.039
0.019
0.0068
0.017
0.023
0.019
0.019
0.019
0.027
0.03
0.021
0.01
0.013
0.037
0.055
0.049
0.034
0.027
0.023
0.024
0.036
0.058
0.068
0.052
0.037
0.034
0.031
0.031
0.03
0.025
0.025
0.02
0.016
0.021
0.028
0.03
0.024
0.02
0.026
0.02
0.00099
-0.0078
-0.0092
-0.011
-0.024
-0.018
-0.0046
0.0018
0.0013
-0.0061
-0.0046
-0.0021
0.014
0.034
0.047
0.027
0.0057
0.0053
0.0094
0.0053
-0.011
-0.023
-0.037
-0.033
-0.0088
0.014
0.015
0.02
0.036
0.037
0.026
-0.0045
-0.049
-0.066
-0.046
-0.016
0.015
0.044
0.047
0.039
0.051
0.075
0.08
0.076
0.063
0.054
0.062
0.11
0.16
0.19
0.21
0.26
0.31
0.34
0.4
0.51
0.7
0.84
0.84
0.59
0.11
-0.4
-0.76
-0.91
-0.93
-0.94
-0.94
-0.94
-0.94
-0.93
-0.94
-0.7
-0.25
-0.099
-0.084
0.12
0.5
0.73
0.64
0.32
-0.04
-0.24
-0.24
-0.21
-0.26
-0.33
-0.23
0.034
0.25
0.33
0.32
0.31
0.3
0.24
0.096
-0.1
-0.23
-0.26
-0.26
-0.26
-0.19
-0.046
0.064
0.079
0.049
0.072
0.14
0.18
0.11
-0.046
-0.2
-0.31
-0.37
-0.43
-0.47
-0.46
-0.36
-0.25
-0.15
-0.041
0.079
0.18
0.19
0.11
0.032
0.0061
0.025
0.05
0.039
-0.00014
-0.015
0.0098
0.081
0.16
0.21
0.24
0.25
0.27
0.26
0.22
0.17
0.12
0.059
0.0057
-0.024
-0.025
-0.0054
0.0056
0.013
0.028
0.026
-0.002
-0.061
-0.11
-0.14
-0.16
-0.17
-0.15
-0.13
-0.12
-0.089
-0.042
0.025
0.093
0.13
0.16
0.18
0.21
0.24
0.25
0.24
0.2
0.15
0.076
0.025
-0.012
-0.047
-0.063
-0.055
-0.05
-0.053
-0.045
-0.031
-0.012
-0.017
-0.039
-0.048
-0.041
-0.03
-0.036
-0.067
-0.1
-0.12
-0.13
-0.13
-0.13
-0.12
-0.1
-0.079
-0.041
0.0005
0.006
-0.015
-0.051
-0.085
-0.11
-0.13
-0.14
-0.16
-0.17
-0.17
-0.14
-0.098
-0.038
0.011
0.038
0.054
0.058
0.065
0.087
0.085
0.043
0.0044
-0.022
-0.045
-0.062
-0.066
-0.078
-0.1
-0.11
-0.12
-0.11
-0.097
-0.09
-0.093
-0.098
-0.1
-0.11
-0.09
-0.082
-0.096
-0.098
-0.072
-0.044
-0.022
0.0098
0.032
0.052
0.071
0.075
0.059
0.041
0.043
0.051
0.051
0.043
0.031
0.027
0.021
0.018
0.019
0.042
0.066
0.067
0.062
0.054
0.04
0.013
-0.0089
-0.017
-0.016
-0.015
-0.015
-0.011
-0.013
-0.0083
-0.0014
-0.0035
-0.018
-0.029
-0.015
0.019
0.046
0.041
0.017
0.0035
-0.0016
0.0073
0.0094
0.0052
-0.0045
-0.0024
0.022
0.038
0.037
0.029
0.03
0.033
0.027
0.019
-0.0054
-0.03
-0.029
-0.00069
0.015
0.015
0.012
0.0018
-0.00035
0.013
0.04
0.046
0.052
0.052
0.036
0.033
0.036
0.04
0.025
0.0058
0.0058
0.0026
-0.01
-0.025
-0.023
-0.013
0.0091
0.024
0.011
-0.012
-0.032
-0.031
-0.013
-0.0052
-0.015
-0.0074
0.0045
0.016
0.037
0.053
0.066
0.062
0.053
0.044
0.041
0.041
0.046
0.034
0.0056
-0.0066
-0.021
-0.023
-0.0051
-0.0073
-0.011
0.0014
0.016
0.022
0.024
0.019
0.0092
-0.0036
-0.016
-0.011
0.0043
0.026
0.03
0.0054
-0.027
-0.051
-0.062
-0.053
-0.026
-0.0054
0.0045
0.0051
-0.016
-0.038
-0.05
-0.044
-0.026
-0.017
-0.016
-0.0022
0.0089
0.0057
0.0042
-0.012
-0.024
-0.021
-0.024
-0.013
0.0002
0.0033
0.0068
0.011
0.0065
-0.00078
-0.0081
-0.012
0.0083
0.034
0.047
0.051
0.038
0.034
0.018
-0.0056
-0.019
-0.016
-0.014
-0.0064
0.0093
0.0049
-0.0064
-0.0085
-0.003
0.014
0.029
0.023
0.0054
0.007
0.014
0.0017
-0.0099
-0.019
-0.045
-0.055
-0.025
-0.00053
0.00066
0.0025
0.018
0.028
0.029
0.025
0.009
0.0046
0.012
0.023
0.033
0.026
0.0082
-0.0046
-0.004
-0.011
-0.024
-0.025
-0.0052
0.0083
0.0083
0.0082
-0.009
-0.022
-0.03
-0.037
-0.033
-0.015
0.0015
0.00041
0.0095
0.017
0.014
-0.0039
-0.025
-0.023
-0.0052
0.017
0.03
0.017
0.0049
0.0038
0.0022
-0.0021
0.0039
0.015
0.022
0.034
0.055
0.061
0.05
0.046
0.029
0.0053
-0.01
-0.013
-0.002
0.019
0.038
0.035
0.04
0.055
0.049
0.034
0.019
0.012
0.012
0.021
0.03
0.045
0.058
0.064
0.074
0.07
0.063
0.073
0.08
0.084
0.077
0.074
0.077
0.078
0.07
0.075
0.088
0.09
0.089
0.08
0.076
0.1
0.14
0.15
0.12
0.071
0.033
0.0097
0.019
0.05
0.058
0.064
0.091
0.091
0.068
0.054
0.062
0.072
0.071
0.071
0.071
0.055
0.037
0.052
0.073
0.082
0.068
0.042
0.025
0.011
0.038
0.093
0.12
0.11
0.088
0.066
0.034
0.02
0.0094
0.018
0.039
0.046
0.062
0.08
0.093
0.091
0.084
0.067
0.052
0.046
0.055
0.059
0.036
0.007
-0.0065
-0.011
0.00044
0.018
0.023
0.013
0.013
0.025
0.03
0.027
0.0023
-0.039
-0.077
-0.095
-0.097
-0.098
-0.067
-0.0064
0.025
0.0047
-0.017
-0.016
-0.023
-0.04
-0.056
-0.073
-0.09
-0.088
-0.07
-0.048
-0.026
-0.019
-0.02
-0.017
-0.014
-0.021
-0.037
-0.054
-0.067
-0.08
-0.1
-0.11
-0.1
-0.077
-0.044
-0.016
-0.0025
0.00056
-0.0087
-0.026
-0.03
-0.026
-0.022
-0.024
-0.026
-0.028
-0.04
-0.039
-0.026
-0.021
-0.03
-0.03
-0.017
-0.03
-0.062
-0.071
-0.05
-0.029
-0.018
-0.0091
-0.00075
0.017
0.033
0.042
0.034
0.0058
-0.019
-0.0097
0.014
0.011
-0.0049
-0.014
-0.015
-0.009
-0.00053
-0.01
-0.033
-0.031
-0.031
-0.039
-0.033
-0.0033
0.042
0.08
0.085
0.062
0.035
-0.0014
-0.026
-0.032
-0.024
-0.023
-0.042
-0.065
-0.079
-0.08
-0.054
-0.0036
0.048
0.067
0.064
0.056
0.055
0.073
0.093
0.095
0.065
0.025
-0.0031
-0.014
0.0033
0.038
0.049
0.032
0.026
0.047
0.077
0.11
0.12
0.09
0.054
0.011
-0.024
-0.035
-0.046
-0.018
0.031
0.058
0.064
0.037
0.017
0.006
0.023
0.048
0.06
0.035
-0.018
-0.044
-0.044
-0.011
0.021
0.042
0.059
0.065
0.07
0.074
0.067
0.029
-0.0026
0.0044
0.016
0.037
0.075
0.093
0.063
0.031
0.0092
-0.008
-0.017
-0.032
-0.023
-0.0018
0.027
0.049
0.069
0.072
0.048
0.02
-0.034
-0.084
-0.1
-0.079
-0.039
-0.0095
0.03
0.057
0.051
0.038
0.035
0.032
0.011
0.0014
-0.0039
0.017
0.041
0.043
0.041
0.052
0.074
0.1
0.13
0.12
0.1
0.096
0.096
0.085
0.07
0.054
0.026
0.0023
0.0051
0.022
0.031
0.034
0.024
0.014
0.0044
-0.018
-0.034
-0.049
-0.055
-0.034
-0.0021
0.019
0.016
0.0069
0.0033
0.011
0.023
0.019
0.0062
-0.013
-0.03
-0.048
-0.072
-0.09
-0.081
-0.059
-0.053
-0.054
-0.047
-0.033
-0.0048
0.017
0.033
0.013
-0.023
-0.051
-0.075
-0.092
-0.11
-0.13
-0.14
-0.13
-0.094
-0.043
-0.021
-0.024
-0.03
-0.036
-0.041
-0.062
-0.11
-0.17
-0.21
-0.22
-0.18
-0.13
-0.1
-0.099
-0.097
-0.081
-0.057
-0.04
-0.036
-0.052
-0.067
-0.077
-0.087
-0.088
-0.085
-0.089
-0.076
-0.037
-0.019
-0.024
-0.03
-0.036
-0.055
-0.072
-0.08
-0.08
-0.072
-0.06
-0.055
-0.059
-0.063
-0.048
-0.042
-0.05
-0.08
-0.091
-0.076
-0.057
-0.05
-0.06
-0.07
-0.091
-0.11
-0.087
-0.065
-0.061
-0.045
-0.0078
0.021
0.03
0.042
0.053
0.023
-0.026
-0.042
-0.04
-0.037
-0.035
-0.03
-0.014
0.004
0.021
0.018
0.0036
-0.003
0.0037
0.01
0.0082
0.012
0.027
0.039
0.037
0.028
0.024
0.022
0.021
0.018
0.0054
-0.0057
0.0016
0.025
0.039
0.042
0.045
0.052
0.053
0.071
0.073
0.057
0.046
0.039
0.046
0.059
0.066
0.079
0.097
0.1
0.084
0.07
0.076
0.071
0.063
0.077
0.09
0.073
0.048
0.061
0.093
0.097
0.082
0.068
0.067
0.077
0.084
0.092
0.093
0.084
0.065
0.065
0.075
0.081
0.085
0.095
0.11
0.12
0.12
0.1
0.071
0.052
0.043
0.061
0.09
0.11
0.11
0.1
0.095
0.082
0.074
0.068
0.063
0.058
0.058
0.059
0.055
0.053
0.062
0.075
0.078
0.062
0.034
0.0087
0.008
0.029
0.052
0.063
0.076
0.096
0.092
0.077
0.057
0.034
0.034
0.05
0.07
0.065
0.043
0.032
0.046
0.055
0.047
0.028
0.012
0.00014
0.0033
0.015
0.022
0.018
0.01
0.007
0.0086
0.009
0.01
0.017
0.029
0.033
0.025
0.013
0.0067
0.012
0.011
-0.0027
-0.0089
0.008
0.026
0.037
0.032
0.017
0.0045
-0.016
-0.02
-0.0062
0.0033
0.0099
0.013
0.014
0.016
0.033
0.04
0.021
-0.013
-0.049
-0.075
-0.083
-0.067
-0.048
-0.037
-0.027
-0.021
-0.016
-0.022
-0.025
-0.026
-0.014
-0.0012
-0.0061
-0.013
-0.013
-0.023
-0.035
-0.035
-0.03
-0.02
-0.0069
-0.0043
-0.0086
-0.01
-0.0081
-0.019
-0.044
-0.077
-0.097
-0.093
-0.076
-0.058
-0.053
-0.049
-0.048
-0.05
-0.042
-0.03
-0.032
-0.046
-0.06
-0.072
-0.081
-0.076
-0.055
-0.058
-0.081
-0.078
-0.053
-0.033
-0.018
-0.0044
-0.0028
-0.016
-0.031
-0.049
-0.09
-0.13
-0.14
-0.11
-0.084
-0.062
-0.044
-0.026
-0.0093
0.004
0.013
0.0083
-0.012
-0.038
-0.058
-0.074
-0.088
-0.083
-0.076
-0.065
-0.049
-0.035
-0.043
-0.045
-0.027
-0.016
-0.026
-0.053
-0.073
-0.074
-0.067
-0.06
-0.04
-0.011
-0.0052
-0.029
-0.048
-0.05
-0.055
-0.056
-0.057
-0.072
-0.087
-0.087
-0.059
-0.027
0.0024
0.025
0.02
0.004
-0.0095
-0.023
-0.034
-0.033
-0.039
-0.062
-0.078
-0.084
-0.07
-0.047
-0.021
0.00056
0.0079
0.0074
0.0069
0.011
0.0069
-0.015
-0.02
-7.6e-005
0.03
0.036
0.026
0.01
-0.0011
-0.015
-0.028
-0.046
-0.06
-0.049
-0.048
-0.056
-0.061
-0.06
-0.051
-0.038
-0.025
-0.013
-0.016
-0.016
-0.0063
-0.012
-0.035
-0.068
-0.09
-0.078
-0.045
-0.021
-0.013
-1.5e-005
0.015
0.016
0.01
-0.0018
-0.013
-0.013
-0.0061
0.0093
0.024
0.024
0.016
0.0068
-0.0067
-0.0089
0.0018
0.00044
-0.014
-0.028
-0.038
-0.034
-0.025
-0.021
-0.026
-0.018
-0.0032
0.016
0.025
0.032
0.041
0.041
0.033
0.02
0.014
0.015
0.031
0.042
0.024
0.0064
0.0063
0.017
0.03
0.045
0.057
0.063
0.066
0.061
0.059
0.058
0.056
0.055
0.064
0.063
0.046
0.049
0.07
0.095
0.11
0.1
0.079
0.058
0.067
0.077
0.074
0.072
0.087
0.093
0.085
0.076
0.073
0.073
0.052
0.024
0.018
0.026
0.043
0.05
0.051
0.048
0.03
0.0081
0.0061
0.0066
0.028
0.072
0.093
0.086
0.063
0.035
0.0054
-0.01
0.021
0.05
0.035
0.02
0.03
0.045
0.055
0.059
0.046
0.023
0.018
0.041
0.058
0.051
0.024
-0.0025
-0.015
-0.012
0.0075
0.023
0.024
0.025
0.028
0.034
0.039
0.04
0.043
0.049
0.051
0.049
0.049
0.037
0.047
0.059
0.049
0.036
0.024
0.015
0.0085
0.024
0.039
0.046
0.038
0.027
0.029
0.044
0.053
0.04
0.017
-0.00081
-0.015
-0.0084
0.026
0.05
0.05
0.047
0.037
0.022
0.025
0.035
0.04
0.039
0.043
0.03
0.016
0.024
0.029
0.013
0.0029
0.01
0.0098
0.026
0.062
0.089
0.096
0.1
0.1
0.075
0.031
-0.013
-0.028
-0.019
-0.0089
0.019
0.046
0.068
0.087
0.096
0.09
0.071
0.046
0.013
-0.013
-0.029
-0.0069
0.031
0.043
0.039
0.041
0.042
0.035
0.036
0.052
0.06
0.056
0.055
0.047
0.025
0.032
0.062
0.09
0.1
0.084
0.058
0.058
0.06
0.046
0.03
0.0088
-0.011
-0.011
0.0031
0.021
0.02
0.016
0.028
0.038
0.044
0.045
0.049
0.051
0.034
0.017
0.0018
-0.022
-0.042
-0.03
-0.014
-0.016
-0.018
-0.00029
0.045
0.075
0.072
0.045
0.018
-0.0061
-0.019
-0.017
-0.0043
0.019
0.025
0.018
0.011
-0.0021
-0.015
-0.024
-0.032
-0.052
-0.056
-0.052
-0.055
-0.064
-0.07
-0.062
-0.046
-0.033
-0.037
-0.042
-0.04
-0.042
-0.058
-0.084
-0.094
-0.098
-0.085
-0.077
-0.084
-0.073
-0.025
0.01
0.014
0.006
-0.016
-0.032
-0.046
-0.063
-0.069
-0.064
-0.043
-0.033
-0.038
-0.059
-0.093
-0.13
-0.13
-0.094
-0.055
-0.024
-0.014
-0.023
-0.038
-0.058
-0.081
-0.11
-0.11
-0.076
-0.056
-0.059
-0.049
-0.027
-0.018
-0.0087
-0.012
-0.026
-0.046
-0.056
-0.052
-0.051
-0.053
-0.059
-0.061
-0.061
-0.057
-0.048
-0.042
-0.037
-0.024
-0.0056
0.00078
-0.0066
-0.013
-0.016
-0.023
-0.041
-0.039
-0.016
-0.0014
0.0054
0.0011
-0.01
-0.029
-0.042
-0.052
-0.037
-0.0089
-0.0014
-0.013
-0.012
0.00099
0.009
0.021
0.022
-0.0062
-0.026
-0.022
-0.024
-0.027
-0.032
-0.051
-0.061
-0.041
-0.02
-0.018
-0.021
-0.015
-0.013
-0.018
-0.018
-0.019
-0.014
-0.0082
-0.019
-0.031
-0.022
-0.018
-0.027
-0.022
-0.0087
-0.004
-0.011
0.0096
0.03
0.026
0.026
0.042
0.053
0.045
0.035
0.023
0.012
0.0083
0.015
0.016
-0.01
-0.029
-0.017
0.02
0.039
0.041
0.053
0.063
0.061
0.046
0.029
0.035
0.054
0.065
0.062
0.041
0.03
0.05
0.065
0.062
0.058
0.057
0.069
0.067
0.055
0.051
0.052
0.043
0.04
0.057
0.071
0.07
0.07
0.065
0.035
0.0067
0.015
0.036
0.04
0.034
0.041
0.059
0.07
0.076
0.079
0.089
0.11
0.1
0.074
0.016
-0.039
-0.044
0.0044
0.036
0.039
0.039
0.047
0.064
0.082
0.092
0.095
0.097
0.08
0.03
-0.013
-0.018
0.0092
0.044
0.079
0.085
0.06
0.034
0.016
0.016
0.025
0.026
0.019
0.017
0.024
0.037
0.05
0.055
0.055
0.04
0.032
0.027
0.0073
0.0021
0.0023
0.014
0.028
0.038
0.045
0.055
0.055
0.055
0.052
0.015
-0.015
-0.018
0.0018
0.035
0.045
0.03
0.014
-0.0043
-0.015
0.0022
0.023
0.038
0.044
0.036
0.029
0.043
0.056
0.042
0.023
0.03
0.054
0.061
0.043
0.023
0.0019
-0.0022
0.018
0.016
-0.0064
-0.0031
0.027
0.038
0.029
0.001
-0.025
-0.019
-0.013
-0.011
-0.009
-0.016
-0.011
0.0095
0.021
0.0096
-0.0058
-0.006
0.0023
-0.011
-0.034
-0.035
-0.026
-0.0014
0.01
0.0025
-0.0027
-0.0068
-0.0085
-0.0094
-0.014
-0.018
-0.023
-0.033
-0.03
-0.018
-0.003
0.0016
-0.013
-0.0087
0.02
0.032
0.018
0.0023
-0.017
-0.038
-0.027
-0.0085
-0.025
-0.064
-0.073
-0.04
-0.0056
0.0092
-1.5e-005
-0.011
-0.013
-0.0098
-0.0034
-0.0035
-0.013
-0.034
-0.041
-0.021
-4.6e-005
0.0065
0.013
0.013
0.0055
0.011
0.01
0.0066
0.0025
-0.00044
0.0016
-0.0027
-0.0024
-0.013
-0.018
-0.011
0.0083
0.012
-0.0019
-0.0057
-0.015
-0.01
0.0064
0.013
7.6e-005
-0.018
-0.019
-0.012
-0.0014
0.026
0.045
0.03
0.013
0.016
0.008
-0.014
-0.032
-0.046
-0.065
-0.083
-0.083
-0.059
-0.034
-0.041
-0.059
-0.051
-0.019
0.019
0.043
0.042
0.015
-0.0057
-0.0072
-0.0083
-0.00053
0.025
0.042
0.024
-0.0038
-0.01
0.0033
0.02
0.015
0.0026
-0.014
-0.021
-0.016
0.00084
0.015
0.0076
-0.0059
-0.023
-0.031
-0.028
-0.037
-0.051
-0.043
-0.0096
0.013
0.013
0.019
0.031
0.025
0.0097
0.015
0.022
0.03
0.04
0.046
0.05
0.049
0.047
0.036
0.032
0.027
0.011
-0.0053
-0.023
-0.023
-0.026
-0.023
-0.01
0.011
0.027
0.02
-0.0071
-0.033
-0.023
-0.0011
0.003
-0.031
-0.054
-0.063
-0.078
-0.074
-0.052
-0.017
0.0031
0.0044
-0.014
-0.026
-0.019
-0.0083
0.025
0.058
0.053
0.0077
-0.056
-0.1
-0.12
-0.1
-0.061
-0.041
-0.011
0.015
0.02
0.019
0.027
0.025
0.0049
-0.022
-0.07
-0.092
-0.077
-0.044
-0.0087
0.021
0.051
0.069
0.062
0.03
0.0081
-0.0038
-0.017
-0.0094
0.0036
-0.0018
-0.021
-0.033
-0.015
0.031
0.059
0.04
0.0031
-0.028
-0.062
-0.085
-0.089
-0.065
-0.037
-0.032
-0.013
-0.0022
-0.0021
-0.00066
-0.007
-0.022
-0.047
-0.064
-0.059
-0.037
-0.00053
0.024
0.035
0.036
0.03
0.025
0.023
0.0097
-0.016
-0.046
-0.056
-0.04
-0.036
-0.027
-0.00093
0.0027
-0.0061
-0.023
-0.045
-0.066
-0.089
-0.093
-0.083
-0.071
-0.065
-0.067
-0.06
-0.047
-0.047
-0.056
-0.062
-0.072
-0.076
-0.072
-0.061
-0.035
-0.0036
0.016
0.019
0.0087
-0.005
-0.017
-0.034
-0.033
-0.021
-0.0024
0.021
0.041
0.032
0.016
0.015
0.0098
-0.0023
-0.016
-0.026
-0.029
-0.0027
0.036
0.047
0.032
0.019
0.015
0.022
0.033
0.027
0.0056
-0.017
-0.04
-0.063
-0.053
-0.011
0.018
0.0083
-0.022
-0.04
-0.025
-0.0052
0.0081
0.015
0.011
0.0039
0.0048
0.0062
-0.00029
-0.014
-0.0072
0.0066
0.013
0.022
0.029
0.0093
-0.014
-0.013
0.00011
0.019
0.04
0.059
0.069
0.073
0.059
0.054
0.054
0.05
0.061
0.078
0.089
0.081
0.069
0.071
0.063
0.044
0.045
0.043
0.029
0.012
-0.0036
-0.0013
0.019
0.024
0.021
0.03
0.037
0.034
0.014
-0.011
-0.026
-0.024
-0.012
0.0025
0.018
0.021
0.019
0.022
0.038
0.049
0.046
0.043
0.028
0.012
-0.011
-0.019
-0.0072
0.016
0.035
0.026
0.01
-0.0043
0.00014
0.012
0.019
0.024
0.03
0.024
0.018
0.0087
-0.0069
-0.0069
0.0095
0.031
0.041
0.043
0.04
0.021
-0.0037
-0.01
-0.02
-0.025
0.011
0.049
0.054
0.037
0.013
0.0044
0.013
0.02
0.03
0.027
0.018
0.004
-0.0043
-0.0012
0.0049
0.016
0.024
0.014
-0.01
-0.014
0.0019
0.0034
0.01
0.02
0.022
0.023
0.025
0.013
-0.0043
-0.0092
-0.004
0.0086
0.037
0.07
0.085
0.066
0.032
0.0013
-0.011
-0.00047
0.0079
0.018
0.032
0.041
0.055
0.093
0.12
0.11
0.092
0.081
0.07
0.043
0.005
-0.029
-0.025
0.032
0.088
0.11
0.095
0.072
0.067
0.079
0.097
0.1
0.092
0.064
0.03
0.0094
0.0089
0.025
0.062
0.1
0.13
0.15
0.14
0.11
0.065
0.027
-0.002
-0.013
-0.013
-0.0014
0.026
0.048
0.068
0.086
0.081
0.045
0.001
-0.037
-0.059
-0.058
-0.042
-0.023
-0.0017
0.033
0.059
0.045
0.013
-0.011
-0.03
-0.037
-0.045
-0.049
-0.032
-0.0044
0.0088
0.013
0.0091
-0.0067
-0.018
0.0021
0.031
0.028
0.0043
-0.019
-0.029
-0.029
-0.026
-0.0053
0.0041
-0.002
-0.016
-0.027
-0.015
0.0057
0.015
0.0069
-0.013
-0.035
-0.035
-0.032
-0.033
-0.029
-0.012
0.011
0.0099
-0.017
-0.042
-0.052
-0.047
-0.028
-0.011
0.0024
0.014
0.022
0.025
0.029
0.024
0.013
0.017
0.03
0.03
0.026
0.028
0.039
0.049
0.047
0.036
0.027
0.031
0.037
0.039
0.053
0.071
0.072
0.054
0.051
0.068
0.08
0.081
0.073
0.071
0.066
0.059
0.057
0.074
0.09
0.08
0.063
0.048
0.056
0.075
0.081
0.069
0.058
0.064
0.072
0.082
0.093
0.098
0.1
0.11
0.1
0.094
0.083
0.081
0.082
0.065
0.049
0.044
0.039
0.042
0.048
0.044
0.029
0.033
0.06
0.078
0.078
0.074
0.08
0.073
0.052
0.05
0.06
0.055
0.035
0.018
0.018
0.018
0.022
0.034
0.044
0.039
0.036
0.03
0.022
0.014
-0.00078
-0.016
-0.029
-0.01
0.035
0.068
0.063
0.034
0.0025
-0.0086
0.015
0.058
0.097
0.12
0.11
0.099
0.082
0.061
0.036
0.015
0.014
0.028
0.024
0.0037
0.0038
0.029
0.06
0.084
0.086
0.07
0.049
0.031
0.012
0.007
0.014
0.013
0.0082
0.021
0.031
0.028
0.021
0.016
0.0052
-0.02
-0.039
-0.041
-0.025
-0.0034
0.012
0.026
0.032
0.036
0.031
0.0011
-0.037
-0.051
-0.041
-0.023
0.0048
0.018
0.0029
-0.027
-0.049
-0.052
-0.045
-0.034
-0.032
-0.03
-0.023
-0.039
-0.078
-0.099
-0.089
-0.085
-0.089
-0.099
-0.12
-0.12
-0.081
-0.044
-0.047
-0.07
-0.08
-0.055
-0.0042
0.029
0.035
0.017
-0.015
-0.058
-0.096
-0.12
-0.12
-0.1
-0.085
-0.058
-0.026
-0.018
-0.022
-0.033
-0.04
-0.055
-0.081
-0.091
-0.075
-0.061
-0.057
-0.048
-0.039
-0.041
-0.049
-0.046
-0.03
-0.014
-0.014
-0.031
-0.056
-0.056
-0.052
-0.049
-0.031
-0.02
-0.012
0.00093
0.0027
-0.014
-0.029
-0.0067
0.015
0.0013
-0.025
-0.048
-0.054
-0.042
-0.033
-0.038
-0.046
-0.051
-0.057
-0.037
0.0064
0.039
0.025
-0.012
-0.05
-0.083
-0.094
-0.083
-0.072
-0.075
-0.071
-0.059
-0.064
-0.071
-0.074
-0.059
-0.042
-0.023
0.0014
0.0033
-0.011
-0.027
-0.025
-0.028
-0.044
-0.044
-0.02
0.00047
0.0049
0.0054
0.014
0.024
0.016
0.0076
0.0056
0.012
0.024
0.032
0.042
0.055
0.05
0.035
0.03
0.03
0.033
0.041
0.052
0.074
0.087
0.071
0.059
0.05
0.041
0.035
0.049
0.079
0.095
0.093
0.08
0.069
0.059
0.045
0.034
0.043
0.072
0.084
0.077
0.055
0.035
0.029
0.027
0.021
0.027
0.052
0.06
0.045
0.039
0.059
0.066
0.041
0.018
0.019
0.028
0.033
0.037
0.033
0.038
0.046
0.032
0.016
0.021
0.033
0.036
0.026
0.002
-0.024
-0.03
-0.023
-0.012
-0.022
-0.048
-0.053
-0.04
-0.008
0.0059
-0.0084
-0.033
-0.047
-0.051
-0.058
-0.055
-0.034
-0.0052
-0.012
-0.039
-0.044
-0.048
-0.059
-0.062
-0.048
-0.047
-0.052
-0.051
-0.046
-0.041
-0.031
-0.019
-0.033
-0.061
-0.086
-0.11
-0.12
-0.1
-0.066
-0.057
-0.061
-0.059
-0.044
-0.049
-0.077
-0.089
-0.096
-0.086
-0.061
-0.039
-0.039
-0.044
-0.039
-0.057
-0.061
-0.047
-0.044
-0.065
-0.097
-0.098
-0.072
-0.054
-0.055
-0.07
-0.072
-0.056
-0.038
-0.035
-0.049
-0.074
-0.067
-0.036
-0.022
-0.024
-0.035
-0.032
-0.022
-0.012
-0.019
-0.035
-0.047
-0.047
-0.04
-0.044
-0.051
-0.055
-0.05
-0.039
-0.04
-0.055
-0.06
-0.053
-0.051
-0.032
-0.013
-0.011
-0.031
-0.048
-0.037
-0.011
0.019
0.021
-0.0056
-0.025
-0.016
0.003
0.016
0.02
-0.00063
-0.029
-0.04
-0.049
-0.056
-0.043
-0.011
0.024
0.062
0.096
0.11
0.11
0.085
0.072
0.058
0.037
0.023
0.025
0.033
0.032
0.022
0.014
0.052
0.094
0.1
0.1
0.074
0.031
0.02
0.018
-0.012
-0.032
-0.013
0.024
0.058
0.082
0.095
0.091
0.066
0.044
0.036
0.018
-0.019
-0.052
-0.048
-0.0092
0.026
0.044
0.053
0.055
0.056
0.059
0.062
0.044
-0.0069
-0.041
-0.028
-0.0013
0.01
0.018
0.021
0.017
0.02
0.016
0.011
-0.0048
-0.0098
0.0089
0.018
0.012
0.0052
0.0023
0.00035
-0.0097
-0.027
-0.032
-0.043
-0.066
-0.071
-0.065
-0.055
-0.048
-0.046
-0.033
-0.021
0.003
0.041
0.065
0.062
0.058
0.057
0.039
0.018
0.0061
0.0042
0.013
0.0071
-0.0075
-0.011
-0.023
-0.044
-0.045
-0.033
-0.03
-0.04
-0.046
-0.032
-0.0066
0.013
0.009
-0.013
-0.03
-0.028
-0.023
-0.0036
0.026
0.031
0.034
0.038
0.029
0.011
0.0031
0.0072
0.011
0.0061
-0.0033
-0.0031
0.00075
0.015
0.03
0.042
0.045
0.029
0.012
0.0098
0.013
0.011
0.00081
-0.017
-0.029
-0.0091
0.004
0.012
0.027
0.031
0.023
0.014
0.021
0.031
0.026
0.0019
-0.0041
0.023
0.042
0.041
0.04
0.039
0.035
0.029
0.026
0.026
0.023
0.02
0.022
0.017
0.025
0.049
0.057
0.057
0.041
0.022
0.01
0.0079
0.012
0.03
0.045
0.051
0.058
0.048
0.025
0.029
0.058
0.082
0.083
0.071
0.052
0.037
0.036
0.03
0.0029
-0.014
-0.0098
-0.014
-0.016
-0.016
-0.017
-0.021
-0.025
-0.017
-0.00063
0.0079
-0.00044
-0.013
-0.02
-0.019
-0.028
-0.043
-0.034
-0.024
-0.029
-0.035
-0.015
0.016
0.021
-0.0027
-0.023
-0.017
-0.017
-0.034
-0.042
-0.035
-0.014
-0.0034
-0.0051
-0.0072
0.0009
-0.0086
-0.034
-0.053
-0.054
-0.026
-7.6e-005
0.0074
0.0066
0.012
0.017
0.017
0.018
0.032
0.043
0.043
0.039
0.028
0.011
0.015
0.027
0.029
0.024
0.0045
-0.01
0.0009
0.013
-0.00053
-0.021
-0.027
-0.021
-0.015
-0.0014
0.021
0.033
0.028
0.032
0.039
0.046
0.05
0.043
0.034
0.044
0.054
0.063
0.073
0.067
0.056
0.045
0.034
0.027
0.024
0.024
0.029
0.044
0.071
0.097
0.12
0.14
0.14
0.14
0.13
0.09
0.057
0.061
0.093
0.12
0.14
0.16
0.16
0.15
0.13
0.12
0.12
0.11
0.099
0.079
0.059
0.059
0.087
0.11
0.13
0.13
0.11
0.09
0.068
0.06
0.068
0.081
0.085
0.072
0.046
0.042
0.058
0.073
0.081
0.066
0.048
0.045
0.037
0.033
0.032
0.022
0.0038
-0.013
-0.02
-0.0024
0.013
0.014
0.022
0.03
0.018
-0.012
-0.036
-0.044
-0.042
-0.034
-0.026
-0.034
-0.058
-0.079
-0.093
-0.1
-0.085
-0.076
-0.1
-0.13
-0.13
-0.11
-0.088
-0.078
-0.085
-0.074
-0.072
-0.096
-0.11
-0.098
-0.079
-0.078
-0.094
-0.1
-0.11
-0.12
-0.11
-0.092
-0.079
-0.075
-0.089
-0.085
-0.078
-0.091
-0.1
-0.1
-0.1
-0.11
-0.1
-0.12
-0.13
-0.12
-0.12
-0.099
-0.079
-0.065
-0.053
-0.05
-0.051
-0.062
-0.069
-0.063
-0.063
-0.077
-0.079
-0.068
-0.059
-0.05
-0.042
-0.045
-0.053
-0.059
-0.061
-0.052
-0.033
-0.02
-0.021
-0.04
-0.065
-0.078
-0.058
-0.018
-0.005
-0.013
1.5e-005
0.035
0.049
0.046
0.045
0.054
0.064
0.046
0.028
0.029
0.05
0.076
0.091
0.086
0.066
0.042
0.023
0.033
0.049
0.054
0.059
0.071
0.084
0.086
0.082
0.08
0.075
0.073
0.07
0.057
0.045
0.047
0.046
0.044
0.04
0.016
0.017
0.047
0.066
0.089
0.11
0.11
0.11
0.11
0.089
0.067
0.057
0.072
0.095
0.1
0.11
0.11
0.11
0.11
0.12
0.12
0.12
0.11
0.095
0.1
0.12
0.13
0.13
0.13
0.092
0.074
0.089
0.11
0.11
0.1
0.098
0.091
0.086
0.092
0.1
0.11
0.092
0.066
0.067
0.08
0.079
0.063
0.053
0.033
0.012
0.0046
0.006
0.0088
-0.00011
-0.0077
-0.015
-0.036
-0.048
-0.033
-0.0032
0.016
0.016
-0.011
-0.04
-0.044
-0.027
-0.012
-0.023
-0.042
-0.051
-0.068
-0.089
-0.085
-0.076
-0.073
-0.072
-0.075
-0.052
-0.039
-0.042
-0.033
-0.012
-0.0043
-0.019
-0.047
-0.045
-0.018
-0.0024
0.011
0.014
-0.00066
-0.015
-0.024
-0.034
-0.04
-0.034
-0.014
0.019
0.04
0.052
0.054
0.029
0.016
0.011
-0.023
-0.057
-0.041
0.0043
0.036
0.047
0.036
0.037
0.06
0.075
0.088
0.089
0.063
0.028
-0.0039
-0.021
-0.018
-0.0073
0.014
0.055
0.071
0.065
0.046
0.026
0.013
-0.001
0.008
0.03
0.034
0.03
0.038
0.043
0.046
0.061
0.083
0.086
0.052
-0.0061
-0.049
-0.068
-0.065
-0.045
-0.012
0.032
0.066
0.069
0.052
0.036
0.014
-0.0054
-0.0086
-0.0063
-0.0051
-0.00047
-0.0091
-0.025
-0.038
-0.051
-0.051
-0.051
-0.062
-0.076
-0.091
-0.095
-0.088
-0.079
-0.067
-0.053
-0.066
-0.099
-0.11
-0.11
-0.084
-0.077
-0.093
-0.095
-0.081
-0.061
-0.047
-0.06
-0.094
-0.12
-0.14
-0.14
-0.14
-0.13
-0.1
-0.058
0.0009
0.039
0.039
0.022
0.0053
-0.0065
-0.026
-0.039
-0.028
0.03
0.096
0.1
-0.00081
-0.18
-0.27
-0.23
-0.13
-0.018
0.083
0.11
0.046
-0.038
-0.074
-0.035
0.038
0.075
0.057
-0.0047
-0.1
-0.17
-0.17
-0.096
-0.038
-0.051
-0.13
-0.19
-0.18
-0.1
0.0052
0.07
0.082
0.043
-0.024
-0.09
-0.11
-0.12
-0.12
-0.089
-0.033
0.029
0.06
0.06
0.061
0.042
0.0018
-0.013
0.0063
0.031
0.036
0.03
0.041
0.038
0.017
0.022
0.049
0.076
0.07
0.032
0.0086
0.023
0.042
0.055
0.088
0.1
0.084
0.064
0.07
0.11
0.14
0.12
0.093
0.091
0.074
0.039
0.014
0.027
0.071
0.1
0.12
0.1
0.072
0.05
0.04
0.037
0.042
0.044
0.032
0.033
0.036
0.058
0.091
0.098
0.086
0.074
0.059
0.05
0.045
0.041
0.038
0.035
0.04
0.053
0.053
0.045
0.038
0.031
0.021
-0.0042
-0.041
-0.05
-0.029
-0.0062
0.01
-0.0028
-0.028
-0.035
-0.057
-0.089
-0.091
-0.073
-0.06
-0.057
-0.058
-0.043
-0.034
-0.053
-0.081
-0.095
-0.096
-0.085
-0.076
-0.055
-0.05
-0.079
-0.096
-0.088
-0.068
-0.045
-0.029
-0.035
-0.046
-0.051
-0.052
-0.053
-0.075
-0.11
-0.13
-0.098
-0.066
-0.052
-0.035
-0.02
-0.036
-0.059
-0.059
-0.057
-0.063
-0.05
-0.037
-0.052
-0.066
-0.072
-0.08
-0.09
-0.098
-0.075
-0.018
0.031
0.056
0.053
0.043
0.04
0.041
0.026
0.0025
-0.0023
0.0051
0.013
0.024
0.053
0.087
0.084
0.07
0.068
0.073
0.076
0.083
0.077
0.063
0.057
0.06
0.066
0.06
0.06
0.076
0.099
0.11
0.12
0.09
0.055
0.052
0.07
0.061
0.037
0.042
0.066
0.071
0.071
0.078
0.084
0.092
0.087
0.064
0.038
0.015
-0.0079
-0.018
-0.024
-0.032
-0.027
-0.0011
0.019
0.028
0.029
0.022
0.0029
-0.017
-0.035
-0.033
-0.018
-0.014
-0.02
-0.038
-0.053
-0.067
-0.056
-0.032
-0.015
0.0076
0.029
0.03
0.0095
-0.02
-0.059
-0.096
-0.094
-0.044
0.01
0.038
0.062
0.078
0.08
0.082
0.076
0.055
0.052
0.057
0.024
-0.012
-0.018
-0.006
0.018
0.051
0.07
0.08
0.097
0.085
0.046
0.0047
-0.018
-0.025
-0.032
-0.02
0.013
0.043
0.054
0.059
0.052
0.037
0.031
0.017
0.0058
0.0047
0.003
-0.0016
0.0018
0.025
0.031
0.035
0.035
0.025
0.011
0.0083
0.0061
0.0035
0.022
0.035
0.032
0.035
0.04
0.03
0.021
0.029
0.04
0.051
0.054
0.054
0.07
0.084
0.084
0.069
0.058
0.06
0.056
0.058
0.076
0.085
0.085
0.077
0.055
0.048
0.06
0.07
0.081
0.1
0.11
0.1
0.085
0.07
0.062
0.07
0.1
0.13
0.13
0.11
0.082
0.061
0.057
0.058
0.063
0.065
0.059
0.048
0.045
0.049
0.054
0.06
0.047
0.035
0.041
0.041
0.041
0.05
0.061
0.055
0.043
0.033
0.031
0.038
0.046
0.059
0.062
0.053
0.031
0.0076
0.0033
0.016
0.022
0.031
0.054
0.06
0.048
0.038
0.033
0.031
0.032
0.026
0.01
-0.00035
0.0036
0.019
0.024
0.025
0.027
0.019
0.0056
-0.0091
-0.017
-0.019
-0.021
-0.019
-0.017
-0.019
-0.027
-0.027
-0.032
-0.029
-0.018
-0.0031
0.0058
-0.004
-0.017
-0.016
-0.021
-0.043
-0.055
-0.045
-0.031
-0.031
-0.037
-0.034
-0.04
-0.047
-0.046
-0.058
-0.074
-0.081
-0.09
-0.11
-0.1
-0.082
-0.06
-0.035
-0.018
-0.029
-0.053
-0.07
-0.071
-0.071
-0.093
-0.1
-0.082
-0.067
-0.067
-0.05
-0.03
-0.025
-0.036
-0.036
-0.031
-0.044
-0.055
-0.041
-0.027
-0.026
-0.024
-0.031
-0.037
-0.027
-0.019
-0.018
-0.023
-0.029
-0.024
-0.0073
0.00029
-0.0061
-0.0079
-0.0017
-0.0096
-0.023
-0.021
-0.021
-0.029
-0.038
-0.035
-0.014
0.028
0.064
0.054
0.032
0.016
0.014
0.045
0.072
0.063
0.023
-0.0049
-0.0062
0.021
0.044
0.04
0.031
0.022
0.011
-0.0022
-0.005
0.014
0.031
0.038
0.024
0.013
0.018
0.032
0.033
0.026
0.025
0.014
-0.0054
-0.018
-0.00035
0.023
0.036
0.048
0.053
0.044
0.026
0.0091
0.019
0.038
0.046
0.054
0.08
0.089
0.053
-0.01
-0.051
-0.025
0.017
0.045
0.083
0.12
0.089
0.013
-0.033
-0.05
-0.088
-0.14
-0.17
-0.13
-0.052
0.021
0.068
0.079
0.047
0.0024
-0.016
0.00084
0.029
0.04
0.032
-0.0018
-0.058
-0.11
-0.12
-0.1
-0.076
-0.037
-0.0029
-0.0058
-0.04
-0.077
-0.11
-0.11
-0.079
-0.052
-0.041
-0.042
-0.042
-0.045
-0.045
-0.035
-0.031
-0.025
-0.011
-0.0076
-0.03
-0.062
-0.072
-0.064
-0.048
-0.03
-0.03
-0.049
-0.048
-0.032
-0.024
-0.02
-0.0059
0.021
0.027
0.022
0.019
0.0083
-0.021
-0.044
-0.039
-0.0096
0.021
0.036
0.037
0.027
0.025
0.042
0.051
0.052
0.058
0.061
0.043
0.0057
-0.028
-0.038
-0.021
0.00038
0.022
0.033
0.022
-0.0019
-0.021
-0.034
-0.045
-0.035
-0.0025
0.027
0.047
0.047
0.029
0.0013
-0.0031
0.0035
0.0096
0.027
0.039
0.034
0.0099
-0.0095
-0.016
0.011
0.053
0.066
0.056
0.032
0.0027
-0.023
-0.027
-0.00066
0.036
0.05
0.028
0.0076
-0.0068
-0.016
-0.011
0.012
0.048
0.059
0.048
0.037
0.037
0.053
0.078
0.087
0.075
0.051
0.039
0.041
0.046
0.044
0.034
0.027
0.027
0.025
0.033
0.059
0.08
0.063
0.031
0.022
0.031
0.042
0.054
0.062
0.06
0.051
0.03
0.013
0.0061
-0.0035
-0.0067
-0.0095
-0.0044
0.0064
0.002
-0.016
-0.056
-0.07
-0.025
0.032
0.052
0.043
0.019
-0.0059
-0.0069
-0.0047
-0.00066
0.0066
0.014
0.00078
-0.041
-0.088
-0.13
-0.14
-0.13
-0.081
-0.0068
0.047
0.062
0.04
0.013
-0.0044
-0.0093
-0.028
-0.063
-0.085
-0.081
-0.071
-0.06
0.0032
0.08
0.1
0.078
0.011
-0.061
-0.1
-0.098
-0.067
-0.032
-0.00096
0.032
0.053
0.044
0.032
0.024
0.029
0.032
0.025
0.0094
-0.029
-0.063
-0.055
-0.019
0.027
0.06
0.083
0.096
0.095
0.074
0.036
0.013
0.0083
0.0018
0.00075
0.025
0.051
0.06
0.059
0.055
0.046
0.03
0.024
0.035
0.049
0.056
0.055
0.048
0.059
0.078
0.078
0.07
0.068
0.07
0.07
0.059
0.041
0.026
0.017
0.02
0.042
0.052
0.043
0.04
0.044
0.048
0.042
0.043
0.057
0.073
0.062
0.025
0.0045
0.013
0.04
0.058
0.065
0.06
0.048
0.044
0.041
0.041
0.049
0.054
0.053
0.05
0.046
0.032
0.013
-0.00093
0.012
0.037
0.051
0.057
0.054
0.041
0.026
0.017
0.0087
0.003
0.006
0.022
0.019
-0.0082
-0.022
-0.016
-0.0006
0.012
0.019
0.026
0.026
0.013
-0.0049
-0.0095
-0.022
-0.038
-0.025
-0.00078
0.012
0.0086
-0.004
-0.0092
-0.008
-0.013
-0.028
-0.038
-0.042
-0.034
-0.024
-0.019
-0.006
-0.0038
-0.01
-0.018
-0.026
-0.023
-0.021
-0.041
-0.058
-0.064
-0.064
-0.05
-0.032
-0.024
-0.024
-0.035
-0.047
-0.063
-0.077
-0.079
-0.064
-0.033
-0.0019
0.0076
0.0015
-0.0031
-0.0097
-0.03
-0.063
-0.079
-0.073
-0.065
-0.058
-0.048
-0.038
-0.036
-0.047
-0.06
-0.065
-0.067
-0.075
-0.078
-0.073
-0.066
-0.073
-0.072
-0.049
-0.023
-0.015
-0.037
-0.055
-0.054
-0.051
-0.049
-0.05
-0.044
-0.04
-0.047
-0.047
-0.034
-0.028
-0.028
-0.027
-0.023
-0.014
-0.018
-0.033
-0.031
-0.018
-0.012
-0.009
0.011
0.034
0.041
0.031
0.022
0.0097
-0.0016
0.0019
0.00099
0.0076
0.031
0.052
0.055
0.051
0.057
0.069
0.079
0.077
0.07
0.065
0.064
0.064
0.062
0.071
0.076
0.069
0.076
0.094
0.11
0.1
0.084
0.061
0.049
0.05
0.058
0.074
0.078
0.066
0.044
0.034
0.047
0.069
0.084
0.087
0.085
0.07
0.043
0.017
0.0044
0.022
0.045
0.062
0.075
0.087
0.081
0.067
0.072
0.084
0.093
0.082
0.042
-0.0026
-0.025
-0.025
-0.018
-0.0096
0.013
0.047
0.065
0.072
0.072
0.061
0.052
0.033
0.012
0.0077
0.022
0.037
0.034
0.011
0.0043
0.014
0.015
0.011
-0.011
-0.064
-0.097
-0.088
-0.053
-0.014
0.016
0.033
0.038
0.029
0.015
-0.0027
-0.026
-0.039
-0.042
-0.04
-0.028
-0.0093
0.0022
-0.0074
-0.019
-0.023
-0.019
-0.018
-0.022
-0.038
-0.068
-0.076
-0.059
-0.038
-0.022
-0.013
-0.017
-0.018
-0.017
-0.024
-0.026
-0.03
-0.043
-0.041
-0.026
-0.014
-0.004
-0.0032
-0.013
-0.034
-0.056
-0.065
-0.061
-0.06
-0.045
-0.022
-0.0092
-0.012
-0.016
-0.0071
-0.0011
-0.0054
-0.017
-0.031
-0.056
-0.073
-0.07
-0.055
-0.032
-0.018
-0.014
-0.018
-0.039
-0.062
-0.068
-0.059
-0.049
-0.048
-0.06
-0.067
-0.063
-0.066
-0.06
-0.036
-0.016
-0.022
-0.05
-0.079
-0.098
-0.12
-0.13
-0.13
-0.1
-0.071
-0.047
-0.036
-0.038
-0.048
-0.07
-0.091
-0.092
-0.091
-0.094
-0.091
-0.074
-0.06
-0.08
-0.1
-0.1
-0.093
-0.099
-0.11
-0.093
-0.071
-0.059
-0.051
-0.019
0.019
0.039
0.048
0.032
0.0033
-0.0061
-0.0072
-0.013
-0.012
0.0043
0.011
-0.0013
-0.01
-0.0026
0.0036
0.0059
0.01
0.012
0.0054
-0.008
-0.0029
0.01
0.0061
-0.014
-0.029
-0.029
-0.018
-0.0086
-0.0083
-0.012
-0.014
-0.018
-0.023
-0.023
-0.02
-0.013
-0.017
-0.019
-0.0064
0.0066
0.003
-0.0028
-0.0054
0.0014
0.014
0.013
0.0027
-0.003
0.0034
0.0069
0.001
0.003
0.019
0.035
0.042
0.047
0.046
0.041
0.039
0.048
0.07
0.073
0.06
0.048
0.052
0.054
0.053
0.041
0.029
0.034
0.034
0.033
0.039
0.052
0.063
0.065
0.061
0.059
0.062
0.041
0.024
0.021
0.025
0.019
0.00047
-0.0059
0.0027
0.00072
-0.0028
0.013
0.029
0.039
0.056
0.06
0.052
0.049
0.052
0.05
0.042
0.04
0.029
0.005
-0.0084
-0.00035
0.015
0.018
0.014
0.021
0.026
0.026
0.032
0.034
0.017
0.0061
0.0079
0.018
0.044
0.08
0.07
0.019
-0.014
-0.032
-0.044
-0.036
0.0025
0.038
0.057
0.054
0.048
0.062
0.068
0.056
0.049
0.043
0.019
-0.01
-0.019
-0.015
-0.0099
0.019
0.071
0.095
0.085
0.066
0.045
0.044
0.045
0.028
0.0043
-0.017
-0.019
0.0014
0.0099
-0.0015
-0.0056
0.00032
0.0074
0.013
0.012
0.0039
-0.027
-0.065
-0.093
-0.097
-0.074
-0.041
-0.027
-0.021
-0.0066
-0.014
-0.04
-0.051
-0.041
-0.034
-0.043
-0.06
-0.07
-0.053
-0.029
-0.0032
0.032
0.06
0.058
0.032
0.0018
-0.024
-0.035
-0.047
-0.052
-0.066
-0.084
-0.079
-0.051
-0.014
0.0018
-0.0049
0.012
0.032
0.021
-0.018
-0.06
-0.074
-0.052
-0.034
-0.022
0.00053
0.02
0.028
0.018
-0.0072
-0.019
-0.011
-0.0074
-0.023
-0.029
-0.011
0.0055
0.015
0.033
0.048
0.039
0.021
0.0045
-0.0085
-0.016
-0.02
-0.033
-0.044
-0.026
-0.0099
-0.0083
-0.013
-0.018
-0.017
-0.0058
0.0015
-0.0018
-0.0093
-0.0097
0.00032
0.0089
0.0082
0.0069
0.007
0.00081
-0.022
-0.043
-0.036
-0.021
-0.015
-0.014
-0.011
-0.014
-0.024
-0.03
-0.022
-0.014
-0.023
-0.038
-0.04
-0.033
-0.024
-0.02
-0.018
-0.022
-0.015
0.0013
0.017
0.039
0.058
0.066
0.072
0.064
0.039
0.029
0.027
0.0091
-0.013
-0.026
-0.024
0.005
0.049
0.072
0.079
0.088
0.097
0.1
0.087
0.058
0.025
0.015
0.034
0.065
0.085
0.1
0.11
0.086
0.062
0.054
0.053
0.055
0.043
0.039
0.056
0.074
0.074
0.067
0.059
0.06
0.069
0.075
0.08
0.08
0.064
0.05
0.052
0.07
0.078
0.081
0.099
0.12
0.12
0.11
0.11
0.091
0.094
0.093
0.061
0.033
0.034
0.054
0.068
0.063
0.055
0.071
0.083
0.089
0.097
0.089
0.068
0.064
0.077
0.091
0.097
0.088
0.077
0.074
0.079
0.074
0.054
0.05
0.061
0.064
0.07
0.082
0.077
0.061
0.053
0.053
0.056
0.056
0.062
0.083
0.093
0.091
0.088
0.068
0.049
0.051
0.062
0.062
0.05
0.032
0.031
0.033
0.02
0.012
0.0039
-0.011
-0.015
-0.011
-0.019
-0.016
-0.0077
-0.017
-0.028
-0.045
-0.058
-0.059
-0.034
-0.0039
-0.017
-0.056
-0.083
-0.081
-0.074
-0.063
-0.047
-0.018
-0.00066
-0.019
-0.047
-0.061
-0.072
-0.097
-0.12
-0.12
-0.11
-0.099
-0.1
-0.096
-0.083
-0.067
-0.057
-0.052
-0.051
-0.046
-0.044
-0.05
-0.059
-0.067
-0.075
-0.082
-0.086
-0.08
-0.082
-0.099
-0.11
-0.12
-0.095
-0.045
-0.014
-0.02
-0.039
-0.065
-0.064
-0.026
0.0058
0.0097
-0.0067
-0.018
-0.024
-0.028
-0.033
-0.025
-0.0052
0.013
0.019
0.012
-0.0069
-0.026
-0.034
-0.011
0.026
0.048
0.054
0.055
0.074
0.11
0.11
0.059
0.014
-0.0023
-0.01
-0.005
-0.0016
-0.0026
0.017
0.047
0.063
0.066
0.072
0.054
0.0019
-0.051
-0.06
-0.029
0.0087
0.031
0.059
0.087
0.087
0.066
0.054
0.059
0.056
0.029
-0.0023
-0.016
-0.013
-0.0098
0.0042
0.024
0.037
0.028
0.011
-0.0023
-0.018
-0.027
-0.026
-0.016
-0.0037
0.009
0.037
0.055
0.068
0.073
0.067
0.056
0.046
0.039
0.026
0.015
0.013
0.035
0.069
0.089
0.087
0.066
0.037
0.019
0.0099
0.021
0.039
0.055
0.072
0.084
0.078
0.051
0.021
0.016
0.036
0.044
0.033
0.022
0.011
0.0072
0.018
0.032
0.056
0.081
0.086
0.074
0.051
0.041
0.045
0.043
0.038
0.046
0.059
0.07
0.067
0.057
0.058
0.056
0.045
0.049
0.05
0.032
0.013
-0.0035
0.0027
0.03
0.037
0.018
0.0018
0.012
0.019
0.0096
-0.004
0.0064
0.032
0.044
0.043
0.029
0.0091
-0.0083
-0.017
-0.0051
0.017
0.013
-0.0064
-0.026
-0.047
-0.064
-0.074
-0.078
-0.075
-0.065
-0.061
-0.069
-0.072
-0.06
-0.058
-0.072
-0.076
-0.071
-0.055
-0.038
-0.013
0.0059
-0.0009
-0.012
-0.028
-0.055
-0.077
-0.08
-0.052
-0.028
-0.021
-0.0088
-0.0048
-0.018
-0.032
-0.046
-0.037
-0.0099
-0.0041
-0.015
-0.024
-0.025
-0.012
0.00096
-0.0011
-0.0073
-0.017
-0.036
-0.052
-0.06
-0.056
-0.043
-0.051
-0.044
-0.021
-0.025
-0.042
-0.039
-0.022
-0.014
-0.025
-0.038
-0.017
0.0033
0.0002
-0.014
-0.032
-0.041
-0.044
-0.054
-0.065
-0.058
-0.033
1.5e-005
0.021
0.013
-0.014
-0.048
-0.07
-0.069
-0.052
-0.032
-0.018
-0.04
-0.088
-0.12
-0.14
-0.16
-0.15
-0.11
-0.062
-0.031
-0.016
-0.01
-0.025
-0.054
-0.078
-0.093
-0.11
-0.12
-0.14
-0.14
-0.11
-0.093
-0.064
-0.026
-0.012
-0.02
-0.036
-0.045
-0.033
-0.021
-0.028
-0.032
-0.019
0.0021
0.0033
-0.012
-0.025
-0.025
-0.014
-0.0033
0.0051
0.012
0.015
0.0085
-0.0049
-0.011
-0.015
-0.0065
0.025
0.054
0.06
0.054
0.04
0.013
-0.0052
-0.012
0.0049
0.031
0.053
0.056
0.038
0.022
0.031
0.052
0.068
0.076
0.083
0.08
0.063
0.06
0.071
0.071
0.058
0.04
0.028
0.039
0.053
0.057
0.06
0.063
0.058
0.034
0.0022
-0.0038
0.017
0.037
0.057
0.081
0.093
0.089
0.075
0.06
0.053
0.059
0.077
0.085
0.075
0.054
0.045
0.051
0.052
0.04
0.033
0.028
0.024
0.024
0.027
0.021
0.0019
-0.0014
-0.0015
-0.0077
-0.00032
0.018
0.034
0.028
0.0079
0.0079
0.011
0.01
0.018
0.028
0.016
-0.0067
-0.018
-0.022
-0.013
-0.0047
-0.013
-0.02
-0.019
-0.012
0.016
0.037
0.031
0.026
0.029
0.033
0.028
0.023
0.016
-0.0032
-0.015
-0.0095
-0.00047
-0.00087
-0.0018
0.0027
0.013
0.024
0.015
0.0037
0.014
0.031
0.028
0.017
0.011
0.0072
0.016
0.033
0.025
-0.018
-0.047
-0.036
-0.011
0.00069
-0.00075
-0.017
-0.043
-0.063
-0.062
-0.041
0.00081
0.037
0.044
0.019
-0.0023
-0.0072
-0.028
-0.06
-0.065
-0.032
0.0019
-0.0027
-0.023
-0.014
0.0051
-0.0013
-0.02
-0.034
-0.027
-0.023
-0.028
-0.031
-0.037
-0.029
-0.012
0.0051
0.016
0.017
0.017
0.017
0.023
0.031
0.033
0.034
0.045
0.054
0.065
0.068
0.051
0.037
0.048
0.062
0.057
0.047
0.043
0.041
0.037
0.036
0.045
0.061
0.072
0.064
0.053
0.069
0.081
0.068
0.046
0.017
-0.012
-0.014
0.00038
0.025
0.055
0.055
0.03
0.011
0.0062
-0.0026
-0.019
-0.024
-0.024
-0.017
-0.0033
0.022
0.039
0.034
0.015
-0.0009
0.0018
0.00053
-0.0091
-0.0093
-0.0017
0.0022
-0.0046
-0.016
-0.037
-0.044
-0.032
-0.022
-0.018
-0.0072
0.013
0.033
0.042
0.042
0.04
0.03
0.021
0.011
0.0063
0.0086
0.0058
0.018
0.031
0.037
0.052
0.074
0.099
0.11
0.098
0.08
0.078
0.062
0.012
-0.03
-0.03
-0.011
-0.00047
0.0099
0.031
0.057
0.065
0.044
0.011
-0.0013
0.0021
0.0084
0.0018
-0.0012
0.022
0.057
0.08
0.075
0.053
0.018
-0.025
-0.049
-0.036
-0.0048
0.026
0.045
0.044
0.033
0.022
0.021
0.03
0.039
0.036
0.016
-0.0034
-0.007
0.003
0.02
0.046
0.068
0.066
0.045
0.0095
-0.017
-0.024
-0.015
-0.0021
0.011
0.017
0.01
0.0051
-0.0025
-0.0029
-0.011
-0.042
-0.053
-0.032
-0.017
-0.029
-0.032
-0.018
-0.0043
-0.0049
-0.0077
-0.012
-0.02
-0.023
-0.02
-0.0092
0.0091
0.031
0.047
0.053
0.05
0.033
0.021
0.013
0.02
0.036
0.057
0.082
0.077
0.048
0.027
0.026
0.022
0.0059
0.00047
0.005
0.011
0.014
0.015
0.0061
-0.02
-0.03
-0.022
-0.016
-0.017
-0.029
-0.011
0.07
0.094
-0.0072
-0.11
-0.12
-0.056
0.0073
0.045
0.048
0.022
-0.014
-0.051
-0.071
-0.055
-0.017
-0.0032
-0.018
-0.028
-0.013
0.035
0.061
0.024
-0.021
-0.03
-0.028
-0.038
-0.053
-0.05
-0.013
0.027
0.037
0.02
-0.013
-0.034
-0.042
-0.051
-0.045
-0.024
0.00044
0.017
0.0058
-0.033
-0.048
-0.042
-0.034
-0.012
0.022
0.03
-0.0054
-0.051
-0.088
-0.11
-0.097
-0.075
-0.056
-0.043
-0.034
-0.039
-0.04
-0.027
-0.013
-0.013
-0.015
-0.019
-0.033
-0.04
-0.036
-0.012
0.00099
-0.019
-0.041
-0.067
-0.091
-0.096
-0.074
-0.043
-0.02
-0.024
-0.043
-0.058
-0.077
-0.076
-0.042
-0.0054
0.015
0.018
0.0062
-0.028
-0.055
-0.056
-0.056
-0.056
-0.039
-0.0085
-0.0057
-0.015
-0.021
-0.034
-0.05
-0.065
-0.068
-0.059
-0.044
-0.04
-0.035
-0.026
-0.017
-0.0046
0.0054
0.0072
-0.0092
-0.036
-0.037
-0.0079
0.017
0.023
0.023
0.027
0.02
-0.0061
-0.034
-0.031
-0.019
-0.018
-0.018
0.012
0.072
0.099
0.039
-0.051
-0.078
-0.042
-0.011
-0.019
-0.036
-0.024
-0.0024
0.009
0.0035
-0.01
-0.029
-0.047
-0.059
-0.054
-0.017
0.024
0.043
0.029
0.0077
-0.015
-0.031
-0.028
-0.012
-0.0015
-0.0075
0.00023
0.014
0.012
-0.0012
-0.015
-0.015
-0.0015
0.017
0.024
0.037
0.042
0.023
-0.018
-0.064
-0.078
-0.068
-0.048
-0.035
-0.018
-0.0031
-0.0084
-0.02
-0.031
-0.03
-0.026
-0.0027
0.0067
-0.022
-0.055
-0.063
-0.044
-0.019
-0.0093
-0.019
-0.03
-0.054
-0.092
-0.1
-0.063
-0.0002
0.045
0.052
0.038
-0.0096
-0.043
-0.021
0.017
0.051
0.079
0.087
0.065
0.037
0.016
0.026
0.051
0.067
0.078
0.09
0.095
0.092
0.1
0.11
0.11
0.099
0.091
0.095
0.1
0.11
0.11
0.095
0.083
0.076
0.075
0.077
0.078
0.086
0.1
0.11
0.093
0.062
0.036
0.027
0.036
0.052
0.069
0.076
0.081
0.094
0.11
0.11
0.086
0.052
0.03
0.025
0.024
0.041
0.077
0.09
0.066
0.043
0.033
0.032
0.038
0.047
0.066
0.078
0.07
0.052
0.038
0.034
0.029
0.032
0.033
0.034
0.039
0.046
0.046
0.049
0.059
0.047
0.026
0.018
0.02
0.021
0.017
0.012
0.023
0.034
0.024
0.019
0.016
0.022
0.036
0.03
0.021
0.051
0.11
0.15
0.12
0.081
0.064
0.069
0.087
0.11
0.13
0.13
0.1
0.081
0.09
0.11
0.1
0.087
0.1
0.14
0.16
0.17
0.16
0.14
0.11
0.097
0.11
0.12
0.1
0.092
0.09
0.1
0.12
0.13
0.13
0.12
0.11
0.11
0.12
0.11
0.091
0.085
0.084
0.074
0.07
0.064
0.046
0.041
0.055
0.084
0.1
0.089
0.08
0.083
0.079
0.059
0.049
0.051
0.044
0.012
0.0022
0.0073
-0.0067
-0.022
-0.017
0.011
0.012
-0.018
-0.038
-0.032
-0.016
-0.012
-0.017
-0.034
-0.051
-0.066
-0.055
-0.019
0.0079
0.012
0.0046
0.0035
-0.0066
-0.026
-0.054
-0.063
-0.051
-0.035
-0.014
-0.007
-0.014
-0.013
-0.0069
-0.0076
-0.02
-0.037
-0.045
-0.055
-0.078
-0.096
-0.095
-0.082
-0.065
-0.054
-0.057
-0.06
-0.064
-0.06
-0.048
-0.034
-0.02
-0.0041
-0.0025
-0.0047
-0.0046
-0.019
-0.023
-0.026
-0.041
-0.033
-0.0067
-0.016
-0.05
-0.069
-0.071
-0.048
-0.026
-0.013
-0.0099
-0.018
-0.03
-0.04
-0.046
-0.036
-0.023
-0.031
-0.042
-0.037
-0.019
-0.0088
-0.013
-0.025
-0.034
-0.035
-0.019
0.0035
-0.0041
-0.016
-0.0046
0.0026
-0.012
-0.034
-0.043
-0.023
-0.0014
0.0079
0.019
0.026
0.029
0.034
0.04
0.034
0.02
0.00017
-0.00063
0.0088
0.01
0.015
0.019
0.012
0.011
0.018
0.0072
-0.013
-0.026
-0.03
-0.025
-0.025
-0.032
-0.032
-0.015
-0.011
-0.028
-0.058
-0.084
-0.08
-0.056
-0.029
-0.018
-0.014
-0.029
-0.062
-0.078
-0.067
-0.053
-0.052
-0.046
-0.046
-0.048
-0.05
-0.055
-0.048
-0.027
-0.011
-0.0048
-0.013
-0.03
-0.03
-0.028
-0.038
-0.042
-0.025
-0.011
-0.018
-0.031
-0.033
-0.025
-0.025
-0.036
-0.05
-0.053
-0.047
-0.039
-0.022
-0.0092
-0.009
-0.01
-0.015
-0.017
0.0029
0.019
0.023
0.029
0.033
0.037
0.036
0.042
0.044
0.037
0.051
0.078
0.094
0.089
0.074
0.015
-0.1
-0.19
-0.17
-0.063
0.054
0.11
0.082
0.044
0.05
0.078
0.083
0.052
0.029
0.035
0.058
0.071
0.077
0.1
0.12
0.11
0.09
0.087
0.07
0.041
0.009
-0.005
-0.00056
0.015
0.004
-0.0082
0.012
0.032
0.076
0.14
0.14
0.039
-0.095
-0.12
0.0031
0.13
0.14
0.08
0.033
0.033
0.05
0.064
0.061
0.0058
-0.053
-0.062
-0.032
-0.00084
0.012
0.001
-0.041
-0.063
-0.022
0.0081
-0.0045
-0.023
-0.017
0.022
0.035
0.027
0.026
0.048
0.11
0.17
0.16
0.077
-0.033
-0.096
-0.093
-0.065
-0.051
-0.064
-0.076
-0.064
-0.063
-0.071
-0.086
-0.093
-0.083
-0.068
-0.037
0.018
0.055
0.043
0.01
0.0044
0.031
0.0078
-0.069
-0.12
-0.12
-0.074
-0.03
-0.018
-0.033
-0.03
-0.013
-0.0097
-0.0099
-0.011
0.00093
0.026
0.056
0.082
0.068
0.036
0.038
0.046
0.04
0.024
0.015
0.023
0.046
0.042
-0.0021
-0.015
0.022
0.049
0.041
-0.021
-0.11
-0.15
-0.11
-0.0093
0.072
0.06
-0.034
-0.11
-0.14
-0.16
-0.15
-0.12
-0.098
-0.043
0.014
0.015
-0.023
-0.074
-0.13
-0.14
-0.11
-0.075
-0.064
-0.065
-0.069
-0.06
-0.057
-0.089
-0.14
-0.16
-0.12
-0.069
-0.03
-0.019
-0.052
-0.098
-0.12
-0.093
-0.077
-0.066
-0.025
0.011
0.001
-0.043
-0.072
-0.079
-0.085
-0.097
-0.11
-0.089
-0.015
0.057
0.054
-0.021
-0.08
-0.094
-0.089
-0.072
-0.046
-0.014
0.0094
0.0081
-0.023
-0.037
-0.035
-0.055
-0.097
-0.11
-0.063
0.013
0.065
0.056
0.0049
-0.019
-0.024
-0.029
-0.035
-0.03
-0.011
0.015
0.033
0.017
-0.015
-0.027
-0.038
-0.0069
0.065
0.095
0.078
0.036
0.0088
0.025
0.037
0.039
0.039
0.024
0.01
0.0058
0.0088
0.012
-0.014
-0.06
-0.083
-0.074
-0.038
0.0017
0.023
0.017
-0.026
-0.073
-0.1
-0.091
-0.069
-0.074
-0.085
-0.074
-0.052
-0.048
-0.058
-0.065
-0.07
-0.088
-0.096
-0.075
-0.046
-0.027
-0.027
-0.048
-0.074
-0.09
-0.083
-0.078
-0.078
-0.061
-0.045
-0.043
-0.042
-0.044
-0.046
-0.022
0.012
0.02
-0.0068
-0.047
-0.069
-0.056
-0.013
0.024
0.025
0.013
0.011
0.016
0.016
0.013
0.0083
0.0084
-0.011
-0.036
-0.03
-0.0054
0.027
0.056
0.075
0.084
0.071
0.044
0.016
-0.0036
-0.019
-0.016
0.0022
0.0017
-0.00056
0.013
0.035
0.051
0.05
0.014
-0.029
-0.037
-0.029
-0.012
0.0091
0.035
0.041
0.03
0.021
0.0017
-0.013
-0.0051
0.0022
0.0091
0.02
0.032
0.028
0.016
0.017
0.034
0.055
0.055
0.029
0.0027
0.011
0.033
0.04
0.035
0.04
0.033
0.015
0.012
-0.0006
-0.019
-0.012
0.025
0.055
0.071
0.08
0.074
0.06
0.061
0.07
0.084
0.11
0.12
0.086
0.046
0.042
0.072
0.11
0.13
0.12
0.1
0.063
0.018
-0.004
-0.0077
0.0029
0.031
0.072
0.1
0.12
0.11
0.096
0.083
0.067
0.076
0.099
0.1
0.084
0.067
0.055
0.065
0.11
0.15
0.17
0.16
0.15
0.15
0.15
0.16
0.18
0.17
0.16
0.14
0.14
0.14
0.16
0.17
0.16
0.15
0.14
0.13
0.11
0.085
0.082
0.077
0.079
0.11
0.16
0.16
0.13
0.091
0.072
0.059
0.039
0.028
0.028
0.061
0.12
0.14
0.12
0.11
0.1
0.095
0.083
0.069
0.069
0.078
0.097
0.13
0.15
0.16
0.13
0.094
0.09
0.12
0.14
0.16
0.18
0.17
0.16
0.15
0.15
0.14
0.12
0.11
0.11
0.11
0.11
0.12
0.14
0.16
0.17
0.16
0.15
0.15
0.13
0.12
0.13
0.16
0.17
0.15
0.13
0.1
0.077
0.06
0.025
-0.016
-0.0033
0.048
0.086
0.078
0.037
0.023
0.054
0.067
0.042
0.0053
-0.0059
0.015
0.032
0.031
0.026
0.018
0.021
0.033
0.014
-0.019
-0.05
-0.062
-0.036
0.0077
0.022
0.01
-0.0081
-0.024
-0.0028
0.043
0.058
0.019
-0.043
-0.081
-0.075
-0.047
-0.021
-0.00066
0.021
0.035
0.029
0.0071
-0.014
-0.021
-0.03
-0.04
-0.01
0.039
0.068
0.07
0.054
0.025
0.007
0.0086
0.016
0.012
0.0023
0.017
0.051
0.069
0.066
0.045
0.02
0.012
0.021
0.036
0.048
0.076
0.1
0.1
0.068
0.026
0.013
0.031
0.048
0.038
0.033
0.036
0.032
0.04
0.067
0.088
0.1
0.11
0.1
0.094
0.076
0.045
0.019
0.024
0.057
0.096
0.11
0.079
0.033
-0.0057
-0.028
-0.04
-0.021
0.0047
0.018
-0.019
-0.025
0.022
0.09
0.11
0.056
0.008
0.0057
0.021
-0.0041
-0.046
-0.051
-0.0067
0.021
0.027
0.076
0.13
0.12
0.049
0.031
0.053
0.074
0.046
-0.035
-0.082
-0.052
0.017
0.077
0.15
0.23
0.21
0.061
-0.11
-0.21
-0.21
-0.13
-0.023
0.051
0.065
0.031
-0.024
-0.045
-0.022
0.012
0.045
0.092
0.15
0.2
0.23
0.2
0.12
0.024
-0.047
-0.096
-0.1
-0.046
0.064
0.17
0.22
0.22
0.21
0.2
0.19
0.17
0.18
0.22
0.25
0.24
0.21
0.1
-0.015
-0.00026
0.049
0.011
-0.07
-0.1
-0.1
-0.11
-0.079
-0.049
-0.089
-0.2
-0.34
-0.41
-0.38
-0.28
-0.2
-0.19
-0.21
-0.27
-0.37
-0.46
-0.53
-0.57
-0.57
-0.52
-0.38
-0.22
-0.13
-0.096
-0.12
-0.21
-0.28
-0.28
-0.25
-0.25
-0.31
-0.39
-0.43
-0.46
-0.49
-0.52
-0.51
-0.44
-0.31
-0.19
-0.1
-0.067
-0.062
-0.045
0.0094
0.086
0.12
0.087
0.02
-0.047
-0.08
-0.067
-0.046
-0.05
-0.053
-0.042
-0.014
0.04
0.098
0.12
0.11
0.058
-0.009
-0.077
-0.15
-0.22
-0.31
-0.39
-0.41
-0.4
-0.37
-0.33
-0.29
-0.28
-0.29
-0.29
-0.27
-0.23
-0.18
-0.17
-0.17
-0.16
-0.14
-0.12
-0.12
-0.14
-0.15
-0.16
-0.13
-0.088
-0.049
-0.036
-0.047
-0.049
-0.047
-0.043
-0.016
0.029
0.071
0.084
0.072
0.062
0.074
0.074
0.054
0.032
0.0018
-0.034
-0.058
-0.069
-0.077
-0.056
-0.0083
0.023
0.031
0.022
-0.0036
-0.028
-0.026
-0.019
0.003
0.031
0.042
0.02
-0.026
-0.066
-0.079
-0.059
-0.035
-0.023
-0.013
-0.0076
-0.0068
-0.015
-0.023
-0.044
-0.071
-0.082
-0.086
-0.092
-0.086
-0.078
-0.08
-0.085
-0.069
-0.044
-0.038
-0.05
-0.059
-0.06
-0.058
-0.046
-0.029
-0.031
-0.056
-0.083
-0.11
-0.13
-0.12
-0.094
-0.065
-0.04
-0.017
0.002
0.017
0.0084
-0.022
-0.046
-0.051
-0.052
-0.053
-0.043
-0.046
-0.065
-0.082
-0.088
-0.071
-0.048
-0.031
-0.034
-0.038
-0.03
-0.02
-0.009
0.0033
0.0047
0.0039
0.0022
0.0032
-0.0015
-0.0049
0.013
0.04
0.064
0.058
0.042
0.034
0.023
0.0038
0.0043
0.027
0.048
0.05
0.054
0.069
0.066
0.051
0.04
0.024
0.0061
-0.00029
0.0011
0.015
0.043
0.057
0.05
0.033
0.01
0.0038
0.016
0.027
0.033
0.054
0.087
0.1
0.096
0.083
0.071
0.056
0.046
0.045
0.057
0.073
0.088
0.11
0.12
0.11
0.096
0.072
0.054
0.048
0.055
0.078
0.098
0.099
0.084
0.072
0.07
0.065
0.049
0.033
0.03
0.044
0.067
0.08
0.081
0.078
0.073
0.051
0.03
0.021
0.0058
0.0018
0.021
0.036
0.025
0.018
0.019
0.016
0.02
0.02
0.022
0.029
0.03
0.03
0.019
0.011
0.024
0.036
0.047
0.061
0.059
0.044
0.035
0.034
0.03
0.024
0.016
0.02
0.025
0.015
0.0089
0.019
0.058
0.14
0.24
0.21
0.059
-0.073
-0.081
-0.0014
0.086
0.14
0.17
0.15
0.13
0.13
0.14
0.15
0.14
0.13
0.13
0.15
0.16
0.18
0.19
0.2
0.21
0.21
0.21
0.18
0.14
0.1
0.11
0.13
0.14
0.16
0.17
0.17
0.16
0.14
0.1
0.094
0.1
0.1
0.11
0.12
0.14
0.13
0.093
0.055
0.047
0.059
0.072
0.077
0.071
0.07
0.079
0.092
0.093
0.1
0.11
0.095
0.061
0.026
0.024
0.059
0.11
0.13
0.12
0.09
0.067
0.063
0.061
0.059
0.053
0.048
0.046
0.038
0.028
0.0051
-0.026
-0.034
-0.01
0.016
0.023
0.014
0.0053
-0.0027
-0.023
-0.056
-0.073
-0.066
-0.043
-0.029
-0.019
0.0081
0.023
0.017
0.0014
-0.022
-0.047
-0.051
-0.038
-0.027
-0.035
-0.032
-0.011
0.00096
-0.0023
-0.017
-0.04
-0.063
-0.083
-0.097
-0.081
-0.047
-0.033
-0.039
-0.049
-0.056
-0.054
-0.036
-0.013
-0.009
-0.039
-0.069
-0.069
-0.038
0.0076
0.051
0.073
0.079
0.075
0.067
0.059
0.038
0.017
0.022
0.047
0.064
0.071
0.067
0.067
0.078
0.09
0.091
0.081
0.07
0.06
0.05
0.045
0.048
0.06
0.073
0.1
0.13
0.15
0.15
0.14
0.13
0.12
0.12
0.13
0.13
0.13
0.14
0.15
0.16
0.16
0.15
0.12
0.1
0.1
0.1
0.11
0.097
0.087
0.092
0.092
0.073
0.058
0.057
0.052
0.026
-0.00078
-0.0054
0.0055
0.029
0.052
0.052
0.028
-0.0043
-0.026
-0.045
-0.055
-0.053
-0.039
-0.015
0.0076
0.015
0.00047
-0.028
-0.045
-0.055
-0.063
-0.049
-0.024
0.0047
0.017
-0.0057
-0.044
-0.058
-0.047
-0.027
-0.019
-0.012
0.006
0.0094
-0.016
-0.039
-0.043
-0.061
-0.088
-0.085
-0.034
0.023
0.051
0.06
0.035
-0.011
-0.036
-0.03
-0.027
-0.028
-0.024
-0.012
0.0055
0.016
0.026
0.032
0.036
0.035
0.05
0.078
0.091
0.063
0.033
0.032
0.063
0.1
0.096
0.061
0.03
0.012
-7.6e-005
-0.0033
-0.0038
-0.009
-0.0031
0.0013
-0.0074
-0.027
-0.047
-0.057
-0.042
-0.027
-0.043
-0.07
-0.072
-0.061
-0.06
-0.071
-0.081
-0.085
-0.092
-0.088
-0.07
-0.074
-0.11
-0.14
-0.15
-0.16
-0.18
-0.21
-0.22
-0.21
-0.21
-0.2
-0.2
-0.2
-0.19
-0.21
-0.26
-0.3
-0.3
-0.26
-0.22
-0.21
-0.23
-0.27
-0.29
-0.3
-0.31
-0.3
-0.25
-0.2
-0.17
-0.15
-0.11
-0.065
-0.041
-0.047
-0.061
-0.065
-0.065
-0.06
-0.062
-0.072
-0.071
-0.054
-0.032
-0.03
-0.051
-0.046
-0.024
-0.022
-0.019
-0.013
-0.0023
0.022
0.047
0.063
0.067
0.038
-0.0011
-0.01
0.012
0.05
0.072
0.087
0.083
0.05
0.027
0.053
0.089
0.1
0.1
0.1
0.13
0.16
0.15
0.14
0.13
0.12
0.11
0.11
0.091
0.09
0.092
0.092
0.092
0.086
0.097
0.11
0.11
0.1
0.091
0.077
0.057
0.05
0.062
0.079
0.09
0.084
0.067
0.059
0.057
0.054
0.048
0.039
0.012
-0.021
-0.029
-0.0044
0.017
0.011
-0.011
-0.042
-0.071
-0.078
-0.069
-0.063
-0.056
-0.041
-0.012
0.018
0.0097
-0.035
-0.072
-0.068
-0.035
0.0051
0.038
0.036
0.0024
-0.027
-0.03
-0.02
-0.018
-0.02
-0.018
-0.014
-0.012
-0.0025
0.013
0.024
0.03
0.03
0.037
0.042
0.037
0.036
0.032
0.02
0.015
0.019
0.032
0.048
0.041
0.0084
-0.018
-0.035
-0.03
