-0.015
0.0022
0.0077
-0.0078
-0.013
-0.01
-0.0061
-0.00084
-0.011
-0.021
-0.013
0.00053
0.00014
-0.016
-0.016
-0.0083
-0.0056
-0.018
-0.025
-0.022
-0.00044
0.012
-0.0026
-0.013
-0.0067
0.0017
-0.017
-0.041
-0.029
-0.0085
-0.019
-0.035
-0.024
-0.019
-0.028
-0.026
-0.021
-0.029
-0.035
-0.019
-0.0079
-0.011
-0.018
-0.0083
0.0047
-0.0086
-0.017
-0.0078
-0.011
-0.02
-0.0092
0.003
-0.0031
-0.0087
0.0042
0.014
0.0033
-0.011
-0.0079
-0.005
-0.0073
-0.017
-0.018
-0.0029
0.0064
-0.0068
-0.023
-0.021
-0.025
-0.029
-0.027
-0.019
-0.012
-0.0093
-0.025
-0.044
-0.032
-0.02
-0.037
-0.038
-0.013
-0.017
-0.032
-0.015
0.0016
-0.01
-0.035
-0.031
-0.021
-0.031
-0.025
-0.0046
0.011
0.009
-0.0027
-0.0081
-0.0061
-0.0099
-0.02
-0.013
-0.0076
-0.0076
0.00032
0.013
0.015
0.005
-0.00038
-0.0038
-0.0019
0.0068
0.0024
0.0054
0.017
0.03
0.023
0.017
0.019
0.02
0.02
0.019
0.026
0.029
0.042
0.05
0.039
0.03
0.035
0.034
0.021
0.023
0.039
0.032
0.02
0.027
0.028
0.011
0.0095
0.014
0.0094
0.0013
-0.002
0.0026
0.011
0.0086
-0.013
-0.025
-0.014
-0.0025
-0.0065
-0.011
-0.0083
-0.006
-0.0018
-0.01
-0.023
-0.037
-0.029
-0.0048
0.00063
-0.017
-0.034
-0.027
-0.0006
-0.00078
-0.012
-0.015
0.0014
0.0085
-0.00041
-0.00032
0.012
0.014
0.0014
-0.00038
0.0096
0.0042
-0.019
-0.0076
0.018
0.0084
-0.014
-0.016
0.0015
0.0074
-0.0033
0.0025
0.022
0.034
0.029
0.0084
-0.014
-0.013
-0.0023
0.015
0.037
0.048
0.045
0.036
0.032
0.034
0.041
0.047
0.05
0.053
0.053
0.058
0.059
0.06
0.057
0.046
0.029
0.01
0.015
0.028
0.027
0.031
0.03
0.026
0.0059
-0.014
-0.023
-0.0099
0.002
0.0055
0.0024
0.0014
0.0057
-0.0085
-0.024
-0.012
0.011
0.0061
-0.018
-0.015
0.019
0.038
0.025
0.015
0.021
0.02
0.019
0.026
0.023
0.017
0.02
0.015
-0.0097
-0.025
-0.012
0.011
0.0017
-0.028
-0.027
-0.0059
-0.00078
-0.0052
-0.013
-0.034
-0.051
-0.036
-0.014
-0.013
-0.034
-0.041
-0.024
-0.015
-0.024
-0.032
-0.019
0.0022
0.001
-0.02
-0.014
-0.0012
0.0029
-0.0014
-0.0022
0.0089
0.02
0.024
0.012
0.058
0.21
0.29
0.22
0.12
0.064
0.058
0.063
0.082
0.11
0.13
0.14
0.11
0.05
0.0046
0.0019
0.025
0.04
0.041
0.042
0.03
0.00029
-0.032
-0.04
-0.037
-0.038
-0.042
-0.017
0.031
0.061
0.071
0.051
0.012
-0.0061
-0.011
-0.011
-0.0078
0.0045
0.019
0.016
0.002
-0.018
-0.028
-0.038
-0.035
-0.028
-0.014
0.0068
0.017
0.017
0.011
-0.0064
-0.025
-0.029
-0.0027
0.018
0.015
0.025
0.042
0.043
0.028
0.0092
-0.0017
-0.0013
0.0016
0.0017
0.019
0.041
0.039
0.014
0.0031
0.021
0.029
0.017
0.011
0.013
0.012
0.0019
-0.0079
-0.015
-0.015
-0.012
0.00041
0.0073
-0.00047
-0.0071
0.021
0.052
0.05
0.023
0.011
0.021
0.024
0.028
0.033
0.028
0.015
0.014
0.014
0.0014
-0.012
0.00044
0.0071
-0.0082
-0.018
-0.02
-0.02
-0.015
-0.021
-0.035
-0.036
-0.018
-0.00038
-0.011
-0.04
-0.044
-0.032
-0.029
-0.034
-0.034
-0.011
0.0079
-0.0073
-0.022
-0.02
-0.029
-0.034
-0.022
-0.022
-0.032
-0.029
-0.0081
0.01
0.018
0.022
0.015
0.0055
0.013
0.011
0.0045
0.009
0.033
0.038
0.024
0.012
0.012
0.019
0.015
0.012
0.019
0.037
0.037
0.023
0.017
0.019
0.031
0.038
0.038
0.036
0.028
0.02
0.0091
-0.0056
-0.016
-0.015
-0.018
-0.027
-0.025
-0.016
-0.0013
0.0071
0.00026
-0.011
-0.0098
0.0012
0.0006
0.0071
0.03
0.047
0.036
0.011
-0.011
-0.018
-0.0037
0.018
0.034
0.023
-0.0035
-0.014
0.0011
0.022
0.02
0.021
0.019
0.0099
-0.015
-0.026
-0.014
-0.005
0.0031
0.0052
-0.0012
-0.009
-0.0059
0.0064
0.019
0.03
0.022
-0.003
-0.012
-0.0065
-0.0047
0.023
0.08
0.098
0.06
0.033
0.035
0.025
0.018
0.026
0.038
0.041
0.032
0.029
0.027
0.024
0.011
0.0059
-0.0016
-0.022
-0.032
-0.012
0.018
0.02
0.0019
-0.016
-0.029
-0.018
0.0087
0.008
-0.014
-0.026
-0.0048
0.01
0.0027
-0.023
-0.03
-0.033
-0.027
-0.014
-0.0029
0.028
0.038
0.016
0.00072
0.0049
0.012
0.0012
-0.0043
0.0054
0.014
0.016
0.0093
-0.0015
-0.0044
0.014
0.012
0.0032
0.014
0.0024
-0.019
-0.016
-0.00069
0.0095
0.007
0.01
0.025
0.021
0.0047
-0.015
-0.023
-0.015
-0.0042
0.0039
0.0029
7.6e-005
0.014
0.036
0.032
-0.00035
0.031
0.075
0.074
0.071
0.052
0.056
0.093
0.11
0.081
0.067
0.061
0.062
0.023
-0.066
-0.11
-0.018
0.14
0.19
0.2
0.21
0.23
0.25
0.23
0.15
0.063
-0.02
-0.13
-0.22
-0.18
-0.087
-0.036
-0.052
-0.1
-0.14
-0.12
-0.11
-0.13
-0.098
-0.013
0.039
0.08
0.18
0.32
0.44
0.46
0.36
0.23
0.08
-0.073
-0.24
-0.43
-0.6
-0.67
-0.6
-0.53
-0.57
-0.76
-0.91
-0.91
-0.91
-0.88
-0.84
-0.72
-0.5
-0.23
-0.045
0.038
0.04
0.0036
-0.033
-0.036
0.033
0.13
0.2
0.28
0.35
0.45
0.53
0.52
0.43
0.36
0.31
0.24
0.12
-0.017
-0.15
-0.24
-0.3
-0.36
-0.41
-0.44
-0.43
-0.4
-0.39
-0.38
-0.38
-0.38
-0.35
-0.31
-0.26
-0.23
-0.27
-0.34
-0.41
-0.45
-0.43
-0.34
-0.19
-0.037
0.081
0.2
0.3
0.37
0.41
0.44
0.47
0.49
0.49
0.45
0.44
0.45
0.45
0.41
0.36
0.28
0.2
0.17
0.21
0.28
0.32
0.27
0.21
0.16
0.15
0.15
0.15
0.13
0.1
0.067
0.0025
-0.061
-0.12
-0.15
-0.15
-0.14
-0.17
-0.22
-0.22
-0.2
-0.18
-0.17
-0.18
-0.2
-0.22
-0.23
-0.2
-0.13
-0.065
-0.068
-0.13
-0.22
-0.25
-0.22
-0.16
-0.13
-0.13
-0.1
-0.073
-0.048
-0.015
0.019
0.047
0.076
0.094
0.092
0.091
0.11
0.15
0.17
0.18
0.18
0.18
0.18
0.18
0.18
0.18
0.18
0.14
0.076
0.015
0.0065
0.059
0.11
0.13
0.089
0.023
-0.02
-0.023
0.0009
0.024
0.023
0.0065
-0.024
-0.067
-0.088
-0.069
-0.017
0.024
0.017
-0.017
0.0015
0.052
0.088
0.085
0.063
0.044
0.032
0.037
0.065
0.09
0.098
0.097
0.085
0.078
0.068
0.052
0.049
0.058
0.056
0.051
0.054
0.064
0.06
0.041
0.033
0.038
0.047
0.071
0.1
0.12
0.14
0.15
0.17
0.19
0.21
0.22
0.22
0.22
0.23
0.25
0.28
0.31
0.29
0.27
0.25
0.22
0.2
0.19
0.18
0.16
0.14
0.13
0.11
0.092
0.072
0.067
0.07
0.073
0.072
0.086
0.12
0.13
0.13
0.13
0.11
0.1
0.093
0.11
0.13
0.14
0.12
0.096
0.072
0.061
0.058
0.04
0.0097
-0.0059
0.00087
0.00096
-0.022
-0.045
-0.055
-0.054
-0.065
-0.071
-0.064
-0.058
-0.043
-0.021
-0.016
-0.036
-0.055
-0.052
-0.029
-0.00044
0.017
0.022
0.022
0.028
0.029
0.026
0.035
0.046
0.039
0.0086
-0.0018
0.0076
0.02
0.012
0.011
0.021
0.022
0.0094
-0.0081
-0.0089
0.0073
0.015
0.015
0.01
-0.0071
-0.013
0.012
0.039
0.034
0.0054
-0.019
-0.035
-0.046
-0.039
-0.028
-0.022
-0.019
-0.019
-0.031
-0.04
-0.04
-0.027
-0.0072
-0.012
-0.033
-0.033
-0.009
0.013
0.013
4.6e-005
-0.018
-0.037
-0.036
-0.035
-0.031
-0.028
-0.025
-0.024
-0.039
-0.071
-0.091
-0.088
-0.078
-0.053
-0.039
-0.03
-0.024
-0.026
-0.029
-0.011
0.0098
0.018
0.024
0.036
0.044
0.053
0.064
0.058
0.038
0.038
0.057
0.071
0.083
0.088
0.088
0.088
0.099
0.1
0.097
0.096
0.1
0.11
0.11
0.12
0.11
0.11
0.099
0.077
0.044
0.025
0.031
0.05
0.048
0.024
-0.0064
-0.012
0.0033
0.0082
-0.017
-0.024
-0.013
-0.0049
0.018
0.044
0.052
0.043
0.035
0.042
0.064
0.068
0.068
0.074
0.063
0.035
0.012
-0.015
-0.044
-0.064
-0.058
-0.033
-0.016
-0.019
-0.048
-0.1
-0.12
-0.11
-0.083
-0.059
-0.048
-0.05
-0.052
-0.041
-0.04
-0.04
-0.037
-0.035
-0.038
-0.041
-0.032
-0.012
0.019
0.033
0.025
0.006
-0.032
-0.054
-0.034
-0.00081
0.026
0.022
-0.0022
-0.034
-0.057
-0.07
-0.055
-0.029
-0.011
-0.0093
-0.023
-0.014
0.0066
0.017
0.022
0.022
0.0098
-0.0067
-0.0047
0.023
0.053
0.06
0.039
0.013
-0.0085
-0.01
0.011
0.019
0.0086
-0.00093
-0.0067
-0.012
-0.011
-0.017
-0.032
-0.049
-0.06
-0.05
-0.03
-0.017
0.0049
0.0095
-0.0097
-0.036
-0.06
-0.06
-0.038
-0.024
-0.016
-0.0026
0.014
0.018
0.0047
-0.0028
-0.003
-0.0017
-0.0058
-0.0018
0.014
0.037
0.044
0.04
0.05
0.058
0.059
0.062
0.067
0.067
0.053
0.037
0.038
0.041
0.037
0.043
0.05
0.045
0.024
0.0025
0.0022
0.0069
0.025
0.05
0.065
0.066
0.063
0.065
0.067
0.063
0.06
0.067
0.061
0.045
0.034
0.039
0.048
0.055
0.055
0.048
0.04
0.037
0.036
0.046
0.059
0.062
0.067
0.068
0.076
0.077
0.07
0.054
0.046
0.035
0.032
0.052
0.07
0.06
0.032
0.0085
-0.0022
-0.0033
0.011
0.022
0.0077
-0.013
-0.027
-0.03
-0.018
-0.0096
-0.011
-0.0015
0.0069
0.015
0.034
0.053
0.058
0.05
0.039
0.03
0.02
0.011
0.015
0.021
0.0042
-0.017
-0.02
-0.015
-0.014
-0.016
-0.0067
0.00023
-0.0027
-0.015
-0.013
-0.0076
-0.0038
-0.013
-0.032
-0.034
-0.03
-0.041
-0.057
-0.065
-0.068
-0.062
-0.067
-0.07
-0.063
-0.055
-0.052
-0.047
-0.04
-0.04
-0.049
-0.055
-0.058
-0.058
-0.043
-0.015
-0.00011
-0.015
-0.038
-0.043
-0.048
-0.047
-0.038
-0.028
-0.018
-0.017
-0.019
-0.018
-0.018
-0.011
-0.007
-0.0056
-0.0073
-0.023
-0.026
-0.0042
0.0061
0.0067
0.0039
-0.013
-0.028
-0.031
-0.03
-0.012
0.007
0.022
0.035
0.032
0.015
0.00093
0.015
0.025
0.014
-0.00081
0.0074
0.0071
0.0092
0.018
0.023
0.017
0.0023
0.012
0.035
0.061
0.076
0.091
0.087
0.064
0.05
0.046
0.029
0.0061
0.018
0.049
0.048
0.042
0.043
0.031
0.035
0.053
0.064
0.085
0.095
0.087
0.084
0.079
0.089
0.098
0.094
0.094
0.06
0.0058
-0.011
0.01
0.053
0.082
0.077
0.042
-0.00072
-0.022
-0.0065
0.023
0.053
0.057
0.031
0.018
0.018
0.022
0.035
0.036
0.041
0.033
-0.01
-0.029
-0.0065
0.0069
0.0089
0.014
-0.0024
-0.036
-0.042
-0.031
-0.015
-0.017
-0.034
-0.038
-0.038
-0.019
0.0085
0.014
-0.0082
-0.044
-0.048
-0.015
0.0029
-0.019
-0.036
-0.046
-0.056
-0.064
-0.077
-0.079
-0.073
-0.058
-0.044
-0.057
-0.073
-0.067
-0.062
-0.057
-0.059
-0.065
-0.074
-0.071
-0.062
-0.052
-0.044
-0.042
-0.054
-0.071
-0.065
-0.058
-0.06
-0.062
-0.07
-0.073
-0.071
-0.061
-0.069
-0.077
-0.066
-0.049
-0.03
-0.036
-0.059
-0.068
-0.051
-0.046
-0.045
-0.047
-0.044
-0.025
-0.014
-0.015
-0.024
-0.04
-0.053
-0.058
-0.066
-0.073
-0.07
-0.048
-0.021
-0.013
-0.023
-0.041
-0.054
-0.047
-0.036
-0.041
-0.045
-0.046
-0.04
-0.036
-0.038
-0.051
-0.053
-0.048
-0.03
-0.017
-0.029
-0.046
-0.047
-0.035
-0.025
-0.015
0.005
0.016
0.012
0.0048
0.015
0.02
-0.0011
-0.026
-0.036
-0.053
-0.069
-0.057
-0.049
-0.039
-0.036
-0.045
-0.035
-0.023
-0.02
-0.025
-0.026
-0.023
-0.021
-0.023
-0.003
0.011
-0.007
-0.022
-0.041
-0.056
-0.057
-0.059
-0.057
-0.052
-0.049
-0.048
-0.046
-0.042
-0.041
-0.05
-0.051
-0.041
-0.035
-0.022
-0.004
-0.007
-0.016
-0.021
-0.02
-0.021
-0.022
-0.022
-0.02
-0.017
-0.0091
-0.01
-0.017
-0.0092
-0.013
-0.036
-0.054
-0.045
-0.03
-0.023
-0.026
-0.038
-0.047
-0.052
-0.053
-0.04
-0.026
-0.018
-0.0048
0.011
0.014
0.011
0.011
0.0069
0.0069
0.0068
0.006
0.01
0.013
0.019
-0.0013
-0.034
-0.041
-0.022
-0.01
-0.0029
0.003
0.0018
0.013
0.042
0.079
0.093
0.08
0.048
0.02
0.025
0.037
0.036
0.037
0.041
0.037
0.048
0.072
0.072
0.062
0.051
0.052
0.055
0.046
0.036
0.037
0.059
0.082
0.088
0.077
0.056
0.03
0.024
0.043
0.051
0.053
0.056
0.061
0.058
0.053
0.052
0.048
0.057
0.074
0.072
0.046
0.02
0.019
0.023
0.028
0.033
0.036
0.021
-0.0045
-0.019
-0.0029
0.029
0.035
0.019
0.0074
0.005
0.00035
0.0047
0.03
0.045
0.042
0.034
0.036
0.031
0.017
0.015
0.015
0.0072
-0.0037
-0.018
-0.027
-0.015
-0.01
-0.032
-0.058
-0.065
-0.05
-0.019
0.00081
-0.0033
-0.0079
0.0061
0.024
0.029
0.022
0.019
0.011
0.0012
0.00075
0.0011
-0.0098
-0.02
-0.029
-0.034
-0.043
-0.048
-0.054
-0.052
-0.039
-0.026
-0.018
-0.015
-0.011
-0.0081
-0.00053
0.009
0.018
0.015
0.0025
-0.009
-0.025
-0.037
-0.044
-0.061
-0.076
-0.062
-0.04
-0.039
-0.041
-0.031
-0.0051
0.0096
0.0088
0.0041
0.0048
0.019
0.019
0.0066
-0.003
-0.0056
-0.0038
-0.0016
-0.01
-0.032
-0.047
-0.046
-0.035
-0.04
-0.042
-0.038
-0.044
-0.041
-0.033
-0.03
-0.018
-0.00069
0.0058
-0.0044
-0.022
-0.038
-0.04
-0.046
-0.047
-0.04
-0.034
-0.033
-0.04
-0.04
-0.027
-0.0095
0.0022
0.0076
0.011
0.0037
-0.0066
-0.011
-0.015
-0.028
-0.027
-0.025
-0.039
-0.046
-0.053
-0.059
-0.051
-0.029
-0.0086
-0.014
-0.025
-0.026
-0.022
-0.022
-0.026
-0.029
-0.028
-0.03
-0.033
-0.023
-0.018
-0.022
-0.018
-0.027
-0.039
-0.056
-0.061
-0.049
-0.042
-0.031
-0.017
-0.014
-0.02
-0.015
-0.012
-0.0022
0.0009
-0.0032
0.0064
0.026
0.043
0.056
0.061
0.055
0.028
0.0029
0.0078
0.016
0.018
0.027
0.023
0.011
0.0026
0.0077
0.021
0.024
0.039
0.067
0.093
0.11
0.1
0.088
0.067
0.055
0.049
0.047
0.041
0.034
0.028
0.024
0.035
0.048
0.046
0.038
0.034
0.039
0.046
0.066
0.076
0.082
0.083
0.074
0.065
0.063
0.06
0.052
0.049
0.046
0.058
0.072
0.069
0.059
0.052
0.043
0.033
0.034
0.042
0.05
0.061
0.082
0.095
0.085
0.081
0.088
0.091
0.093
0.095
0.099
0.11
0.12
0.1
0.076
0.067
0.084
0.1
0.11
0.1
0.092
0.083
0.084
0.088
0.075
0.053
0.053
0.067
0.071
0.075
0.079
0.09
0.096
0.1
0.097
0.096
0.089
0.071
0.055
0.042
0.033
0.027
0.019
0.014
0.017
0.037
0.057
0.051
0.031
0.017
0.012
0.014
0.022
0.015
-0.01
-0.024
-0.011
-0.002
-0.0026
0.0034
0.005
-0.0067
-0.023
-0.032
-0.039
-0.037
-0.034
-0.028
-0.029
-0.044
-0.067
-0.08
-0.074
-0.076
-0.076
-0.068
-0.061
-0.059
-0.052
-0.031
-0.016
-0.011
-0.016
-0.028
-0.024
-0.0067
0.016
0.013
-0.0055
-0.036
-0.06
-0.063
-0.049
-0.038
-0.027
-0.016
-0.016
-0.019
-0.02
-0.021
-0.028
-0.028
-0.014
-0.0031
-0.0045
-0.0075
-0.007
-0.023
-0.043
-0.045
-0.041
-0.033
-0.021
-0.0082
0.0014
0.0084
0.0094
-0.0049
-0.0067
0.012
0.026
0.022
0.012
-0.0014
-0.0012
0.018
0.026
0.026
0.023
0.016
0.016
0.018
0.023
0.028
0.028
0.024
0.011
0.0034
0.0049
0.0084
0.0085
0.016
0.017
0.016
0.016
0.019
0.03
0.045
0.044
0.042
0.05
0.066
0.064
0.049
0.046
0.061
0.074
0.073
0.079
0.078
0.067
0.063
0.074
0.076
0.081
0.096
0.096
0.087
0.072
0.061
0.059
0.058
0.063
0.071
0.069
0.061
0.048
0.031
0.027
0.03
0.037
0.051
0.051
0.05
0.051
0.057
0.059
0.062
0.071
0.068
0.062
0.056
0.053
0.044
0.044
0.044
0.032
0.03
0.031
0.035
0.038
0.038
0.037
0.029
0.022
0.017
0.014
0.013
0.01
0.0092
0.014
0.023
0.024
0.013
0.00096
-0.0023
0.0018
0.015
0.03
0.03
0.023
0.024
0.034
0.041
0.039
0.024
0.016
0.011
0.011
0.0083
-0.0026
-0.0072
-0.0074
-0.013
-0.0061
-0.0069
-0.013
-0.02
-0.014
-0.0077
-0.018
-0.019
-0.017
-0.015
-0.017
-0.014
-0.012
-0.0055
0.0059
0.016
0.022
0.023
0.016
0.00096
-0.011
-0.011
-0.016
-0.021
-0.021
-0.033
-0.041
-0.028
-0.011
-0.016
-0.022
-0.041
-0.06
-0.043
-0.017
0.0047
0.018
0.011
-0.0013
-0.0049
-0.0038
-0.0012
0.0035
0.027
0.035
-0.0023
-0.045
-0.067
-0.066
-0.053
-0.034
-0.0012
0.046
0.073
0.067
0.051
0.024
-0.0049
-0.023
-0.03
-0.041
-0.065
-0.081
-0.079
-0.068
-0.046
-0.017
-0.012
-0.033
-0.045
-0.037
-0.026
-0.029
-0.043
-0.059
-0.072
-0.061
-0.043
-0.051
-0.065
-0.06
-0.051
-0.058
-0.056
-0.042
-0.041
-0.057
-0.066
-0.077
-0.089
-0.076
-0.045
-0.023
-0.023
-0.036
-0.059
-0.071
-0.074
-0.064
-0.036
-0.018
-0.012
-0.017
-0.023
-0.025
-0.035
-0.039
-0.047
-0.046
-0.035
-0.027
-0.045
-0.063
-0.066
-0.073
-0.085
-0.089
-0.073
-0.043
-0.02
-0.015
-0.014
-0.012
-0.021
-0.04
-0.043
-0.038
-0.044
-0.031
0.0036
0.029
0.037
0.038
0.025
-0.0069
-0.026
-0.014
0.013
0.04
0.052
0.04
0.026
0.025
0.019
0.0071
0.003
0.0087
0.015
0.028
0.04
0.036
0.021
0.003
-0.0053
-0.011
-0.014
-0.012
0.0041
0.03
0.048
0.039
0.027
0.016
0.025
0.037
0.049
0.057
0.055
0.055
0.064
0.076
0.078
0.057
0.033
0.016
0.0071
0.019
0.034
0.05
0.054
0.027
-7.6e-005
-0.0076
0.0029
0.018
0.017
-0.0043
-0.013
0.0033
0.023
0.032
0.026
0.013
0.023
0.047
0.069
0.075
0.07
0.064
0.057
0.052
0.05
0.053
0.057
0.052
0.047
0.048
0.049
0.05
0.048
0.041
0.037
0.045
0.051
0.05
0.051
0.064
0.077
0.079
0.067
0.054
0.043
0.038
0.051
0.066
0.078
0.091
0.085
0.07
0.057
0.043
0.034
0.043
0.053
0.048
0.031
0.02
0.018
0.024
0.036
0.033
0.027
0.037
0.049
0.058
0.062
0.057
0.041
0.036
0.049
0.058
0.069
0.084
0.075
0.057
0.06
0.062
0.06
0.056
0.042
0.031
0.027
0.03
0.042
0.046
0.029
-0.0039
-0.028
-0.027
-0.019
-0.012
0.0019
0.004
-0.005
-0.012
-0.016
-0.019
-0.03
-0.029
-0.017
-0.012
-0.004
0.014
0.022
0.013
-0.0045
-0.013
-0.024
-0.028
-0.018
-0.0015
0.005
0.0005
-0.0044
-0.016
-0.028
-0.028
-0.024
-0.026
-0.037
-0.053
-0.044
-0.023
-0.012
-0.0058
-0.016
-0.036
-0.034
-0.0052
0.024
0.032
0.033
0.031
0.01
-0.016
-0.025
-0.021
-0.0065
0.019
0.052
0.1
0.12
0.1
0.053
0.019
0.001
-0.0053
0.0073
0.009
-0.021
-0.032
-0.011
0.016
0.046
0.072
0.062
0.03
0.012
0.026
0.038
0.031
0.00026
-0.031
-0.034
-0.018
-0.012
-0.019
-0.02
-0.023
-0.012
0.0075
-0.0014
-0.02
-0.029
-0.01
0.014
0.021
0.031
0.041
0.051
0.051
0.021
-0.021
-0.055
-0.062
-0.069
-0.066
-0.044
-0.016
-0.0085
-0.024
-0.032
-0.02
0.0044
0.024
0.03
0.014
-0.0066
-0.028
-0.049
-0.059
-0.055
-0.055
-0.056
-0.047
-0.04
-0.031
-0.013
-0.0091
-0.013
-0.0083
-0.0067
-0.012
-0.017
-0.032
-0.048
-0.044
-0.021
0.0063
0.017
-0.0006
-0.029
-0.045
-0.036
-0.0041
0.019
0.013
-0.0039
-0.016
-0.024
-0.032
-0.04
-0.045
-0.04
-0.029
-0.023
-0.039
-0.051
-0.059
-0.056
-0.049
-0.043
-0.036
-0.022
-0.0055
0.0067
0.011
0.0044
0.0012
-0.0016
-0.0035
0.009
0.018
0.017
0.0094
-0.0013
-0.01
-0.009
0.0093
0.024
0.02
0.0086
0.0015
-0.0043
0.0075
0.023
0.034
0.036
0.022
0.0029
-0.014
-0.021
-0.014
0.0066
0.038
0.05
0.039
0.031
0.021
-0.012
-0.033
-0.032
-0.008
0.02
0.015
0.0017
0.013
0.015
0.012
0.031
0.038
0.011
0.0013
-0.0026
-0.0012
0.007
0.021
0.039
0.044
0.031
0.015
0.0016
-0.015
-0.023
-0.00053
0.021
0.019
0.021
0.026
0.0061
-0.015
-0.023
-0.029
-0.029
-0.021
0.0036
0.023
0.014
-0.0097
-0.029
-0.035
-0.037
-0.036
-0.029
-0.019
-0.015
-0.023
-0.029
-0.03
-0.019
0.0011
0.0085
-0.0021
-0.017
-0.015
-0.0036
0.016
0.033
0.033
0.022
0.011
-0.0018
-0.021
-0.022
-0.019
-0.022
-0.03
-0.041
-0.044
-0.031
-0.025
-0.037
-0.034
-0.013
-0.0012
0.0066
0.021
0.025
0.015
0.015
0.0087
0.004
0.00029
0.0015
0.0079
-0.0029
-0.015
-0.021
-0.011
0.0061
0.017
0.015
0.0094
0.0044
-0.016
-0.022
-1.5e-005
0.032
0.056
0.072
0.059
0.018
-0.0098
-0.015
-0.016
-0.014
-0.013
-0.0023
0.012
0.03
0.041
0.033
0.029
0.028
0.025
0.03
0.048
0.064
0.07
0.063
0.049
0.026
0.009
0.0045
0.0029
0.0076
0.024
0.042
0.069
0.11
0.11
0.074
0.033
0.0036
-0.0056
-0.012
-0.031
-0.044
-0.026
-0.003
0.0083
0.0089
0.0051
-0.0012
0.0026
0.015
0.035
0.051
0.045
0.014
-0.013
-0.023
-0.019
-0.011
-0.0083
-0.0099
-0.019
-0.033
-0.049
-0.065
-0.069
-0.076
-0.08
-0.076
-0.073
-0.059
-0.033
-0.012
0.0015
0.0018
-0.011
-0.032
-0.052
-0.055
-0.046
-0.039
-0.031
-0.032
-0.052
-0.06
-0.058
-0.064
-0.065
-0.044
-0.02
-0.011
-0.0068
-0.0092
-0.027
-0.038
-0.042
-0.045
-0.045
-0.049
-0.052
-0.046
-0.05
-0.069
-0.083
-0.069
-0.04
-0.02
-0.0037
0.02
0.02
0.0039
-0.006
-0.017
-0.025
-0.029
-0.022
-0.007
-0.004
-0.0067
-0.018
-0.021
-0.015
-0.0069
-0.0013
0.0032
-0.00041
-0.01
-0.0042
0.016
0.034
0.053
0.061
0.045
0.02
0.012
0.017
0.017
0.015
0.029
0.044
0.04
0.034
0.017
-0.012
-0.016
0.015
0.043
0.041
0.016
0.0066
0.012
0.01
0.011
0.013
0.0099
0.014
0.017
0.016
0.014
0.015
0.026
0.039
0.054
0.053
0.032
0.018
0.023
0.039
0.042
0.035
0.021
0.0068
-0.0077
-0.015
-0.029
-0.035
-0.03
-0.032
-0.031
-0.022
-0.0056
-0.001
-0.0013
0.006
-0.0024
-0.018
-0.023
-0.017
-0.015
-0.0044
0.0054
0.0059
0.0018
-0.018
-0.039
-0.043
-0.042
-0.039
-0.035
-0.041
-0.046
-0.039
-0.033
-0.028
-0.025
-0.029
-0.028
-0.013
0.012
0.014
0.00056
-0.0078
-0.012
-0.012
-0.011
-0.014
-0.026
-0.028
-0.031
-0.042
-0.056
-0.071
-0.086
-0.097
-0.079
-0.058
-0.04
-0.023
-0.018
-0.023
-0.023
-0.02
-0.022
-0.025
-0.03
-0.032
-0.018
0.0013
0.012
0.013
0.0047
-0.023
-0.043
-0.039
-0.02
-0.0026
-0.0016
-0.018
-0.026
-0.025
-0.028
-0.038
-0.036
-0.014
0.013
0.024
0.028
0.025
0.018
0.022
0.027
0.029
0.029
0.03
0.035
0.041
0.038
0.029
0.029
0.028
0.029
0.032
0.036
0.054
0.072
0.085
0.084
0.066
0.048
0.03
0.014
0.014
0.024
0.037
0.038
0.024
0.027
0.049
0.068
0.079
0.071
0.057
0.06
0.082
0.093
0.077
0.045
0.011
-0.021
-0.034
-0.026
-0.018
-4.6e-005
0.045
0.094
0.12
0.1
0.069
0.032
0.0058
-0.004
-0.008
-0.016
-0.017
-0.014
-0.01
-0.0078
-0.0069
0.0019
0.0083
0.0028
0.0029
0.014
0.034
0.042
0.027
-0.0078
-0.047
-0.076
-0.068
-0.031
-0.0022
0.0072
-0.0031
-0.027
-0.037
-0.025
-0.016
-0.016
-0.0033
0.018
0.028
0.036
0.05
0.058
0.038
0.011
-0.014
-0.038
-0.051
-0.057
-0.034
0.0088
0.035
0.032
0.018
-0.0027
-0.038
-0.062
-0.05
-0.015
1.5e-005
0.00023
0.0028
0.0054
0.019
0.036
0.054
0.052
0.034
0.013
-0.0083
-0.021
-0.043
-0.061
-0.063
-0.045
-0.014
0.025
0.05
0.052
0.054
0.046
0.027
0.01
-0.0073
-0.037
-0.066
-0.055
-0.017
0.017
0.037
0.037
0.014
-0.0043
-0.0054
-0.0078
-0.009
-0.014
-0.022
-0.027
-0.027
-0.013
0.0055
0.025
0.04
0.052
0.056
0.055
0.054
0.038
0.017
-0.0046
-0.024
-0.028
-0.0042
0.021
0.033
0.029
0.0083
-0.012
-0.038
-0.054
-0.05
-0.022
0.0071
0.012
0.0032
-0.0094
-0.012
-0.021
-0.028
-0.037
-0.038
-0.026
-0.015
-0.013
-0.016
-0.013
0.001
0.029
0.037
-0.019
-0.07
-0.062
-0.025
0.016
0.02
0.0094
-0.0023
-0.028
-0.062
-0.069
-0.036
-0.0033
0.012
0.0074
-0.011
-0.04
-0.064
-0.071
-0.063
-0.042
-0.029
-0.016
0.0093
0.025
0.0077
-0.018
-0.038
-0.042
-0.018
0.01
0.036
0.051
0.052
0.042
0.014
-0.0042
-0.013
-0.012
-0.0024
0.0082
0.019
0.017
-0.0043
-0.027
-0.033
-0.033
-0.013
0.011
7.6e-005
-0.012
-0.013
-0.013
-0.0055
0.017
0.028
0.027
0.015
-0.01
-0.011
0.016
0.045
0.06
0.06
0.04
0.015
0.013
0.021
0.025
0.021
0.018
0.014
0.0097
0.014
0.015
0.013
0.024
0.061
0.084
0.084
0.07
0.045
0.022
0.0019
0.0069
0.032
0.062
0.069
0.047
0.021
0.013
0.028
0.051
0.069
0.069
0.064
0.074
0.084
0.081
0.081
0.089
0.095
0.098
0.095
0.073
0.05
0.046
0.049
0.047
0.066
0.099
0.094
0.069
0.065
0.087
0.11
0.13
0.12
0.096
0.063
0.04
0.044
0.065
0.081
0.088
0.087
0.087
0.083
0.07
0.044
0.021
0.03
0.048
0.066
0.08
0.078
0.047
0.0094
-0.0064
0.0022
0.018
0.028
0.021
-0.013
-0.04
-0.048
-0.053
-0.058
-0.055
-0.04
-0.018
0.025
0.07
0.085
0.073
0.04
0.0087
-0.018
-0.034
-0.047
-0.061
-0.074
-0.085
-0.085
-0.082
-0.083
-0.064
-0.017
0.019
0.017
-0.0072
-0.031
-0.038
-0.043
-0.047
-0.048
-0.062
-0.094
-0.12
-0.11
-0.092
-0.092
-0.099
-0.095
-0.09
-0.09
-0.072
-0.052
-0.038
-0.034
-0.022
-0.0034
0.0097
-0.005
-0.029
-0.039
-0.044
-0.031
-0.0078
0.0062
0.021
0.036
0.038
0.041
0.048
0.066
0.085
0.09
0.084
0.068
0.043
0.026
0.023
0.028
0.028
0.013
-0.0047
-0.0063
0.0065
0.022
0.05
0.076
0.092
0.095
0.082
0.076
0.066
0.046
0.035
0.033
0.04
0.053
0.053
0.038
0.037
0.065
0.13
0.17
0.16
0.11
0.066
0.043
0.054
0.074
0.083
0.067
0.043
0.042
0.066
0.12
0.17
0.19
0.16
0.099
0.047
0.043
0.099
0.16
0.18
0.19
0.16
0.095
0.035
0.0088
0.013
0.035
0.055
0.076
0.1
0.14
0.16
0.16
0.099
0.0057
-0.063
-0.078
-0.077
-0.067
-0.017
0.041
0.052
0.049
0.06
0.036
0.0018
-0.0035
0.022
0.064
0.081
0.074
0.036
-0.027
-0.055
-0.027
0.032
0.087
0.12
0.12
0.1
0.076
0.063
0.061
0.052
0.035
0.034
0.06
0.074
0.076
0.075
0.06
0.031
0.017
0.013
-0.022
-0.053
-0.04
-0.0074
0.029
0.063
0.077
0.064
0.033
0.0055
-0.0066
0.012
0.027
0.012
0.0046
0.018
0.03
0.031
0.035
0.04
0.036
0.032
0.031
0.033
0.038
0.045
0.057
0.078
0.086
0.066
0.03
0.002
-0.028
-0.051
-0.057
-0.051
-0.035
-0.014
0.005
0.0094
-0.012
-0.048
-0.06
-0.023
0.033
0.057
0.033
-0.015
-0.061
-0.089
-0.073
-0.036
-0.01
0.0058
0.0097
4.6e-005
-0.00078
0.0019
-0.0079
-0.028
-0.055
-0.059
-0.038
-0.022
-0.023
-0.045
-0.071
-0.095
-0.1
-0.088
-0.077
-0.063
-0.047
-0.033
-0.014
-0.011
-0.044
-0.09
-0.1
-0.091
-0.052
-0.019
-0.021
-0.059
-0.099
-0.12
-0.11
-0.092
-0.082
-0.071
-0.057
-0.032
-0.015
-0.014
-0.034
-0.075
-0.11
-0.12
-0.1
-0.084
-0.062
-0.049
-0.062
-0.07
-0.061
-0.06
-0.063
-0.078
-0.085
-0.057
-0.028
-0.025
-0.045
-0.072
-0.084
-0.068
-0.042
-0.015
4.6e-005
-0.0076
-0.03
-0.05
-0.05
-0.048
-0.045
-0.044
-0.046
-0.036
-0.031
-0.031
-0.036
-0.047
-0.067
-0.087
-0.073
-0.038
-0.028
-0.033
-0.041
-0.048
-0.052
-0.05
-0.05
-0.062
-0.071
-0.055
-0.024
0.0084
0.038
0.044
0.013
-0.027
-0.056
-0.056
-0.033
-0.013
-0.005
-0.0076
-0.02
-0.035
-0.035
-0.022
-0.0067
0.012
0.031
0.043
0.039
0.032
0.023
0.014
0.0087
0.014
0.024
0.033
0.041
0.035
0.026
0.037
0.051
0.06
0.054
0.018
-0.021
-0.039
-0.017
0.0092
0.0098
-0.013
-0.031
-0.043
-0.036
-0.0057
0.0059
0.01
0.032
0.072
0.096
0.081
0.037
-0.015
-0.04
-0.027
-0.0041
0.006
0.021
0.029
0.028
0.035
0.052
0.056
0.03
-0.0023
-0.01
-0.00093
0.0054
0.013
0.037
0.049
0.033
0.013
0.0072
0.0068
-0.0051
-0.019
-0.021
-0.0038
0.019
0.027
0.022
0.0068
0.00056
0.0054
0.027
0.051
0.043
0.015
-0.014
-0.033
-0.035
-0.017
0.00035
0.0071
-0.0027
-0.015
-0.0094
0.0078
0.013
0.0085
0.0069
-0.0036
-0.032
-0.054
-0.058
-0.06
-0.059
-0.033
-0.0054
-0.0074
-0.031
-0.057
-0.089
-0.11
-0.093
-0.066
-0.052
-0.045
-0.039
-0.04
-0.05
-0.057
-0.067
-0.075
-0.08
-0.075
-0.06
-0.05
-0.047
-0.054
-0.062
-0.065
-0.069
-0.069
-0.076
-0.074
-0.057
-0.038
-0.043
-0.06
-0.058
-0.052
-0.06
-0.091
-0.1
-0.097
-0.082
-0.064
-0.054
-0.064
-0.081
-0.081
-0.062
-0.036
-0.025
-0.04
-0.061
-0.057
-0.031
-0.013
-0.018
-0.044
-0.07
-0.066
-0.04
-0.021
-0.0016
0.018
0.02
0.0045
-0.001
-0.0017
-0.0042
-0.0079
-0.0019
0.02
0.036
0.041
0.038
0.022
0.0037
-0.0097
-0.019
-0.016
-0.0094
-0.015
-0.026
-0.037
-0.037
-0.037
-0.046
-0.056
-0.045
-0.0074
0.027
0.041
0.028
-0.0037
-0.032
-0.044
-0.036
-0.014
0.011
0.022
0.0076
-0.015
-0.024
-0.01
0.006
0.01
0.026
0.064
0.096
0.11
0.12
0.096
0.059
0.038
0.026
0.0062
0.0012
0.022
0.043
0.055
0.062
0.054
0.037
0.042
0.058
0.072
0.08
0.077
0.047
0.012
0.0096
0.026
0.043
0.05
0.056
0.08
0.093
0.085
0.068
0.048
0.017
-0.012
-0.037
-0.052
-0.041
-0.012
0.027
0.056
0.063
0.051
0.04
0.034
0.016
0.01
0.029
0.045
0.039
0.038
0.045
0.033
0.017
0.016
0.022
0.026
0.037
0.054
0.069
0.066
0.039
0.0091
-0.022
-0.051
-0.061
-0.046
-0.017
-0.0065
-0.0032
0.005
0.0032
-0.014
-0.054
-0.084
-0.079
-0.063
-0.05
-0.045
-0.049
-0.062
-0.071
-0.071
-0.058
-0.041
-0.019
-0.0039
-0.0023
-0.0071
-0.011
-0.012
-0.016
-0.022
-0.031
-0.035
-0.029
-0.024
-0.019
-0.017
-0.021
-0.031
-0.031
-0.025
-0.026
-0.025
-0.014
0.0059
0.022
0.032
0.047
0.058
0.067
0.068
0.064
0.068
0.069
0.053
0.036
0.037
0.034
0.021
0.014
0.021
0.031
0.045
0.066
0.094
0.12
0.12
0.11
0.09
0.084
0.096
0.089
0.065
0.035
0.018
0.014
0.023
0.041
0.058
0.067
0.055
0.035
0.026
0.04
0.056
0.062
0.067
0.07
0.066
0.069
0.076
0.077
0.071
0.068
0.06
0.049
0.045
0.033
0.014
0.011
0.016
0.015
0.018
0.037
0.058
0.059
0.042
0.032
0.021
0.0048
-0.0035
0.0064
0.031
0.046
0.046
0.035
0.024
0.013
-0.0017
-0.018
-0.019
-0.01
-0.014
-0.017
-0.018
-0.015
-0.019
-0.035
-0.04
-0.022
-0.0084
-0.006
-0.0025
0.0038
0.011
0.00032
-0.017
-0.016
-0.0045
0.0052
0.012
0.018
0.026
0.039
0.038
0.026
0.018
0.017
0.012
0.01
0.021
0.026
0.031
0.052
0.07
0.082
0.084
0.067
0.047
0.052
0.066
0.06
0.046
0.054
0.066
0.047
0.021
0.0057
0.0033
0.011
0.0087
0.017
0.042
0.049
0.043
0.038
0.021
0.0054
-0.00053
-0.0017
-0.0034
-0.01
-0.013
-0.025
-0.042
-0.044
-0.035
-0.029
-0.038
-0.061
-0.071
-0.05
-0.024
-0.0014
0.019
0.01
-0.019
-0.034
-0.035
-0.031
-0.03
-0.033
-0.037
-0.053
-0.088
-0.13
-0.12
-0.088
-0.064
-0.032
0.007
0.034
0.036
0.024
0.013
0.0086
0.011
0.0096
-0.0076
-0.031
-0.045
-0.052
-0.02
0.014
0.018
0.0023
-0.0059
-0.004
0.0012
0.0036
-0.0058
-0.016
-0.014
0.015
0.065
0.094
0.078
0.032
-0.0027
-0.013
-0.011
0.01
0.036
0.042
0.036
0.034
0.028
0.018
0.022
0.047
0.061
0.049
0.036
0.036
0.044
0.045
0.04
0.054
0.081
0.087
0.082
0.086
0.08
0.07
0.066
0.078
0.1
0.12
0.11
0.096
0.086
0.08
0.084
0.082
0.064
0.069
0.078
0.064
0.04
0.038
0.055
0.078
0.094
0.093
0.089
0.082
0.081
0.091
0.1
0.11
0.12
0.12
0.12
0.11
0.098
0.11
0.1
0.068
0.032
0.0068
0.0061
0.012
0.0038
0.0028
0.02
0.028
0.022
0.021
0.026
0.037
0.055
0.061
0.052
0.039
0.035
0.036
0.039
0.047
0.057
0.067
0.065
0.047
0.021
-0.0033
-0.023
-0.029
-0.017
-0.0068
0.0067
0.013
1.5e-005
-0.016
-0.023
-0.036
-0.054
-0.061
-0.053
-0.024
0.0014
0.0052
-0.0091
-0.032
-0.046
-0.051
-0.057
-0.056
-0.049
-0.054
-0.046
-0.02
-0.0056
-0.00014
-0.0036
-0.016
-0.021
-0.023
-0.037
-0.043
-0.024
0.0025
0.026
0.04
0.051
0.048
0.023
-0.0027
-0.021
-0.03
-0.023
-0.008
-0.0088
-0.009
-0.019
-0.04
-0.043
-0.025
0.00053
0.019
0.02
0.011
-0.0029
-0.016
-0.025
-0.022
-0.0096
0.015
0.038
0.055
0.069
0.065
0.035
0.0043
-0.015
-0.025
-0.032
-0.027
-0.013
-0.00044
0.00093
0.008
0.016
0.015
0.0099
-0.0078
-0.01
0.009
0.033
0.049
0.047
0.03
0.012
0.0072
0.011
0.017
0.027
0.037
0.039
0.023
0.0064
0.0083
0.025
0.036
0.024
0.0074
0.0098
0.03
0.032
0.026
0.0069
-0.023
-0.039
-0.03
-0.0082
0.013
0.0091
-0.012
-0.028
-0.03
-0.015
0.00038
0.0047
0.0077
0.013
0.017
0.019
0.022
0.04
0.054
0.052
0.041
0.025
0.0081
-0.0069
-0.0037
0.022
0.041
0.034
0.024
0.032
0.037
0.031
0.022
0.021
0.029
0.044
0.048
0.06
0.075
0.071
0.052
0.037
0.024
0.0039
-0.021
-0.039
-0.029
-0.0048
0.03
0.065
0.076
0.079
0.069
0.04
0.02
0.021
0.025
0.025
0.013
-0.012
-0.026
-0.012
0.032
0.067
0.072
0.069
0.071
0.065
0.049
0.024
-0.0033
-0.015
-0.012
0.0029
0.027
0.04
0.045
0.051
0.037
0.011
-0.012
-0.02
-0.013
-0.0035
-0.014
-0.028
-0.023
-0.009
0.023
0.045
0.037
0.02
-0.0078
-0.029
-0.037
-0.034
-0.012
0.019
0.043
0.041
0.017
-0.0074
-0.01
-0.0056
0.0027
0.014
0.017
0.012
0.0041
-0.021
-0.041
-0.032
-0.014
-0.0042
0.0061
0.012
0.022
0.02
0.011
0.013
0.019
0.02
0.009
-0.0055
0.0054
0.033
0.044
0.037
0.029
0.019
0.003
-0.0041
0.00084
0.014
0.03
0.033
0.036
0.046
0.046
0.037
0.021
0.0056
-0.015
-0.037
-0.04
-0.02
-0.0041
-0.006
-0.024
-0.054
-0.074
-0.088
-0.097
-0.09
-0.067
-0.029
-0.00093
0.0012
-0.013
-0.03
-0.05
-0.05
-0.042
-0.032
-0.0044
0.01
-0.0032
-0.02
-0.033
-0.037
-0.02
0.0095
0.041
0.055
0.043
0.038
0.037
0.038
0.049
0.047
0.024
0.011
0.018
0.035
0.046
0.036
0.016
0.01
1.5e-005
-0.023
-0.036
-0.022
0.012
0.044
0.069
0.085
0.077
0.052
0.035
0.031
0.03
0.036
0.04
0.039
0.033
0.019
0.006
-0.0059
-0.022
-0.026
-0.0071
-0.001
-0.0062
0.0013
0.026
0.054
0.065
0.056
0.046
0.029
0.007
-0.019
-0.036
-0.027
-0.0056
0.011
0.033
0.045
0.02
-0.025
-0.05
-0.039
-0.019
-0.0086
-0.0022
-0.0014
-0.0068
-0.0076
-0.0053
0.0025
0.02
0.025
0.017
0.013
0.01
0.0052
0.0016
0.0018
0.0025
-0.00078
-0.0089
-0.0087
-0.0047
-0.0032
0.0054
0.0055
0.0025
0.0054
0.0045
-0.0013
-0.012
-0.023
-0.029
-0.031
-0.044
-0.048
-0.031
-0.009
-0.0047
-0.018
-0.033
-0.039
-0.033
-0.025
-0.013
-0.0061
-0.0064
-0.021
-0.055
-0.08
-0.091
-0.091
-0.067
-0.048
-0.062
-0.077
-0.074
-0.065
-0.049
-0.033
-0.026
-0.01
0.0011
0.0039
0.0025
-0.0063
0.0012
0.013
0.0084
-0.0065
-0.031
-0.051
-0.05
-0.034
-0.017
-0.0025
-0.0097
-0.019
-0.024
-0.036
-0.045
-0.039
-0.029
-0.031
-0.058
-0.097
-0.11
-0.1
-0.081
-0.052
-0.026
-0.002
0.012
0.015
0.0086
-0.0076
-0.027
-0.049
-0.067
-0.066
-0.04
-0.03
-0.029
-0.0037
0.013
-0.004
-0.035
-0.057
-0.072
-0.074
-0.065
-0.059
-0.047
-0.036
-0.034
-0.032
-0.016
0.0086
0.014
0.0041
0.0071
0.011
0.0029
-0.012
-0.032
-0.039
-0.034
-0.027
-0.0073
0.019
0.029
0.025
0.011
-0.0063
-0.0029
0.0057
0.0035
0.012
0.023
0.041
0.044
0.024
0.015
0.037
0.063
0.063
0.052
0.037
0.015
-0.0087
-0.014
-0.0048
-0.013
-0.034
-0.041
-0.024
0.0082
0.031
0.027
0.018
0.021
0.0064
-0.016
-0.018
-0.016
-0.02
-0.017
-0.0029
0.011
0.018
0.022
0.022
0.027
0.027
0.027
0.029
0.038
0.044
0.042
0.058
0.083
0.1
0.098
0.072
0.039
0.034
0.038
0.028
0.018
0.02
0.032
0.038
0.033
0.035
0.047
0.055
0.059
0.057
0.058
0.066
0.066
0.064
0.067
0.059
0.053
0.047
0.042
0.046
0.05
0.045
0.038
0.023
0.0079
0.0075
0.0099
0.02
0.028
0.015
-0.0018
-0.011
-0.012
-0.0042
0.013
0.027
0.03
0.017
0.0012
0.0027
0.013
0.027
0.036
0.029
0.022
0.016
0.0087
0.0041
0.0096
0.0042
-0.013
-0.033
-0.046
-0.039
-0.023
-0.02
-0.036
-0.058
-0.071
-0.076
-0.082
-0.08
-0.071
-0.056
-0.04
-0.05
-0.06
-0.05
-0.039
-0.022
-0.0072
-0.02
-0.051
-0.061
-0.055
-0.052
-0.054
-0.071
-0.073
-0.053
-0.041
-0.033
-0.034
-0.045
-0.042
-0.029
-0.0093
0.0085
0.0066
-0.01
-0.025
-0.038
-0.032
-0.027
-0.012
0.014
0.019
0.012
0.0056
0.01
0.025
0.045
0.048
0.038
0.029
0.025
0.03
0.047
0.065
0.068
0.058
0.048
0.033
0.014
0.0069
0.0076
0.01
0.027
0.042
0.033
0.017
0.015
0.022
0.039
0.054
0.056
0.052
0.052
0.054
0.057
0.058
0.05
0.04
0.037
0.038
0.043
0.04
0.044
0.056
0.049
0.031
0.0096
-0.0015
-0.0042
-0.032
-0.053
-0.038
-0.0077
0.015
0.026
0.021
-0.0044
-0.04
-0.079
-0.084
-0.047
-0.0067
0.0094
-0.0083
-0.041
-0.048
-0.035
-0.032
-0.031
-0.017
-0.0094
-0.018
-0.024
-0.02
-0.039
-0.062
-0.072
-0.078
-0.081
-0.074
-0.045
-0.0036
0.028
0.017
-0.0092
-0.021
-0.046
-0.069
-0.055
-0.028
-0.018
-0.018
-0.026
-0.037
-0.035
-0.035
-0.058
-0.08
-0.086
-0.077
-0.055
-0.016
0.012
0.025
0.031
0.025
-0.0065
-0.049
-0.082
-0.11
-0.12
-0.12
-0.11
-0.076
-0.063
-0.089
-0.12
-0.12
-0.088
-0.051
-0.023
-0.015
-0.041
-0.076
-0.071
-0.04
-0.018
-0.0066
-0.0039
-0.012
-0.03
-0.049
-0.04
0.0041
0.026
0.01
-0.024
-0.063
-0.073
-0.061
-0.051
-0.054
-0.08
-0.12
-0.12
-0.098
-0.085
-0.07
-0.051
-0.023
0.0086
0.027
0.034
0.025
0.012
-0.0041
-0.009
-0.017
-0.024
-0.018
-0.0032
0.018
0.021
0.029
0.045
0.053
0.052
0.048
0.031
-0.0041
-0.019
-0.0054
0.014
0.022
0.022
0.011
-0.0072
0.004
0.024
0.02
0.017
0.023
0.027
0.039
0.044
0.028
0.014
0.023
0.057
0.086
0.074
0.048
0.039
0.039
0.036
0.042
0.061
0.076
0.072
0.057
0.049
0.034
0.019
0.022
0.023
0.021
0.024
0.038
0.053
0.07
0.082
0.091
0.095
0.086
0.078
0.078
0.083
0.088
0.087
0.078
0.07
0.054
0.016
0.0023
0.018
0.02
0.0093
0.01
0.026
0.038
0.039
0.034
0.027
0.025
0.03
0.035
0.042
0.053
0.046
0.031
0.021
0.016
0.013
0.024
0.045
0.057
0.049
0.021
0.0057
-0.0038
-0.013
-0.028
-0.038
-0.024
-0.0081
-0.0065
-0.01
-0.01
-0.01
-0.015
-0.014
-0.0072
0.013
0.043
0.066
0.063
0.046
0.035
0.022
0.0037
-0.018
-0.031
-0.025
-0.0029
0.032
0.057
0.052
0.03
0.033
0.051
0.05
0.043
0.042
0.04
0.028
0.028
0.041
0.058
0.06
0.042
0.019
0.0094
0.021
0.041
0.066
0.095
0.12
0.11
0.086
0.06
0.039
0.034
0.055
0.074
0.094
0.1
0.095
0.066
0.034
0.03
0.041
0.046
0.036
0.033
0.044
0.059
0.066
0.069
0.07
0.043
0.009
-0.0056
0.0012
0.026
0.062
0.098
0.12
0.11
0.075
0.035
0.011
0.016
0.044
0.076
0.088
0.073
0.049
0.0054
-0.041
-0.052
-0.0023
0.074
0.14
0.17
0.15
0.11
0.045
0.0029
-0.016
-0.015
0.0089
0.036
0.055
0.046
0.032
0.036
0.038
0.029
0.0028
-0.032
-0.054
-0.041
-0.012
-0.0029
-0.012
-0.028
-0.035
-0.041
-0.041
-0.049
-0.069
-0.076
-0.071
-0.066
-0.056
-0.043
-0.06
-0.1
-0.11
-0.11
-0.12
-0.14
-0.15
-0.13
-0.11
-0.088
-0.039
-0.023
-0.1
-0.16
-0.15
-0.12
-0.067
0.048
0.1
-0.0037
-0.19
-0.32
-0.27
-0.13
-0.048
0.0053
0.0045
-0.066
-0.14
-0.18
-0.23
-0.25
-0.23
-0.15
-0.025
0.01
-0.013
-0.092
-0.2
-0.21
-0.16
-0.071
0.025
0.061
0.012
-0.03
-0.029
-0.029
-0.026
0.0097
0.057
0.073
0.059
0.016
-0.062
-0.12
-0.14
-0.13
-0.065
0.023
0.066
0.061
0.025
-0.0031
0.02
0.061
0.073
0.038
-0.027
-0.067
-0.055
-0.022
-0.004
0.056
0.14
0.16
0.13
0.069
-0.02
-0.1
-0.11
-0.002
0.14
0.23
0.22
0.12
0.02
-0.024
-0.016
0.011
0.047
0.079
0.097
0.12
0.12
0.1
0.076
0.08
0.11
0.16
0.19
0.16
0.094
0.032
0.027
0.072
0.11
0.11
0.081
0.051
0.024
-0.0015
0.014
0.061
0.099
0.1
0.052
-0.048
-0.17
-0.21
-0.12
0.033
0.13
0.12
0.051
-0.00078
-0.015
0.007
0.053
0.091
0.088
0.063
0.044
0.056
0.078
0.071
0.012
-0.092
-0.18
-0.2
-0.16
-0.1
-0.051
-0.032
-0.044
-0.076
-0.093
-0.067
-0.033
-0.034
-0.038
-0.012
0.0099
0.0081
0.024
0.036
0.014
-0.044
-0.083
-0.063
-0.052
-0.068
-0.077
-0.086
-0.1
-0.11
-0.1
-0.069
-0.024
0.0078
0.027
0.027
0.016
0.005
-0.0064
-0.017
-0.019
-0.005
0.021
0.053
0.054
0.032
0.0079
-0.01
-0.023
-0.039
-0.038
-0.032
-0.017
0.0017
0.0039
-0.0029
0.0047
0.027
0.038
0.043
0.031
0.012
0.0051
0.00066
-0.006
0.0045
0.039
0.084
0.11
0.11
0.078
0.022
-0.008
0.014
0.046
0.05
0.019
-0.025
-0.026
0.031
0.098
0.13
0.14
0.13
0.11
0.078
0.025
-0.0046
0.017
0.074
0.14
0.19
0.22
0.23
0.21
0.18
0.14
0.11
0.096
0.083
0.053
0.037
0.06
0.1
0.14
0.17
0.19
0.19
0.17
0.14
0.079
0.018
-0.01
0.02
0.08
0.12
0.12
0.1
0.088
0.087
0.1
0.11
0.071
0.016
-0.017
-0.0094
0.037
0.093
0.12
0.12
0.097
0.089
0.082
0.049
0.011
0.011
0.042
0.069
0.072
0.05
0.021
0.0047
-0.00035
-0.0071
-0.0069
-0.0079
-0.023
-0.044
-0.066
-0.085
-0.093
-0.088
-0.098
-0.12
-0.099
-0.03
0.031
0.031
-0.019
-0.083
-0.11
-0.082
-0.028
0.0075
0.0083
0.0051
0.011
0.019
0.024
0.018
-0.015
-0.068
-0.1
-0.097
-0.065
-0.025
0.025
0.038
-0.015
-0.062
-0.064
-0.03
0.0078
0.0056
-0.013
-0.021
-0.05
-0.11
-0.12
-0.087
-0.046
-0.043
-0.075
-0.063
-0.014
0.009
0.0057
-0.015
-0.045
-0.058
-0.041
-0.027
-0.038
-0.051
-0.047
-0.042
-0.041
-0.044
-0.062
-0.078
-0.08
-0.057
-0.028
-0.034
-0.059
-0.05
-0.024
-0.0013
0.00044
-0.02
-0.035
-0.034
-0.033
-0.014
0.023
0.029
-0.0055
-0.031
-0.013
0.019
0.045
0.06
0.054
0.026
-0.011
-0.036
-0.022
0.03
0.073
0.075
0.043
0.022
0.01
-0.018
-0.038
-0.028
0.0088
0.063
0.096
0.096
0.093
0.09
0.08
0.063
0.036
0.031
0.039
0.037
0.038
0.041
0.034
0.016
0.018
0.034
0.041
0.023
0.0058
0.016
0.043
0.05
0.025
0.0095
0.017
0.02
0.016
0.0012
-0.016
-0.019
-0.011
-0.0026
-0.0063
-0.038
-0.09
-0.12
-0.11
-0.091
-0.049
-0.0089
0.0073
0.0031
-0.016
-0.041
-0.058
-0.066
-0.065
-0.049
-0.024
-0.0038
-0.0013
-0.024
-0.047
-0.06
-0.066
-0.059
-0.055
-0.058
-0.039
-0.016
-0.016
-0.04
-0.061
-0.046
-0.011
0.006
0.0022
-0.017
-0.032
-0.031
-0.029
-0.029
-0.025
-0.0087
0.0045
0.0097
0.007
0.00072
0.0038
0.01
0.0083
0.00053
-0.021
-0.031
-0.017
-0.0021
-0.00026
-0.014
-0.032
-0.037
-0.029
-0.031
-0.034
-0.037
-0.043
-0.034
-0.012
0.0048
0.00011
-0.007
-0.0027
0.0054
0.011
0.016
0.029
0.04
0.046
0.047
0.043
0.032
0.023
0.024
0.024
0.022
0.0034
-0.016
-0.019
-0.0035
0.021
0.041
0.049
0.041
0.033
0.027
0.013
0.017
0.039
0.035
0.013
0.005
0.0097
0.022
0.045
0.081
0.1
0.086
0.055
0.019
-0.0059
-0.0066
0.0093
0.021
0.031
0.045
0.049
0.056
0.067
0.071
0.066
0.058
0.066
0.08
0.088
0.089
0.067
0.034
0.013
0.02
0.055
0.083
0.081
0.06
0.054
0.051
0.048
0.05
0.045
0.031
0.038
0.064
0.086
0.076
0.044
0.029
0.04
0.05
0.055
0.059
0.05
0.024
0.0022
-0.0056
-0.011
-0.026
-0.028
-0.0071
0.0035
0.0019
-0.0072
-0.016
-0.02
-0.019
-0.014
-0.012
-0.024
-0.042
-0.041
-0.041
-0.041
-0.038
-0.046
-0.053
-0.055
-0.068
-0.087
-0.091
-0.066
-0.035
-0.027
-0.035
-0.04
-0.047
-0.051
-0.054
-0.067
-0.068
-0.057
-0.049
-0.039
-0.02
-0.019
-0.026
-0.043
-0.06
-0.052
-0.046
-0.048
-0.039
-0.0019
0.032
0.023
-0.004
-0.018
-0.027
-0.027
-0.0079
0.0079
0.016
0.027
0.0081
-0.012
-0.0089
-0.01
-0.0086
0.0049
0.02
0.039
0.048
0.025
0.0087
0.0043
0.012
0.044
0.066
0.058
0.037
0.0077
-0.0021
0.0089
0.0069
-0.0068
-0.0054
0.011
0.019
0.0018
-0.017
-0.015
-0.0023
0.01
0.01
-0.0079
-0.022
-0.02
-0.036
-0.047
-0.044
-0.028
0.0015
0.0091
-0.0039
-0.003
0.009
0.0089
-0.0052
-0.016
-0.012
0.0006
0.0056
0.0019
-0.0025
-0.013
-0.016
-0.0052
-0.0061
-0.012
-0.026
-0.047
-0.05
-0.035
-0.014
0.0049
0.0045
-0.0013
-0.0021
-0.00084
0.0025
0.01
0.0014
-0.018
-0.014
-0.0021
-0.0056
-0.019
-0.011
0.025
0.049
0.048
0.048
0.064
0.067
0.056
0.045
0.031
0.013
0.0099
0.028
0.043
0.065
0.097
0.11
0.084
0.06
0.048
0.051
0.065
0.079
0.088
0.093
0.094
0.081
0.053
0.034
0.043
0.057
0.062
0.053
0.037
0.027
0.032
0.044
0.044
0.044
0.048
0.052
0.06
0.066
0.054
0.041
0.04
0.043
0.044
0.052
0.053
0.038
0.0046
-0.018
-0.023
0.00047
0.028
0.03
0.016
-0.0014
-0.022
-0.023
0.0076
0.033
0.039
0.033
0.027
0.026
0.0084
-0.018
-0.041
-0.043
-0.035
-0.029
0.001
0.038
0.052
0.049
0.05
0.042
0.019
0.0065
-0.0054
-0.013
-0.016
-0.01
-0.007
0.0067
0.035
0.055
0.066
0.068
0.074
0.064
0.041
0.019
-0.0035
-0.022
-0.019
-0.0005
0.02
0.028
0.0098
-0.016
-0.029
-0.031
-0.013
0.0041
0.017
0.024
0.019
0.0057
-0.0035
-0.023
-0.046
-0.045
-0.042
-0.039
-0.034
-0.036
-0.049
-0.054
-0.044
-0.037
-0.034
-0.02
-0.0073
-0.013
-0.026
-0.03
-0.028
-0.016
-0.018
-0.033
-0.036
-0.053
-0.078
-0.075
-0.06
-0.053
-0.043
-0.031
-0.02
-0.016
-0.023
-0.03
-0.03
-0.026
-0.011
-0.0069
-0.019
-0.022
-0.022
-0.027
-0.035
-0.041
-0.029
0.0029
0.032
0.051
0.059
0.057
0.04
0.0089
-0.013
-0.015
-0.022
-0.051
-0.069
-0.041
0.0078
0.047
0.073
0.065
0.029
-0.0093
-0.02
0.0098
0.05
0.077
0.085
0.08
0.079
0.076
0.063
0.043
0.016
-0.011
0.033
0.13
0.13
0.082
-0.042
-0.16
-0.13
-0.056
-0.0058
0.022
0.079
0.17
0.13
0.023
0.029
0.05
0.057
0.046
0.0085
-0.00041
-0.08
-0.14
-0.13
-0.09
-0.033
-0.0013
0.096
0.14
0.12
0.097
0.021
0.041
0.062
0.045
0.06
0.025
0.021
0.00044
-0.039
-0.028
-0.069
-0.082
-0.072
-0.038
0.015
-0.058
-0.12
-0.037
0.03
0.057
0.043
0.033
0.022
0.012
0.065
0.05
-0.025
-0.062
-0.067
-0.043
-0.035
0.0049
0.065
0.059
0.048
0.042
0.043
0.032
-0.0021
-0.0015
-0.0057
-0.028
-0.024
0.019
0.04
0.013
-0.0079
-0.0014
0.00035
-0.0076
0.0061
0.023
0.023
0.038
0.049
0.042
0.035
0.046
0.086
0.11
0.087
0.039
0.015
0.0038
-0.0078
0.005
0.017
-0.0032
-0.016
-0.0076
0.025
0.067
0.1
0.12
0.1
0.056
-0.0039
-0.017
0.0081
0.044
0.068
0.071
0.066
0.03
-0.0033
-0.014
-0.011
0.021
0.064
0.094
0.096
0.071
0.03
0.00044
-0.0038
0.0042
0.01
0.0093
0.0046
-0.0041
-0.015
-0.035
-0.047
-0.073
-0.084
-0.056
-0.017
0.0016
-0.0073
-0.025
-0.052
-0.085
-0.085
-0.051
-0.022
-0.014
-0.02
-0.044
-0.066
-0.077
-0.1
-0.11
-0.11
-0.11
-0.073
-0.0014
0.043
0.041
0.024
0.0012
-0.0076
-0.023
-0.06
-0.086
-0.07
-0.014
0.041
0.049
0.036
0.03
0.01
-0.0092
-0.015
-0.011
0.0065
0.014
0.0063
-0.018
-0.046
-0.053
-0.054
-0.056
-0.043
-0.02
-0.011
-0.014
-0.024
-0.04
-0.039
-0.019
-0.00011
0.0059
0.016
0.029
0.028
0.021
0.0017
-0.03
-0.064
-0.077
-0.065
-0.033
0.0016
0.021
0.02
-0.0054
-0.026
-0.042
-0.059
-0.062
-0.028
0.022
0.049
0.045
0.029
0.028
0.017
-0.0058
-0.041
-0.052
-0.012
0.029
0.034
0.0049
-0.021
-0.014
0.0035
0.024
0.041
0.046
0.039
0.023
0.0054
-0.0087
-0.022
-0.016
0.014
0.056
0.09
0.091
0.062
0.022
-0.00096
-0.013
-0.013
0.0079
0.034
0.046
0.052
0.062
0.054
0.029
0.011
0.0059
0.0017
-0.00093
-0.0043
-0.007
-0.0033
0.0021
-0.011
-0.016
0.0065
0.027
0.028
0.017
0.0092
0.006
0.0069
0.0094
0.01
0.018
0.038
0.051
0.039
0.01
0.00014
0.019
0.049
0.042
0.0094
-0.00072
0.014
0.018
0.011
0.0056
-0.0065
-0.018
-0.022
-0.023
-0.02
-0.012
0.0031
0.016
0.027
0.028
0.0093
-0.0086
-0.016
-0.025
-0.035
-0.035
-0.024
0.0067
0.028
0.028
0.0083
-0.019
-0.026
-0.014
-0.009
-0.012
-0.0094
-0.02
-0.035
-0.05
-0.063
-0.049
-0.02
0.0069
0.015
0.022
0.024
0.015
0.0016
-0.0022
0.0044
0.0045
0.011
0.014
-0.00066
-0.0046
0.0037
0.016
0.012
-0.0044
-0.032
-0.045
-0.037
-0.016
0.014
0.039
0.05
0.036
0.014
0.0049
0.0056
0.015
0.04
0.067
0.076
0.056
0.026
0.0044
0.0064
0.011
0.0098
0.0099
-0.003
-0.0088
0.0015
0.0082
0.016
0.024
0.025
0.028
0.019
0.0036
-0.00084
0.0031
0.01
0.017
0.015
0.022
0.038
0.041
0.038
0.031
0.024
0.038
0.058
0.071
0.065
0.038
0.016
0.018
0.03
0.05
0.072
0.068
0.05
0.045
0.053
0.066
0.079
0.078
0.067
0.058
0.055
0.053
0.05
0.049
0.041
0.023
0.029
0.042
0.034
0.03
0.033
0.028
0.024
0.045
0.063
0.064
0.061
0.045
0.018
-0.0053
-0.022
-0.031
-0.018
0.0021
0.023
0.039
0.049
0.064
0.068
0.057
0.045
0.053
0.062
0.038
-0.0043
-0.02
-0.0081
0.015
0.055
0.083
0.075
0.04
0.0098
0.017
0.024
0.036
0.052
0.046
0.038
0.04
0.044
0.045
0.047
0.051
0.055
0.055
0.057
0.045
0.0071
-0.019
-0.034
-0.043
-0.032
-0.019
-0.0025
0.003
0.0029
-0.0031
-0.028
-0.041
-0.024
0.0036
0.02
0.025
0.021
0.01
-0.0089
-0.018
-0.0053
0.0072
0.0082
0.0025
-0.01
-0.0056
0.0052
0.008
0.0065
0.01
0.015
0.0086
-0.01
-0.008
0.011
0.025
0.022
0.009
0.0033
0.011
0.024
0.022
0.008
-0.005
-0.021
-0.035
-0.031
-0.01
0.0096
0.015
0.01
-0.004
-0.0078
0.00011
0.0089
0.014
0.0087
-0.012
-0.049
-0.085
-0.1
-0.08
-0.055
-0.051
-0.045
-0.048
-0.056
-0.064
-0.081
-0.098
-0.097
-0.079
-0.057
-0.054
-0.065
-0.057
-0.051
-0.064
-0.073
-0.087
-0.094
-0.087
-0.081
-0.081
-0.084
-0.091
-0.085
-0.077
-0.074
-0.062
-0.046
-0.028
-0.015
-0.011
-0.019
-0.037
-0.055
-0.053
-0.042
-0.027
-0.011
-0.0054
-0.013
-0.017
-0.023
-0.029
-0.028
-0.029
-0.023
-0.0002
0.019
0.011
-0.01
-0.034
-0.041
-0.024
-0.0006
0.014
0.0036
-0.016
-0.023
-0.015
1.5e-005
0.012
0.014
0.0065
-0.0064
-0.021
-0.019
-0.00044
0.014
0.027
0.034
0.036
0.039
0.038
0.034
0.03
0.024
0.026
0.041
0.066
0.086
0.098
0.092
0.08
0.067
0.05
0.036
0.027
0.022
0.018
0.017
0.018
0.03
0.032
0.03
0.037
0.046
0.047
0.048
0.045
0.042
0.055
0.068
0.092
0.11
0.1
0.075
0.062
0.064
0.064
0.059
0.063
0.07
0.047
0.018
0.011
0.017
0.036
0.037
0.012
0.0019
0.013
0.02
0.018
0.0076
-0.013
-0.039
-0.065
-0.065
-0.048
-0.031
-0.025
-0.029
-0.029
-0.02
-0.0072
-0.019
-0.044
-0.046
-0.035
-0.021
-0.0021
0.00056
-0.026
-0.046
-0.044
-0.032
-0.028
-0.045
-0.062
-0.071
-0.074
-0.074
-0.073
-0.063
-0.046
-0.028
-0.018
-0.0095
-0.012
-0.027
-0.032
-0.024
-0.015
-0.016
-0.017
-0.035
-0.069
-0.088
-0.087
-0.058
-0.035
-0.036
-0.044
-0.034
-0.025
-0.025
-0.0083
0.0072
0.0098
0.006
-0.0033
-0.015
-0.023
-0.021
-0.012
-0.0073
0.0026
0.017
0.031
0.043
0.034
0.016
0.021
0.021
-0.0095
-0.05
-0.077
-0.076
-0.052
-0.031
-0.02
-0.0076
-0.0012
-0.0051
-0.018
-0.025
-0.015
0.00099
0.0052
-0.0021
0.0032
0.016
0.031
0.042
0.042
0.031
0.0091
-0.0048
-0.011
-0.02
-0.022
-0.012
0.0021
-0.0053
-0.017
-0.016
0.0017
0.025
0.035
0.027
0.009
0.0016
-0.0033
-0.011
-0.018
-0.022
-0.028
-0.03
-0.019
-0.005
-0.0075
-0.021
-0.024
-0.012
0.0044
0.015
0.01
-0.014
-0.031
-0.029
-0.012
0.015
0.035
0.032
0.016
0.0089
0.013
0.018
0.019
0.026
0.042
0.047
0.041
0.042
0.04
0.033
0.023
0.018
0.026
0.033
0.037
0.033
0.02
0.015
0.019
0.028
0.028
0.025
0.025
0.025
0.017
0.0071
0.022
0.046
0.053
0.054
0.055
0.054
0.044
0.036
0.039
0.046
0.052
0.051
0.052
0.055
0.05
0.034
0.02
0.011
-0.0019
-0.016
-0.014
-0.0015
0.0056
0.025
0.045
0.045
0.034
0.019
-0.0009
-0.014
-0.015
-0.017
-0.0071
0.0079
0.015
0.012
0.0051
0.0087
0.019
0.028
0.024
0.0048
-0.0076
0.0069
0.029
0.019
-0.0063
-0.03
-0.032
-0.024
-0.016
-0.0075
0.0015
0.021
0.037
0.033
0.019
0.012
-0.0052
-0.029
-0.041
-0.048
-0.046
-0.029
0.0016
0.024
0.011
-0.024
-0.059
-0.089
-0.087
-0.037
0.0024
-0.015
-0.073
-0.11
-0.1
-0.066
-0.044
-0.04
-0.04
-0.049
-0.06
-0.068
-0.066
-0.057
-0.07
-0.11
-0.12
-0.1
-0.076
-0.06
-0.043
-0.041
-0.061
-0.093
-0.12
-0.13
-0.12
-0.093
-0.044
0.003
0.00017
-0.037
-0.068
-0.08
-0.076
-0.042
-0.0039
0.021
0.011
-0.025
-0.028
-0.0016
0.0093
0.009
0.01
-0.0069
-0.056
-0.093
-0.073
-0.013
0.04
0.054
0.047
0.0076
-0.032
-0.0068
0.03
0.045
0.043
0.042
0.039
0.0065
-0.05
-0.062
-0.011
0.05
0.075
0.052
0.012
-0.026
-0.068
-0.08
-0.04
0.053
0.12
0.12
0.075
0.0081
-0.048
-0.054
0.015
0.089
0.11
0.085
0.039
-0.0099
-0.048
-0.053
-0.022
0.026
0.047
0.034
0.02
0.025
0.05
0.07
0.092
0.11
0.089
0.054
-0.0079
-0.062
-0.051
0.014
0.059
0.049
0.029
0.036
0.047
0.032
0.017
0.055
0.11
0.12
0.063
0.004
-0.011
0.012
0.045
0.067
0.067
0.052
0.043
0.046
0.058
0.07
0.076
0.096
0.11
0.1
0.091
0.08
0.067
0.048
0.026
0.0047
0.00038
0.014
0.041
0.063
0.072
0.075
0.064
0.053
0.07
0.084
0.048
0.0009
-0.0014
0.033
0.059
0.054
0.026
0.011
0.017
0.014
0.011
0.0031
0.0044
0.018
0.022
0.028
0.046
0.068
0.073
0.067
0.057
0.043
0.013
-0.019
-0.019
0.0014
0.024
0.029
0.028
0.03
0.026
0.037
0.041
0.04
0.039
0.043
0.055
0.056
0.041
0.025
0.035
0.073
0.099
0.087
0.065
0.046
0.029
0.025
0.017
-0.0014
-0.0092
0.014
0.05
0.058
0.051
0.044
0.025
-0.0083
-0.034
-0.032
-0.012
0.019
0.03
0.024
0.021
0.021
0.017
0.011
0.0062
0.0033
0.0055
0.022
0.057
0.077
0.082
0.085
0.076
0.059
0.04
0.034
0.036
0.032
0.032
0.037
0.037
0.042
0.065
0.078
0.068
0.045
0.027
0.027
0.037
0.049
0.065
0.077
0.079
0.059
0.033
0.032
0.039
0.037
0.034
0.038
0.045
0.053
0.05
0.04
0.034
0.027
0.034
0.057
0.074
0.064
0.049
0.047
0.05
0.05
0.047
0.06
0.089
0.11
0.1
0.075
0.05
0.046
0.047
0.049
0.054
0.043
0.038
0.037
0.037
0.052
0.065
0.064
0.049
0.032
0.014
0.014
0.033
0.056
0.068
0.059
0.044
0.034
0.024
0.018
0.019
0.014
0.013
0.028
0.041
0.037
0.016
0.0041
0.0084
0.008
0.0068
-0.007
-0.028
-0.03
-0.013
0.0056
0.0096
0.0044
0.0029
0.02
0.033
0.033
0.034
0.036
0.037
0.028
0.0074
-0.0066
0.0018
0.021
0.035
0.035
0.036
0.044
0.033
0.023
0.023
0.019
0.023
0.023
0.0092
-0.011
-0.023
-0.021
-0.003
0.033
0.061
0.07
0.065
0.058
0.06
0.054
0.046
0.05
0.05
0.033
0.021
0.02
0.039
0.068
0.079
0.074
0.039
-0.014
-0.066
-0.089
-0.08
-0.048
-0.0028
0.04
0.087
0.095
0.071
0.035
0.01
0.0036
-0.0011
-0.021
-0.035
-0.022
-0.0085
0.019
0.051
0.074
0.078
0.051
0.036
0.028
0.011
-0.029
-0.068
-0.085
-0.069
-0.048
-0.065
-0.063
-0.045
-0.03
-0.0071
0.0064
-0.026
-0.054
-0.068
-0.081
-0.082
-0.086
-0.091
-0.067
-0.028
-0.0095
-0.035
-0.082
-0.11
-0.12
-0.16
-0.17
-0.16
-0.13
-0.089
-0.093
-0.11
-0.11
-0.096
-0.088
-0.096
-0.11
-0.13
-0.13
-0.13
-0.12
-0.13
-0.13
-0.12
-0.13
-0.14
-0.12
-0.11
-0.093
-0.088
-0.084
-0.079
-0.089
-0.096
-0.068
-0.054
-0.058
-0.056
-0.065
-0.077
-0.066
-0.055
-0.043
-0.031
-0.036
-0.036
-0.026
-0.025
-0.028
-0.034
-0.046
-0.033
-0.015
0.0053
0.03
0.02
-0.00029
-0.0091
-0.0049
0.017
0.027
0.018
0.025
0.036
0.025
0.017
-0.0015
-0.013
0.021
0.068
0.098
0.11
0.12
0.12
0.12
0.1
0.11
0.11
0.11
0.087
0.061
0.066
0.08
0.099
0.11
0.13
0.13
0.12
0.1
0.096
0.094
0.1
0.12
0.13
0.12
0.096
0.093
0.1
0.12
0.13
0.14
0.14
0.13
0.12
0.097
0.079
0.071
0.071
0.063
0.068
0.085
0.087
0.08
0.066
0.032
0.0071
-0.00029
-0.011
-0.014
-0.0026
0.0029
-0.0096
-0.022
-0.026
-0.023
-0.019
-0.018
-0.028
-0.049
-0.067
-0.079
-0.077
-0.061
-0.048
-0.039
-0.028
-0.018
-0.012
-0.0068
-0.021
-0.048
-0.058
-0.057
-0.049
-0.029
-0.015
-0.00078
-0.0034
-0.017
-0.013
-0.0022
0.0045
0.0048
-0.014
-0.025
-0.02
-0.023
-0.017
0.00063
0.015
0.016
0.011
0.005
0.0053
0.0053
-0.019
-0.052
-0.062
-0.052
-0.039
-0.015
0.0068
-0.00075
-0.016
-0.012
0.0024
-0.0017
-0.017
-0.031
-0.043
-0.044
-0.039
-0.031
-0.025
-0.011
0.0031
0.0045
0.0033
0.0043
0.0016
-0.0063
0.0073
0.023
0.01
-0.0056
-0.00035
0.0089
0.0066
0.0085
-0.0011
-0.025
-0.031
-0.027
-0.013
0.0035
0.0094
0.014
0.0081
-0.0072
-0.02
-0.032
-0.038
-0.043
-0.043
-0.027
-0.017
-0.02
-0.018
-0.023
-0.016
-0.015
-0.026
-0.027
-0.027
-0.027
-0.036
-0.051
-0.033
-0.0013
0.0013
-0.016
-0.036
-0.056
-0.067
-0.072
-0.071
-0.073
-0.085
-0.088
-0.058
-0.019
-0.012
-0.025
-0.041
-0.048
-0.041
-0.039
-0.059
-0.064
-0.035
0.0081
0.04
0.041
-0.00047
-0.053
-0.071
-0.039
0.0058
0.025
-0.0029
-0.05
-0.056
-0.0038
0.027
-0.0082
-0.044
-0.051
-0.0033
0.046
0.031
-0.032
-0.09
-0.083
-0.0087
0.059
0.05
-0.0036
-0.044
-0.025
0.026
0.047
0.022
-0.041
-0.072
-0.043
-0.017
-0.0046
-0.022
-0.055
-0.06
-0.023
0.018
0.014
-0.031
-0.076
-0.11
-0.1
-0.045
-0.0094
-0.027
-0.05
-0.038
-0.017
-0.03
-0.08
-0.099
-0.07
-0.027
-0.0068
-0.0068
-0.029
-0.065
-0.08
-0.086
-0.12
-0.14
-0.13
-0.11
-0.073
-0.068
-0.094
-0.14
-0.18
-0.16
-0.099
-0.071
-0.099
-0.14
-0.15
-0.12
-0.075
-0.072
-0.11
-0.15
-0.12
-0.044
-0.018
-0.072
-0.15
-0.18
-0.12
-0.071
-0.086
-0.1
-0.072
-0.043
-0.052
-0.066
-0.051
-0.032
-0.034
-0.034
-0.0077
0.027
0.031
0.014
-0.0064
-0.0087
-0.0052
-0.022
-0.046
-0.052
-0.035
-0.012
-0.0042
-0.0013
0.025
0.057
0.071
0.061
0.02
-0.012
-0.013
0.0011
0.00069
-0.0036
0.006
0.017
0.014
0.019
0.065
0.08
0.046
0.0065
0.0063
0.042
0.076
0.082
0.06
0.048
0.044
0.046
0.044
0.037
0.047
0.074
0.11
0.12
0.092
0.049
0.058
0.12
0.16
0.12
0.032
-0.026
-0.012
0.054
0.11
0.11
0.082
0.063
0.072
0.098
0.11
0.09
0.047
0.012
-0.0048
0.0023
0.0032
-0.027
-0.043
-0.037
0.0043
0.052
0.048
0.018
0.0086
0.016
0.021
0.0077
0.0013
0.016
0.027
0.015
0.0098
0.0025
-0.022
-0.052
-0.053
-0.012
0.031
0.038
0.014
-0.0095
-0.0086
0.011
0.022
0.008
-0.0032
0.00044
0.004
0.0092
0.018
0.035
0.033
0.014
-0.00026
-0.009
-0.046
-0.089
-0.1
-0.06
0.0035
0.034
0.029
0.0077
0.006
0.016
0.00023
-0.047
-0.078
-0.037
0.027
0.053
0.025
-0.031
-0.066
-0.056
-0.029
-0.013
-0.015
-0.033
-0.041
-0.027
0.0032
0.023
0.018
0.013
0.021
0.042
0.054
0.04
0.025
0.019
0.007
-0.003
0.0048
0.0032
-0.0087
-0.0065
0.027
0.081
0.1
0.076
0.05
0.062
0.09
0.1
0.089
0.075
0.068
0.076
0.11
0.14
0.12
0.099
0.1
0.11
0.12
0.094
0.053
0.041
0.062
0.1
0.13
0.13
0.11
0.13
0.15
0.14
0.12
0.1
0.11
0.1
0.081
0.056
0.04
0.022
0.0099
0.033
0.084
0.1
0.075
0.057
0.06
0.045
0.022
0.0016
-0.025
-0.053
-0.067
-0.056
0.0013
0.059
0.072
0.073
0.071
0.045
-0.0043
-0.041
-0.041
-0.02
-0.0085
-0.00041
0.014
0.013
-0.00041
-0.017
-0.036
-0.043
-0.034
-0.021
0.0052
0.037
0.057
0.061
0.053
0.031
0.0017
0.00044
0.0064
0.017
0.035
0.049
0.056
0.05
0.034
0.019
0.017
0.01
-0.0068
-0.0082
0.022
0.058
0.064
0.034
-0.0083
-0.02
-0.0063
-0.0055
-0.013
-0.024
-0.038
-0.054
-0.059
-0.049
-0.028
-0.02
-0.049
-0.068
-0.06
-0.043
-0.025
-0.013
-0.019
-0.04
-0.052
-0.051
-0.056
-0.067
-0.072
-0.075
-0.068
-0.05
-0.054
-0.059
-0.049
-0.036
-0.038
-0.059
-0.084
-0.093
-0.094
-0.081
-0.066
-0.07
-0.081
-0.089
-0.094
-0.088
-0.07
-0.047
-0.019
-0.016
-0.035
-0.051
-0.06
-0.062
-0.048
-0.031
-0.028
-0.049
-0.075
-0.078
-0.068
-0.053
-0.031
-0.0017
0.037
0.07
0.1
0.12
0.12
0.082
0.043
0.034
0.059
0.1
0.14
0.16
0.17
0.19
0.22
0.25
0.27
0.25
0.22
0.22
0.25
0.27
0.26
0.24
0.23
0.21
0.18
0.16
0.17
0.18
0.19
0.24
0.28
0.25
0.2
0.18
0.19
0.19
0.17
0.12
0.075
0.044
0.049
0.082
0.11
0.11
0.089
0.078
0.097
0.11
0.076
0.017
-0.022
-0.05
-0.08
-0.096
-0.086
-0.054
-0.026
-0.0029
0.0016
-0.033
-0.078
-0.12
-0.15
-0.15
-0.12
-0.083
-0.05
-0.0099
0.019
0.03
0.034
0.042
0.037
0.00069
-0.049
-0.079
-0.067
-0.029
-0.016
-0.05
-0.11
-0.14
-0.14
-0.13
-0.13
-0.13
-0.12
-0.11
-0.12
-0.14
-0.17
-0.18
-0.18
-0.17
-0.18
-0.2
-0.23
-0.25
-0.25
-0.24
-0.22
-0.21
-0.2
-0.2
-0.2
-0.17
-0.15
-0.14
-0.13
-0.12
-0.14
-0.16
-0.17
-0.18
-0.19
-0.17
-0.14
-0.088
-0.026
0.014
0.044
0.069
0.092
0.11
0.13
0.15
0.14
0.13
0.11
0.098
0.082
0.067
0.046
0.033
0.03
0.037
0.049
0.064
0.076
0.075
0.06
0.034
0.011
-0.0069
-0.025
-0.046
-0.047
-0.034
-0.025
-0.03
-0.047
-0.062
-0.081
-0.11
-0.14
-0.14
-0.14
-0.13
-0.13
-0.13
-0.12
-0.11
-0.095
-0.089
-0.088
-0.09
-0.076
-0.048
-0.023
-0.023
-0.037
-0.039
-0.03
-0.025
-0.027
-0.025
-0.018
-0.013
-0.0088
-0.0032
-0.0048
-0.014
-0.018
-0.011
-0.0047
-0.0013
0.0006
0.0089
0.019
0.019
0.0058
-0.011
-0.024
-0.036
-0.041
-0.031
-0.022
-0.02
-0.025
-0.028
-0.035
-0.038
-0.032
-0.015
-0.0074
-0.016
-0.013
-0.0054
-0.0033
-0.01
-0.012
-0.0032
0.0073
0.0045
-0.009
-0.015
-0.0083
0.0024
0.0099
0.0081
0.0078
0.023
0.035
0.035
0.028
0.018
0.013
0.015
0.028
0.039
0.053
0.069
0.075
0.076
0.086
0.1
0.1
0.091
0.083
0.075
0.076
0.091
0.1
0.11
0.1
0.093
0.078
0.065
0.058
0.058
0.066
0.077
0.077
0.058
0.041
0.042
0.05
0.057
0.061
0.063
0.064
0.052
0.019
-0.01
-0.033
-0.04
-0.031
-0.02
-0.01
-0.0018
-0.0065
-0.02
-0.033
-0.043
-0.04
-0.036
-0.04
-0.042
-0.035
-0.016
-0.00096
-0.00084
-0.017
-0.043
-0.066
-0.076
-0.074
-0.078
-0.091
-0.098
-0.084
-0.069
-0.073
-0.086
-0.087
-0.087
-0.094
-0.098
-0.1
-0.11
-0.12
-0.098
-0.075
-0.068
-0.074
-0.068
-0.046
-0.027
-0.046
-0.087
-0.11
-0.11
-0.1
-0.089
-0.074
-0.073
-0.076
-0.078
-0.09
-0.12
-0.15
-0.17
-0.17
-0.14
-0.11
-0.097
-0.095
-0.094
-0.096
-0.093
-0.086
-0.093
-0.11
-0.11
-0.097
-0.076
-0.061
-0.069
-0.08
-0.069
-0.049
-0.029
-0.025
-0.034
-0.041
-0.044
-0.038
-0.031
-0.038
-0.049
-0.045
-0.034
-0.013
0.0083
0.011
-0.0013
-0.012
-0.015
-0.013
-0.013
-0.0064
0.011
0.037
0.061
0.063
0.044
0.024
0.026
0.04
0.054
0.055
0.032
0.021
0.051
0.092
0.1
0.084
0.064
0.059
0.077
0.11
0.12
0.12
0.11
0.097
0.086
0.077
0.073
0.081
0.098
0.11
0.1
0.096
0.089
0.085
0.081
0.074
0.064
0.059
0.069
0.096
0.12
0.13
0.13
0.12
0.11
0.096
0.099
0.097
0.088
0.073
0.08
0.099
0.11
0.11
0.093
0.087
0.09
0.1
0.11
0.11
0.098
0.061
0.038
0.032
0.035
0.047
0.065
0.082
0.098
0.1
0.071
0.035
0.03
0.046
0.064
0.074
0.079
0.075
0.064
0.06
0.051
0.044
0.039
0.03
0.024
0.023
0.017
0.015
0.034
0.049
0.038
0.023
0.017
0.015
0.025
0.049
0.066
0.064
0.06
0.071
0.081
0.075
0.06
0.055
0.064
0.076
0.082
0.086
0.082
0.077
0.08
0.068
0.05
0.055
0.068
0.079
0.083
0.07
0.056
0.05
0.05
0.053
0.043
0.028
0.023
0.028
0.045
0.066
0.08
0.078
0.069
0.051
0.036
0.032
0.044
0.069
0.073
0.059
0.047
0.043
0.04
0.048
0.054
0.044
0.027
0.022
0.033
0.056
0.067
0.066
0.061
0.056
0.052
0.046
0.054
0.071
0.073
0.078
0.099
0.11
0.1
0.098
0.1
0.11
0.11
0.11
0.11
0.12
0.13
0.15
0.15
0.15
0.13
0.11
0.1
0.11
0.11
0.12
0.12
0.13
0.13
0.12
0.12
0.12
0.11
0.099
0.091
0.09
0.1
0.12
0.13
0.12
0.098
0.086
0.085
0.084
0.082
0.082
0.079
0.065
0.049
0.042
0.036
0.031
0.033
0.034
0.029
0.025
0.016
-0.0078
-0.042
-0.063
-0.067
-0.068
-0.062
-0.049
-0.032
-0.014
-0.015
-0.031
-0.046
-0.045
-0.032
-0.018
-0.0035
0.0051
0.0069
0.0085
0.012
0.014
0.0058
-0.011
-0.028
-0.037
-0.037
-0.04
-0.032
-0.017
-0.0092
-0.015
-0.025
-0.038
-0.052
-0.051
-0.04
-0.033
-0.036
-0.044
-0.046
-0.037
-0.016
-0.0022
-0.0031
-0.015
-0.029
-0.022
-0.0055
-0.0016
-0.0064
-0.017
-0.035
-0.054
-0.052
-0.031
-0.0012
0.0061
-0.014
-0.028
-0.028
-0.026
-0.024
-0.026
-0.031
-0.021
-0.0014
0.019
0.018
0.0033
-0.014
-0.025
-0.022
0.0074
0.056
0.087
0.089
0.057
0.019
0.0089
0.027
0.06
0.083
0.087
0.081
0.072
0.061
0.049
0.045
0.056
0.082
0.11
0.12
0.11
0.085
0.062
0.059
0.078
0.1
0.1
0.09
0.082
0.086
0.11
0.14
0.15
0.14
0.13
0.11
0.084
0.082
0.1
0.12
0.13
0.11
0.094
0.081
0.076
0.082
0.088
0.082
0.081
0.081
0.078
0.079
0.073
0.057
0.038
0.025
0.027
0.044
0.055
0.055
0.048
0.04
0.044
0.054
0.046
0.031
0.018
0.0051
0.0034
0.011
0.016
0.019
0.013
0.0031
-0.0056
-0.0002
0.024
0.043
0.043
0.03
0.0051
-0.016
-0.0064
0.02
0.038
0.037
0.022
-0.0052
-0.024
-0.026
-0.02
-0.0083
-0.0084
-0.017
-0.032
-0.046
-0.052
-0.051
-0.034
-0.028
-0.04
-0.058
-0.069
-0.086
-0.097
-0.091
-0.074
-0.044
-0.025
-0.034
-0.062
-0.077
-0.055
-0.017
1.5e-005
-0.023
-0.056
-0.072
-0.066
-0.052
-0.045
-0.037
-0.032
-0.042
-0.06
-0.067
-0.066
-0.064
-0.046
-0.033
-0.048
-0.057
-0.036
-0.035
-0.067
-0.092
-0.13
-0.16
-0.14
-0.088
-0.098
-0.15
-0.19
-0.2
-0.16
-0.11
-0.088
-0.076
-0.072
-0.1
-0.14
-0.15
-0.15
-0.15
-0.12
-0.054
-0.014
-0.019
-0.057
-0.14
-0.21
-0.17
-0.047
0.018
0.022
0.0015
-0.043
-0.094
-0.089
-0.034
-0.00056
-0.015
-0.031
-0.025
-0.029
-0.035
-0.037
-0.044
-0.047
-0.031
-0.0036
0.0065
-0.021
-0.055
-0.04
0.019
0.075
0.088
0.054
0.0009
-0.032
-0.01
0.039
0.068
0.071
0.069
0.071
0.073
0.061
0.029
0.024
0.059
0.1
0.12
0.12
0.11
0.12
0.14
0.15
0.15
0.14
0.13
0.15
0.17
0.16
0.15
0.15
0.17
0.17
0.15
0.11
0.085
0.1
0.15
0.19
0.22
0.21
0.17
0.14
0.12
0.12
0.14
0.15
0.15
0.13
0.12
0.09
0.056
0.023
0.01
0.015
0.03
0.067
0.12
0.13
0.091
0.012
-0.058
-0.065
-0.0082
0.065
0.11
0.1
0.055
0.0083
-0.017
-0.011
0.0042
0.0068
-0.0048
0.004
0.043
0.084
0.095
0.066
0.016
-0.03
-0.049
-0.037
-0.009
0.026
0.042
0.027
-0.014
-0.066
-0.1
-0.094
-0.053
-0.017
-0.0023
