0.015
0.0045
0.016
0.026
0.01
0.0026
0.015
0.018
0.014
0.03
0.036
0.019
0.0048
-0.0043
-0.0083
-0.01
-0.0089
-0.0089
0.013
0.031
0.027
0.017
0.0052
-0.00075
-0.0014
0.0021
0.0087
0.01
0.011
0.024
0.029
-0.0011
-0.013
0.00047
-0.0047
-0.019
-0.016
-0.0065
0.0043
0.0088
0.0038
0.0033
-0.0032
-0.00099
0.0082
0.011
0.017
0.021
0.0083
0.00099
0.0057
-0.0006
-0.0075
-0.011
-7.6e-005
0.007
-0.0039
-0.0073
0.012
0.015
-0.0015
-0.0064
0.0037
0.0099
0.0035
-0.0022
0.013
0.024
0.017
0.0042
0.0054
0.022
0.031
0.024
0.013
0.014
0.015
0.0038
-0.0002
0.017
0.022
0.0019
-0.0016
0.015
0.018
-0.002
-0.016
-0.0016
0.0064
0.0005
-0.0045
0.0034
0.017
0.016
0.0051
0.0077
0.017
0.0058
-0.00066
0.0022
-0.0099
-0.017
-0.0062
0.0052
-0.003
-0.0026
0.0037
0.0033
0.0044
-0.0066
-0.018
-0.0048
0.016
0.019
0.0036
0.0063
0.014
0.0073
-0.0065
-0.0013
-0.00069
0.0036
0.023
0.024
0.013
0.014
0.012
-0.00066
-0.0059
0.0087
0.016
0.0024
-1.5e-005
0.02
0.011
-0.012
-0.0037
0.013
0.0017
-0.015
-0.0079
-0.0019
-0.0023
-0.018
-0.023
-0.011
-0.0072
-0.0017
0.0027
-0.00047
-0.0069
0.0021
0.0074
0.0067
0.012
0.022
0.023
0.016
0.0055
0.0034
0.01
0.017
0.012
-0.0031
-0.0014
0.018
0.026
0.0083
0.0015
0.0074
-0.0012
-0.02
-0.013
0.015
0.034
0.026
0.016
0.014
0.011
-0.0061
-0.018
-0.0042
0.014
-0.00075
-0.017
-0.0025
0.011
0.0025
-0.0063
-0.0015
0.002
-0.0018
0.0022
0.0081
0.0094
0.023
0.031
0.022
0.011
0.012
0.012
0.01
0.025
0.031
0.013
-0.0033
0.00011
0.0023
0.0038
0.0084
0.0068
0.0061
-0.0023
-0.018
-0.015
0.0015
0.018
0.011
-0.0042
-0.01
-0.0065
0.0018
0.0079
0.0071
0.0092
0.023
0.018
0.0036
-0.00047
0.0066
0.0094
0.0014
-0.00072
0.011
0.022
0.0084
0.0009
0.01
0.0033
-0.004
0.0016
0.0086
0.0042
0.00087
0.0022
-4.6e-005
-0.013
-0.024
-0.013
-0.0056
4.6e-005
0.011
0.0046
-0.017
-0.013
-0.0041
-0.019
-0.027
-0.0075
0.02
0.014
-0.013
-0.016
0.0022
0.0025
-0.0072
-0.016
-0.0094
0.0093
0.015
0.005
0.0058
0.0087
0.0081
0.0049
0.0074
0.018
0.029
0.021
0.0054
0.013
0.024
0.0033
-0.022
-0.0098
0.0092
-0.0031
-0.0072
0.016
0.027
0.0083
-0.0012
0.0041
-0.00066
-0.0016
0.0054
0.024
0.039
0.041
0.037
0.03
0.016
0.0031
0.0073
0.0078
-0.0009
0.00069
0.013
0.014
0.0034
0.002
0.0018
-0.0072
-0.013
-0.0096
0.0014
0.0046
0.0084
0.011
0.0067
0.0018
-0.0069
-0.0073
-0.0037
-0.0027
-0.0081
0.00075
0.018
0.028
0.017
0.0029
-0.0032
-0.0031
-0.0009
0.0049
0.0074
0.012
0.029
0.033
0.0092
0.003
0.019
0.024
0.016
0.016
0.019
0.028
0.03
0.015
0.0037
0.0062
0.016
0.016
0.01
0.015
0.019
0.0038
-0.0089
-0.0023
0.0039
0.0052
0.0043
0.011
0.016
0.008
-0.00069
0.0098
0.019
0.0095
-0.0022
0.0043
0.017
0.014
0.0047
0.0043
0.0023
0.0043
0.011
0.012
0.013
0.016
0.016
0.0039
0.0026
0.015
0.019
0.011
0.013
0.018
0.0096
0.012
0.028
0.03
0.014
-0.00026
0.0036
0.0049
-0.00017
0.0012
0.019
0.037
0.029
0.0078
0.0045
0.019
0.013
0.00038
0.0045
0.00056
-0.012
-0.008
0.0085
0.0025
-0.0086
-0.0084
-0.0094
-0.011
-0.011
-0.012
0.0038
0.041
0.063
0.038
0.0069
-0.0025
-0.00084
-0.0023
0.0087
0.015
0.022
0.031
0.023
0.0072
0.0031
-0.00044
-0.012
-0.019
-0.0082
0.013
0.022
0.022
0.03
0.018
0.00017
0.00029
-0.0036
-0.02
-0.026
-0.0088
0.015
0.019
-0.014
-0.045
-0.042
-0.019
0.0053
0.012
0.0014
-0.011
-0.0083
-0.0099
-0.026
-0.033
-0.015
0.0022
-0.0066
-0.03
-0.028
0.0022
0.022
0.0056
-0.023
-0.034
-0.02
-0.0028
-0.00063
0.0075
0.016
0.011
-0.012
-0.026
-0.017
0.0047
0.0069
-0.012
-0.011
0.014
0.023
0.022
0.02
0.012
-0.0043
-0.0029
0.022
0.038
0.035
0.035
0.024
0.0058
0.0036
0.015
0.023
0.016
0.014
0.027
0.037
0.031
0.027
0.02
-0.0011
-0.022
-0.014
0.013
0.025
0.021
0.01
0.0088
0.0059
-0.0056
-0.0034
0.0072
0.015
0.026
0.025
0.026
0.022
0.013
0.008
0.0099
0.0019
-0.0044
-0.00017
0.0069
0.028
0.029
0.018
0.011
-0.0024
-0.013
-0.0098
-0.0009
0.016
0.033
0.023
0.012
0.021
0.016
-7.6e-005
-0.011
-0.011
-0.0054
0.0048
0.01
0.0051
0.0061
0.0059
0.0027
-0.001
-0.0019
0.01
0.022
0.012
0.0057
0.014
0.02
0.016
0.0093
0.01
0.021
0.022
0.01
0.0096
0.013
0.015
0.0091
-0.0018
-0.0061
0.0078
0.016
0.021
0.02
0.016
0.0079
0.0019
0.0042
0.012
0.009
-0.0021
0.0017
0.013
0.0069
-0.0035
-0.0011
0.0018
0.00078
0.0075
0.027
0.041
0.022
-0.0025
-0.0094
-0.012
-0.00099
0.013
0.024
0.032
0.033
0.024
0.012
-0.00017
-0.0029
0.0094
0.0061
-0.0059
0.00014
0.019
0.022
0.0094
-0.0035
-0.0055
-0.0039
0.001
-0.006
-0.014
-0.012
0.012
0.027
0.012
0.0022
-0.0045
-0.011
-0.017
-0.012
-0.0047
0.013
0.027
0.026
0.0096
-0.014
-0.026
-0.021
-0.013
-0.0084
-0.0097
-0.016
-0.011
-0.0088
-0.02
-0.027
-0.024
-0.017
-0.016
-0.02
-0.017
0.0072
0.017
-0.0049
-0.032
-0.034
-0.0071
0.015
0.019
0.013
0.012
0.0078
0.0052
0.0022
-0.018
-0.031
-0.021
0.0034
0.022
0.015
-0.011
-0.017
-0.013
-0.0045
-0.0052
-0.012
-0.0072
-0.0027
-0.012
-0.023
-0.022
-0.02
-0.017
-0.012
-0.0039
-0.0083
0.00047
0.03
0.042
0.026
0.013
0.013
0.014
0.0068
-0.0013
0.013
0.039
0.052
0.043
0.014
-0.015
-0.028
-0.011
0.014
0.02
0.022
0.017
-0.00011
-0.015
-0.0072
0.011
0.019
0.0083
-0.0016
-0.0025
0.0011
0.015
0.026
0.024
0.0085
-0.0072
-0.00087
0.016
0.015
0.015
0.029
0.048
0.034
0.0043
-0.0068
0.0022
0.0058
0.015
0.017
0.017
0.027
0.021
0.014
0.014
0.011
0.0019
-0.011
-0.021
-0.0056
0.025
0.035
0.035
0.013
-0.0088
-0.012
-0.0095
-0.00066
0.013
0.024
0.025
0.022
0.014
0.011
0.017
0.015
0.01
0.015
0.021
0.019
0.025
0.029
0.035
0.039
0.035
0.018
0.011
0.012
0.018
0.024
0.033
0.05
0.041
0.0089
-0.011
-0.017
-0.021
0.0034
0.021
0.021
0.013
0.0074
0.013
0.019
-0.0022
-0.015
-0.0017
0.0055
-0.015
-0.033
-0.024
-0.01
-0.015
-0.027
-0.021
-0.018
-0.015
-0.0082
-0.019
-0.03
-0.034
-0.035
-0.025
-0.0097
0.0061
0.0017
-0.017
-0.032
-0.03
-0.019
-0.025
-0.034
-0.031
-0.036
-0.044
-0.03
-0.0098
-0.0011
-0.011
-0.03
-0.023
0.0036
-0.014
-0.026
-0.0053
-0.0011
-0.014
-0.025
-0.028
-0.012
0.014
0.019
0.015
0.03
0.049
0.024
-0.0066
-0.012
0.004
0.03
0.03
-0.0025
-0.017
0.011
0.014
-0.014
-0.035
-0.055
-0.042
-0.0035
0.0032
-0.017
-0.02
-0.011
-0.018
-0.021
-0.016
-0.0071
0.0081
0.027
0.043
0.049
0.028
0.016
0.022
0.018
0.016
0.014
0.017
0.029
0.017
-0.00044
0.0087
0.013
0.01
-0.0058
-0.025
-0.0066
0.046
0.057
0.046
0.031
0.014
-0.0054
-0.02
-0.013
-0.00066
0.003
0.0021
0.012
0.032
0.033
0.01
-0.0079
-0.022
-0.032
-0.0061
0.041
0.075
0.073
0.057
0.043
0.021
0.0054
-0.00011
0.0024
0.015
0.044
0.067
0.066
0.049
0.027
0.025
0.022
0.015
0.018
0.037
0.055
0.059
0.06
0.054
0.039
0.027
0.017
0.011
0.015
0.035
0.064
0.083
0.081
0.063
0.043
0.022
0.019
0.016
0.039
0.074
0.083
0.067
0.042
0.0057
-0.033
-0.051
-0.043
-0.026
-0.011
0.024
0.042
0.023
0.012
0.03
0.054
0.065
0.061
0.043
0.045
0.068
0.075
0.05
0.021
0.033
0.05
0.04
0.022
0.021
0.035
0.044
0.036
0.012
-0.013
-0.029
-0.014
0.015
0.023
0.004
-0.01
-0.021
-0.039
-0.057
-0.051
-0.021
-0.0053
-0.011
-0.029
-0.046
-0.04
-0.01
0.013
0.024
0.02
0.00096
-0.019
-0.021
-0.002
0.022
0.031
0.013
-0.024
-0.044
-0.011
0.035
0.046
0.016
-0.022
-0.036
-0.028
-0.0069
0.0083
0.022
0.04
0.036
0.012
-0.011
-0.011
0.0051
0.029
0.047
0.043
0.033
0.039
0.051
0.04
0.024
0.01
-0.0076
-0.018
-0.01
-0.0064
-0.009
-0.0047
0.0087
0.00072
-0.032
-0.061
-0.051
-0.026
-0.0029
0.00072
-0.0064
-0.0079
-0.02
-0.032
-0.035
-0.039
-0.04
-0.032
-0.023
-0.012
-0.0009
0.005
0.0023
-0.015
-0.022
-0.012
-0.00014
0.01
0.018
0.021
0.023
0.022
0.0029
-0.029
-0.058
-0.059
-0.034
-0.016
-0.018
-0.037
-0.052
-0.052
-0.047
-0.045
-0.04
-0.042
-0.027
-0.015
-0.015
-0.01
0.0034
0.012
0.0014
-0.0049
0.0076
0.034
0.043
0.045
0.046
0.042
0.021
0.0017
0.00011
0.01
0.012
0.013
0.027
0.04
0.029
0.012
0.0041
-0.0082
-0.018
-0.00099
0.028
0.037
0.032
0.022
0.0024
-0.011
-0.0056
0.0086
0.0087
-0.008
-0.0088
0.0062
0.018
0.013
0.00066
-0.0069
-0.021
-0.027
-0.0045
0.023
0.025
0.018
0.0024
-0.0025
0.0077
0.0076
-0.0022
-0.0081
-0.015
-0.01
-0.0074
-0.0052
-0.0054
-0.024
-0.055
-0.069
-0.063
-0.059
-0.054
-0.051
-0.038
-0.041
-0.056
-0.058
-0.056
-0.058
-0.053
-0.051
-0.05
-0.04
-0.046
-0.073
-0.098
-0.1
-0.085
-0.063
-0.062
-0.075
-0.074
-0.075
-0.095
-0.11
-0.091
-0.069
-0.066
-0.074
-0.072
-0.062
-0.071
-0.078
-0.077
-0.067
-0.051
-0.046
-0.038
-0.028
-0.029
-0.033
-0.019
-0.0011
0.012
0.0034
-0.00026
0.023
0.048
0.045
0.039
0.049
0.071
0.08
0.075
0.079
0.1
0.12
0.12
0.11
0.11
0.1
0.1
0.11
0.095
0.064
0.058
0.07
0.069
0.041
0.011
-0.0057
-0.016
-0.014
-0.0036
0.0028
0.0093
0.02
0.021
0.01
-0.0047
-0.025
-0.036
-0.051
-0.058
-0.032
0.012
0.025
0.0064
-0.022
-0.045
-0.044
-0.029
-0.024
-0.024
-0.012
0.0079
0.026
0.029
0.026
0.019
0.016
0.0072
0.0033
-0.012
-0.021
-0.0062
0.027
0.041
0.025
-0.00038
-0.015
-0.028
-0.035
-0.021
-0.0022
0.0086
0.0033
-0.014
-0.017
-0.0057
0.013
0.038
0.048
0.035
0.035
0.049
0.055
0.044
0.024
0.016
0.0074
0.0035
0.023
0.045
0.037
0.0043
-0.031
-0.064
-0.068
-0.046
-0.0098
0.0072
-0.0089
-0.028
-0.014
0.019
0.042
0.033
0.013
0.0055
0.007
0.01
0.011
0.0086
0.013
0.023
0.013
-0.0093
-0.027
-0.026
-0.017
-0.0064
0.0074
0.011
-0.0023
-0.012
-0.023
-0.036
-0.02
0.01
0.025
0.017
-0.0071
-0.029
-0.038
-0.029
-0.02
-0.0067
0.0084
0.02
0.023
0.016
0.013
0.0064
0.0098
0.019
0.015
0.0031
0.017
0.05
0.049
0.027
0.0069
-0.0027
0.0095
0.031
0.037
0.031
0.028
0.044
0.057
0.059
0.048
0.038
0.03
0.029
0.022
0.016
0.027
0.036
0.035
0.025
0.013
0.012
0.019
0.017
0.01
-0.0012
-0.0088
0.0022
0.0076
0.013
0.022
0.015
0.0069
0.011
0.019
0.028
0.035
0.024
0.0083
0.008
0.016
0.02
0.024
0.032
0.028
0.013
-0.0029
-0.007
-0.0011
0.0046
0.0055
0.0082
0.0026
-0.0071
-0.0093
0.0056
0.027
0.033
0.031
0.025
0.015
0.0025
0.0054
0.015
0.019
0.0095
0.0051
0.016
0.037
0.048
0.044
0.039
0.04
0.035
0.026
0.028
0.03
0.033
0.05
0.058
0.048
0.025
0.0072
-0.005
-0.012
-0.0047
0.014
0.021
0.013
0.015
0.02
0.031
0.032
0.019
0.0082
-0.0055
-0.0035
0.028
0.054
0.045
0.027
0.0079
-0.0009
0.0041
0.0023
0.0048
0.015
0.017
0.019
0.013
0.011
0.028
0.05
0.047
0.028
0.015
0.0091
0.022
0.036
0.052
0.052
0.038
0.022
0.013
0.015
0.028
0.031
0.014
0.0059
0.0046
0.0073
0.015
0.016
0.013
0.018
0.007
-0.0093
0.0042
0.012
-0.0049
-0.026
-0.042
-0.047
-0.044
-0.039
-0.02
-0.005
-0.017
-0.017
-0.0057
0.0016
0.017
0.032
0.044
0.049
0.036
0.0048
-0.012
-0.0054
0.018
0.037
0.047
0.055
0.041
-0.0033
-0.027
-0.024
-0.014
-0.0094
0.0035
0.017
0.02
0.01
0.00032
0.0054
0.0073
-0.0097
-0.035
-0.049
-0.049
-0.03
0.0072
0.028
0.01
-0.032
-0.054
-0.05
-0.036
-0.0034
0.019
0.022
0.017
0.02
0.021
0.0094
-0.0033
-0.0049
0.017
0.03
0.031
0.039
0.046
0.038
0.024
0.025
0.016
0.0025
0.014
0.041
0.055
0.042
0.023
0.0051
-0.017
-0.021
-0.0041
0.012
0.016
0.023
0.019
0.022
0.032
0.037
0.034
0.021
0.011
0.02
0.037
0.048
0.056
0.062
0.068
0.058
0.027
0.0058
0.0072
0.021
0.047
0.073
0.068
0.052
0.039
0.022
0.008
-0.002
-0.0023
-0.0016
-0.00035
0.0045
0.00035
-0.019
-0.039
-0.05
-0.056
-0.041
-0.024
-0.0068
0.0053
-0.01
-0.028
-0.017
-0.0034
-0.01
-0.026
-0.018
0.014
0.047
0.054
0.034
0.015
0.013
0.02
0.016
0.009
0.012
0.024
0.032
0.042
0.041
0.017
-0.0069
-0.023
-0.034
-0.033
-0.021
0.0072
0.032
0.035
0.025
0.012
0.0063
0.013
0.012
0.00063
0.0011
0.013
0.03
0.031
0.0067
-0.027
-0.035
-0.026
-0.024
-0.026
-0.021
-0.013
-0.028
-0.035
-0.028
-0.022
-0.0097
-0.0018
-0.0084
-0.021
-0.021
-0.0031
0.011
0.025
0.02
0.014
0.0037
-0.0046
-0.0021
0.0076
0.024
0.029
0.028
0.024
0.014
-0.0077
-0.031
-0.045
-0.049
-0.039
-0.022
0.0002
0.0047
0.001
0.0021
-0.0076
-0.019
-0.018
-0.016
-0.011
0.0063
0.009
-0.0029
-0.02
-0.04
-0.04
-0.034
-0.031
-0.03
-0.034
-0.046
-0.056
-0.051
-0.032
-0.011
0.0027
-0.004
-0.026
-0.053
-0.048
-0.019
0.0049
0.0035
-0.011
-0.023
-0.04
-0.047
-0.052
-0.048
-0.041
-0.031
-0.023
-0.013
-0.0066
-0.017
-0.029
-0.024
-0.012
-0.0037
0.0026
0.008
0.0081
0.011
0.021
0.028
0.029
0.027
0.0085
-0.02
-0.032
-0.033
-0.023
-0.0053
0.031
0.067
0.075
0.068
0.054
0.036
0.01
0.0009
0.018
0.032
0.032
0.041
0.044
0.031
0.027
0.018
0.0043
0.00078
0.0036
0.02
0.039
0.053
0.05
0.034
0.019
0.023
0.045
0.058
0.065
0.072
0.071
0.056
0.037
0.029
0.027
0.018
0.013
0.022
0.032
0.041
0.035
0.029
0.026
0.0057
-0.012
-0.023
-0.033
-0.016
0.031
0.064
0.065
0.043
0.016
0.009
-0.0027
-0.017
-0.018
-0.015
-0.002
0.014
0.0085
-0.021
-0.051
-0.069
-0.059
-0.034
-0.022
-0.014
-0.009
-0.01
-0.0078
-0.0058
0.0013
0.005
0.0045
-0.0012
-0.0059
-0.013
-0.014
-0.013
-0.02
-0.021
-0.012
-0.013
-0.027
-0.039
-0.028
0.0023
0.038
0.069
0.07
0.039
0.021
0.023
0.02
0.014
0.023
0.04
0.042
0.026
-0.0098
-0.039
-0.047
-0.036
-0.0043
0.019
0.026
0.02
0.033
0.045
0.037
0.028
0.028
0.033
0.037
0.046
0.038
0.012
0.00017
-0.0072
-0.013
-0.014
-0.0085
-0.013
-0.027
-0.027
-0.0098
0.019
0.038
0.045
0.036
0.029
0.02
-0.0034
-0.019
-0.022
-0.01
0.014
0.03
0.026
-0.0047
-0.026
-0.0099
0.015
0.032
0.023
0.00053
-0.0013
0.013
0.02
0.0091
0.0054
0.027
0.036
0.018
0.0076
0.01
0.018
0.02
0.023
0.029
0.036
0.042
0.039
0.028
0.029
0.043
0.044
0.02
-0.0059
-0.025
-0.024
-0.015
-0.00096
0.018
0.035
0.048
0.054
0.045
0.025
0.013
0.0051
0.013
0.029
0.04
0.052
0.066
0.084
0.091
0.082
0.073
0.074
0.092
0.11
0.093
0.077
0.081
0.084
0.079
0.073
0.059
0.025
-0.025
-0.068
-0.092
-0.093
-0.082
-0.062
-0.05
-0.048
-0.055
-0.058
-0.046
-0.032
-0.014
0.016
0.052
0.067
0.065
0.061
0.061
0.077
0.092
0.081
0.064
0.062
0.07
0.062
0.034
-0.0068
-0.03
-0.034
-0.021
-0.0083
0.00044
0.0099
0.0065
0.0078
0.0093
-0.0083
-0.032
-0.041
-0.03
-0.0072
0.027
0.064
0.089
0.095
0.096
0.089
0.065
0.045
0.037
0.043
0.056
0.074
0.079
0.054
0.022
-1.5e-005
-0.014
-0.025
-0.027
-0.023
-0.011
-0.0052
-0.0046
0.0043
0.015
0.018
0.02
0.02
0.0095
-0.00078
0.0047
0.0094
0.0066
0.0023
7.6e-005
0.0038
0.015
0.042
0.053
0.047
0.04
0.035
0.03
0.024
-0.0074
-0.039
-0.048
-0.044
-0.036
-0.024
-0.021
-0.038
-0.056
-0.053
-0.033
-0.02
-0.028
-0.042
-0.052
-0.046
-0.016
0.01
0.025
0.022
0.011
-0.0067
-0.029
-0.048
-0.051
-0.037
-0.027
-0.021
-0.03
-0.051
-0.056
-0.039
-0.022
-0.0075
0.0035
0.0022
-0.013
-0.026
-0.025
-0.0006
0.017
0.021
0.021
0.02
0.0013
-0.028
-0.037
-0.042
-0.045
-0.039
-0.024
-0.02
-0.026
-0.026
-0.02
-0.0089
-0.0055
0.00096
0.01
0.0087
-0.00087
-0.0085
-0.0093
-0.0068
7.6e-005
-0.00053
-0.016
-0.029
-0.02
-0.014
-0.023
-0.025
-0.02
-0.0047
0.0059
0.0074
0.0095
0.019
0.031
0.037
0.025
0.0092
0.012
0.023
0.024
0.021
0.015
0.011
0.015
0.025
0.04
0.041
0.025
0.012
0.014
0.028
0.041
0.04
0.027
0.013
0.0057
0.011
0.022
0.02
-0.0034
-0.032
-0.042
-0.049
-0.056
-0.046
-0.029
-0.026
-0.028
-0.021
-0.013
-0.016
-0.011
0.011
0.019
0.0064
-0.0029
-0.0018
0.0039
0.009
0.015
0.017
0.0078
-0.0038
0.0061
0.025
0.036
0.038
0.037
0.039
0.043
0.042
0.029
0.018
0.021
0.031
0.045
0.046
0.046
0.056
0.053
0.037
0.03
0.037
0.042
0.047
0.045
0.041
0.038
0.024
0.0071
0.013
0.043
0.063
0.059
0.043
0.018
0.0032
0.013
0.03
0.037
0.041
0.044
0.052
0.068
0.081
0.083
0.082
0.084
0.081
0.062
0.048
0.058
0.066
0.056
0.04
0.021
0.014
0.018
0.025
0.027
0.024
0.016
0.019
0.025
0.027
0.026
0.032
0.046
0.062
0.066
0.066
0.072
0.068
0.053
0.037
0.023
0.017
0.014
0.015
0.02
0.027
0.038
0.042
0.023
0.0043
-0.0093
-0.029
-0.036
-0.039
-0.048
-0.033
-0.0027
0.0061
-0.00093
-0.012
-0.023
-0.023
-0.015
-0.011
-0.01
0.00053
0.019
0.028
0.027
0.024
0.02
0.026
0.039
0.026
-0.0052
-0.018
-0.0088
0.00026
0.0061
-0.0039
-0.024
-0.037
-0.04
-0.043
-0.045
-0.036
-0.018
-0.017
-0.028
-0.042
-0.044
-0.028
-0.014
-0.012
-0.0091
-0.01
-0.037
-0.068
-0.081
-0.08
-0.079
-0.074
-0.051
-0.023
-0.0078
0.013
0.049
0.066
0.053
0.031
0.0029
-0.016
-0.016
-0.0067
0.0059
0.023
0.031
0.0087
-0.036
-0.057
-0.036
-0.014
-0.016
-0.042
-0.072
-0.091
-0.093
-0.071
-0.032
-0.009
-0.0017
0.0098
0.016
-0.0025
-0.022
-0.025
-0.028
-0.043
-0.052
-0.034
-0.016
-0.0066
-0.00014
0.0042
-0.0016
-0.018
-0.03
-0.033
-0.046
-0.053
-0.031
-0.005
-0.014
-0.028
-0.018
-0.006
-0.0062
-0.0035
0.0042
0.0033
-0.0049
-0.0011
-0.004
-0.024
-0.035
-0.028
-0.019
-0.017
-0.014
-0.0056
0.0067
0.0079
-0.0031
-0.0089
-0.027
-0.041
-0.031
-0.0084
-0.008
-0.026
-0.039
-0.05
-0.063
-0.069
-0.074
-0.08
-0.08
-0.052
-0.011
0.016
0.021
0.014
0.012
0.014
0.02
0.034
0.051
0.06
0.057
0.045
0.027
0.0074
-0.0051
-0.017
-0.021
-0.031
-0.044
-0.043
-0.036
-0.017
0.0085
0.015
0.0074
0.0038
0.0062
0.019
0.045
0.054
0.034
0.0024
-0.012
-0.0053
0.0025
-0.0034
-0.0076
0.00075
0.016
0.04
0.052
0.037
0.017
0.0086
0.0013
-0.0047
0.005
0.015
0.021
0.018
0.011
0.0035
-0.0051
-0.0064
-0.0024
-0.0022
0.00093
0.00044
-0.0022
-0.0041
-0.0036
-0.0064
-0.0078
-0.004
0.0012
0.0042
0.014
0.014
0.0067
0.015
0.015
7.6e-005
0.0099
0.037
0.049
0.04
0.03
0.03
0.038
0.046
0.05
0.046
0.031
0.021
0.016
0.015
0.011
0.0047
0.015
0.028
0.019
-0.0017
0.0012
0.0086
0.01
0.024
0.024
0.02
0.025
0.026
0.027
0.024
0.019
0.016
0.0052
0.0058
0.003
-0.0091
-0.024
-0.034
-0.033
-0.014
0.0088
0.019
0.025
0.037
0.042
0.044
0.05
0.06
0.061
0.051
0.044
0.028
0.00069
-0.011
0.0041
0.027
0.043
0.045
0.024
0.0073
0.00047
-0.0016
-0.0043
-0.0033
0.014
0.039
0.058
0.074
0.069
0.047
0.021
-0.0033
-0.017
-0.013
0.005
0.037
0.068
0.084
0.07
0.039
0.011
-0.0083
-0.017
-0.0066
0.018
0.044
0.058
0.047
0.024
0.006
-0.0091
-0.013
-0.0048
-0.0041
-0.0051
-0.0038
-0.013
-0.02
0.0081
0.033
0.044
0.06
0.078
0.089
0.082
0.067
0.059
0.045
0.021
0.019
0.052
0.074
0.07
0.079
0.1
0.11
0.094
0.05
-0.0068
-0.048
-0.051
-0.0097
0.033
0.056
0.069
0.042
0.02
0.015
0.0055
0.0087
0.02
0.039
0.064
0.073
0.07
0.05
0.017
0.00078
0.0023
-0.0013
-0.016
-0.028
-0.0089
0.016
0.018
0.0022
-0.018
-0.022
-0.023
-0.026
-0.0082
0.01
0.024
0.035
0.042
0.032
0.016
0.017
0.039
0.051
0.05
0.045
0.033
0.014
-0.015
-0.034
-0.033
-0.023
-0.0099
0.0034
0.006
-0.0076
-0.022
-0.032
-0.035
-0.02
0.01
0.029
0.022
0.011
0.01
0.011
0.016
0.0047
-0.02
-0.05
-0.075
-0.082
-0.085
-0.084
-0.072
-0.053
-0.027
-0.0098
-0.012
-0.018
-0.033
-0.049
-0.039
-0.014
-0.015
-0.028
-0.027
-0.028
-0.031
-0.023
-0.033
-0.058
-0.079
-0.078
-0.061
-0.056
-0.07
-0.073
-0.055
-0.035
-0.018
-0.015
-0.019
-0.04
-0.061
-0.048
-0.028
-0.026
-0.032
-0.034
-0.044
-0.05
-0.043
-0.028
-0.02
-0.026
-0.037
-0.048
-0.065
-0.071
-0.061
-0.051
-0.057
-0.075
-0.095
-0.1
-0.11
-0.1
-0.073
-0.05
-0.027
-0.007
0.0085
0.013
0.015
0.012
0.0018
-0.022
-0.046
-0.048
-0.043
-0.041
-0.031
-0.025
-0.029
-0.034
-0.043
-0.058
-0.069
-0.088
-0.1
-0.088
-0.061
-0.04
-0.034
-0.041
-0.051
-0.043
-0.034
-0.013
0.017
0.034
0.045
0.048
0.047
0.044
0.035
0.025
0.018
0.021
0.031
0.027
0.022
0.025
0.033
0.028
0.011
-0.0065
-0.0087
-0.015
-0.023
-0.029
-0.032
-0.023
-0.017
-0.027
-0.021
-0.0087
0.011
0.05
0.082
0.085
0.091
0.092
0.072
0.034
0.0029
-0.0086
-0.0012
0.018
0.02
0.014
0.002
-0.014
-0.032
-0.052
-0.058
-0.059
-0.032
0.0085
0.028
0.025
0.033
0.043
0.031
0.026
0.02
0.0058
-0.0018
-0.0079
-0.0061
0.0046
0.012
0.0054
-0.012
-0.042
-0.073
-0.084
-0.074
-0.053
-0.035
-0.015
-0.0038
-0.014
-0.029
-0.025
-0.011
-0.0076
-0.0081
0.0009
0.014
0.007
0.0015
-0.0012
-0.022
-0.043
-0.062
-0.071
-0.068
-0.059
-0.045
-0.017
0.0023
0.01
0.018
0.028
0.044
0.055
0.059
0.044
0.018
-0.0038
-0.015
-0.02
-0.034
-0.038
-0.019
0.016
0.049
0.063
0.052
0.038
0.027
0.012
-0.013
-0.02
0.0034
0.035
0.047
0.039
0.023
-0.0023
-0.02
-0.027
-0.018
-0.0017
0.0051
0.0014
-0.017
-0.034
-0.024
-0.011
-0.013
-0.019
-0.024
-0.0093
0.017
0.017
0.0064
-0.0093
-0.02
-0.025
-0.032
-0.038
-0.033
-0.0021
0.038
0.06
0.056
0.039
0.012
-0.021
-0.033
-0.022
-0.009
-0.002
0.0014
-0.017
-0.025
-0.028
-0.035
-0.028
-0.024
-0.026
-0.024
-0.011
0.0019
0.0044
0.0028
0.0036
0.00011
-0.013
-0.0099
-0.0018
0.009
0.02
0.021
0.0075
-0.014
-0.042
-0.075
-0.087
-0.068
-0.035
-0.013
-0.014
-0.012
-0.0071
-0.0044
-0.00087
-0.014
-0.035
-0.04
-0.024
-0.0027
0.015
0.013
-0.00044
-0.016
-0.041
-0.06
-0.059
-0.046
-0.033
-0.02
-0.012
-0.011
-0.014
-0.0092
-0.0087
-0.017
-0.022
-0.018
-0.0065
0.022
0.047
0.048
0.037
0.031
0.028
0.026
0.026
0.028
0.035
0.049
0.061
0.056
0.05
0.049
0.044
0.043
0.055
0.054
0.032
0.018
0.0058
-0.0078
-0.0084
-0.011
-0.016
-0.03
-0.038
-0.023
1.5e-005
0.02
0.038
0.048
0.035
0.014
0.0015
0.0078
0.018
0.025
0.042
0.057
0.062
0.058
0.061
0.062
0.055
0.036
0.027
0.04
0.05
0.052
0.052
0.038
0.022
0.0087
0.0093
0.022
0.035
0.038
0.037
0.034
0.029
0.024
0.023
0.035
0.041
0.038
0.04
0.044
0.049
0.059
0.06
0.052
0.044
0.033
0.019
0.014
0.016
0.016
0.0045
-0.012
-0.013
0.0078
0.02
0.015
0.00093
-0.0029
0.0075
0.013
0.016
0.026
0.029
0.02
0.022
0.031
0.033
0.032
0.035
0.044
0.035
0.015
0.0056
0.0026
0.01
0.03
0.038
0.043
0.051
0.053
0.045
0.036
0.032
0.029
0.015
0.0011
-0.0068
-0.0073
0.0037
0.012
0.013
0.022
0.023
0.016
0.019
0.016
0.0019
0.0083
0.025
0.029
0.026
0.027
0.03
0.025
0.015
0.0013
-0.0098
-0.012
-0.0025
0.019
0.046
0.066
0.071
0.092
0.11
0.1
0.085
0.083
0.086
0.073
0.051
0.017
-0.012
-0.029
-0.058
-0.084
-0.085
-0.063
-0.034
-0.0095
-0.00081
0.0054
0.013
0.04
0.089
0.13
0.15
0.16
0.15
0.12
0.086
0.067
0.069
0.074
0.079
0.072
0.044
0.038
0.056
0.061
0.067
0.064
0.041
0.013
-0.0089
-0.018
-0.0047
0.0087
0.0074
-0.00017
-0.016
-0.027
-0.032
-0.024
-0.0071
0.0071
0.027
0.05
0.064
0.066
0.071
0.094
0.12
0.14
0.13
0.12
0.11
0.1
0.1
0.098
0.096
0.095
0.09
0.071
0.038
0.008
-0.0051
-0.015
-0.038
-0.068
-0.097
-0.12
-0.12
-0.097
-0.083
-0.066
-0.05
-0.036
-0.016
0.011
0.021
0.023
0.028
0.037
0.035
0.014
-0.0072
-0.014
-0.014
-0.012
-0.0044
-0.00011
0.0018
-0.0029
-0.016
-0.031
-0.055
-0.077
-0.071
-0.045
-0.036
-0.041
-0.059
-0.078
-0.083
-0.078
-0.064
-0.056
-0.046
-0.035
-0.028
-0.028
-0.032
-0.025
-0.0065
0.016
0.019
0.023
0.028
0.042
0.061
0.076
0.085
0.085
0.078
0.062
0.042
0.024
0.023
0.038
0.052
0.054
0.036
0.013
0.0012
-0.0019
-0.0065
4.6e-005
0.018
0.014
-0.0033
-0.019
-0.022
-0.003
0.016
0.022
0.03
0.042
0.054
0.07
0.07
0.055
0.042
0.034
0.034
0.034
0.018
0.0016
-0.01
-0.011
-0.0037
-0.0095
-0.028
-0.034
-0.033
-0.03
-0.021
-0.016
-0.0078
0.0093
0.02
0.02
0.014
0.011
0.0058
0.0069
0.028
0.037
0.023
0.0091
0.0041
-0.0032
0.0098
0.036
0.044
0.031
0.012
-0.00038
-0.0084
-0.012
-0.014
-0.011
-0.0071
-0.0068
-0.0077
-0.0061
-0.0056
-0.0071
0.0054
0.019
0.025
0.023
0.034
0.045
0.041
0.032
0.02
0.018
0.02
0.021
0.021
0.014
0.0088
0.01
0.023
0.028
0.03
0.03
0.032
0.042
0.051
0.051
0.051
0.054
0.052
0.05
0.046
0.04
0.036
0.042
0.043
0.038
0.038
0.035
0.021
0.016
0.017
0.014
0.0037
-0.0039
0.007
0.038
0.051
0.035
0.0094
-0.0043
0.0044
0.021
0.031
0.038
0.034
0.017
0.016
0.027
0.028
0.019
0.0068
0.0095
0.017
0.01
-0.0052
-0.01
-0.0046
0.0047
0.011
0.0094
0.0091
0.012
0.013
0.013
0.018
0.022
0.016
-0.0059
-0.039
-0.056
-0.051
-0.036
-0.025
-0.0013
0.025
0.032
0.027
0.025
0.015
-0.0028
-0.0083
-0.016
-0.027
-0.033
-0.035
-0.036
-0.039
-0.037
-0.037
-0.04
-0.027
-0.0026
0.0069
0.0054
-0.01
-0.039
-0.059
-0.069
-0.065
-0.041
-0.019
-0.024
-0.034
-0.05
-0.067
-0.069
-0.063
-0.051
-0.044
-0.046
-0.058
-0.073
-0.085
-0.079
-0.063
-0.051
-0.036
-0.032
-0.021
-0.0043
0.0058
0.0048
-0.0026
-0.019
-0.043
-0.064
-0.067
-0.061
-0.061
-0.056
-0.044
-0.058
-0.083
-0.1
-0.12
-0.12
-0.092
-0.053
-0.012
0.012
0.015
0.014
0.018
0.025
0.031
0.039
0.04
0.018
-0.01
-0.028
-0.036
-0.033
-0.02
-0.012
-0.0053
-0.00014
0.0048
0.012
0.022
0.021
0.0095
-0.015
-0.026
-0.016
0.0011
0.0081
0.0042
0.0027
0.0088
0.011
0.023
0.035
0.035
0.019
0.007
0.0052
0.00044
0.0083
0.017
0.019
0.015
0.011
0.0098
0.02
0.028
0.027
0.024
0.02
0.02
0.01
-0.01
-0.02
0.024
0.078
0.078
0.026
-0.072
-0.13
-0.091
-0.011
0.05
0.034
0.0048
0.0072
-0.054
-0.12
-0.091
-0.024
0.044
0.067
0.085
0.11
0.093
0.058
0.024
0.011
0.0087
0.0042
-0.018
-0.037
-0.016
-0.036
-0.082
-0.051
-0.0046
0.006
0.0092
-0.012
-0.023
-0.0076
0.0076
-0.011
-0.049
-0.072
-0.098
-0.085
-0.054
-0.052
-0.062
-0.078
-0.064
-0.056
-0.085
-0.11
-0.13
-0.11
-0.044
0.0063
0.023
-0.026
-0.075
-0.08
-0.053
-0.00026
0.02
0.0094
0.0098
0.0094
0.003
0.021
0.052
0.045
0.0087
-0.022
-0.036
-0.023
-0.0034
0.0014
-0.0069
-0.018
-0.014
-0.0079
-0.019
-0.01
0.042
0.08
0.078
0.064
0.047
0.01
-0.015
-0.0093
0.0013
-0.011
-0.015
0.0029
0.027
0.022
-0.018
-0.054
-0.059
-0.028
0.014
0.044
0.059
0.066
0.051
0.013
-0.025
-0.038
-0.025
-0.0022
0.0061
-0.0054
-0.019
-0.026
-0.029
-0.032
-0.034
-0.022
0.013
0.055
0.075
0.061
0.043
0.03
0.029
0.032
0.038
0.023
0.0093
0.023
0.036
0.044
0.038
0.0065
-0.033
-0.035
-0.0011
0.036
0.059
0.063
0.045
0.021
0.015
0.016
0.0058
-0.0069
-0.012
-0.012
-0.00035
0.0054
0.0046
0.013
0.0061
-0.023
-0.038
-0.011
0.041
0.077
0.078
0.062
0.043
0.021
0.014
0.022
0.031
0.04
0.05
0.052
0.042
0.015
-0.0051
0.0022
0.025
0.039
0.03
0.0053
-0.018
-0.029
-0.029
-0.021
-0.012
-0.00069
0.003
0.002
0.0005
0.014
0.028
0.019
-0.0052
-0.014
0.0023
0.03
0.043
0.037
0.024
0.015
0.019
0.028
0.016
-0.017
-0.045
-0.051
-0.045
-0.042
-0.041
-0.035
-0.026
-0.018
-0.02
-0.025
-0.023
-0.011
-0.0011
0.0038
-0.0019
-0.0074
-0.009
-0.019
-0.021
-0.0051
0.02
0.03
0.014
-0.0033
-0.015
-0.014
-0.011
0.00063
0.014
0.026
0.03
0.012
-0.0021
-0.015
-0.019
-0.0069
0.014
0.027
0.019
0.00044
-0.018
-0.032
-0.035
-0.03
-0.025
-0.01
0.0074
0.01
0.0086
0.0081
0.00093
-0.0059
-0.0094
-0.0093
0.0056
0.023
0.022
0.01
0.0037
-0.00069
-0.0083
-0.0056
0.0082
0.01
-0.00026
-0.013
-0.014
-0.0045
-0.0055
-0.0076
-0.0039
-0.008
-0.017
-0.023
-0.015
-0.0095
-0.00047
0.007
0.019
0.03
0.028
0.013
0.00078
0.0034
0.015
0.015
0.011
0.0061
-0.00096
0.0031
0.011
0.011
-0.00056
-0.0065
-0.00032
0.0095
0.019
0.023
0.022
0.027
0.028
0.023
0.0094
-0.0093
-0.01
0.0051
0.013
0.012
0.0069
0.00026
-0.00023
-0.0057
-0.013
-0.011
-0.008
-0.0051
-0.0042
-0.0019
0.0037
0.00041
-0.01
-0.0032
0.015
0.021
0.018
0.0039
-0.0077
-0.0063
-0.0031
0.0029
-0.00047
-0.013
-0.026
-0.021
-0.013
-0.0033
0.0016
0.0095
0.03
0.05
0.061
0.053
0.039
0.031
0.029
0.037
0.051
0.052
0.036
0.029
0.022
0.014
0.016
0.019
0.015
0.023
0.035
0.036
0.028
0.0095
0.0021
0.022
0.042
0.05
0.056
0.046
0.023
0.01
0.011
0.02
0.027
0.029
0.028
0.022
0.0047
-0.0064
-0.0083
0.0016
0.0043
-0.0039
-0.01
-0.0068
-0.0022
-0.0012
-0.0062
-0.016
-0.02
-0.023
-0.024
-0.012
0.0064
0.014
0.012
0.011
0.022
0.027
0.014
0.0025
-0.0055
-0.0084
-0.0064
-0.01
-0.015
-0.019
-0.02
-0.02
-0.017
-0.017
-0.025
-0.029
-0.018
0.012
0.03
0.018
-0.013
-0.035
-0.039
-0.052
-0.074
-0.081
-0.058
-0.024
0.0036
0.015
0.012
0.0013
-0.016
-0.036
-0.044
-0.049
-0.043
-0.042
-0.042
-0.04
-0.039
-0.038
-0.029
-0.018
-0.011
0.0078
0.028
0.034
0.024
0.014
-0.0042
-0.027
-0.033
-0.021
-0.015
-0.015
-0.0035
-0.0034
-0.021
-0.035
-0.032
-0.024
-0.02
-0.015
-0.0055
0.021
0.044
0.046
0.042
0.037
0.027
0.008
-0.011
-0.016
-0.0097
-0.0011
0.01
0.019
0.018
-0.00029
-0.021
-0.032
-0.028
-0.011
0.011
0.034
0.054
0.058
0.045
0.031
0.014
0.0054
-0.0032
-0.011
-0.0022
0.017
0.022
0.022
0.016
0.0054
0.0064
0.012
0.011
0.0057
-0.0069
-0.015
-0.015
-0.0083
0.0074
0.023
0.034
0.045
0.043
0.022
0.01
0.027
0.048
0.058
0.069
0.076
0.07
0.061
0.054
0.043
0.035
0.052
0.061
0.045
0.026
0.03
0.04
0.035
0.03
0.024
0.033
0.047
0.042
0.043
0.054
0.054
0.044
0.042
0.038
0.021
0.0074
0.0024
0.009
0.017
0.033
0.044
0.044
0.041
0.038
0.039
0.042
0.047
0.041
0.029
0.016
0.013
0.014
-0.0045
-0.019
-0.023
-0.026
-0.027
-0.027
-0.023
-0.0042
0.017
0.016
0.0023
-0.0047
-0.0046
-0.0031
0.0047
0.017
0.022
0.018
0.0082
-0.0087
-0.024
-0.033
-0.036
-0.031
-0.032
-0.038
-0.038
-0.028
-0.027
-0.027
-0.028
-0.028
-0.023
-0.009
0.0019
-0.0019
-0.013
-0.029
-0.044
-0.048
-0.045
-0.047
-0.048
-0.041
-0.033
-0.033
-0.034
-0.039
-0.045
-0.048
-0.053
-0.047
-0.024
-0.013
-0.015
-0.029
-0.046
-0.04
-0.019
-0.015
-0.011
0.0024
0.014
0.022
0.02
0.0071
-0.0036
-0.0068
-0.004
-0.0064
-0.011
-0.0025
0.012
0.014
0.018
0.011
-0.0039
0.0016
0.007
-0.0044
-0.0043
-0.0036
0.00099
0.012
0.014
-0.0034
-0.018
-0.029
-0.031
-0.024
-0.021
-0.016
-0.017
-0.015
-0.0093
-0.0067
-0.009
-0.0099
0.00044
0.024
0.051
0.059
0.059
0.05
0.037
0.037
0.039
0.03
0.034
0.053
0.061
0.057
0.037
0.02
0.022
0.024
0.016
0.02
0.029
0.03
0.029
0.029
0.03
0.026
0.024
0.039
0.056
0.048
0.024
0.00066
-0.0034
0.0014
0.00063
0.0019
0.0067
0.0082
0.019
0.03
0.032
0.042
0.053
0.057
0.045
0.018
-0.013
-0.031
-0.029
-0.0047
0.02
0.032
0.039
0.028
0.011
0.0044
-0.0026
-0.0034
0.008
0.019
0.018
0.0075
-0.01
-0.015
0.011
0.034
0.038
0.035
0.028
0.02
0.016
0.025
0.024
0.017
0.012
0.016
0.017
0.011
0.0093
0.014
0.032
0.038
0.029
0.03
0.034
0.045
0.053
0.047
0.031
0.018
0.013
0.017
0.034
0.033
0.017
0.0086
0.0099
0.018
0.032
0.043
0.034
0.019
0.013
0.012
0.026
0.057
0.076
0.074
0.077
0.073
0.059
0.044
0.025
0.0036
-0.0019
-0.0091
-0.029
-0.04
-0.027
0.0041
0.027
0.04
0.052
0.046
0.025
0.019
0.028
0.039
0.04
0.03
0.027
0.022
0.006
-0.0035
0.0058
0.014
0.014
0.016
0.016
0.01
0.0066
0.012
0.019
0.021
0.025
0.027
0.033
0.044
0.048
0.042
0.032
0.023
0.015
0.018
0.026
0.021
0.012
0.014
0.025
0.033
0.03
0.027
0.023
0.014
0.02
0.035
0.038
0.035
0.03
0.024
0.025
0.024
0.014
0.0025
-0.00026
0.0087
0.0069
0.0034
0.014
0.02
0.015
0.016
0.0075
0.0033
0.0089
0.011
0.025
0.045
0.053
0.044
0.032
0.025
0.017
0.012
0.0058
0.0051
-0.0022
-0.0051
0.0054
0.0096
0.0077
0.0055
0.0044
0.0039
0.01
0.02
0.021
0.011
-0.0027
-0.0071
-0.015
-0.016
-0.0045
-0.0012
-0.001
0.0031
0.011
0.021
0.035
0.027
0.0079
-0.0095
-0.018
-0.021
-0.014
-0.0039
-0.0012
0.0021
0.002
-0.0068
-0.013
-0.019
-0.021
-0.018
-0.021
-0.025
-0.013
0.013
0.022
0.014
0.0052
-0.0052
-0.015
-0.0098
-0.0012
-0.00044
-0.0074
-0.013
-0.017
-0.013
-0.011
-0.014
-0.011
-0.0033
-0.0041
-0.016
-0.016
-0.0029
0.00032
-0.011
-0.028
-0.037
-0.031
-0.035
-0.046
-0.052
-0.056
-0.047
-0.027
-0.019
-0.0094
0.01
0.02
0.024
0.03
0.039
0.049
0.044
0.03
0.012
-0.00093
0.004
0.014
0.01
0.014
0.021
0.0096
-0.003
-0.018
-0.024
-0.006
0.012
0.023
0.033
0.032
0.016
0.0047
0.0058
0.021
0.035
0.034
0.029
0.018
0.011
0.013
0.013
0.013
0.02
0.031
0.037
0.043
0.048
0.062
0.07
0.047
0.033
0.023
-0.0064
-0.028
-0.019
0.0012
0.015
0.017
0.018
0.025
0.021
0.0077
0.014
0.027
0.031
0.027
0.014
0.0087
0.02
0.036
0.048
0.049
0.042
0.028
0.0094
0.0011
0.0019
0.0022
0.004
0.0065
-0.0053
-0.016
-0.02
-0.018
0.00041
0.015
0.012
0.0076
0.012
0.017
0.013
0.0053
0.0089
0.013
0.0083
0.012
0.016
0.01
0.014
0.013
0.0039
-0.0043
-0.015
-0.027
-0.028
-0.032
-0.031
-0.0058
0.014
0.019
0.028
0.038
0.037
0.019
0.011
0.018
0.025
0.026
0.025
0.014
-0.0043
-0.013
-0.012
0.006
0.021
0.018
0.028
0.043
0.051
0.057
0.059
0.046
0.038
0.03
0.025
0.023
0.015
0.012
0.019
0.02
0.015
0.016
0.013
-0.00026
-0.0022
0.021
0.036
0.03
0.023
0.02
0.015
0.013
0.021
0.035
0.047
0.04
0.031
0.04
0.049
0.031
-0.0037
-0.018
0.00035
0.02
0.025
0.025
0.025
0.026
0.034
0.037
0.035
0.029
0.019
0.0088
0.0023
-0.0043
-0.0095
-0.0025
0.0049
-0.014
-0.034
-0.039
-0.037
-0.031
-0.019
-0.0099
-0.0028
0.0082
0.0087
0.0068
0.0081
0.0089
0.012
0.012
0.0079
0.0074
0.0063
0.0013
-0.0047
-0.0059
-0.00072
0.01
0.025
0.028
0.02
-0.003
-0.022
-0.015
0.0025
0.0069
0.015
0.036
0.035
0.016
0.0081
0.0082
0.0092
0.014
0.02
0.015
0.0044
0.0075
0.016
0.03
0.045
0.037
0.016
0.0081
0.0055
0.0042
0.0079
0.012
0.015
0.025
0.023
0.0085
-0.0038
-0.0028
0.014
0.027
0.041
0.05
0.046
0.039
0.033
0.025
0.014
0.014
0.028
0.043
0.038
0.025
0.025
0.024
0.017
0.014
0.0068
0.0022
0.0071
0.021
0.039
0.044
0.022
0.00069
0.0019
0.011
0.011
0.011
0.01
0.00044
-0.013
-0.016
-0.013
-0.0029
0.0068
0.012
0.013
0.022
0.031
0.031
0.041
0.05
0.047
0.047
0.05
0.039
0.036
0.041
0.033
0.021
0.025
0.04
0.058
0.067
0.056
0.037
0.031
0.028
0.02
0.021
0.019
-0.0006
-0.011
-0.0022
7.6e-005
0.0033
0.0081
-0.0018
-0.016
-0.022
-0.026
-0.018
-0.0046
0.0065
0.019
0.023
0.032
0.043
0.052
0.064
0.066
0.046
0.025
0.012
0.0041
0.011
0.018
0.017
0.023
0.029
0.036
0.035
0.022
0.01
0.015
0.034
0.041
0.023
-0.02
-0.052
-0.049
-0.021
0.0021
0.011
0.0098
0.00017
-0.012
-0.026
-0.028
-0.012
0.0043
0.00087
-0.0094
-0.0075
-0.0031
-0.00056
0.0021
-0.0063
-0.03
-0.05
-0.058
-0.051
-0.026
-0.0048
7.6e-005
-0.0068
-0.011
-0.0023
0.0027
-0.0078
-0.0089
-0.0079
-0.021
-0.032
-0.049
-0.067
-0.079
-0.082
-0.076
-0.075
-0.084
-0.083
-0.071
-0.054
-0.048
-0.038
-0.022
-0.011
-0.016
-0.017
-0.019
-0.025
-0.035
-0.038
-0.033
-0.04
-0.053
-0.058
-0.051
-0.037
-0.021
-0.0079
-0.0036
-0.0017
-0.0067
-0.024
-0.031
-0.038
-0.052
-0.058
-0.06
-0.053
-0.031
-0.018
-0.025
-0.035
-0.039
-0.038
-0.043
-0.055
-0.068
-0.069
-0.051
-0.039
-0.046
-0.052
-0.04
-0.032
-0.04
-0.047
-0.058
-0.052
-0.038
-0.034
-0.024
-0.018
-0.017
-0.021
-0.017
-0.016
-0.011
-0.0042
0.0061
0.017
0.018
0.018
0.017
0.011
0.0014
-0.0042
-0.015
-0.035
-0.05
-0.052
-0.042
-0.029
-0.0099
0.0029
-0.0027
-0.009
-0.0096
-0.011
-0.0091
-0.004
0.0025
0.017
0.018
-0.0043
-0.029
-0.04
-0.034
-0.023
-0.0065
0.013
0.026
0.022
0.0089
4.6e-005
4.6e-005
0.0056
0.02
0.041
0.05
0.037
0.013
-0.00023
-0.0055
-0.014
-0.018
-0.01
-0.01
-0.017
-0.02
-0.01
0.0028
0.011
0.015
0.021
0.034
0.044
0.045
0.042
0.028
0.023
0.03
0.033
0.017
0.0037
-0.0026
-0.00023
0.015
0.023
0.023
0.016
0.016
0.025
0.032
0.031
0.032
0.045
0.059
0.066
0.057
0.035
0.01
-0.0054
-0.015
-0.022
-0.033
-0.031
-0.024
-0.031
-0.03
-0.026
-0.029
-0.027
-0.031
-0.039
-0.033
-0.012
-0.0037
-0.0049
-0.011
-0.019
-0.018
-0.0097
0.0017
0.0022
0.0055
0.017
0.029
0.036
0.039
0.032
0.014
0.0051
0.014
0.032
0.045
0.042
0.04
0.033
0.026
0.021
0.016
0.013
0.012
0.012
0.012
0.015
0.0095
0.0065
0.0097
0.0092
0.0022
0.00044
0.0011
-4.6e-005
-0.0035
-0.0076
-0.0043
-0.0011
0.00087
0.0015
-0.013
-0.029
-0.03
-0.021
0.0039
0.027
0.037
0.043
0.052
0.046
0.033
0.023
0.011
0.0057
0.021
0.043
0.044
0.028
0.0088
0.0037
0.024
0.051
0.064
0.067
0.062
0.036
0.0095
0.0009
-0.0094
-0.01
0.012
0.032
0.028
0.015
0.0041
0.0024
0.012
0.02
0.027
0.02
0.019
0.019
0.013
0.014
0.025
0.037
0.041
0.043
0.036
0.026
0.018
0.0071
0.0092
0.013
0.013
0.017
0.024
0.023
0.01
-0.0054
-0.02
-0.013
-0.0037
0.00072
0.0017
0.0098
0.029
0.046
0.052
0.049
0.046
0.036
0.018
0.0016
-0.014
-0.023
-0.024
-0.016
-0.016
-0.012
-0.0044
-0.0043
-0.0091
-0.018
-0.017
0.00056
0.03
0.042
0.032
0.013
0.0016
0.00075
-0.0036
-0.012
-0.014
-0.011
-0.011
-0.015
-0.025
-0.037
-0.035
-0.017
0.0014
0.014
0.0089
0.0062
0.019
0.032
0.027
0.018
0.017
0.013
-0.00023
-0.011
-0.013
-0.018
-0.025
-0.02
-0.0086
-0.0011
0.0042
0.01
0.017
0.021
0.03
0.038
0.041
0.036
0.035
0.04
0.052
0.056
0.044
0.022
0.0045
-0.00026
0.011
0.026
0.023
0.015
0.014
0.027
0.049
0.058
0.04
0.018
0.018
0.023
0.019
0.0077
0.0045
0.0013
-0.004
-0.0059
-0.0074
-0.0082
-0.011
-0.015
-0.0058
0.013
0.026
0.022
0.019
0.022
0.021
-0.0022
-0.028
-0.037
-0.03
-0.011
-0.0031
-0.013
-0.024
-0.033
-0.042
-0.058
-0.072
-0.06
-0.043
-0.038
-0.035
-0.037
-0.043
-0.05
-0.059
-0.062
-0.06
-0.054
-0.048
-0.036
-0.034
-0.05
-0.061
-0.053
-0.033
-0.02
-0.014
-0.014
-0.013
-0.014
-0.015
-0.015
-0.011
-0.0059
0.00044
0.0051
0.0076
-0.00069
-0.015
-0.02
-0.017
-0.01
-0.0035
0.0011
-0.0026
-0.0058
-0.00072
0.0085
0.014
0.025
0.038
0.05
0.058
0.061
0.056
0.051
0.039
0.031
0.038
0.05
0.05
0.043
0.035
0.027
0.024
0.02
0.013
-0.0018
-0.0099
-0.0058
-0.00029
-0.00063
-0.0021
0.0062
0.016
0.026
0.034
0.038
0.033
0.025
0.019
0.029
0.048
0.059
0.05
0.022
0.0049
0.0094
0.032
0.058
0.059
0.043
0.032
0.029
0.03
0.031
0.032
0.031
0.032
0.046
0.071
0.091
0.098
0.089
0.078
0.07
0.058
0.041
0.031
0.032
0.045
0.058
0.058
0.051
0.049
0.039
0.029
0.022
0.021
0.03
0.034
0.029
0.016
0.0032
-0.004
0.00093
0.0064
0.0065
0.0034
0.0035
-0.00014
-0.0038
-0.0068
-0.015
-0.006
0.011
0.017
0.019
0.017
0.018
0.033
0.052
0.062
0.044
0.01
-0.023
-0.04
-0.044
-0.034
-0.029
-0.038
-0.053
-0.055
-0.047
-0.039
-0.023
-0.0012
0.022
0.046
0.044
0.0069
-0.028
-0.03
-0.013
0.0065
0.024
0.03
0.013
-0.015
-0.022
-0.0074
0.012
0.026
0.026
0.011
-0.019
-0.045
-0.038
-0.01
0.005
0.0056
0.01
0.018
0.017
-0.00038
-0.017
-0.023
-0.018
-0.0088
-0.0028
-0.0036
-0.012
-0.013
-0.014
-0.018
-0.024
-0.023
-0.0076
-0.0072
-0.017
-0.02
-0.0083
0.0044
0.013
0.019
0.019
0.012
0.0018
0.0044
0.018
0.025
0.026
0.015
7.6e-005
-0.012
-0.014
-0.016
-0.02
-0.013
-0.00096
0.004
-0.011
-0.028
-0.024
-0.0002
0.021
0.026
0.0047
-0.011
-0.015
-0.017
-0.014
-0.011
-0.017
-0.034
-0.049
-0.053
-0.037
-0.024
-0.021
-0.015
-0.0044
0.0074
0.017
0.017
0.012
0.011
0.015
0.022
0.027
0.016
0.00087
-0.0072
-0.018
-0.022
-0.0096
0.0072
0.017
0.024
0.03
0.024
0.013
0.015
0.031
0.046
0.048
0.037
0.03
0.033
0.027
0.013
0.01
0.017
0.029
0.044
0.054
0.059
0.065
0.078
0.084
0.07
0.04
0.012
-0.0015
0.0079
0.035
0.051
0.04
0.023
0.023
0.031
0.04
0.035
0.038
0.038
0.028
0.03
0.039
0.05
0.056
0.06
0.052
0.037
0.023
0.015
0.019
0.035
0.053
0.052
0.037
0.027
0.027
0.019
0.0039
0.01
0.038
0.059
0.061
0.061
0.054
0.034
0.017
0.014
0.019
0.019
0.013
0.0059
0.0042
0.0043
-0.0061
-0.011
0.0027
0.02
0.02
0.012
0.0089
0.01
0.0099
0.0067
-4.6e-005
-0.0017
-0.00063
0.004
0.0028
-0.012
-0.026
-0.026
-0.019
-0.011
-0.002
-0.0061
-0.014
-0.018
-0.018
-0.019
-0.023
-0.0087
0.0077
-0.0048
-0.025
-0.04
-0.046
-0.05
-0.057
-0.061
-0.059
-0.044
-0.016
0.012
0.016
0.016
0.0033
-0.042
-0.088
-0.11
-0.1
-0.048
0.024
0.064
0.027
-0.061
-0.13
-0.12
-0.037
0.039
0.061
0.04
-0.0078
-0.066
-0.12
-0.14
-0.1
-0.033
0.021
0.041
-0.0059
-0.071
-0.11
-0.12
-0.074
-0.013
0.024
0.021
-0.001
-0.017
-0.031
-0.03
-0.0032
0.022
0.028
0.033
0.029
0.028
0.028
0.035
0.057
0.061
0.033
-0.014
-0.055
-0.078
-0.072
-0.037
-0.007
0.002
-0.019
-0.071
-0.1
-0.088
-0.05
-0.0074
0.03
0.037
0.032
0.039
0.048
0.04
0.018
0.0038
0.012
0.034
0.048
0.044
0.032
0.022
0.022
0.013
-0.012
-0.031
-0.033
-0.023
-0.017
-0.013
-0.014
-0.013
-0.0075
0.006
0.025
0.028
0.02
0.012
-0.0052
-0.025
-0.034
-0.029
-0.0054
0.029
0.033
0.0067
-0.01
-0.026
-0.042
-0.026
0.0064
0.02
0.021
0.013
-0.00069
-0.013
-0.025
-0.024
0.0032
0.036
0.043
0.014
-0.028
-0.05
-0.048
-0.036
-0.02
-0.0088
-0.016
-0.036
-0.039
-0.015
0.0098
0.026
0.034
0.029
-0.0066
-0.046
-0.066
-0.067
-0.051
-0.032
-0.021
-0.031
-0.052
-0.069
-0.065
-0.042
-0.013
0.0025
-0.009
-0.028
-0.031
-0.022
-0.022
-0.033
-0.044
-0.05
-0.045
-0.026
-0.0053
0.0061
0.005
-0.0041
-0.0083
-0.018
-0.038
-0.05
-0.043
-0.023
0.0026
0.0092
-0.0027
-0.0077
-0.0055
-0.012
-0.019
-0.019
-0.019
-0.015
-0.0014
0.026
0.054
0.048
0.013
-0.015
-0.024
-0.0068
0.029
0.059
0.057
0.026
0.0062
0.013
0.024
0.025
0.026
0.023
0.028
0.043
0.057
0.051
0.032
0.032
0.04
0.021
-0.016
-0.034
-0.025
-0.0053
0.0085
0.009
7.6e-005
-0.017
-0.037
-0.04
-0.029
-0.021
-0.01
0.0081
0.028
0.039
0.03
0.0009
-0.015
0.00044
0.021
0.025
0.033
0.058
0.076
0.068
0.047
0.037
0.03
0.015
0.0024
-0.0027
-0.0056
-0.018
-0.03
-0.025
-0.024
-0.043
-0.074
-0.08
-0.047
0.011
0.06
0.081
0.067
0.018
-0.043
-0.093
-0.1
-0.081
-0.094
-0.14
-0.14
-0.042
0.082
0.11
0.024
-0.055
-0.076
-0.068
-0.071
-0.051
0.02
0.093
0.11
0.08
0.042
0.007
-0.034
-0.063
-0.059
-0.01
0.05
0.096
0.094
0.04
-0.024
-0.051
-0.032
0.0006
0.016
0.02
0.023
0.031
0.032
0.011
-0.037
-0.076
-0.068
-0.044
-0.021
0.013
0.067
0.1
0.078
0.015
-0.038
-0.045
-0.012
0.023
0.034
0.043
0.058
0.037
-0.013
-0.061
-0.074
-0.079
-0.083
-0.041
0.023
0.051
0.03
-0.00063
-0.023
-0.032
-0.025
-0.033
-0.066
-0.072
-0.0047
0.078
0.091
0.035
-0.04
-0.1
-0.13
-0.13
-0.095
-0.028
0.055
0.097
0.071
0.001
-0.062
-0.071
-0.038
-0.009
0.004
0.0073
0.028
0.07
0.095
0.072
0.014
-0.04
-0.052
-0.022
0.011
0.025
0.027
0.024
0.014
-0.011
-0.043
-0.07
-0.073
-0.045
-0.00032
0.035
0.053
0.064
0.056
0.032
0.0074
-0.016
-0.032
-0.025
0.0014
0.036
0.049
0.023
-0.018
-0.056
-0.081
-0.082
-0.057
-0.034
-0.017
-0.0025
0.0049
0.0047
-4.6e-005
0.0027
0.013
0.012
0.0018
-0.0049
0.0028
0.029
0.049
0.04
0.00032
-0.037
-0.047
-0.021
0.0099
0.024
0.02
0.0062
-0.0086
-0.012
-7.6e-005
0.0063
-0.012
-0.032
-0.047
-0.054
-0.033
0.003
0.015
-0.00017
-0.027
-0.047
-0.042
-0.02
0.0071
0.033
0.05
0.052
0.054
0.06
0.057
0.044
0.029
0.014
-0.0076
-0.011
0.0015
-0.00066
-0.018
-0.035
-0.048
-0.064
-0.078
-0.09
-0.083
-0.05
-0.021
-0.0092
-0.0095
-0.0086
0.0072
0.032
0.049
0.043
0.033
0.027
0.033
0.045
0.047
0.035
0.014
-0.0067
-0.015
-0.0071
0.007
0.014
0.016
0.003
-0.021
-0.027
-0.0044
0.018
0.034
0.045
0.041
0.03
0.026
0.031
0.052
0.078
0.071
0.035
0.008
0.013
0.026
0.026
0.019
0.022
0.038
0.054
0.053
0.039
0.031
0.024
0.027
0.042
0.058
0.068
0.079
0.088
0.087
0.075
0.063
0.065
0.077
0.085
0.079
0.063
0.046
0.038
0.039
0.05
0.058
0.059
0.066
0.072
0.067
0.058
0.044
0.03
0.011
-0.01
-0.013
0.0051
0.022
0.025
0.018
-0.011
-0.04
-0.041
-0.028
-0.0057
0.024
0.047
0.066
0.1
0.13
0.13
0.1
0.084
0.061
0.025
0.0037
0.015
0.027
0.032
0.04
0.045
0.049
0.043
0.025
0.015
0.021
0.03
0.03
0.024
0.0071
-0.0095
-0.025
-0.024
-0.0037
0.024
0.04
0.028
0.013
0.008
0.00035
-0.011
-0.015
-0.014
-0.013
-0.012
-0.006
0.0088
0.0085
-0.0098
-0.02
-0.025
-0.031
-0.041
-0.051
-0.057
-0.045
-0.034
-0.035
-0.032
-0.018
0.0053
0.0072
-0.0058
-0.014
-0.0033
0.011
0.016
0.0092
-0.00035
-0.012
-0.027
-0.047
-0.062
-0.064
-0.05
-0.021
-0.0018
0.0083
0.006
-0.0091
-0.021
-0.017
-0.011
-0.0095
0.0043
0.019
0.027
0.033
0.027
0.0084
-0.0056
0.0011
-0.01
-0.028
-0.036
-0.037
-0.028
-0.00093
0.022
0.017
-0.00066
-0.01
-0.0067
-0.004
-0.0026
0.0043
0.012
0.015
0.016
0.012
0.014
0.017
-0.003
-0.021
-0.023
-0.016
0.0015
0.031
0.053
0.061
0.055
0.04
0.031
0.0052
-0.031
-0.055
-0.065
-0.059
-0.05
-0.047
-0.05
-0.046
-0.038
-0.03
-0.023
-0.014
0.0041
0.027
0.052
0.055
0.036
0.0067
-0.015
-0.023
-0.023
-0.017
-0.0052
0.019
0.037
0.034
0.03
0.026
0.022
0.037
0.049
0.031
0.00072
-0.012
-0.0041
0.014
0.018
0.024
0.046
0.074
0.072
0.059
0.045
0.049
0.06
0.04
0.003
-0.023
-0.016
0.022
0.056
0.066
0.062
0.049
0.046
0.053
0.053
0.028
-0.025
-0.079
-0.1
-0.081
-0.029
0.038
0.088
0.092
0.071
0.041
0.032
0.062
0.1
0.12
0.099
0.077
0.062
0.048
0.043
0.034
0.014
-0.012
-0.037
-0.07
-0.1
-0.11
-0.069
0.00014
0.061
0.077
0.057
0.043
0.052
0.055
0.055
0.054
0.027
0.0076
0.01
0.025
0.028
0.013
-0.0082
-0.018
-0.0087
-0.0054
0.0021
0.015
0.023
0.025
0.015
0.0071
-0.0023
-0.013
-0.024
-0.025
-0.02
-0.00029
0.027
0.037
0.03
0.024
0.019
0.0054
-0.015
-0.023
-0.0079
0.011
0.019
0.017
-0.0028
-0.017
-0.011
0.0084
0.029
0.045
0.049
0.041
0.024
-0.0092
-0.04
-0.062
-0.058
-0.035
-0.019
-0.0095
0.002
0.0091
0.007
-0.006
-0.035
-0.046
-0.03
0.0032
0.036
0.049
0.051
0.049
0.033
0.0034
-0.021
-0.038
-0.043
-0.026
0.0065
0.034
0.031
0.012
0.0032
0.0022
0.0095
0.026
0.047
0.053
0.036
0.0092
0.0027
0.014
0.02
0.0096
-0.0085
-0.016
0.008
0.046
0.079
0.092
0.066
0.024
0.0075
0.016
0.031
0.05
0.058
0.055
0.047
0.031
0.0052
-0.014
-0.016
-0.016
-0.022
-0.036
-0.041
-0.043
-0.04
-0.025
-0.019
-0.015
-0.024
-0.04
-0.035
-0.0017
0.035
0.045
0.03
-0.0079
-0.024
-0.0074
0.014
0.022
0.024
0.036
0.043
0.049
0.047
0.023
-0.014
-0.033
-0.021
-0.0066
-0.0072
-0.016
-0.013
-0.006
-0.012
-0.019
-0.02
-0.018
-0.011
-0.0064
-0.0029
0.0072
0.0087
-0.0054
-0.02
-0.029
-0.034
-0.041
-0.041
-0.036
-0.029
-0.02
-0.0057
0.0047
0.012
0.02
0.027
0.042
0.055
0.053
0.049
0.049
0.047
0.045
0.035
0.022
0.015
0.022
0.043
0.059
0.068
0.074
0.068
0.06
0.051
0.036
0.024
0.037
0.056
0.066
0.067
0.06
0.053
0.056
0.061
0.067
0.066
0.049
0.038
0.037
0.048
0.08
0.1
0.1
0.089
0.075
0.062
0.055
0.039
0.018
-0.00084
-0.0049
0.0093
0.025
0.033
0.036
0.03
0.018
0.029
0.042
0.037
0.026
0.0084
0.007
0.02
0.029
0.032
0.035
0.025
0.0055
-0.0054
-0.0041
0.0078
0.015
0.016
-0.00017
-0.02
-0.025
-0.018
-0.0087
0.0061
0.019
0.024
0.029
0.026
0.015
0.015
0.018
0.021
0.027
0.015
-0.011
-0.021
-0.014
-0.008
-0.009
-0.015
-0.0073
0.0057
0.01
0.0065
0.0053
0.0005
-0.0062
-0.0094
-0.011
-0.002
0.012
0.025
0.031
0.026
0.022
0.012
0.004
0.0053
0.0011
-0.0076
-0.0082
-0.0056
-0.0099
-0.017
-0.026
-0.034
-0.035
-0.023
-0.013
-0.0037
0.0067
0.014
0.015
0.023
0.039
0.039
0.032
0.026
0.01
0.0064
0.016
0.015
0.013
0.02
0.019
0.0051
-0.0077
-0.018
-0.012
0.02
0.046
0.047
0.031
0.014
0.0022
0.0017
0.016
0.02
0.0033
-0.021
-0.032
-0.034
-0.041
-0.06
-0.073
-0.066
-0.055
-0.043
-0.027
-0.0079
0.0039
0.011
0.013
0.0025
-0.0077
-0.017
-0.021
-0.028
-0.029
-0.027
-0.046
-0.078
-0.098
-0.097
-0.09
-0.078
-0.045
-0.012
-0.0022
0.0065
0.024
0.023
0.0038
-0.0069
-0.014
-0.026
-0.044
-0.047
-0.028
-0.0014
0.0014
-0.02
-0.041
-0.037
-0.017
-0.0025
0.011
0.014
-0.0032
-0.026
-0.04
-0.043
-0.028
-0.0082
0.0045
0.014
0.014
0.0042
0.00084
0.0076
0.019
0.022
0.015
-0.0013
-0.017
-0.023
-0.023
-0.027
-0.021
-0.0042
-0.00099
-0.01
-0.016
-0.015
-0.0069
-0.00017
-0.012
-0.027
-0.039
-0.049
-0.059
-0.051
-0.024
0.013
0.04
0.055
0.057
0.032
-0.00017
-0.012
-0.01
-0.0091
-0.0041
0.0035
0.0094
0.013
0.0051
-0.0057
-0.0056
0.01
0.019
0.0098
-0.0036
-0.0048
-0.0038
0.0009
0.0059
-0.0024
-0.0079
-0.0063
-0.0082
-0.0029
0.015
0.034
0.038
0.032
0.019
0.012
-0.0028
-0.022
-0.04
-0.044
-0.031
-0.016
-0.0096
-0.015
-0.019
-0.019
-0.012
-0.0089
-0.0024
0.0094
0.013
0.012
0.0054
-0.0047
-0.0019
0.011
0.017
0.0095
0.0044
0.0016
0.00032
-0.0098
-0.024
-0.013
0.015
0.039
0.043
0.034
0.016
0.0058
0.017
0.043
0.058
0.056
0.052
0.051
0.051
0.048
0.025
-7.6e-005
-0.014
-0.014
-0.0047
0.01
0.019
0.018
0.014
0.0055
-0.0062
-0.0063
0.0063
0.014
0.015
0.017
0.022
0.023
0.025
0.022
0.018
0.021
0.015
0.0032
0.0064
0.0088
-0.0034
-0.011
-0.006
-0.0043
-0.011
-0.016
-0.009
0.013
0.031
0.04
0.039
0.036
0.036
0.028
0.028
0.037
0.044
0.048
0.058
0.069
0.068
0.054
0.029
0.016
0.015
0.0069
0.0013
0.0061
0.024
0.033
0.024
0.0063
0.0013
0.01
0.021
0.031
0.031
0.038
0.046
0.051
0.049
0.048
0.046
0.038
0.028
0.027
0.03
0.034
0.056
0.071
0.051
0.025
0.014
0.011
0.011
0.013
0.017
0.036
0.053
0.047
0.026
0.0041
-0.0026
-0.0011
-0.0086
-0.025
-0.043
-0.048
-0.033
-0.009
0.011
0.025
0.032
0.042
0.058
0.061
0.044
0.026
0.02
0.014
-0.0036
-0.024
-0.027
-0.013
-0.0075
-0.016
-0.031
-0.036
-0.029
-0.018
-0.0091
-0.0073
-0.013
-0.014
-0.011
-0.0088
-0.0026
-0.0063
-0.024
-0.04
-0.047
-0.05
-0.048
-0.036
-0.013
-0.0066
-0.02
-0.027
-0.014
-0.0046
-0.0081
-0.012
-0.0067
0.016
0.03
0.022
0.0012
-0.0086
0.0014
0.014
0.011
-0.0079
-0.022
-0.035
-0.047
-0.059
-0.066
-0.065
-0.068
-0.068
-0.058
-0.032
-0.01
-0.014
-0.029
-0.031
-0.015
0.01
0.039
0.053
0.058
0.06
0.051
0.031
0.014
-0.002
-0.023
-0.038
-0.048
-0.055
-0.057
-0.033
0.0084
0.026
0.019
0.013
0.014
0.012
0.0051
0.0044
0.025
0.056
0.06
0.046
0.037
0.039
0.039
0.035
0.038
0.046
0.055
0.054
0.038
0.019
0.02
0.035
0.045
0.051
0.052
0.055
0.067
0.076
0.083
0.076
0.056
0.042
0.045
0.045
0.032
0.018
0.019
0.03
0.029
0.023
0.016
0.014
0.024
0.036
0.041
0.051
0.066
0.078
0.083
0.081
0.068
0.056
0.046
0.045
0.043
0.027
0.012
0.015
0.026
0.029
0.024
0.024
0.037
0.048
0.038
0.016
-0.0021
-0.00026
0.0085
0.0052
-0.016
-0.04
-0.054
-0.047
-0.03
-0.024
-0.023
-0.016
-0.0081
-0.0037
0.0048
0.025
0.048
0.061
0.049
0.024
0.0021
0.0011
0.011
0.017
0.021
0.029
0.035
0.024
0.0052
-0.012
-0.02
-0.022
-0.02
-0.019
-0.024
-0.028
-0.036
-0.046
-0.032
-0.0049
0.0078
0.0049
0.011
0.02
0.026
0.019
0.0044
0.0021
0.0034
-0.00063
-0.00075
0.0077
0.01
0.0027
-0.0032
-0.0009
0.0017
0.0018
0.0095
0.02
0.026
0.032
0.037
0.051
0.058
0.037
-0.0036
-0.032
-0.043
-0.038
-0.03
-0.039
-0.06
-0.08
-0.075
-0.05
-0.016
0.0091
-0.0042
-0.05
-0.068
-0.041
0.0098
0.052
0.049
0.02
-0.0093
-0.055
-0.097
-0.11
-0.1
-0.083
-0.079
-0.089
-0.082
-0.069
-0.042
-0.0029
0.017
0.01
-0.0075
-0.026
-0.012
-0.0012
-0.0042
-0.0011
0.004
0.0036
-0.018
-0.063
-0.11
-0.11
-0.099
-0.081
-0.061
-0.058
-0.049
-0.048
-0.049
-0.051
-0.066
-0.075
-0.067
-0.051
-0.031
-0.014
-0.013
-0.016
-0.034
-0.051
-0.046
-0.04
-0.033
-0.026
-0.037
-0.038
-0.012
0.0058
-0.0035
-0.025
-0.043
-0.052
-0.053
-0.045
-0.029
-0.0079
0.011
0.011
-0.0054
-0.023
-0.016
0.016
0.049
0.059
0.06
0.053
0.034
0.02
0.024
0.037
0.027
0.00078
-0.012
-0.0046
0.02
0.054
0.087
0.1
0.081
0.052
0.031
0.0061
-0.0094
-0.0035
-0.0014
-0.0047
0.0015
0.01
0.014
0.014
0.007
-0.0017
-0.0097
-0.01
-0.014
-0.024
-0.023
-0.0082
0.013
0.038
0.058
0.062
0.058
0.039
0.0069
-0.013
-0.016
-0.017
-0.018
-0.022
-0.024
-0.011
0.0065
0.014
0.0094
0.0054
0.0024
-0.014
-0.033
-0.042
-0.041
-0.033
-0.013
-0.00041
0.015
0.035
0.031
0.022
0.022
0.029
0.023
0.0094
-0.00011
-0.0087
-0.013
-0.014
-0.0062
-0.0014
0.0035
0.017
0.02
0.0043
-0.014
-0.019
-0.014
-0.00084
0.012
0.0094
-0.0058
-0.009
0.0077
0.0091
-0.014
-0.038
-0.059
-0.087
-0.07
0.016
0.074
0.052
-0.017
-0.049
-0.033
-0.0067
-0.0018
-0.022
-0.049
-0.065
-0.064
-0.067
-0.068
-0.059
-0.048
-0.042
-0.03
-0.021
-0.028
-0.026
-0.0051
0.0086
0.015
0.034
0.052
0.057
0.045
0.0079
-0.034
-0.032
0.04
0.091
0.041
-0.061
-0.089
-0.026
0.038
0.053
0.031
0.014
0.018
0.033
0.053
0.06
0.033
0.0084
-0.0076
-0.015
-0.019
-0.035
-0.041
-0.015
0.015
0.02
0.0065
-0.0079
-0.012
-0.0059
0.0099
0.032
0.044
0.034
-0.0032
-0.037
-0.046
-0.034
-0.021
-0.0028
0.0039
-0.016
-0.021
-0.0042
0.014
0.042
0.077
0.075
0.037
-0.018
-0.061
-0.066
-0.053
-0.017
-0.00023
-0.031
-0.072
-0.081
-0.049
-0.0082
0.038
0.069
0.061
0.053
0.041
0.029
0.03
0.036
0.046
0.039
0.024
-0.0002
-0.042
-0.085
-0.097
-0.077
-0.027
0.0083
0.007
-0.0053
-0.013
0.011
0.055
0.096
0.11
0.097
0.072
0.025
-0.032
-0.056
-0.032
-7.6e-005
-0.015
-0.044
-0.041
-0.00014
0.045
0.069
0.081
0.081
0.061
0.044
0.034
0.018
0.0059
0.0068
0.014
0.015
0.011
0.015
0.012
0.006
0.016
0.022
0.022
0.023
0.015
0.0011
-0.0014
0.0039
0.0088
-0.011
-0.032
-0.03
-0.014
-0.0013
0.01
0.018
0.0025
-0.02
-0.018
0.0019
0.032
0.047
0.047
0.038
0.023
0.0051
0.0013
0.026
0.058
0.076
0.07
0.066
0.069
0.072
0.092
0.11
0.11
0.079
0.028
0.0018
0.024
0.045
0.051
0.067
0.08
0.079
0.057
0.04
0.037
0.036
0.036
0.03
0.012
0.00017
-0.0043
-0.0098
0.0021
0.024
0.031
0.035
0.037
0.033
0.026
0.02
0.013
-0.012
-0.043
-0.052
-0.049
-0.031
0.012
0.049
0.053
0.033
0.018
0.015
0.014
0.0071
-0.017
-0.031
-0.03
-0.014
0.0034
4.6e-005
-0.0067
-0.0087
-0.011
-0.017
-0.036
-0.051
-0.039
-0.01
0.014
0.021
0.0032
-0.013
-0.0079
0.0079
0.024
0.042
0.048
0.04
0.015
-0.0045
-0.012
-0.024
-0.038
-0.045
-0.038
-0.011
0.015
0.03
0.038
0.037
0.037
0.032
0.032
0.025
0.015
0.027
0.048
0.053
0.019
-0.034
-0.062
-0.049
-0.019
0.00011
0.017
0.048
0.067
0.062
0.049
0.023
0.0057
0.0079
0.015
0.038
0.069
0.092
0.1
0.1
0.094
0.076
0.055
0.034
0.017
0.0011
-0.0068
-0.00081
0.011
0.01
-0.0016
-0.0018
0.017
0.039
0.056
0.059
0.062
0.086
0.11
0.12
0.11
0.12
0.12
0.11
0.086
0.078
0.078
0.087
0.1
0.078
0.049
0.044
0.058
0.085
0.11
0.11
0.088
0.061
0.043
0.027
0.012
0.0052
0.0083
0.045
0.094
0.11
0.11
0.11
0.097
0.071
0.037
0.036
0.074
0.11
0.089
0.043
0.016
0.027
0.045
0.049
0.029
0.0073
-0.0026
-0.018
-0.034
-0.033
-0.017
0.013
0.022
0.018
0.028
0.05
0.057
0.05
0.034
0.0044
-0.0047
0.0072
0.013
0.0059
0.0033
-0.0029
-0.016
-0.028
-0.035
-0.048
-0.071
-0.077
-0.086
-0.1
-0.094
-0.081
-0.085
-0.072
-0.044
-0.041
-0.05
-0.059
-0.07
-0.052
0.002
0.024
-0.0038
-0.047
-0.083
-0.083
-0.074
-0.078
-0.095
-0.11
-0.11
-0.09
-0.048
-0.038
-0.057
-0.072
-0.088
-0.1
-0.11
-0.1
-0.087
-0.06
-0.039
-0.035
-0.051
-0.066
-0.084
-0.08
-0.041
-0.0095
0.012
0.00026
-0.034
-0.043
-0.043
-0.058
-0.068
-0.055
-0.025
-0.019
-0.029
-0.027
-0.034
-0.047
-0.041
-0.036
-0.035
-0.043
-0.05
-0.028
-0.026
-0.042
-0.046
-0.048
-0.047
-0.028
-0.019
-0.038
-0.063
-0.042
0.016
0.047
0.028
-0.0041
0.0014
0.036
0.053
0.026
-0.0053
-0.0031
0.027
0.054
0.068
0.07
0.048
0.019
0.0022
-0.0023
0.007
0.028
0.032
0.013
-0.0059
-0.021
-0.032
-0.026
-0.018
-0.02
-0.0051
7.6e-005
0.0016
0.018
0.014
-0.01
-0.037
-0.055
-0.067
-0.07
-0.064
-0.045
-0.014
0.013
0.023
-0.016
-0.06
-0.077
-0.089
-0.093
-0.091
-0.067
-0.032
-0.03
-0.04
-0.039
-0.045
-0.056
-0.069
-0.08
-0.076
-0.053
-0.033
-0.027
-0.029
-0.029
-0.027
-0.034
-0.045
-0.045
-0.044
-0.037
-0.019
0.0065
0.015
-0.0072
-0.042
-0.049
-0.022
0.0045
0.019
0.018
-0.0027
-0.02
-0.017
-0.0042
0.0075
0.0033
-0.011
-0.023
-0.016
0.0079
0.026
0.02
-0.00072
-0.0037
0.0085
0.01
0.0005
-0.0013
0.01
0.026
0.039
0.029
0.0033
-0.007
-0.0091
-0.0012
0.0082
0.0037
-0.015
-0.024
0.0013
0.029
0.035
0.034
0.041
0.052
0.069
0.076
0.076
0.084
0.089
0.09
0.084
0.065
0.051
0.052
0.049
0.047
0.054
0.053
0.035
0.0098
-0.001
-0.013
-0.024
-0.021
-0.041
-0.036
-0.018
-0.022
-0.028
-0.036
-0.055
-0.054
-0.031
-0.0069
-0.0051
-0.02
-0.026
-0.036
-0.049
-0.058
-0.056
-0.047
-0.037
-0.02
-0.0083
0.0024
0.015
0.022
0.012
-0.01
-0.014
-0.013
-0.039
-0.068
-0.079
-0.075
-0.054
-0.03
-0.014
-0.0069
-0.021
-0.039
-0.046
-0.044
-0.042
-0.04
-0.021
-0.0035
-0.012
-0.038
-0.058
-0.057
-0.031
-0.02
-0.032
-0.044
-0.041
-0.021
-0.0083
-0.031
-0.079
-0.11
-0.1
-0.066
-0.028
-0.011
-0.017
-0.029
-0.015
0.015
0.018
-0.012
-0.047
-0.064
-0.07
-0.066
-0.052
-0.031
-0.0026
0.023
0.033
0.02
-0.016
-0.042
-0.043
-0.015
0.016
0.033
0.037
0.044
0.05
0.038
0.015
-0.0036
-0.015
-0.025
-0.03
-0.028
-0.016
0.0015
0.0085
0.0043
-0.0053
-0.018
-0.033
-0.035
-0.018
0.0056
0.029
0.056
0.073
0.063
0.033
-0.0032
-0.033
-0.038
-0.023
-0.016
-0.015
-0.0013
0.02
0.032
0.015
-0.011
-0.0062
0.033
0.082
0.1
0.082
0.044
0.0088
-0.012
-0.0013
0.027
0.055
0.059
0.039
0.024
0.016
0.018
0.033
0.034
0.021
0.035
0.092
0.15
0.17
0.14
0.1
0.084
0.074
0.066
0.078
0.1
0.12
0.12
0.13
0.13
0.13
0.11
0.086
0.095
0.13
0.17
0.17
0.17
0.17
0.16
0.15
0.14
0.12
0.1
0.085
0.066
0.057
0.069
0.093
0.11
0.099
0.082
0.089
0.11
0.13
0.14
0.13
0.13
0.1
0.055
0.038
0.063
0.089
0.098
0.099
0.092
0.075
0.055
0.038
0.039
0.045
0.045
0.052
0.081
0.11
0.11
0.1
0.084
0.067
0.049
0.034
0.018
0.0069
0.0099
0.018
0.036
0.055
0.056
0.05
0.04
0.03
0.024
0.023
0.016
0.013
0.011
0.0042
-0.0083
-0.025
-0.033
-0.029
-0.023
-0.029
-0.042
-0.054
-0.07
-0.09
-0.099
-0.088
-0.066
-0.043
-0.033
-0.043
-0.054
-0.063
-0.067
-0.06
-0.053
-0.055
-0.046
-0.041
-0.062
-0.096
-0.11
-0.095
-0.074
-0.058
-0.053
-0.052
-0.06
-0.061
-0.057
-0.054
-0.054
-0.071
-0.097
-0.11
-0.11
-0.11
-0.12
-0.12
-0.12
-0.1
-0.081
-0.071
-0.08
-0.1
-0.11
-0.11
-0.1
-0.091
-0.077
-0.065
-0.049
-0.033
-0.024
-0.032
-0.045
-0.05
-0.05
-0.066
-0.097
-0.12
-0.11
-0.077
-0.059
-0.078
-0.12
-0.15
-0.15
-0.13
-0.11
-0.11
-0.1
-0.11
-0.11
-0.11
-0.095
-0.099
-0.1
-0.1
-0.092
-0.083
-0.066
-0.05
-0.047
-0.051
-0.067
-0.078
-0.072
-0.063
-0.052
-0.029
-0.0042
-0.00063
-0.021
-0.055
-0.075
-0.064
-0.036
-0.017
-0.0097
0.0012
0.014
0.018
0.013
0.011
0.0085
0.002
-0.0012
0.007
0.024
0.043
0.062
0.067
0.054
0.038
0.037
0.049
0.069
0.086
0.097
0.1
0.11
0.096
0.08
0.074
0.085
0.097
0.11
0.11
0.11
0.11
0.11
0.11
0.09
0.069
0.057
0.06
0.077
0.098
0.11
0.11
0.11
0.093
0.073
0.064
0.076
0.099
0.11
0.11
0.11
0.12
0.13
0.14
0.12
0.11
0.11
0.11
0.1
0.092
0.091
0.096
0.1
0.1
0.098
0.097
0.099
0.1
0.11
0.1
0.085
0.074
0.081
0.1
0.12
0.12
0.11
0.093
0.082
0.073
0.067
0.071
0.088
0.11
0.14
0.16
0.15
0.11
0.073
0.067
0.068
0.07
0.077
0.093
0.11
0.14
0.15
0.14
0.11
0.09
0.075
0.077
0.091
0.097
0.1
0.11
0.12
0.12
0.12
0.1
0.087
0.072
0.063
0.059
0.054
0.043
0.044
0.053
0.057
0.068
0.08
0.073
0.06
0.066
0.081
0.094
0.085
0.064
0.059
0.07
0.088
0.1
0.11
0.093
0.076
0.056
0.038
0.032
0.04
0.052
0.056
0.052
0.039
0.022
0.015
0.018
0.018
0.014
0.0094
-0.0058
-0.012
-0.0059
0.003
0.0063
0.014
0.023
0.023
0.016
0.0084
0.0061
0.0065
0.006
0.00032
-0.008
-0.01
-0.011
-0.0097
0.0068
0.019
0.014
0.0025
-0.0037
-0.0098
-0.012
-0.0096
-0.013
-0.01
-0.0026
-0.0028
-0.0048
0.0037
0.015
0.013
0.011
0.0051
0.00056
0.0059
0.021
0.027
0.025
0.021
0.017
0.022
0.02
-0.0019
-0.024
-0.028
-0.0095
0.013
0.028
0.032
0.023
0.0032
-0.0038
-4.6e-005
-0.0019
-0.0064
-0.0022
0.003
0.00017
-0.0031
0.0018
0.0009
-0.0073
-0.013
-0.019
-0.013
0.0078
0.023
0.017
-0.0037
-0.031
-0.04
-0.023
-0.0067
-0.0052
-0.0053
-0.0027
-0.0044
-0.0036
0.0091
0.027
0.022
0.0055
-0.0075
-0.015
-0.021
-0.017
-0.0046
-0.0041
-0.0072
-0.012
-0.015
-0.02
-0.017
0.0037
0.035
0.063
0.071
0.065
0.054
0.045
0.032
0.021
0.025
0.043
0.07
0.093
0.098
0.082
0.065
0.059
0.062
0.06
0.056
0.049
0.049
0.066
0.083
0.09
0.093
0.092
0.078
0.062
0.051
0.042
0.036
0.041
0.056
0.079
0.099
0.11
0.11
0.11
0.093
0.066
0.061
0.076
0.094
0.11
0.13
0.14
0.13
0.12
0.1
0.091
0.089
0.08
0.073
0.078
0.099
0.12
0.11
0.096
0.074
0.058
0.055
0.059
0.061
0.071
0.09
0.1
0.096
0.081
0.067
0.055
0.052
0.057
0.059
0.063
0.074
0.076
0.063
0.047
0.038
0.036
0.032
0.019
0.0026
-0.0061
-0.0069
-0.017
-0.03
-0.027
-0.0097
0.00035
0.0015
-0.0031
-0.0034
0.00066
-0.0016
-0.015
-0.036
-0.054
-0.064
-0.06
-0.051
-0.053
-0.06
-0.062
-0.068
-0.084
-0.1
-0.13
-0.14
-0.12
-0.096
-0.079
-0.084
-0.098
-0.11
-0.1
-0.11
-0.13
-0.13
-0.13
-0.12
-0.13
-0.13
-0.13
-0.12
-0.12
-0.13
-0.14
-0.14
-0.14
-0.13
-0.14
-0.14
-0.14
-0.14
-0.13
-0.13
-0.12
-0.11
-0.1
-0.097
-0.096
-0.1
-0.11
-0.12
-0.12
-0.1
-0.083
-0.065
-0.055
-0.042
-0.033
-0.035
-0.04
-0.053
-0.068
-0.074
-0.063
-0.043
-0.038
-0.056
-0.084
-0.098
-0.096
-0.092
-0.093
-0.091
-0.074
-0.047
-0.027
-0.028
-0.046
-0.068
-0.079
-0.073
-0.05
-0.025
-0.018
-0.022
-0.032
-0.048
-0.059
-0.068
-0.076
-0.073
-0.053
-0.042
-0.045
-0.051
-0.048
-0.032
-0.032
-0.035
-0.032
-0.034
-0.05
-0.063
-0.057
-0.042
-0.022
-0.016
-0.02
-0.033
-0.045
-0.049
-0.05
-0.036
-0.017
-0.012
-0.017
-0.024
-0.038
-0.04
-0.033
-0.031
-0.039
-0.036
-0.018
0.0019
0.013
0.0073
-0.0047
-0.0078
-0.0037
-0.012
-0.023
-0.012
0.011
0.02
0.023
0.015
-0.0084
-0.032
-0.041
-0.042
-0.04
-0.032
-0.016
0.0089
0.031
0.035
0.022
0.0059
-0.0091
-0.0069
0.025
0.035
-0.0097
-0.028
0.065
0.16
0.12
-0.047
-0.16
-0.1
0.022
0.076
0.05
0.019
0.032
0.063
0.076
0.057
0.014
-0.019
-0.0063
0.029
0.056
0.071
0.082
0.07
0.037
0.0058
-0.011
-0.0027
0.016
0.034
0.034
0.018
0.014
0.027
0.049
0.058
0.039
0.014
0.012
0.046
0.078
0.069
0.029
-0.0082
-0.015
0.0071
0.021
0.013
0.0006
-0.0053
-0.0036
0.0059
0.02
0.02
0.0054
-0.016
-0.037
-0.031
-0.0026
0.018
0.017
0.0048
-0.0033
-0.01
-0.017
-0.014
-0.0024
0.00087
0.0039
0.013
0.022
0.035
0.038
0.028
0.0096
-0.0015
0.00053
0.0029
-0.0064
-0.003
0.026
0.057
0.06
0.026
-0.017
-0.023
-0.0046
0.0074
0.0073
-0.0027
-0.0069
-0.0061
-0.0056
-0.0095
-0.0097
-0.0052
-0.0064
-0.0019
0.0061
0.0079
-0.0072
-0.0088
0.01
0.015
-0.005
-0.031
-0.035
-0.014
0.014
0.015
0.0053
-0.006
-0.018
-0.015
0.0049
0.041
0.072
0.083
0.059
0.023
0.009
0.028
0.053
0.055
0.046
0.041
0.036
0.028
0.03
0.038
0.029
0.0099
-0.0039
-0.015
-0.022
-0.027
-0.036
-0.045
-0.041
-0.044
-0.061
-0.072
-0.074
-0.071
-0.056
-0.034
-0.031
-0.043
-0.046
-0.035
-0.023
-0.02
-0.024
-0.027
-0.031
-0.037
-0.037
-0.025
-0.011
0.00038
0.014
0.028
0.027
0.019
0.021
0.026
0.023
0.016
0.014
0.01
0.004
0.0029
0.0086
0.011
0.01
0.0039
-0.0027
-0.0067
-0.0072
-0.0022
0.0064
