0.017
0.03
0.021
0.00084
-0.00044
0.0074
0.0016
-0.0044
-0.0039
0.00035
0.01
0.009
0.004
0.015
0.02
0.003
-0.0039
0.0055
0.0054
0.0056
0.014
0.014
0.0034
-0.0002
-0.00038
-0.0058
-0.0032
-0.00047
-0.0073
4.6e-005
0.018
0.017
-0.0041
-0.0082
-0.004
-0.0045
-0.0081
-0.0019
0.0011
0.01
0.018
0.0099
-0.0018
-0.009
-0.007
-0.0067
-0.011
-0.0056
0.0075
0.0091
0.00047
0.0093
0.0096
-0.0037
-0.0049
0.0095
0.01
-0.0036
0.0029
0.0093
-0.0023
-0.013
0.0013
0.0088
-0.0098
-0.014
-0.0041
-0.014
-0.028
-0.014
-0.0054
-0.016
-0.019
0.00096
0.013
-0.0011
-0.012
0.011
0.035
0.025
-0.0056
-0.021
-0.0052
0.012
0.0019
-0.005
0.0092
0.0097
-0.0071
-0.022
-0.0099
0.0047
-0.00063
-0.01
-0.0043
0.0018
0.00081
-0.0045
0.0038
0.028
0.019
-0.0047
0.0099
0.026
0.013
0.0075
0.021
0.018
0.0055
0.0009
0.007
-0.0029
-0.016
0.016
0.035
0.0029
-0.0047
0.019
0.0081
-0.013
-0.0026
0.0094
0.0027
-0.0046
0.01
0.019
0.012
0.0045
-0.007
-0.017
-0.019
-0.02
-0.011
0.0065
0.022
0.012
-0.0071
-0.027
-0.039
-0.026
-0.0051
0.0089
0.019
0.024
0.015
0.013
0.02
0.018
-0.0026
-0.014
-0.0024
0.014
0.023
0.013
0.0044
0.014
0.014
-0.0092
-0.025
-0.014
0.00026
0.0061
0.00099
0.0022
0.0013
-0.0029
0.0027
0.0017
0.012
0.02
-0.00063
-0.017
0.0039
0.02
0.002
-0.013
-0.0029
0.0087
-0.0076
-0.024
-0.0033
0.019
0.017
0.014
0.0062
-0.00023
-0.0052
-0.018
-0.025
-0.012
-0.002
0.0055
0.0081
0.015
0.021
0.014
-0.0033
-0.0076
0.0095
0.02
0.0076
0.012
0.043
0.035
0.0033
0.0088
0.013
-0.0035
-0.0093
0.0051
0.011
-0.0042
-0.0083
0.0031
0.014
0.0064
-0.011
-0.0069
0.015
0.017
0.003
0.0077
0.012
0.0051
0.0029
0.013
0.011
-0.003
-0.0015
0.0031
-0.0014
-0.00093
-0.0069
-0.0065
0.0081
0.014
-0.00041
-0.0043
0.0029
0.009
0.0064
0.0043
0.0073
-0.0014
0.0049
0.014
0.0066
0.0019
0.0062
0.0076
0.0012
-0.0024
0.0055
0.0012
-0.011
-0.00072
-0.0019
-0.021
-0.0048
0.017
0.012
-0.00066
-0.0068
-0.0052
0.0056
0.0073
4.6e-005
0.0038
0.014
0.022
0.019
0.017
0.014
0.005
0.00075
0.0031
0.0054
0.0055
0.011
0.014
0.018
0.0094
-0.0043
0.002
0.022
0.02
0.008
0.014
0.034
0.032
0.019
0.02
0.022
0.0066
0.0057
0.021
0.027
0.018
0.016
0.021
0.015
0.01
0.0044
-4.6e-005
0.0061
0.0044
-0.0047
0.002
0.018
0.024
0.014
-0.0019
-0.01
-0.011
-0.0078
-0.0024
0.00056
0.013
0.028
0.02
0.012
0.02
0.023
0.013
0.013
0.019
0.012
0.0095
0.021
0.021
0.0075
0.0057
0.0062
0.0025
-0.00035
-0.016
-0.029
-0.026
-0.0084
-0.0036
-0.023
-0.028
-0.024
-0.02
-0.025
-0.015
-0.0039
0.015
0.028
0.013
-0.0029
-0.0092
-0.011
-0.012
-0.002
0.019
0.031
0.015
0.0021
0.0076
-0.0035
-0.017
-0.012
0.0024
0.0089
0.0076
0.0097
0.017
0.021
0.0077
0.0036
0.0041
0.0012
0.0083
0.012
0.0054
0.0069
0.02
0.01
-0.013
-0.019
-0.0053
0.0047
0.0059
0.005
0.007
0.0013
0.0085
0.012
0.00072
0.00038
0.022
0.026
0.016
0.012
0.024
0.033
0.018
0.016
0.035
0.035
0.021
0.028
0.043
0.042
0.024
0.02
0.045
0.061
0.077
0.13
0.16
0.15
0.11
0.12
0.12
0.1
0.07
0.047
0.033
0.027
0.039
0.04
0.024
0.017
0.023
0.019
0.0068
0.013
0.024
0.033
0.05
0.059
0.053
0.059
0.063
0.048
0.031
0.02
0.0092
0.017
0.023
0.027
0.021
0.0022
-0.023
-0.037
-0.045
-0.043
-0.031
-0.017
-0.0085
-0.015
-0.02
-0.02
-0.019
-0.02
-0.023
-0.029
-0.023
-0.011
-0.018
-0.024
-0.015
-0.012
-0.019
-0.027
-0.028
-0.022
-0.015
-0.0095
-0.0059
-0.0074
-0.0032
0.0045
-0.0012
-0.005
0.0039
0.0023
-0.0057
0.0047
0.0087
0.0047
0.0054
0.016
0.025
0.0061
-0.019
-0.01
0.012
0.013
-0.0011
-0.0092
-0.0036
-0.00078
-0.02
-0.043
-0.047
-0.037
-0.025
-0.027
-0.026
-0.016
-0.009
-0.017
-0.024
-0.015
-0.0049
-0.01
-0.0098
0.011
0.01
-0.0046
0.0048
0.015
0.0077
-0.011
-0.016
-0.0089
-0.0058
-0.0072
-0.0041
0.014
0.021
0.013
0.00087
0.0024
0.0041
0.0053
0.017
0.02
0.018
0.025
0.038
0.027
0.008
0.0076
0.016
0.021
0.022
0.014
0.024
0.041
0.047
0.03
0.014
0.027
0.049
0.045
0.028
0.02
0.026
0.047
0.046
0.023
0.011
0.018
0.02
0.0052
0.0013
0.018
0.016
-0.0068
-0.018
-0.027
-0.045
-0.044
-0.031
-0.035
-0.043
-0.057
-0.067
-0.059
-0.059
-0.071
-0.073
-0.055
-0.033
-0.031
-0.031
-0.025
-0.022
-0.033
-0.04
-0.035
-0.023
-0.0099
-0.0016
0.012
0.011
-0.0076
-0.011
0.0072
0.015
0.0053
0.0072
0.031
0.039
0.033
0.031
0.035
0.024
0.022
0.034
0.04
0.032
0.028
0.026
0.015
0.0055
-0.0014
-0.0072
-0.0051
0.0043
0.008
0.0056
0.011
0.026
0.032
0.017
0.0083
0.011
-0.0021
-0.022
-0.027
-0.0096
0.0097
0.014
0.0029
-0.012
-0.027
-0.042
-0.035
-0.031
-0.041
-0.035
-0.019
-0.025
-0.044
-0.044
-0.036
-0.029
-0.015
-0.02
-0.041
-0.055
-0.045
-0.03
-0.033
-0.043
-0.049
-0.048
-0.054
-0.063
-0.06
-0.011
0.046
0.044
0.0079
-0.01
0.0036
0.023
0.03
0.027
0.026
0.024
0.022
0.032
0.041
0.049
0.052
0.047
0.044
0.041
0.047
0.06
0.06
0.032
0.013
0.01
0.015
0.023
0.024
-0.0035
-0.0097
0.035
0.052
0.034
0.026
0.055
0.085
0.074
0.045
0.045
0.068
0.093
0.088
0.063
0.049
0.053
0.057
0.057
0.057
0.047
0.044
0.064
0.069
0.066
0.049
0.019
0.019
0.028
0.014
-0.012
-0.022
-0.018
-0.014
-0.0064
-7.6e-005
-0.0094
-0.03
-0.036
-0.016
-0.01
-0.018
-0.016
-0.0033
0.0024
-0.0059
-0.018
-0.038
-0.063
-0.084
-0.075
-0.059
-0.062
-0.073
-0.062
-0.041
-0.032
-0.034
-0.038
-0.04
-0.04
-0.031
-0.011
-0.00093
-0.0039
-0.0028
-0.0068
-0.0048
-0.0026
0.0006
0.0056
0.011
0.02
0.035
0.053
0.067
0.068
0.053
0.043
0.047
0.056
0.06
0.052
0.033
0.032
0.041
0.037
0.03
0.024
0.018
0.024
0.05
0.074
0.075
0.058
0.039
0.034
0.039
0.044
0.038
0.029
0.026
0.037
0.034
0.016
0.01
0.0013
-0.0066
-0.0058
0.0043
0.012
0.0006
-0.026
-0.029
-0.01
-0.0032
-0.021
-0.038
-0.028
0.0026
0.017
0.0019
-0.024
-0.04
-0.034
-0.023
-0.0072
0.0076
0.019
0.018
0.012
0.018
0.017
0.0026
-0.0024
0.005
0.0096
0.013
0.02
0.019
0.0044
-0.012
-0.006
0.0022
0.0061
0.011
0.0091
0.014
0.022
0.034
0.035
0.026
0.0081
0.0032
0.0071
0.00029
-0.0031
0.011
0.034
0.041
0.037
0.032
0.036
0.054
0.079
0.084
0.07
0.04
0.0079
-0.034
-0.073
-0.1
-0.11
-0.11
-0.11
-0.11
-0.1
-0.078
-0.049
-0.036
-0.036
-0.048
-0.059
-0.059
-0.051
-0.034
-0.029
-0.039
-0.042
-0.051
-0.062
-0.058
-0.045
-0.038
-0.039
-0.042
-0.022
0.022
0.049
0.047
0.035
0.049
0.078
0.096
0.1
0.1
0.11
0.12
0.14
0.13
0.099
0.068
0.061
0.078
0.082
0.054
0.017
-0.0031
-0.015
-0.025
-0.027
-0.017
-0.014
-0.022
-0.042
-0.058
-0.059
-0.03
-0.0048
-0.0011
-0.013
-0.029
-0.043
-0.052
-0.042
-0.023
-0.01
-0.003
-0.0043
-0.022
-0.036
-0.016
0.015
0.03
0.019
-0.0044
-0.016
-0.0082
0.0056
0.013
0.025
0.033
0.028
0.021
0.026
0.035
0.037
0.039
0.023
-0.0075
-0.019
0.0038
0.028
0.036
0.035
0.023
0.0061
0.0035
0.0013
-0.00026
0.0092
0.026
0.036
0.037
0.038
0.037
0.028
0.01
-0.0094
-0.015
0.012
0.04
0.049
0.049
0.045
0.037
0.035
0.038
0.037
0.034
0.03
0.035
0.043
0.046
0.047
0.038
0.023
0.0091
0.0015
0.0033
0.017
0.022
0.0048
-0.0094
-0.011
-0.0039
-0.001
-0.012
-0.03
-0.029
-0.013
-0.0022
-0.0045
-0.009
-0.012
-0.01
-0.0056
-0.014
-0.027
-0.031
-0.01
0.0057
0.0041
-0.0098
-0.0097
-0.0079
-0.005
-0.0058
-0.018
-0.029
-0.023
0.0053
0.038
0.04
0.0081
-0.024
-0.029
-0.022
-0.017
-0.013
-0.0074
-0.0061
0.0018
0.02
0.025
0.017
0.012
0.0099
0.0069
0.013
0.025
0.04
0.047
0.048
0.042
0.034
0.024
0.011
0.011
0.013
0.006
0.00069
0.0094
0.014
0.018
0.022
0.015
0.013
0.011
0.0075
0.0086
0.0092
0.014
0.024
0.028
0.031
0.026
0.019
0.017
0.028
0.033
0.041
0.058
0.079
0.079
0.053
0.03
0.027
0.032
0.035
0.037
0.031
0.03
0.028
0.012
0.0016
0.0027
0.0068
0.012
0.012
-0.0016
7.6e-005
0.016
0.017
0.0039
-0.01
-0.018
-0.016
-0.0052
0.0076
0.013
-0.0024
-0.017
-0.0089
-0.00044
0.0068
0.0075
0.0071
0.014
0.018
0.0091
0.0093
0.02
0.024
0.011
-0.0095
-0.013
0.0077
0.02
0.011
-0.0011
-0.0031
0.0061
0.014
0.023
0.03
0.026
0.02
0.026
0.042
0.042
0.034
0.031
0.033
0.026
0.031
0.05
0.057
0.049
0.034
0.027
0.022
0.02
0.018
0.011
0.007
0.017
0.038
0.04
0.022
-0.0065
-0.011
-0.0054
-0.013
-0.026
-0.027
-0.021
-0.029
-0.031
-0.032
-0.035
-0.035
-0.034
-0.036
-0.035
-0.019
0.011
0.027
0.031
0.016
-0.0072
-0.035
-0.05
-0.057
-0.052
-0.026
-0.0059
-0.0089
-0.028
-0.05
-0.058
-0.056
-0.055
-0.053
-0.057
-0.053
-0.03
-0.014
-0.014
-0.017
-0.013
-0.0064
-0.0096
-0.037
-0.063
-0.062
-0.04
-0.013
0.00023
-0.0016
-0.015
-0.024
-0.015
0.014
0.036
0.025
0.0079
-0.0046
-0.0067
-0.002
0.014
0.026
0.015
-0.02
-0.036
-0.011
0.021
0.025
0.01
0.0081
0.0076
0.0032
-0.0024
-0.0033
0.0098
0.043
0.065
0.062
0.04
0.018
0.0071
0.0067
0.015
0.017
0.023
0.046
0.059
0.047
0.034
0.031
0.031
0.033
0.022
0.011
0.014
0.04
0.064
0.061
0.046
0.026
0.0071
-0.0065
-0.006
0.0077
0.023
0.031
0.018
-0.0039
-0.0094
0.0093
0.023
0.032
0.04
0.033
0.018
0.013
0.0071
-0.0009
-0.00026
0.015
0.027
0.027
0.015
0.0019
-0.0072
-0.001
0.0043
-0.0047
-0.0094
-0.016
-0.018
0.004
0.02
0.014
0.0014
-0.012
-0.02
-0.015
-0.011
-0.01
-0.015
-0.016
-0.0056
0.014
0.032
0.042
0.038
0.026
0.022
0.016
0.014
0.024
0.041
0.058
0.072
0.08
0.072
0.053
0.029
0.015
0.026
0.044
0.054
0.052
0.051
0.049
0.048
0.05
0.061
0.07
0.062
0.036
0.023
0.026
0.04
0.047
0.043
0.026
0.03
0.051
0.067
0.064
0.043
0.033
0.037
0.045
0.041
0.033
0.039
0.05
0.064
0.071
0.078
0.09
0.093
0.079
0.057
0.04
0.048
0.077
0.089
0.09
0.088
0.075
0.056
0.023
-0.016
-0.053
-0.068
-0.06
-0.049
-0.057
-0.059
-0.062
-0.071
-0.072
-0.078
-0.086
-0.085
-0.08
-0.079
-0.078
-0.08
-0.092
-0.12
-0.17
-0.23
-0.26
-0.26
-0.24
-0.19
-0.14
-0.13
-0.13
-0.13
-0.097
-0.055
-0.011
0.048
0.11
0.17
0.22
0.24
0.26
0.28
0.27
0.26
0.24
0.23
0.24
0.25
0.24
0.21
0.18
0.15
0.13
0.093
0.052
0.01
-0.015
-0.021
-0.028
-0.052
-0.081
-0.12
-0.17
-0.21
-0.23
-0.22
-0.19
-0.16
-0.12
-0.095
-0.098
-0.12
-0.12
-0.12
-0.13
-0.12
-0.1
-0.09
-0.086
-0.08
-0.079
-0.079
-0.081
-0.094
-0.1
-0.1
-0.1
-0.11
-0.1
-0.11
-0.11
-0.11
-0.11
-0.11
-0.11
-0.1
-0.091
-0.089
-0.096
-0.094
-0.089
-0.083
-0.085
-0.098
-0.095
-0.086
-0.08
-0.065
-0.046
-0.031
-0.026
-0.033
-0.037
-0.031
-0.016
0.01
0.025
0.017
-0.0034
-0.033
-0.056
-0.058
-0.054
-0.039
-0.024
-0.018
-0.024
-0.021
-0.016
-0.00099
0.014
0.014
-0.0016
-0.021
-0.016
0.013
0.033
0.034
0.036
0.042
0.054
0.057
0.029
-0.015
-0.047
-0.044
-0.027
-0.023
-0.038
-0.04
-0.016
0.0013
-0.011
-0.039
-0.053
-0.041
-0.028
-0.015
-0.015
-0.032
-0.031
-0.018
-0.019
-0.023
-0.031
-0.037
-0.041
-0.057
-0.086
-0.1
-0.099
-0.087
-0.084
-0.092
-0.11
-0.12
-0.12
-0.11
-0.08
-0.055
-0.033
-0.026
-0.021
-0.0097
0.0025
0.015
0.025
0.039
0.054
0.064
0.076
0.083
0.072
0.064
0.088
0.11
0.12
0.11
0.098
0.085
0.082
0.072
0.057
0.049
0.05
0.068
0.086
0.085
0.066
0.047
0.048
0.051
0.05
0.053
0.07
0.085
0.11
0.11
0.067
0.031
0.029
0.034
0.04
0.062
0.095
0.12
0.14
0.13
0.086
0.024
-0.0063
0.011
0.056
0.082
0.083
0.094
0.11
0.11
0.083
0.029
-0.0076
-0.0081
0.027
0.068
0.086
0.019
-0.08
-0.11
-0.081
-0.052
-0.038
-0.043
-0.055
-0.05
-0.046
-0.07
-0.079
-0.051
-0.028
-0.048
-0.089
-0.12
-0.15
-0.16
-0.14
-0.14
-0.16
-0.18
-0.18
-0.19
-0.2
-0.18
-0.13
-0.075
-0.034
-0.02
-0.031
-0.029
-0.016
-0.014
-0.027
-0.025
-0.00075
0.031
0.054
0.071
0.072
0.059
0.055
0.054
0.047
0.049
0.067
0.088
0.088
0.062
0.024
0.00078
0.0011
0.018
0.015
-0.027
-0.067
-0.07
-0.044
-0.027
-0.012
-0.0085
-0.02
-0.029
-0.028
-0.014
-0.0098
0.0013
0.011
0.0012
-0.019
-0.019
-0.026
-0.045
-0.022
0.016
0.046
0.058
0.045
0.029
0.029
0.048
0.055
0.049
0.056
0.074
0.068
0.02
-0.036
-0.058
-0.033
-0.0024
0.019
0.028
0.031
0.022
0.009
0.013
0.018
0.013
-0.0049
-0.029
-0.038
-0.018
0.017
0.022
0.0027
-0.022
-0.03
-0.0093
0.02
0.033
0.011
-0.0047
0.0065
0.034
0.069
0.087
0.08
0.075
0.082
0.078
0.063
0.039
0.013
0.0011
0.0054
0.018
0.036
0.055
0.061
0.052
0.052
0.067
0.085
0.087
0.088
0.092
0.099
0.11
0.13
0.13
0.12
0.1
0.08
0.073
0.081
0.084
0.068
0.049
0.041
0.04
0.045
0.056
0.067
0.069
0.07
0.077
0.07
0.055
0.051
0.059
0.071
0.089
0.097
0.084
0.063
0.042
0.033
0.031
0.032
0.035
0.033
0.034
0.037
0.045
0.047
0.041
0.028
0.02
0.028
0.032
0.039
0.048
0.038
0.021
0.017
0.022
0.012
0.0095
0.00053
-0.016
-0.026
-0.02
-0.0096
-0.0089
-0.013
-0.023
-0.037
-0.044
-0.038
-0.019
0.0062
0.02
0.0029
-0.023
-0.033
-0.027
-0.015
-0.0073
0.0025
0.029
0.061
0.068
0.049
0.031
0.034
0.048
0.052
0.046
0.026
0.0094
0.021
0.04
0.031
0.011
0.0014
0.0064
0.017
0.02
0.016
0.017
0.022
0.03
0.024
0.0083
0.0021
0.0029
0.0024
-0.0065
-0.019
-0.022
-0.01
0.011
0.028
0.028
0.022
0.018
0.022
0.039
0.052
0.046
0.034
0.015
-0.0066
-0.0034
0.026
0.043
0.042
0.027
0.015
0.0051
-0.0083
-0.023
-0.026
-0.0082
0.01
0.024
0.036
0.041
0.025
0.011
0.016
0.0098
-0.0093
-0.023
-0.016
-0.0025
0.012
0.0098
-0.015
-0.032
-0.039
-0.043
-0.042
-0.035
-0.024
-0.02
-0.021
-0.03
-0.029
-0.03
-0.029
-0.03
-0.018
0.0086
0.0087
-0.0042
-0.0081
-0.0086
-0.02
-0.037
-0.041
-0.031
-0.021
-0.0039
0.012
0.00056
-0.018
-0.024
-0.031
-0.018
0.0071
0.022
0.028
0.033
0.038
0.025
0.0094
0.016
0.031
0.033
0.031
0.026
0.017
0.011
0.0065
0.0043
0.00078
-0.0044
0.0049
0.016
0.0061
-0.022
-0.038
-0.04
-0.036
-0.035
-0.024
-0.0072
-0.0089
-0.02
-0.038
-0.05
-0.046
-0.027
-0.0077
-0.0024
-0.015
-0.042
-0.064
-0.066
-0.061
-0.041
-0.022
-0.0095
-0.00056
0.0092
0.019
0.031
0.044
0.044
0.026
0.0032
-0.009
-0.023
-0.037
-0.038
-0.018
0.0063
0.017
0.0087
-0.0057
-0.015
-0.028
-0.032
-0.033
-0.04
-0.04
-0.028
-0.018
-0.012
-0.0037
0.0015
0.013
0.018
-0.0032
-0.028
-0.033
-0.024
-0.026
-0.017
0.0051
0.02
0.03
0.043
0.059
0.069
0.071
0.048
0.027
0.025
0.021
0.01
0.0057
0.015
0.027
0.035
0.038
0.034
0.024
0.016
0.015
0.0035
-0.0086
-0.003
0.0083
0.012
0.017
0.013
-0.0099
-0.029
-0.027
-0.0034
0.014
0.018
0.021
0.038
0.054
0.054
0.056
0.055
0.04
0.035
0.043
0.05
0.04
0.032
0.033
0.035
0.043
0.049
0.052
0.051
0.065
0.076
0.069
0.057
0.051
0.054
0.071
0.079
0.069
0.06
0.059
0.039
0.014
0.014
0.017
0.014
0.022
0.041
0.049
0.049
0.062
0.077
0.071
0.061
0.054
0.051
0.05
0.055
0.07
0.083
0.08
0.062
0.051
0.037
0.0084
-0.01
-0.0039
0.0028
-0.0033
-0.018
-0.034
-0.035
-0.016
-0.0006
0.0099
0.014
0.016
0.0094
-0.0043
-0.014
-0.025
-0.029
-0.029
-0.025
-0.027
-0.03
-0.029
-0.028
-0.028
-0.022
-0.019
-0.023
-0.026
-0.021
-0.016
-0.00026
0.029
0.046
0.04
0.035
0.032
0.015
-0.0063
-0.033
-0.06
-0.067
-0.057
-0.05
-0.055
-0.062
-0.052
-0.041
-0.052
-0.076
-0.089
-0.078
-0.043
-0.0079
0.013
0.018
0.011
0.0076
0.014
0.019
0.019
0.022
0.031
0.035
0.018
-0.0066
-0.022
-0.02
-0.015
-0.02
-0.025
-0.024
-0.019
-0.0067
-0.0043
-0.018
-0.027
-0.032
-0.043
-0.046
-0.028
-0.00026
0.024
0.025
0.011
0.0077
0.017
0.022
0.019
0.013
0.0023
0.0071
0.031
0.046
0.045
0.048
0.055
0.056
0.046
0.026
0.0041
0.00099
0.0076
0.0036
-0.0045
0.00029
0.008
0.0025
-0.0005
-0.0094
-0.026
-0.029
-0.028
-0.021
-0.0031
0.012
0.0096
-0.0069
-0.023
-0.043
-0.056
-0.063
-0.06
-0.052
-0.031
-0.0079
-0.0087
-0.025
-0.039
-0.049
-0.053
-0.049
-0.036
-0.018
-0.0098
-0.0081
-0.018
-0.057
-0.081
-0.073
-0.054
-0.018
0.024
0.041
0.042
0.046
0.043
0.013
-0.021
-0.027
-0.014
-0.0039
0.0033
0.00099
0.00081
0.0087
0.0075
-0.013
-0.034
-0.043
-0.027
0.0023
0.016
0.0062
0.0056
0.015
0.015
0.0065
0.0018
0.0054
0.013
0.014
0.0051
0.0028
0.014
0.027
0.018
-0.0068
-0.03
-0.024
0.0098
0.037
0.039
0.035
0.032
0.028
0.015
-0.0049
-0.0044
0.02
0.035
0.038
0.034
0.023
0.016
0.023
0.032
0.037
0.044
0.058
0.068
0.067
0.063
0.067
0.058
0.039
0.012
-0.0079
0.006
0.038
0.051
0.064
0.077
0.076
0.061
0.026
-0.016
-0.033
-0.014
0.02
0.041
0.048
0.044
0.037
0.029
0.02
0.0053
0.0046
0.031
0.05
0.054
0.056
0.05
0.029
0.014
0.025
0.045
0.05
0.045
0.04
0.021
0.0089
0.02
0.021
0.0014
-0.011
-0.0046
0.00017
0.0061
0.016
0.023
0.025
0.027
0.03
0.032
0.027
0.015
0.012
0.024
0.045
0.074
0.094
0.09
0.069
0.049
0.031
0.011
0.017
0.037
0.042
0.041
0.046
0.056
0.057
0.051
0.033
0.012
0.0093
0.028
0.039
0.038
0.03
0.028
0.051
0.077
0.071
0.053
0.053
0.04
0.013
0.0048
0.0094
0.014
0.013
0.007
-0.0059
-0.02
-0.023
-0.0011
0.03
0.05
0.057
0.054
0.052
0.05
0.035
0.036
0.052
0.066
0.078
0.079
0.063
0.049
0.041
0.036
0.038
0.044
0.044
0.044
0.042
0.054
0.066
0.059
0.037
0.02
0.019
0.028
0.034
0.04
0.052
0.056
0.054
0.05
0.052
0.064
0.065
0.05
0.041
0.036
0.037
0.046
0.048
0.047
0.056
0.062
0.052
0.043
0.039
0.041
0.058
0.068
0.055
0.023
0.0028
0.0051
0.014
0.019
0.024
0.024
0.016
0.0063
-0.0051
-0.019
-0.023
-0.015
0.0033
0.014
0.012
0.0038
-0.0051
-0.0052
-0.0067
-0.021
-0.029
-0.025
-0.023
-0.03
-0.036
-0.031
-0.015
-0.0056
0.005
0.013
0.015
0.014
-0.00044
-0.027
-0.035
-0.03
-0.026
-0.0086
0.005
-0.0031
-0.0054
-0.00053
-0.0058
-0.016
-0.014
-0.0048
0.0093
0.018
0.011
-0.0092
-0.029
-0.038
-0.038
-0.042
-0.052
-0.065
-0.049
-0.0053
0.021
0.025
0.039
0.047
0.026
-0.0043
-0.041
-0.065
-0.057
-0.039
-0.018
-0.0042
-0.003
-0.012
-0.035
-0.055
-0.051
-0.031
-0.015
-0.016
-0.037
-0.046
-0.038
-0.027
-0.015
0.0077
0.02
0.016
0.0051
-0.008
-0.031
-0.059
-0.059
-0.042
-0.045
-0.046
-0.037
-0.033
-0.024
-0.0061
-0.0009
-0.0067
-0.023
-0.039
-0.057
-0.057
-0.026
0.0062
0.0074
-0.007
-0.019
-0.032
-0.049
-0.061
-0.065
-0.055
-0.048
-0.045
-0.037
-0.031
-0.02
-0.0072
-0.0023
-0.0059
-0.017
-0.015
-0.0021
0.014
0.024
0.018
0.0024
-0.022
-0.044
-0.052
-0.052
-0.045
-0.037
-0.037
-0.056
-0.078
-0.073
-0.054
-0.028
-0.0074
-0.0038
0.0027
0.017
0.014
0.0026
-0.013
-0.031
-0.038
-0.031
-0.03
-0.038
-0.038
-0.035
-0.04
-0.053
-0.065
-0.075
-0.092
-0.096
-0.098
-0.1
-0.085
-0.048
-0.038
-0.029
-0.017
-0.012
-0.012
-0.022
-0.037
-0.035
-0.012
0.0084
0.0073
-0.012
-0.036
-0.05
-0.054
-0.048
-0.052
-0.046
-0.028
-0.031
-0.053
-0.065
-0.066
-0.063
-0.06
-0.056
-0.055
-0.065
-0.062
-0.043
-0.036
-0.03
-0.023
-0.023
-0.027
-0.028
-0.026
-0.025
-0.015
-0.0084
-0.0076
-0.013
-0.026
-0.03
-0.031
-0.036
-0.041
-0.04
-0.03
-0.025
-0.022
-0.015
-0.013
-0.019
-0.02
-0.02
-0.025
-0.02
-0.015
-0.014
-0.013
-0.0067
-0.0051
-0.0064
-0.0071
-0.0098
-0.0058
-0.002
0.0074
0.021
0.035
0.042
0.03
0.02
0.02
0.01
0.0076
0.013
0.0092
0.0054
0.0054
0.0063
0.014
0.017
0.011
0.012
0.02
0.02
0.02
0.02
0.015
0.0092
0.0044
0.0067
0.0084
0.0086
0.017
0.01
-0.00093
-0.0082
-0.0083
0.0023
0.018
0.013
-0.0054
-0.0084
-0.0086
-0.0052
0.0059
0.017
0.037
0.06
0.071
0.063
0.048
0.024
0.0066
0.0011
0.0098
0.016
0.018
0.028
0.033
0.024
0.013
0.0072
0.0019
0.0069
0.023
0.049
0.067
0.07
0.069
0.062
0.042
0.028
0.024
0.014
0.015
0.027
0.029
0.021
0.0018
-0.0087
0.00029
0.0013
-0.0032
0.011
0.032
0.055
0.078
0.084
0.069
0.036
0.014
0.023
0.027
0.019
0.02
0.027
0.036
0.044
0.039
0.035
0.049
0.059
0.047
0.023
-0.011
-0.034
-0.034
-0.017
0.0027
0.017
0.029
0.036
0.043
0.06
0.069
0.057
0.044
0.024
-0.014
-0.026
-0.019
-0.023
-0.027
-0.0085
0.024
0.052
0.051
0.02
-0.009
-0.024
-0.023
-0.016
-0.0089
0.0055
0.013
0.033
0.054
0.051
0.038
0.044
0.049
0.027
0.0066
-0.0095
-0.015
-0.015
-0.019
-0.013
-0.0033
0.0005
0.0011
0.0063
-0.00044
-0.018
-0.041
-0.047
-0.03
-0.012
0.017
0.047
0.057
0.049
0.039
0.03
0.011
-0.018
-0.033
-0.044
-0.054
-0.039
-0.02
-0.026
-0.023
-0.00044
0.015
0.0073
-0.015
-0.036
-0.026
-0.0068
0.0012
0.0033
0.009
0.018
0.014
-0.0037
-0.022
-0.039
-0.057
-0.066
-0.071
-0.079
-0.078
-0.062
-0.039
-0.019
-0.0088
-0.0002
0.014
0.023
0.021
0.0018
-0.018
-0.022
-0.0085
0.0013
-0.00087
-0.0045
-0.0024
-0.0051
-0.011
-0.02
-0.031
-0.025
-0.0037
0.0045
0.00096
-0.0025
0.0017
0.02
0.041
0.041
0.043
0.058
0.05
0.017
-0.027
-0.056
-0.053
-0.03
-0.02
-0.029
-0.024
-0.003
0.018
0.021
0.0092
-0.003
-0.0031
0.016
0.027
0.016
0.0079
0.016
0.0094
-0.0072
-0.03
-0.052
-0.049
-0.025
0.0012
0.013
0.017
0.014
0.0021
-0.017
-0.035
-0.051
-0.063
-0.057
-0.045
-0.015
0.017
0.025
0.013
0.0011
-0.012
-0.024
-0.015
0.017
0.054
0.074
0.08
0.08
0.063
0.044
0.029
0.012
0.0018
0.0049
0.019
0.027
0.019
-0.0046
-0.019
-0.02
-0.0096
0.0076
0.025
0.039
0.039
0.033
0.028
0.027
0.029
0.037
0.047
0.045
0.035
0.035
0.04
0.044
0.03
0.0087
-0.012
-0.019
-0.016
-0.0062
0.0088
0.024
0.035
0.037
0.033
0.025
0.025
0.029
0.03
0.044
0.06
0.047
0.026
0.021
0.0061
-0.0067
0.00099
0.0036
0.00014
-0.0015
-0.0011
0.00023
0.0076
0.017
0.032
0.048
0.053
0.055
0.051
0.056
0.055
0.04
0.034
0.026
0.015
0.016
0.026
0.024
0.018
0.012
0.0078
0.0064
-0.0074
-0.015
-0.0092
0.0025
0.018
0.018
0.0048
-0.0074
-0.0031
0.0053
0.021
0.026
0.022
0.013
0.013
0.02
0.021
0.019
0.0072
-0.0068
-0.0042
0.014
0.035
0.059
0.078
0.066
0.036
0.00044
-0.041
-0.069
-0.077
-0.074
-0.052
-0.015
-0.0021
-0.0078
-0.0071
0.0049
0.025
0.033
0.013
-0.024
-0.048
-0.047
-0.033
-0.031
-0.034
-0.019
0.012
0.034
0.02
-0.019
-0.041
-0.04
-0.034
-0.032
-0.029
-0.0025
0.042
0.07
0.072
0.068
0.064
0.047
0.017
-0.0056
-0.016
-0.012
0.006
0.016
0.0089
0.0064
0.0042
-0.014
-0.036
-0.052
-0.06
-0.042
-0.02
-0.017
-0.031
-0.033
-0.014
0.004
0.0052
-0.0038
0.0073
0.034
0.056
0.043
0.0014
-0.026
-0.034
-0.024
-0.015
-0.018
-0.024
-0.013
-0.003
-0.014
-0.023
-0.023
-0.012
-0.0039
-0.0017
0.008
0.016
0.027
0.033
0.038
0.028
0.0011
-0.034
-0.05
-0.044
-0.042
-0.032
-0.015
0.00075
0.0022
-0.014
-0.042
-0.071
-0.087
-0.074
-0.056
-0.039
-0.012
0.012
0.013
0.0037
-0.0059
-0.017
-0.023
-0.019
-0.0074
0.011
0.019
0.0089
-0.0073
-0.021
-0.024
-0.023
-0.014
-0.00044
0.0093
0.011
0.0078
-0.0054
-0.03
-0.044
-0.035
-0.017
-0.0082
-0.013
-0.013
0.0072
0.03
0.038
0.028
0.012
0.0049
0.01
0.017
0.024
0.032
0.034
0.026
0.02
0.021
0.02
0.02
0.03
0.037
0.045
0.057
0.073
0.082
0.08
0.064
0.043
0.042
0.044
0.044
0.05
0.06
0.059
0.036
0.0026
-0.019
-0.022
-0.013
0.0011
0.0046
0.0086
0.022
0.034
0.043
0.054
0.06
0.064
0.067
0.055
0.045
0.048
0.061
0.063
0.048
0.038
0.033
0.033
0.032
0.033
0.033
0.037
0.043
0.035
0.037
0.04
0.038
0.028
0.009
-0.0065
-0.0067
-0.0061
-0.016
-0.021
-0.011
0.0025
0.0065
0.0024
-0.0031
-0.015
-0.019
-0.0078
-0.0033
-0.0035
0.0051
0.023
0.043
0.057
0.046
0.029
0.023
0.025
0.027
0.037
0.051
0.049
0.04
0.033
0.031
0.032
0.025
0.0087
-0.016
-0.034
-0.034
-0.013
0.019
0.045
0.065
0.071
0.063
0.047
0.045
0.037
0.028
0.032
0.044
0.053
0.055
0.044
0.025
0.01
0.019
0.035
0.033
0.031
0.022
-0.019
-0.076
-0.11
-0.11
-0.098
-0.062
-0.027
0.0037
0.02
0.024
0.023
0.021
0.028
0.042
0.052
0.051
0.026
-0.012
-0.04
-0.06
-0.075
-0.08
-0.082
-0.077
-0.049
-0.015
0.0061
0.013
0.0032
-0.012
-0.029
-0.038
-0.034
-0.021
-0.00035
0.01
0.0076
-0.0074
-0.023
-0.047
-0.07
-0.081
-0.072
-0.046
-0.029
-0.031
-0.042
-0.045
-0.038
-0.015
0.018
0.042
0.038
0.011
-0.0083
-0.0078
0.0015
0.0076
-0.0047
-0.013
0.0067
0.033
0.051
0.064
0.054
0.027
-0.00041
-0.035
-0.059
-0.058
-0.049
-0.03
-0.0064
0.0076
0.011
-0.0009
-0.028
-0.054
-0.071
-0.082
-0.062
-0.021
0.011
0.013
-0.021
-0.063
-0.079
-0.081
-0.075
-0.052
-0.011
0.028
0.046
0.045
0.036
0.028
0.027
0.036
0.058
0.081
0.079
0.055
0.024
-0.015
-0.044
-0.038
-0.012
0.0038
0.0079
0.0094
0.0082
0.0016
-0.012
-0.021
-0.013
0.012
0.039
0.046
0.047
0.055
0.061
0.055
0.035
0.005
-0.015
-0.0029
0.023
0.042
0.043
0.029
0.02
0.0072
-0.0017
0.011
0.034
0.053
0.049
0.036
0.024
0.019
0.0093
0.003
-0.0014
0.00023
0.022
0.035
0.028
0.017
0.016
0.02
0.02
0.018
0.03
0.035
0.038
0.052
0.065
0.036
-0.021
-0.027
0.012
0.017
0.0046
0.021
0.036
0.032
0.021
-0.0013
-0.028
-0.026
-0.0098
-0.013
-0.023
-0.016
-0.0094
-0.013
-0.026
-0.032
-0.033
-0.033
-0.015
0.0012
0.0049
0.013
0.018
0.014
0.00072
-0.013
-0.015
-0.017
-0.025
-0.025
-0.026
-0.032
-0.044
-0.058
-0.057
-0.053
-0.048
-0.036
-0.021
-0.022
-0.027
-0.024
-0.021
-0.025
-0.029
-0.032
-0.039
-0.046
-0.055
-0.063
-0.07
-0.071
-0.067
-0.06
-0.049
-0.035
-0.016
0.0014
0.0029
-0.012
-0.023
-0.03
-0.041
-0.054
-0.059
-0.056
-0.041
-0.025
-0.019
-0.028
-0.046
-0.052
-0.056
-0.065
-0.069
-0.062
-0.041
-0.023
-0.019
-0.028
-0.037
-0.038
-0.031
-0.025
-0.029
-0.031
-0.027
-0.021
-0.022
-0.026
-0.033
-0.038
-0.036
-0.024
-0.013
-0.02
-0.032
-0.041
-0.05
-0.052
-0.045
-0.041
-0.035
-0.033
-0.026
0.0081
0.045
0.059
0.049
0.038
0.039
0.023
-0.0021
-0.028
-0.051
-0.06
-0.057
-0.046
-0.028
-0.013
0.0014
0.017
0.024
0.022
0.022
0.018
-4.6e-005
-0.016
-0.017
0.0044
0.026
0.045
0.057
0.064
0.058
0.042
0.038
0.054
0.061
0.049
0.034
0.036
0.044
0.041
0.038
0.035
0.033
0.027
0.02
0.023
0.026
0.019
0.012
0.0076
0.0038
0.005
0.0085
0.022
0.047
0.066
0.071
0.061
0.037
0.016
0.013
0.028
0.047
0.06
0.063
0.064
0.059
0.051
0.041
0.036
0.039
0.038
0.021
0.0048
-0.0025
0.0086
0.032
0.043
0.041
0.042
0.056
0.062
0.062
0.058
0.062
0.07
0.083
0.091
0.08
0.053
0.027
0.021
0.034
0.059
0.078
0.09
0.1
0.093
0.071
0.052
0.033
0.025
0.044
0.073
0.086
0.073
0.049
0.034
0.026
0.012
0.0088
0.032
0.05
0.052
0.05
0.046
0.043
0.036
0.028
0.021
0.013
0.008
0.019
0.04
0.053
0.044
0.023
0.00056
-0.014
-0.029
-0.04
-0.036
-0.017
-0.0047
-0.0014
7.6e-005
0.0014
0.0062
0.014
0.025
0.033
0.043
0.042
0.036
0.032
0.021
0.017
0.02
0.016
0.0098
0.007
0.0033
0.0061
0.014
0.015
0.019
0.023
0.022
0.017
-0.00047
-0.021
-0.032
-0.021
0.0081
0.035
0.043
0.037
0.033
0.025
0.015
-0.00035
-0.0088
-0.0022
0.00072
0.0027
0.0018
-0.0057
-0.0033
0.0056
0.014
0.0073
-0.0076
-0.024
-0.027
-0.026
-0.023
-0.014
-0.0038
0.0023
0.0022
0.0021
0.0018
0.0051
0.015
0.03
0.03
0.028
0.03
0.016
-0.0048
-0.015
-0.017
-0.014
-0.0084
-0.0098
-0.0032
0.012
0.015
0.0028
-0.015
-0.025
-0.016
-0.0028
0.0005
-0.0029
-0.011
-0.012
0.0013
0.01
0.0084
0.0013
-0.00029
0.0088
0.013
0.0012
-0.016
-0.021
-0.015
-0.012
-0.014
-0.011
-0.0018
0.0085
0.017
0.015
0.0076
0.0063
0.011
0.027
0.035
0.033
0.036
0.038
0.027
0.021
0.027
0.035
0.038
0.034
0.038
0.059
0.075
0.076
0.06
0.036
0.026
0.028
0.023
0.011
0.011
0.021
0.03
0.022
-0.00072
-0.0088
0.0038
0.022
0.033
0.03
0.024
0.041
0.07
0.093
0.086
0.055
0.032
0.0093
-0.01
-0.011
-0.0017
0.013
0.017
0.015
0.017
0.026
0.03
0.038
0.052
0.068
0.087
0.086
0.062
0.03
0.014
0.011
0.007
0.0084
0.02
0.037
0.05
0.062
0.063
0.056
0.046
0.024
-0.0017
-0.016
-0.013
-0.0029
0.014
0.012
-0.0079
-0.02
-0.019
-0.017
-0.027
-0.033
-0.02
0.00011
0.011
0.0086
0.001
0.0016
0.0082
0.018
0.018
0.0057
-0.0039
-0.0037
-0.0097
-0.017
-0.0078
0.002
0.0054
0.0079
0.013
0.019
0.027
0.03
0.035
0.036
0.029
0.0057
-0.024
-0.035
-0.019
-0.0041
-4.6e-005
0.0089
0.016
0.026
0.039
0.038
0.032
0.035
0.034
0.017
-0.009
-0.028
-0.032
-0.023
-0.014
4.6e-005
0.013
0.019
0.023
0.019
0.0088
-0.0058
-0.015
-0.0036
0.022
0.03
0.015
-0.0079
-0.029
-0.037
-0.054
-0.073
-0.072
-0.056
-0.033
-0.023
-0.034
-0.055
-0.071
-0.075
-0.07
-0.062
-0.061
-0.051
-0.029
-0.0047
-0.0012
-0.015
-0.028
-0.038
-0.048
-0.051
-0.041
-0.031
-0.023
-0.025
-0.033
-0.023
-0.013
-0.014
-0.017
-0.017
-0.02
-0.013
-0.018
-0.037
-0.041
-0.039
-0.035
-0.034
-0.048
-0.058
-0.045
-0.023
-0.0014
0.0072
-0.00032
-0.011
-0.013
-0.0092
-0.0094
-0.02
-0.03
-0.03
-0.019
-0.012
-0.025
-0.046
-0.063
-0.068
-0.063
-0.048
-0.025
0.004
0.023
0.024
0.0032
-0.029
-0.054
-0.061
-0.054
-0.044
-0.035
-0.036
-0.04
-0.039
-0.033
-0.025
-0.018
-0.0061
-0.0019
-0.0076
-0.015
-0.024
-0.027
-0.0081
0.018
0.019
0.00032
-0.013
-0.0097
7.6e-005
0.0033
0.0039
0.014
0.027
0.016
-0.0089
-0.016
-0.0056
-0.00041
-0.011
-0.021
-0.019
-0.014
-0.0058
-0.0045
-0.0083
-0.0089
-0.0056
0.0056
0.019
0.029
0.032
0.028
0.0071
-0.0076
-0.0052
0.0041
0.014
0.017
0.018
0.015
0.016
0.024
0.037
0.051
0.057
0.055
0.044
0.036
0.032
0.033
0.036
0.031
0.021
0.014
0.01
0.00072
-0.0054
-0.002
0.017
0.034
0.037
0.039
0.041
0.034
0.029
0.027
0.013
0.0033
0.0057
0.017
0.027
0.0092
-0.019
-0.02
-0.0051
0.0063
0.0035
-0.012
-0.018
-0.0035
0.019
0.038
0.034
0.018
0.0045
-0.015
-0.035
-0.05
-0.051
-0.031
-0.00032
0.025
0.038
0.034
0.021
0.018
0.0081
-0.0087
-0.013
-0.022
-0.035
-0.046
-0.056
-0.052
-0.032
-0.02
-0.016
-0.0029
0.012
0.023
0.031
0.04
0.039
0.017
-0.0068
-0.032
-0.055
-0.061
-0.042
-0.03
-0.03
-0.045
-0.068
-0.064
-0.043
-0.024
-0.0081
0.00063
0.0022
0.0045
0.0088
0.002
-0.0097
-0.022
-0.028
-0.03
-0.026
-0.015
-0.0075
0.0022
0.015
0.024
0.02
0.0037
-0.014
-0.028
-0.036
-0.034
-0.023
-0.021
-0.033
-0.043
-0.05
-0.049
-0.042
-0.035
-0.029
-0.0089
0.0021
0.0017
0.0082
0.013
0.0066
-0.0054
-0.0072
0.0028
0.0065
-0.0005
0.0017
0.014
0.029
0.031
0.025
0.019
0.01
-0.0036
-0.0053
0.0036
0.02
0.04
0.058
0.052
0.018
-0.011
-0.041
-0.073
-0.075
-0.049
-0.013
0.026
0.065
0.087
0.082
0.055
0.031
0.044
0.074
0.083
0.054
0.024
0.024
0.044
0.07
0.08
0.079
0.098
0.085
0.059
-0.0079
-0.14
-0.2
-0.17
-0.11
-0.026
0.052
0.11
0.13
0.11
0.057
0.012
0.044
0.1
0.097
0.076
0.071
0.054
0.009
-0.028
-0.024
0.0029
0.048
0.067
0.042
0.021
-0.017
-0.011
0.045
0.087
0.095
0.074
0.057
0.037
0.018
0.012
0.012
0.02
0.02
0.02
0.056
0.074
0.051
0.053
0.08
0.074
0.032
0.0018
0.0059
0.023
0.08
0.13
0.14
0.13
0.078
0.042
0.033
0.042
0.07
0.097
0.1
0.076
0.055
0.06
0.058
0.052
0.044
0.028
0.03
0.059
0.098
0.14
0.13
0.087
0.036
0.00081
-0.014
0.004
0.053
0.094
0.11
0.098
0.076
0.059
0.053
0.054
0.062
0.064
0.062
0.055
0.035
0.019
0.0081
-0.011
-0.016
-0.015
-0.017
-1.5e-005
0.032
0.059
0.068
0.042
-0.018
-0.071
-0.077
-0.029
0.033
0.062
0.059
0.028
-0.0098
-0.035
-0.041
-0.031
-0.0051
0.026
0.042
0.04
0.018
0.0083
0.015
0.0077
0.0023
-0.0084
-0.019
-0.019
-0.015
-0.014
-0.016
-0.021
-0.027
-0.029
-0.024
-0.0052
0.013
0.022
0.011
-0.014
-0.033
-0.035
-0.023
-0.0081
-0.0062
-0.014
-0.017
-0.019
-0.042
-0.059
-0.054
-0.047
-0.047
-0.058
-0.069
-0.05
-0.0095
0.0041
-0.016
-0.061
-0.098
-0.11
-0.1
-0.077
-0.049
-0.041
-0.049
-0.061
-0.071
-0.069
-0.063
-0.047
-0.022
-0.012
-0.016
-0.029
-0.043
-0.049
-0.049
-0.047
-0.046
-0.044
-0.034
-0.014
0.0077
0.022
0.027
0.033
0.034
0.031
0.018
0.0098
0.015
0.014
-0.003
-0.026
-0.042
-0.039
-0.021
0.0051
0.032
0.037
0.026
0.0048
-0.023
-0.035
-0.013
0.015
0.029
0.033
0.033
0.04
0.045
0.044
0.031
0.017
0.0093
-0.00063
-0.0011
0.022
0.053
0.067
0.071
0.061
0.032
0.015
0.012
0.019
0.035
0.048
0.047
0.032
0.016
0.0049
0.011
0.023
0.043
0.053
0.049
0.045
0.031
0.011
7.6e-005
0.0045
0.021
0.029
0.021
0.019
0.027
0.038
0.04
0.02
-0.0017
-0.003
0.0077
0.025
0.045
0.057
0.063
0.069
0.064
0.047
0.03
0.02
0.019
0.031
0.058
0.08
0.081
0.066
0.059
0.067
0.074
0.07
0.064
0.061
0.064
0.069
0.076
0.077
0.07
0.064
0.064
0.067
0.07
0.075
0.075
0.062
0.047
0.044
0.058
0.082
0.095
0.091
0.089
0.094
0.091
0.083
0.079
0.08
0.08
0.081
0.079
0.079
0.071
0.064
0.07
0.07
0.061
0.055
0.045
0.041
0.058
0.077
0.084
0.091
0.088
0.074
0.056
0.043
0.033
0.025
0.037
0.06
0.053
0.027
0.019
0.015
0.015
0.02
0.021
0.03
0.038
0.041
0.035
0.024
0.012
0.0046
0.0071
0.02
0.039
0.046
0.043
0.035
0.024
0.02
0.023
0.016
0.0028
0.0012
0.0059
0.008
-0.0019
-0.012
-0.018
-0.034
-0.033
-0.018
-0.017
-0.026
-0.021
-0.013
-0.0086
-0.017
-0.035
-0.033
-0.025
-0.026
-0.021
-0.015
-0.018
-0.021
-0.024
-0.026
-0.031
-0.045
-0.053
-0.049
-0.052
-0.046
-0.034
-0.023
-0.013
-0.016
-0.02
-0.0095
-0.003
-0.013
-0.024
-0.034
-0.033
-0.023
-0.011
0.0032
0.011
0.0047
-0.0087
-0.014
-0.0075
-0.013
-0.026
-0.025
-0.025
-0.04
-0.044
-0.034
-0.027
-0.013
0.00029
-0.0031
-0.022
-0.03
-0.025
-0.011
-0.0032
-0.0029
-0.0076
-0.02
-0.034
-0.058
-0.077
-0.083
-0.073
-0.035
0.026
0.073
0.083
0.059
0.011
-0.026
-0.044
-0.057
-0.049
-0.033
-0.02
-0.013
-0.013
-0.022
-0.03
-0.024
-0.008
0.012
0.012
-0.0022
-0.016
-0.034
-0.052
-0.06
-0.05
-0.024
0.0051
0.028
0.032
0.011
-0.019
-0.034
-0.042
-0.046
-0.054
-0.071
-0.076
-0.066
-0.052
-0.024
0.005
0.011
0.0054
-0.0028
-0.0072
-0.014
-0.03
-0.04
-0.041
-0.044
-0.038
-0.028
-0.023
-0.024
-0.032
-0.034
-0.033
-0.033
-0.022
0.0023
0.016
4.6e-005
-0.036
-0.065
-0.071
-0.061
-0.041
-0.023
-0.02
-0.021
-0.013
0.0055
0.023
0.03
0.02
0.011
0.00087
-0.0013
0.0056
0.007
0.0045
0.0074
0.021
0.04
0.053
0.051
0.053
0.058
0.045
0.022
-0.00087
-0.031
-0.041
-0.021
0.0012
0.016
0.024
0.035
0.039
0.034
0.014
-0.013
-0.022
-0.012
0.0049
0.016
0.028
0.029
0.027
0.037
0.045
0.054
0.061
0.053
0.034
0.014
-0.0054
-0.017
-0.01
0.0025
0.027
0.051
0.067
0.075
0.074
0.073
0.075
0.07
0.045
0.012
-0.0024
0.0081
0.023
0.03
0.03
0.02
0.011
0.013
0.013
0.012
0.014
0.02
0.036
0.055
0.057
0.053
0.052
0.056
0.052
0.037
0.021
0.011
0.0052
0.0072
0.018
0.02
0.013
0.012
0.019
0.026
0.016
-0.004
-0.0033
0.011
0.022
0.032
0.039
0.029
0.0059
-0.00047
0.0075
0.015
0.018
0.015
0.0087
0.012
0.022
0.031
0.042
0.039
0.014
-0.0014
-0.0018
0.0033
0.0047
0.0065
0.0057
0.0068
-0.0016
-0.017
-0.019
-0.014
0.0037
0.03
0.037
0.029
0.026
0.025
0.019
0.008
-0.007
-0.014
-0.004
0.011
0.0079
-0.011
-0.022
-0.012
-0.0024
0.0045
0.0088
0.00096
-0.01
-0.023
-0.026
-0.008
0.018
0.027
0.017
0.0032
-0.013
-0.022
-0.031
-0.034
-0.025
-0.0065
0.02
0.034
0.029
0.016
0.0094
0.011
0.016
0.024
0.039
0.048
0.045
0.041
0.038
0.029
0.026
0.028
0.027
0.026
0.033
0.034
0.032
0.02
-0.00087
-0.0081
-0.0028
0.0098
0.026
0.03
0.019
0.009
0.011
0.019
0.022
0.022
0.024
0.02
0.0023
-0.0076
-0.0018
0.015
0.033
0.048
0.059
0.069
0.063
0.049
0.047
0.049
0.043
0.037
0.036
0.035
0.018
-0.0029
-0.012
-0.00014
0.029
0.05
0.054
0.054
0.048
0.043
0.056
0.062
0.046
0.029
0.026
0.03
0.038
0.039
0.026
0.012
0.00056
0.002
0.0075
0.0098
0.0044
-0.0052
-0.011
-0.013
-0.0046
0.011
0.038
0.048
0.032
0.015
-0.0017
-0.0083
-0.0063
-0.0035
0.012
0.027
0.032
0.025
0.019
0.013
0.0093
0.011
0.018
0.027
0.019
0.00069
-0.018
-0.028
-0.037
-0.038
-0.037
-0.039
-0.033
-0.022
-0.011
-0.0059
-0.002
0.0063
0.0081
0.0069
-0.0025
-0.014
-0.019
-0.02
-0.019
-0.01
-0.0053
-0.018
-0.036
-0.041
-0.032
-0.026
-0.022
-0.012
-0.0002
0.0045
0.0054
0.0028
-0.001
-0.0011
-0.0006
0.0022
0.0022
-0.0083
-0.016
-0.014
-0.012
-0.01
-0.0096
-0.007
-0.009
-0.02
-0.023
-0.015
-0.0051
0.0073
0.018
0.023
0.026
0.019
0.004
-0.0011
-0.0051
-0.01
-0.004
0.011
0.015
0.002
-0.02
-0.02
-0.0002
0.0094
0.0043
-0.007
-0.014
-0.018
-0.018
-0.02
-0.019
-0.017
-0.015
-0.01
-0.013
-0.016
-0.019
-0.014
-0.011
-0.014
-0.019
-0.021
-0.017
-0.016
-0.019
-0.03
-0.037
-0.029
-0.021
-0.018
-0.012
-0.011
-0.02
-0.035
-0.05
-0.053
-0.043
-0.034
-0.024
-0.018
-0.012
-0.0036
0.0025
0.0033
0.0056
0.011
0.0022
-0.018
-0.024
-0.021
-0.018
-0.0097
0.0005
-0.0044
-0.016
-0.024
-0.029
-0.026
-0.027
-0.029
-0.016
-0.00032
-0.0022
-0.01
-0.011
-0.0025
-0.0016
-0.0078
-0.0061
0.002
0.0085
0.011
0.017
0.024
0.027
0.023
0.017
0.012
-0.0011
-0.018
-0.024
-0.023
-0.022
-0.022
-0.012
-0.0033
-0.0022
0.0018
0.0057
0.0016
0.0011
0.0046
0.0078
0.013
0.019
0.021
0.027
0.032
0.027
0.022
0.021
0.024
0.029
0.037
0.03
0.022
0.0091
0.0068
0.011
0.0071
0.0062
0.01
0.014
0.025
0.041
0.044
0.042
0.04
0.034
0.027
0.017
0.009
-0.0013
-0.0081
-0.008
-0.0042
-0.0067
-0.0015
0.0053
0.014
0.027
0.029
0.022
0.015
0.018
0.025
0.027
0.023
0.032
0.051
0.045
0.027
0.0079
-0.0016
0.011
0.018
0.017
0.018
0.029
0.047
0.065
0.072
0.06
0.035
0.0056
-0.014
-0.026
-0.035
-0.041
-0.042
-0.03
-0.015
-0.0083
-0.015
-0.023
-0.035
-0.032
-0.0099
-0.0026
-0.0018
0.0076
0.023
0.035
0.034
0.028
0.032
0.031
0.013
-0.0083
-0.037
-0.065
-0.083
-0.11
-0.12
-0.12
-0.12
-0.074
0.019
0.1
0.1
-0.0088
-0.11
-0.12
-0.062
0.0025
0.055
0.084
0.059
-0.013
-0.096
-0.12
-0.099
-0.067
-0.019
0.013
-0.003
-0.047
-0.12
-0.14
-0.093
-0.026
0.016
0.0081
-0.042
-0.088
-0.097
-0.069
-0.031
-0.023
-0.0099
0.018
0.007
-0.033
-0.057
-0.042
-0.0096
0.012
0.017
-0.0089
-0.052
-0.077
-0.084
-0.075
-0.03
0.016
0.018
-0.014
-0.051
-0.088
-0.12
-0.12
-0.081
-0.015
0.051
0.079
0.052
0.0057
-0.022
-0.033
-0.025
0.0088
0.041
0.049
0.031
-0.0046
-0.033
-0.038
-0.026
-0.0074
0.0079
-0.0047
-0.029
-0.058
-0.083
-0.088
-0.07
-0.044
-0.012
0.013
0.016
0.011
0.0028
0.0013
0.011
0.029
0.046
0.058
0.047
0.01
-0.01
0.0031
0.037
0.048
0.01
-0.029
-0.053
-0.066
-0.074
-0.079
-0.078
-0.045
0.012
0.056
0.07
0.054
0.023
-0.012
-0.028
-0.012
0.012
0.022
0.0063
-0.032
-0.062
-0.056
-0.018
0.015
0.018
0.012
0.0094
-0.0037
-0.015
-0.02
-0.029
-0.029
-0.025
-0.023
-0.026
-0.015
-0.0002
0.01
0.014
-0.002
-0.023
-0.022
0.016
0.052
0.059
0.039
0.021
0.027
0.047
0.061
0.063
0.079
0.098
0.091
0.075
0.071
0.079
0.09
0.096
0.094
0.084
0.053
0.028
0.04
0.073
0.095
0.076
0.031
0.0049
0.023
0.063
0.089
0.097
0.088
0.062
0.046
0.052
0.067
0.075
0.083
0.089
0.084
0.063
0.036
0.019
0.028
0.043
0.029
0.01
0.015
0.053
0.096
0.12
0.11
0.078
0.049
0.03
0.022
0.024
0.032
0.043
0.048
0.051
0.052
0.054
0.054
0.042
0.024
0.0061
-0.0072
-0.012
-0.0023
0.016
0.027
0.022
0.011
0.0052
0.015
0.026
0.023
0.0074
-0.0083
-0.023
-0.033
-0.033
-0.027
-0.029
-0.045
-0.059
-0.068
-0.066
-0.05
-0.028
-0.03
-0.061
-0.1
-0.11
-0.084
-0.049
-0.018
-0.0083
-0.011
-0.00078
0.0096
-0.016
-0.052
-0.06
-0.045
-0.041
-0.034
-0.044
-0.072
-0.087
-0.079
-0.044
-0.0035
0.031
0.062
0.086
0.08
0.039
-0.0085
-0.062
-0.074
-0.033
-0.015
-0.027
-0.031
-0.014
0.0029
0.027
0.079
0.11
0.095
0.087
0.1
0.091
0.062
0.043
0.032
0.038
0.062
0.083
0.072
0.027
-0.032
-0.078
-0.072
-0.029
0.0073
-0.0098
-0.046
-0.045
0.0036
0.074
0.1
0.075
0.039
0.038
0.077
0.1
0.097
0.063
0.02
-0.021
-0.045
-0.037
-0.013
0.027
0.082
0.12
0.1
0.068
0.041
0.028
0.02
0.018
0.0041
-0.0036
0.015
0.041
0.054
0.054
0.054
0.072
0.095
0.095
0.074
0.046
0.018
-0.0019
-0.00017
0.0083
0.01
0.0091
0.016
0.024
0.021
0.014
0.011
0.021
0.036
0.045
0.028
0.0051
-0.0032
0.0047
0.032
0.072
0.099
0.087
0.036
-0.015
-0.041
-0.04
-0.0021
0.037
0.033
0.004
-0.018
-0.0085
0.026
0.059
0.076
0.06
0.018
-0.021
-0.035
-0.036
-0.036
-0.035
-0.033
-0.023
-0.0085
0.006
0.016
0.017
0.0058
-0.0051
-0.0027
0.013
0.027
0.02
0.014
0.011
-0.014
-0.035
-0.035
-0.015
0.00026
-0.0028
-0.018
-0.037
-0.055
-0.056
-0.023
0.0035
0.0031
-0.0063
-0.025
-0.037
-0.034
-0.019
0.011
0.031
0.036
0.04
0.037
0.021
0.0043
-0.017
-0.026
-0.025
-0.04
-0.065
-0.085
-0.093
-0.081
-0.063
-0.046
-0.031
-0.022
-0.017
-0.015
-0.032
-0.058
-0.064
-0.042
-0.013
-0.0046
-0.014
-0.02
-0.024
-0.02
-0.0042
-0.012
-0.04
-0.06
-0.066
-0.06
-0.056
-0.064
-0.072
-0.059
-0.045
-0.035
-0.039
-0.048
-0.052
-0.051
-0.05
-0.057
-0.065
-0.061
-0.039
-0.019
-0.0097
-0.013
-0.03
-0.036
-0.036
-0.045
-0.047
-0.035
-0.01
0.008
0.0054
-0.012
-0.029
-0.045
-0.047
-0.036
-0.024
-0.0017
0.014
0.012
0.0047
0.0018
-0.0079
-0.031
-0.05
-0.051
-0.037
-0.015
0.0085
0.015
0.009
0.0048
-0.012
-0.033
-0.032
-0.022
-0.015
-0.013
-0.021
-0.037
-0.048
-0.043
-0.026
-0.016
-0.016
-0.015
-0.02
-0.033
-0.043
-0.053
-0.049
-0.037
-0.035
-0.036
-0.03
-0.021
-0.0076
0.01
0.02
0.021
0.017
0.02
0.03
0.034
0.035
0.028
0.018
0.014
0.017
0.029
0.04
0.047
0.053
0.067
0.076
0.075
0.074
0.072
0.056
0.03
0.011
0.0075
0.013
0.022
0.033
0.032
0.034
0.046
0.047
0.038
0.034
0.031
0.019
0.016
0.019
0.011
-0.0064
-0.006
0.016
0.039
0.049
0.048
0.03
0.015
0.015
0.015
0.013
0.0056
-0.013
-0.024
-0.011
0.0093
0.0081
-0.012
-0.036
-0.049
-0.055
-0.06
-0.055
-0.048
-0.042
-0.041
-0.034
-0.018
-0.003
0.0064
0.0086
0.01
0.018
0.031
0.036
0.029
0.01
-0.016
-0.031
-0.036
-0.038
-0.03
-0.024
-0.027
-0.024
-0.014
-0.03
-0.051
-0.054
-0.042
-0.027
-0.019
-0.027
-0.041
-0.042
-0.026
-0.00069
0.018
0.022
0.015
0.0021
-0.0092
-0.014
-0.011
0.0036
0.0069
-0.00032
-0.0076
-0.016
-0.022
-0.011
0.0069
0.013
-0.0026
-0.024
-0.035
-0.034
-0.026
-0.023
-0.031
-0.031
-0.016
0.0044
0.025
0.037
0.03
0.011
-0.0015
-0.0002
0.0051
0.0021
1.5e-005
0.0036
0.015
0.04
0.058
0.05
0.034
0.026
0.018
0.011
-0.0022
-0.021
-0.033
-0.034
-0.032
-0.037
-0.045
-0.049
-0.057
-0.061
-0.045
-0.028
-0.02
-0.015
-0.012
-0.0043
0.0047
0.0052
0.0035
-0.002
-0.012
-0.023
-0.028
-0.036
-0.036
-0.02
-0.0032
-0.0015
-0.0061
-0.0017
0.0085
0.015
0.01
-0.0064
-0.021
-0.022
-0.021
-0.025
-0.023
-0.03
-0.041
-0.043
-0.045
-0.042
-0.019
0.0062
0.018
0.028
0.019
0.012
0.018
0.025
0.03
0.024
0.0042
-0.0068
-0.005
-0.0011
0.0045
0.0054
0.0078
0.012
0.0077
-0.0067
-0.0074
0.0032
0.016
0.024
0.02
0.011
0.0047
-0.0022
0.0022
0.011
0.0094
-0.0028
-0.0095
-0.0068
0.0063
0.02
0.029
0.033
0.042
0.06
0.072
0.076
0.072
0.051
0.031
0.029
0.021
0.0067
-0.0041
-0.013
-0.02
-0.026
-0.04
-0.044
-0.025
-0.01
-0.0018
0.0076
0.021
0.026
0.034
0.055
0.063
0.056
0.047
0.037
0.023
0.018
0.015
0.014
0.02
0.017
-0.0076
-0.036
-0.043
-0.025
-0.0025
0.012
0.011
0.013
0.016
0.022
0.026
0.026
0.035
0.042
0.049
0.045
0.026
0.0045
-0.0018
0.0097
0.027
0.037
0.036
0.037
0.031
0.026
0.032
0.038
0.032
0.016
-0.00014
-0.0044
0.017
0.038
0.039
0.034
0.037
0.045
0.046
0.037
0.022
0.0059
0.0017
0.0053
-0.0072
-0.015
-0.016
-0.0054
0.019
0.033
0.031
0.027
0.035
0.049
0.053
0.04
0.024
0.0058
-0.01
-0.02
-0.037
-0.051
-0.047
-0.029
-0.0099
0.0066
0.022
0.027
0.0062
-0.03
-0.055
-0.063
-0.057
-0.054
-0.055
-0.054
-0.056
-0.071
-0.084
-0.078
-0.062
-0.036
-0.0086
0.00017
-0.0088
-0.012
-0.022
-0.044
-0.057
-0.053
-0.042
-0.029
-0.011
0.0037
0.0088
0.011
0.014
-0.0065
-0.035
-0.053
-0.056
-0.049
-0.053
-0.064
-0.062
-0.049
-0.045
-0.061
-0.084
-0.095
-0.081
-0.053
-0.026
-0.0079
0.0015
0.018
0.033
0.033
0.024
0.017
0.0058
-0.0058
-0.01
-0.002
0.0086
0.0034
-0.0093
-0.025
-0.041
-0.037
-0.018
0.011
0.045
0.08
0.09
0.086
0.072
0.045
0.026
0.019
0.02
0.021
0.025
0.023
0.017
0.017
0.018
0.017
0.023
0.039
0.064
0.087
0.083
0.06
0.046
0.05
0.051
0.041
0.021
-0.0052
-0.017
-0.0047
0.0082
-1.5e-005
-0.021
-0.028
-0.018
-0.0025
-0.00081
-0.014
-0.024
-0.0087
0.014
0.034
0.044
0.042
0.033
0.031
0.036
0.041
0.042
0.04
0.038
0.03
0.022
0.018
0.018
0.015
0.016
0.02
0.022
0.024
0.029
0.044
0.052
0.046
0.032
0.022
0.019
0.031
0.043
0.046
0.061
0.069
0.068
0.067
0.056
0.047
0.051
0.061
0.076
0.086
0.078
0.057
0.027
-0.0032
-0.011
-0.00011
0.022
0.035
0.029
0.016
0.014
0.022
0.036
0.048
0.05
0.051
0.045
0.033
0.035
0.036
0.038
0.042
0.027
-0.0018
-0.012
-0.0056
-0.00014
0.0015
-0.0069
-0.008
0.00084
0.01
0.014
0.013
0.0036
-0.00047
0.0084
0.014
0.016
0.0053
-0.013
-0.026
-0.033
-0.041
-0.046
-0.044
-0.04
-0.029
-0.02
-0.018
-0.023
-0.031
-0.028
-0.019
-0.02
-0.028
-0.029
-0.031
-0.032
-0.046
-0.065
-0.073
-0.061
-0.048
-0.059
-0.071
-0.058
-0.029
0.016
0.053
0.05
0.016
-0.013
-0.025
-0.037
-0.057
-0.082
-0.089
-0.079
-0.071
-0.062
-0.048
-0.03
-0.015
0.0082
0.027
0.014
-0.019
-0.039
-0.029
-0.01
0.0069
-0.0027
-0.028
-0.052
-0.074
-0.081
-0.072
-0.045
-0.02
-0.017
-0.026
-0.041
-0.055
-0.074
-0.073
-0.053
-0.023
0.011
0.031
0.033
0.023
0.0061
-0.019
-0.047
-0.052
-0.04
-0.033
-0.026
-0.019
-0.022
-0.022
-0.011
-0.004
-0.003
0.00044
0.0015
0.0076
0.031
0.043
0.032
0.013
0.005
-0.0017
-0.0088
-0.0074
0.0013
0.018
0.033
0.033
0.018
0.01
0.0039
-0.0038
-0.0051
-0.00063
0.0092
0.017
0.022
0.026
0.027
0.027
0.022
0.0098
0.0019
0.0066
0.014
0.029
0.042
0.047
0.045
0.041
0.028
0.017
0.012
0.011
0.02
0.039
0.058
0.053
0.032
0.016
0.014
0.0097
0.02
0.039
0.046
0.055
0.065
0.061
0.05
0.048
0.044
0.034
0.034
0.04
0.041
0.04
0.055
0.062
0.054
0.049
0.063
0.068
0.069
0.072
0.075
0.087
0.088
0.074
0.053
0.037
0.029
0.026
0.029
0.036
0.044
0.035
0.027
0.029
0.032
0.033
0.03
0.028
0.028
0.025
0.018
0.014
0.018
0.027
0.024
0.012
0.012
0.024
0.031
0.038
0.035
0.019
0.008
0.012
0.022
0.042
0.048
0.033
0.023
0.022
0.025
0.029
0.035
0.04
0.045
0.047
0.04
0.033
0.031
0.033
0.027
0.012
-0.0045
-0.014
-0.007
0.0093
0.032
0.059
0.08
0.065
0.035
0.023
0.024
0.024
0.027
0.026
0.0023
-0.036
-0.048
-0.028
0.014
0.054
0.048
0.0032
-0.042
-0.072
-0.092
-0.08
-0.063
-0.062
-0.07
-0.07
-0.069
-0.082
-0.093
-0.088
-0.062
-0.041
-0.037
-0.044
-0.053
-0.052
-0.044
-0.02
-0.00081
-0.0036
-0.022
-0.028
-0.014
0.0042
0.0095
-0.0038
-0.0096
-0.011
-0.017
-0.03
-0.04
-0.031
-0.022
-0.024
-0.032
-0.043
-0.055
-0.062
-0.073
-0.091
-0.1
-0.095
-0.078
-0.061
-0.05
-0.049
-0.054
-0.05
-0.022
0.0061
0.022
0.033
0.044
0.051
0.057
0.046
0.026
0.01
-0.011
-0.028
-0.019
-0.0036
0.0024
0.002
0.0079
0.034
0.063
0.068
0.05
0.031
0.02
0.018
0.011
-0.0086
-0.026
-0.043
-0.054
-0.052
-0.03
0.0079
0.044
0.063
0.063
0.058
0.052
0.051
0.034
0.0082
-0.011
-0.021
-0.014
-0.00032
0.0073
-0.0021
-0.0058
0.0096
0.03
0.036
0.033
0.028
0.028
0.022
0.0031
-0.013
0.0047
0.038
0.046
0.031
0.0078
-0.0064
-0.0084
-0.0039
-0.0032
0.0041
0.012
0.0042
-0.0089
-0.0058
0.0087
0.0045
0.0043
0.029
0.048
0.043
0.036
0.029
0.011
-0.0009
-0.0082
-0.0076
-0.0071
-0.014
-0.014
0.0043
0.04
0.063
0.059
0.047
0.048
0.047
0.023
-0.0005
-0.0087
0.0068
0.026
0.03
0.029
0.035
0.039
0.033
0.025
0.028
0.039
0.038
0.029
0.023
0.011
-0.00066
-0.0027
-0.0049
-0.0062
-0.0047
-0.012
-0.014
-0.012
-0.027
-0.044
-0.047
-0.035
-0.028
-0.032
-0.031
-0.021
-0.0051
0.0089
0.014
0.013
0.017
0.017
0.0048
-0.014
-0.041
-0.06
-0.055
-0.029
-0.0074
-0.0039
-0.015
-0.026
-0.027
-0.024
-0.02
-0.028
-0.032
-0.022
-0.011
-0.012
-0.021
-0.029
-0.021
-0.013
-0.017
-0.022
-0.022
-0.018
-0.013
-0.0042
0.0069
0.022
0.019
0.014
0.013
0.0039
-0.0077
-0.016
-0.028
-0.032
-0.02
-0.0073
0.0021
0.0098
0.015
0.02
0.031
0.057
0.068
0.049
0.027
0.022
0.017
0.015
0.015
0.02
0.036
0.045
0.039
0.029
0.033
0.044
0.042
0.03
0.023
0.022
0.018
0.023
0.031
0.041
0.049
0.047
0.04
0.046
0.057
0.053
0.037
0.024
0.025
0.032
0.034
0.034
0.025
0.013
0.012
0.018
0.03
0.048
0.058
0.056
0.054
0.045
0.031
0.028
0.034
0.037
0.035
0.031
0.029
0.031
0.032
0.028
0.017
0.012
0.011
0.0032
-0.008
-0.018
-0.028
-0.026
-0.014
0.0014
0.0097
0.012
0.0072
0.0018
-0.0091
-0.03
-0.061
-0.076
-0.061
-0.04
-0.035
-0.045
-0.057
-0.054
-0.029
-0.012
0.0043
0.029
0.036
0.031
0.033
0.024
-4.6e-005
-0.03
-0.048
-0.044
-0.036
-0.03
-0.021
-0.011
-0.01
-0.0059
0.0054
0.017
0.015
0.00066
-0.0084
-0.0092
-0.0066
0.0029
0.021
0.033
0.044
0.03
-0.0054
-0.029
-0.038
-0.028
-0.0026
0.018
0.038
0.052
0.054
0.042
0.015
-0.021
-0.036
-0.042
-0.05
-0.044
-0.03
-0.017
-0.0086
-0.0015
0.0054
0.0066
-0.004
-0.0074
0.00011
0.007
0.017
0.014
-0.0047
-0.013
-0.016
-0.012
-0.0069
-0.023
-0.036
-0.012
0.017
0.023
0.0018
-0.029
-0.045
-0.047
-0.046
-0.042
-0.027
0.0039
0.037
0.04
0.02
-0.00026
-0.0096
-0.0098
-0.013
-0.021
-0.018
-0.0087
0.0025
0.0065
0.00069
-0.0057
-0.0017
0.0055
0.013
0.014
0.0067
0.0051
0.013
0.032
0.042
0.034
0.023
0.016
0.0034
-0.0059
-0.0061
0.0047
0.024
0.031
0.028
0.042
0.058
0.055
0.051
0.063
0.079
0.08
0.07
0.057
0.052
0.045
0.037
0.03
0.029
0.034
0.034
0.041
0.057
0.064
0.055
0.045
0.028
0.015
0.019
0.041
0.098
0.16
0.18
0.12
0.014
-0.072
-0.11
-0.11
-0.075
-0.028
0.016
0.06
0.1
0.13
0.13
0.12
0.093
0.07
0.07
0.095
0.089
0.051
0.02
0.0076
0.0067
0.019
0.045
0.07
0.077
0.047
-0.016
-0.053
-0.034
0.018
0.051
0.036
0.038
0.09
0.14
0.12
0.022
-0.062
-0.08
-0.042
0.0094
0.052
0.04
-0.027
-0.069
-0.065
-0.04
0.0005
0.045
0.074
0.081
0.055
0.016
-0.0061
-0.02
-0.035
-0.057
-0.078
-0.081
-0.074
-0.076
-0.089
-0.095
-0.062
0.027
0.094
0.073
-0.02
-0.079
-0.046
0.024
0.054
0.02
-0.038
-0.049
-0.016
0.0054
0.00044
-0.033
-0.071
-0.089
-0.085
-0.065
-0.024
0.033
0.056
0.04
0.0089
-0.013
-0.024
-0.0076
0.044
0.083
0.085
0.081
0.069
0.042
0.033
0.032
0.034
0.04
0.047
0.046
0.03
0.019
0.016
0.013
0.009
0.014
0.029
0.054
0.078
0.077
0.071
0.068
0.056
0.043
0.049
0.072
0.089
0.094
0.078
0.055
0.046
0.042
0.023
-0.0064
-0.012
0.016
0.049
0.064
0.057
0.028
0.0066
0.023
0.05
0.079
0.11
0.11
0.087
0.057
0.025
-0.011
-0.051
-0.082
-0.082
-0.055
-0.011
0.019
0.014
-0.013
-0.041
-0.043
-0.0012
0.044
0.052
0.01
-0.038
-0.053
-0.031
0.0015
0.011
-0.0044
-0.0012
0.043
0.091
0.11
0.086
0.017
-0.048
-0.067
-0.052
-0.019
0.03
0.064
0.064
0.063
0.067
0.063
0.033
0.0034
0.009
0.032
0.049
0.057
0.037
0.0065
0.014
0.054
0.091
0.089
0.049
0.0076
-0.012
-1.5e-005
0.023
0.019
0.0009
0.005
0.0097
0.023
0.042
0.05
0.057
0.054
0.033
0.012
-0.0058
-0.014
-0.0078
-0.002
-0.011
-0.023
-0.033
-0.034
-0.034
-0.043
-0.046
-0.04
-0.021
0.0082
0.039
0.059
0.06
0.037
0.0076
-0.016
-0.035
-0.039
-0.03
-0.02
-0.01
-0.006
-0.0073
-0.012
-0.015
-0.028
-0.034
-0.041
-0.049
-0.048
-0.054
-0.063
-0.06
-0.051
-0.038
-0.024
-0.024
-0.034
-0.044
-0.036
-0.0047
0.012
0.0065
-0.011
-0.043
-0.069
-0.076
-0.076
-0.076
-0.067
-0.054
-0.045
-0.047
-0.061
-0.086
-0.1
-0.11
-0.11
-0.078
-0.046
-0.026
-0.013
-0.0029
-0.0012
-0.006
-0.0027
-0.0034
-0.018
-0.024
-0.03
-0.041
-0.042
-0.039
-0.046
-0.047
-0.035
-0.021
-0.0025
0.011
0.019
0.022
0.025
0.028
0.017
0.0074
0.0014
-0.0084
-0.021
-0.015
-0.0086
-0.0081
-0.017
-0.032
-0.025
-0.011
-0.0032
0.0057
0.011
0.016
0.022
0.045
0.075
0.085
0.061
0.025
0.015
0.022
0.035
0.059
0.082
0.087
0.086
0.08
0.059
0.036
0.036
0.053
0.069
0.087
0.094
0.079
0.064
0.049
0.029
0.0065
-0.0098
-0.014
0.0088
0.035
0.034
0.014
-4.6e-005
0.0063
0.012
0.00096
-0.017
-0.022
-0.011
0.017
0.03
0.0097
-0.03
-0.068
-0.077
-0.068
-0.065
-0.058
-0.042
-0.023
-0.0095
-0.012
-0.028
-0.039
-0.056
-0.075
-0.078
-0.074
-0.071
-0.076
-0.089
-0.092
-0.075
-0.055
-0.046
-0.06
-0.078
-0.082
-0.069
-0.057
-0.057
-0.072
-0.087
-0.092
-0.098
-0.099
-0.098
-0.11
-0.11
-0.11
-0.12
-0.12
-0.13
-0.14
-0.15
-0.15
-0.15
-0.14
-0.11
-0.079
-0.07
-0.075
-0.077
-0.075
-0.079
-0.089
-0.12
-0.15
-0.15
-0.14
-0.14
-0.14
-0.13
-0.14
-0.14
-0.13
-0.11
-0.087
-0.077
-0.063
-0.051
-0.038
-0.041
-0.075
-0.13
-0.17
-0.17
-0.15
-0.11
-0.076
-0.06
-0.059
-0.054
-0.048
-0.069
-0.1
-0.11
-0.11
-0.11
-0.12
-0.13
-0.13
-0.12
-0.11
-0.12
-0.11
-0.074
-0.055
-0.055
-0.062
-0.066
-0.046
-0.0017
0.038
0.053
0.049
0.039
0.032
0.023
0.0071
0.007
0.015
0.01
-4.6e-005
0.0014
0.0057
-0.0013
0.0018
0.032
0.076
0.11
0.12
0.11
0.08
0.058
0.046
0.042
0.053
0.06
0.066
0.094
0.12
0.12
0.12
0.1
0.091
0.096
0.11
0.13
0.13
0.12
0.11
0.11
0.11
0.12
0.12
0.13
0.16
0.16
0.14
0.12
0.11
0.12
0.13
0.14
0.14
0.15
0.14
0.14
0.13
0.11
0.09
0.09
0.11
0.13
0.13
0.13
0.14
0.15
0.15
0.13
0.093
0.086
0.11
0.12
0.13
0.13
0.12
0.12
0.12
0.11
0.081
0.073
0.1
0.13
0.13
0.12
0.12
0.13
0.14
0.14
0.13
0.13
0.12
0.094
0.041
0.0034
0.01
0.046
0.065
0.019
-0.029
-0.045
-0.0065
0.081
0.15
0.16
0.13
0.12
0.096
0.064
0.048
0.0071
-0.012
0.0071
0.0093
-0.0072
-0.045
-0.056
-0.033
-0.01
0.0075
0.0061
-0.018
-0.011
-0.013
0.00023
0.026
0.023
0.022
0.022
0.047
0.062
0.039
0.0046
-0.018
-0.022
0.0098
0.038
0.021
4.6e-005
-0.013
-0.021
-0.029
-0.044
-0.052
-0.033
0.0062
0.03
0.029
0.0035
-0.015
-0.0092
0.0082
0.016
-0.0055
-0.034
-0.023
0.02
0.057
0.055
0.012
-0.036
-0.072
-0.082
-0.062
-0.033
-0.023
-0.038
-0.042
-0.043
-0.047
-0.047
-0.054
-0.053
-0.06
-0.061
-0.04
-0.024
-0.023
-0.026
-0.044
-0.075
-0.084
-0.06
-0.022
0.011
0.024
0.018
0.00032
-0.017
-0.037
-0.055
-0.055
-0.037
-0.0037
0.04
0.055
0.011
-0.053
-0.083
-0.065
-0.021
0.017
0.021
-0.0076
-0.038
-0.029
0.01
0.036
0.024
-0.015
-0.027
-0.0085
0.016
0.025
0.019
0.024
0.042
0.056
0.053
0.038
0.029
0.029
0.019
0.024
0.034
0.043
0.047
0.048
0.048
0.051
0.058
0.053
0.057
0.098
0.13
0.13
0.083
0.027
0.013
0.042
0.085
0.11
0.097
0.063
0.055
0.062
0.049
0.04
0.056
0.071
0.069
0.049
0.03
0.018
0.022
0.03
0.038
0.038
0.014
-0.015
-0.0084
0.044
0.083
0.087
0.077
0.064
0.068
0.094
0.11
0.1
0.079
0.052
0.039
0.044
0.045
0.048
0.047
0.044
0.055
0.067
0.074
0.076
0.069
0.067
0.062
0.049
0.031
0.022
0.033
0.042
0.038
0.034
0.031
0.01
-0.025
-0.047
-0.038
-0.00099
0.037
0.037
0.007
-0.019
-0.023
-0.0026
0.018
0.023
0.02
0.018
0.019
0.01
-0.0066
-0.018
-0.024
-0.03
-0.04
-0.062
-0.068
-0.039
0.0064
0.028
0.014
-0.016
-0.037
-0.024
-0.00093
0.0063
0.0016
-0.0041
-0.0046
0.0097
0.022
0.02
0.014
0.0096
-0.00087
-0.0076
0.005
0.033
0.054
0.059
0.057
0.048
0.042
0.032
0.027
0.016
0.0042
0.014
0.03
0.031
0.031
0.036
0.044
0.056
0.062
0.055
0.038
0.019
0.0047
-0.0064
-0.0079
0.0073
0.019
-0.0038
-0.038
-0.059
-0.049
-0.022
-0.01
-0.015
-0.015
-0.0043
0.007
0.011
-0.011
-0.056
-0.085
-0.081
-0.059
-0.044
-0.042
-0.044
-0.038
-0.031
-0.028
-0.029
-0.028
-0.018
0.013
0.05
0.065
0.055
0.033
0.0017
-0.018
-0.008
-0.0031
-0.021
-0.037
-0.033
-0.023
-0.02
-0.038
-0.052
-0.041
-0.03
-0.032
-0.023
-0.0015
0.027
0.051
0.055
0.041
0.027
0.018
0.025
0.024
0.021
0.013
-0.008
-0.022
-0.021
-0.012
0.0016
0.0045
-0.0046
0.0051
0.019
0.021
0.015
0.02
0.033
0.039
0.037
0.033
0.023
0.01
0.0021
-4.6e-005
0.009
0.028
0.032
0.016
0.0027
0.012
0.027
0.03
0.021
0.014
0.013
0.016
0.019
0.02
0.0064
-0.012
-0.025
-0.022
-0.0094
0.0043
0.018
0.017
0.0075
0.0018
0.007
0.025
0.04
0.04
0.028
0.015
-0.00053
-0.017
-0.035
-0.052
-0.066
-0.078
-0.082
-0.077
-0.064
-0.046
-0.022
-0.0066
-0.0039
-0.004
-0.0083
-0.015
-0.03
-0.035
-0.023
-0.02
-0.026
-0.035
-0.042
-0.041
-0.043
-0.045
-0.025
0.0016
0.0094
0.0087
0.0058
-0.0054
-0.014
-0.01
-0.014
-0.03
-0.042
-0.04
-0.026
-0.015
-0.013
-0.003
0.0063
0.016
0.031
0.026
0.013
0.0083
0.018
0.036
0.044
0.035
0.0071
-0.017
-0.02
-0.0086
0.011
0.022
0.025
0.029
0.039
0.046
0.043
0.023
0.0087
0.0083
0.0083
0.0038
-0.003
-0.018
-0.028
-0.012
0.017
0.036
0.035
0.028
0.04
0.078
0.1
0.092
0.066
0.038
0.028
0.039
0.049
0.043
0.038
0.032
0.029
0.033
0.041
0.039
0.034
0.041
0.047
0.043
0.035
0.047
0.075
0.1
0.1
0.084
0.064
0.049
0.037
0.025
0.019
0.024
0.032
0.04
0.035
0.016
-0.0013
-0.011
-0.0027
0.021
0.05
0.069
0.068
0.065
0.065
0.055
0.04
0.035
0.039
0.049
0.057
0.067
0.073
0.067
0.067
0.073
0.075
0.071
0.065
0.062
0.075
0.089
0.082
0.069
0.056
0.044
0.035
0.027
0.023
0.025
0.031
0.043
0.049
0.048
0.039
0.024
0.015
0.019
0.029
0.041
0.049
0.051
0.045
0.035
0.03
0.026
0.023
0.026
0.036
0.044
0.052
0.064
0.072
0.078
0.081
0.078
0.063
0.031
0.0045
0.004
0.021
0.023
0.0032
-0.022
-0.023
-0.0065
0.0097
0.025
0.024
0.022
0.038
0.057
0.057
0.034
-0.0033
-0.033
-0.046
-0.052
-0.059
-0.062
-0.046
-0.023
-0.0075
-0.0051
-0.016
-0.04
-0.059
-0.055
-0.048
-0.039
-0.043
-0.065
-0.075
-0.061
-0.034
-0.023
-0.027
-0.03
-0.026
-0.019
-0.016
-0.022
-0.028
-0.026
-0.02
-0.019
-0.03
-0.055
-0.083
-0.095
-0.084
-0.061
-0.043
-0.041
-0.051
-0.054
-0.053
-0.049
-0.044
-0.045
-0.052
-0.053
-0.055
-0.057
-0.055
-0.063
-0.062
-0.047
-0.031
-0.019
-0.0097
-0.0056
-0.0019
0.0044
0.0059
0.0065
0.011
0.026
0.056
0.084
0.09
0.076
0.06
0.053
0.056
0.062
0.065
0.061
0.051
0.055
0.074
0.089
0.094
0.092
0.085
0.083
0.087
0.099
0.11
0.12
0.12
0.11
0.1
0.098
0.093
0.11
0.13
0.14
0.12
0.11
0.093
0.065
0.032
-0.00032
-0.014
-0.01
-0.0049
0.0052
0.013
0.014
0.0015
-0.0018
0.014
0.036
0.045
0.047
0.055
0.05
0.033
0.0054
-0.013
-0.014
-0.016
-0.02
-0.016
0.0015
0.024
0.029
0.011
-0.019
-0.043
-0.047
-0.03
-0.011
-0.0013
0.00063
0.008
0.029
0.047
0.045
0.017
-0.028
-0.058
-0.05
-0.014
0.024
0.042
0.024
-0.012
-0.053
-0.083
-0.09
-0.083
-0.074
-0.055
-0.03
-0.031
-0.061
-0.095
-0.092
-0.058
-0.019
0.0072
0.014
0.0035
-0.0029
0.01
0.019
0.019
0.011
0.0035
0.0082
0.012
0.0052
-0.0016
0.019
0.052
0.075
0.078
0.07
0.054
0.034
0.028
0.037
0.055
0.073
0.075
0.061
0.049
0.036
0.019
0.0041
0.0049
0.017
0.018
-0.0059
-0.041
-0.051
-0.019
0.037
0.065
0.056
0.023
-0.019
-0.039
-0.017
0.013
0.025
0.019
-0.0081
-0.044
-0.064
-0.049
-0.026
-0.018
-0.022
-0.028
-0.022
-0.011
-0.014
-0.053
-0.094
-0.11
-0.081
-0.033
-0.012
-0.029
-0.053
-0.047
-0.018
-0.0092
-0.037
-0.084
-0.12
-0.13
-0.095
-0.049
-0.03
-0.053
-0.094
-0.11
-0.093
-0.079
-0.089
-0.11
-0.11
-0.092
-0.078
-0.081
-0.095
-0.1
-0.1
-0.098
-0.1
-0.09
-0.071
-0.078
-0.11
-0.14
-0.13
-0.11
-0.11
-0.11
-0.081
-0.0064
0.058
0.064
0.032
-0.0035
-0.022
-0.037
-0.04
-0.035
-0.027
-0.0079
0.012
0.014
-0.004
-0.0059
0.019
0.034
-0.0002
-0.065
-0.099
-0.048
0.06
0.12
0.081
-0.021
-0.081
-0.067
-0.042
-0.05
-0.057
-0.022
0.04
0.066
0.018
-0.061
-0.1
-0.067
0.012
0.077
0.073
0.012
-0.057
-0.1
-0.09
-0.037
-0.00011
-0.0043
-0.02
-0.012
0.018
0.038
0.033
0.024
0.021
0.029
0.013
-0.033
-0.065
-0.055
-0.022
0.015
0.024
-0.017
-0.081
-0.14
-0.16
-0.15
-0.13
-0.1
-0.071
-0.038
-0.047
-0.096
-0.15
-0.16
-0.13
-0.072
-0.03
-0.03
-0.054
-0.057
-0.028
-0.0072
-0.011
-0.024
-0.029
-0.023
-0.013
0.0054
0.029
0.037
0.031
0.0093
-0.025
-0.061
-0.074
-0.055
-0.012
0.03
0.039
0.016
-0.022
-0.045
-0.041
-0.018
0.0034
0.022
0.032
0.033
0.032
0.033
0.04
0.043
0.039
0.038
0.045
0.065
0.1
0.15
0.16
0.15
0.1
0.055
0.035
0.054
0.088
0.11
0.11
0.097
0.088
0.082
0.068
0.035
0.0048
-0.012
-0.016
-0.0042
0.018
0.033
0.03
0.0051
-0.038
-0.075
-0.086
-0.078
-0.071
-0.066
-0.051
-0.029
-0.0091
0.0035
0.002
-0.012
-0.019
-0.02
-0.014
-0.0023
0.009
0.005
-0.015
-0.03
-0.032
-0.035
-0.045
-0.041
-0.013
0.021
0.045
0.031
-0.0099
-0.044
-0.052
-0.031
-0.0022
0.0016
-0.018
-0.029
-0.027
-0.017
-0.0075
-0.0058
-0.021
-0.045
-0.055
-0.05
-0.044
-0.026
0.0014
0.02
0.023
0.00029
-0.047
-0.077
-0.071
-0.036
0.0028
0.012
-0.0061
-0.0071
0.012
0.019
0.0077
-0.012
-0.0093
0.018
0.052
0.079
0.084
0.07
0.05
0.034
0.022
0.011
-0.0069
-0.014
0.0031
0.023
0.03
0.0092
-0.031
-0.064
-0.078
-0.069
-0.04
-0.024
-0.028
-0.03
-0.033
-0.052
-0.078
-0.087
-0.083
-0.072
-0.056
-0.037
-0.031
-0.035
-0.042
-0.056
-0.067
-0.075
-0.082
-0.066
-0.031
-0.017
-0.019
-0.028
-0.039
-0.045
-0.046
-0.058
-0.068
-0.048
-0.014
0.022
0.044
0.04
0.012
-0.013
-0.014
-0.0036
0.013
0.033
0.047
0.051
0.049
0.034
0.018
0.017
0.015
0.014
0.015
0.024
0.035
0.041
0.037
0.017
-0.01
-0.022
-0.016
-0.015
-0.012
-0.0077
-0.0038
-0.0012
0.008
0.019
0.013
-0.0058
-0.028
-0.046
-0.045
-0.023
-0.0087
-0.018
-0.036
-0.05
-0.057
-0.049
-0.041
-0.036
-0.029
-0.0058
0.009
0.00081
-0.0019
0.0036
0.0074
0.013
0.02
0.018
0.0024
-0.014
-0.02
-0.022
-0.019
-0.0085
0.0096
0.043
0.083
0.12
0.15
0.18
0.18
0.15
0.12
0.095
0.097
0.12
0.15
0.14
0.093
0.021
-0.061
-0.14
-0.17
-0.16
-0.13
-0.1
-0.1
-0.11
-0.12
-0.12
-0.1
-0.075
-0.057
-0.051
-0.055
-0.059
-0.048
-0.03
-0.014
0.0015
0.015
0.024
0.038
0.07
0.12
0.17
0.19
0.19
0.18
0.2
0.21
0.21
0.18
0.13
0.062
-0.0047
-0.063
-0.098
-0.091
-0.059
-0.015
0.029
0.058
0.072
0.058
0.028
-0.0019
-0.024
-0.03
-0.023
-0.016
-0.0092
0.0046
0.017
0.034
0.071
0.16
0.23
0.27
0.31
0.33
0.35
0.37
0.36
0.32
0.25
0.23
0.26
0.33
0.38
0.41
0.43
0.45
0.43
0.36
0.3
0.25
0.24
0.26
0.3
0.33
0.31
0.26
0.19
0.13
0.095
0.07
0.041
0.013
-0.0067
-0.0088
0.014
0.039
0.041
0.032
0.03
0.035
0.048
0.07
0.086
0.098
0.11
0.13
0.12
0.098
0.076
0.07
0.078
0.086
0.078
0.062
0.042
0.023
0.0097
0.0011
0.0036
0.021
0.062
0.1
0.12
0.1
0.076
0.054
0.048
0.042
0.027
0.0081
-0.002
0.0073
0.018
0.018
-0.0016
-0.023
-0.03
-0.02
0.0029
0.027
0.034
0.026
0.024
0.026
0.022
0.014
-0.005
-0.012
0.0035
0.03
0.055
0.067
0.062
0.038
0.0074
-0.0075
0.0092
0.05
0.1
0.12
0.11
0.095
0.085
0.083
0.093
0.1
0.11
0.13
0.14
0.14
0.15
0.15
0.16
0.18
0.18
0.18
0.18
0.16
0.15
0.13
0.12
0.12
0.12
0.11
0.11
0.11
0.11
0.11
0.1
0.099
0.094
0.092
0.11
0.14
