0.0057
0.011
0.024
0.029
0.02
0.0099
0.011
0.012
0.011
0.016
0.023
0.02
0.0053
-0.021
-0.036
-0.024
-0.018
-0.014
0.0094
0.017
0.0048
0.0034
0.012
0.011
0.0096
0.01
0.0057
0.0069
0.0098
0.0056
0.0048
0.012
0.013
-0.0022
-0.026
-0.025
-0.0064
-0.0029
-0.0025
0.015
0.027
0.015
-0.011
-0.014
-0.0013
0.002
-0.0065
0.0085
0.016
0.0062
0.0047
-0.0022
-0.0034
0.0087
0.0071
-0.0093
-0.0028
0.015
0.02
0.016
0.011
0.017
0.007
-0.0059
0.0038
0.009
0.005
0.012
0.019
0.007
-0.0042
-0.011
-0.0021
0.011
0.013
0.02
0.025
0.009
-0.0028
0.016
0.016
-0.0059
-0.02
-0.016
-0.014
-0.011
-0.0011
0.012
0.0083
-0.0058
-0.015
-0.013
0.0027
0.027
0.019
-0.00047
0.0017
0.0069
0.0064
-0.0026
0.0092
0.034
0.026
-0.0083
-0.006
0.013
0.0095
-0.0037
-0.0097
0.00029
0.0051
-0.004
0.012
0.039
0.025
0.0042
0.0093
0.00026
-0.021
-0.012
0.014
0.025
0.02
0.018
0.021
0.0091
-0.0091
-0.00081
0.0088
0.00099
0.0034
0.012
0.01
0.0029
-0.0055
-0.0095
-0.014
-0.026
-0.021
0.00038
-0.005
-0.012
0.0098
0.016
0.0097
0.0029
-0.00035
0.0045
0.014
0.013
0.012
0.016
0.023
0.026
0.015
0.0087
0.0088
-0.00047
-0.013
-0.0096
-0.0033
0.0016
0.013
0.012
0.01
0.012
0.0018
-0.0074
-0.0016
0.0055
0.0035
0.0098
0.016
0.02
0.012
-0.0016
-0.0049
-0.0047
0.0023
0.0061
-0.0033
-0.0074
0.014
0.012
-0.0036
0.0022
0.015
0.014
0.007
0.00044
0.00056
-0.0059
-0.013
-0.0048
0.0063
0.0048
-0.0029
-0.012
-0.018
-0.01
-0.0063
-0.004
-0.013
-0.014
0.0031
0.0084
-0.0035
0.0063
0.023
0.0094
-0.007
-0.0023
0.0092
0.0055
0.0037
0.024
0.036
0.019
-0.00035
0.0046
0.0094
0.0046
0.0098
0.016
0.022
0.021
0.013
0.0094
0.015
0.013
0.0072
0.0087
0.0086
0.011
0.013
0.015
0.011
0.0036
0.0031
-0.0011
0.00072
0.0073
0.002
0.0026
0.012
0.022
0.019
0.017
0.013
0.006
-0.0014
-0.00032
0.0054
0.01
0.027
0.031
0.023
0.02
0.017
0.004
-0.0048
0.005
0.018
0.0098
0.0042
0.02
0.021
-0.0014
-0.0058
0.01
0.018
0.016
0.018
0.021
0.024
0.0097
-0.0039
0.003
0.012
0.022
0.013
-0.0047
-0.0085
-0.0037
-0.012
-0.012
-0.0077
-0.017
-0.022
-0.0047
0.023
0.02
-0.0015
0.015
0.041
0.018
-0.017
-0.016
0.0051
0.012
0.012
0.017
0.016
-0.0029
-0.0023
0.0097
0.0035
-0.009
0.0033
0.012
0.0016
0.0019
0.0077
0.012
0.012
-0.0026
-0.028
-0.033
-0.0095
0.0091
0.0053
-0.0092
-0.0077
-0.011
-0.029
-0.022
-0.0058
0.0076
0.021
0.017
0.0056
0.008
0.0073
-0.0014
0.0074
0.012
0.0016
0.0032
0.017
0.016
0.0051
0.0079
-0.00044
-0.015
-0.01
-0.017
-0.021
-0.00072
0.024
0.018
-0.011
-0.02
-0.013
-0.022
-0.036
-0.025
-0.013
0.00081
0.0051
-0.0013
0.0055
0.012
-0.0076
-0.03
-0.025
-0.011
-0.0093
-0.02
-0.011
0.01
0.003
-0.012
-0.011
-0.0092
-0.013
-0.018
-0.018
-0.0054
0.0017
-0.0069
-0.0056
0.0019
0.011
0.0027
-0.0094
-0.0098
-0.0019
0.0039
0.0016
0.0069
0.011
0.0061
-0.00041
0.0027
-0.0013
-0.0094
-0.00087
0.016
0.0051
-0.022
-0.026
-0.0083
-0.014
-0.02
-0.011
-0.0084
-0.019
-0.016
0.0013
0.0017
-0.0061
0.0061
0.013
0.0054
0.014
0.016
0.0052
0.0083
0.0048
-0.011
-0.01
0.0013
0.011
0.0046
-0.012
-0.018
-0.014
-0.014
-0.0091
-0.006
0.0083
0.024
0.015
0.0037
0.014
0.022
0.01
0.01
0.019
0.015
0.0087
0.014
0.016
0.0051
0.0033
0.0037
0.0026
0.0015
-0.0094
-0.0099
0.0086
0.03
0.03
0.012
0.0042
0.0039
0.0072
0.0048
0.0083
0.0074
0.016
0.023
0.012
0.011
0.016
0.0085
-0.0092
-0.0069
0.014
0.025
0.0098
-0.0043
0.0082
0.013
0.01
0.019
0.022
0.017
0.022
0.036
0.033
0.019
0.0063
0.019
0.035
0.032
0.033
0.038
0.023
0.014
0.026
0.02
0.0015
-0.0035
0.011
0.019
0.0091
0.0029
0.015
0.021
0.024
0.023
0.015
0.015
0.025
0.017
0.012
0.022
0.026
0.016
0.00069
-0.00017
0.012
0.011
-0.014
-0.017
-0.0087
-0.023
-0.053
-0.054
-0.031
-0.041
-0.056
-0.038
-0.024
-0.034
-0.043
-0.04
-0.055
-0.072
-0.066
-0.039
-0.02
-0.029
-0.034
-0.037
-0.035
-0.037
-0.039
-0.038
-0.029
-0.017
-0.0037
-0.0022
-0.023
-0.023
-0.0061
-0.0086
-0.014
-0.014
-0.013
-0.013
-0.01
0.011
0.015
0.0078
-0.0011
0.0012
0.0023
0.015
0.032
0.044
0.066
0.08
0.072
0.053
0.038
0.044
0.06
0.065
0.06
0.051
0.056
0.062
0.052
0.046
0.058
0.056
0.039
0.037
0.045
0.057
0.071
0.071
0.057
0.041
0.042
0.039
0.03
0.049
0.072
0.054
0.022
0.025
0.017
-0.0033
-0.0023
0.025
0.056
0.039
-0.0005
0.011
0.032
0.008
-0.024
-0.015
0.013
0.012
-0.012
-0.015
0.0029
0.011
0.0051
-0.021
-0.031
-0.016
0.00026
-0.0092
-0.016
-0.0064
-0.022
-0.048
-0.058
-0.052
-0.051
-0.047
-0.03
-0.014
-0.0082
-0.02
-0.033
-0.04
-0.051
-0.057
-0.041
-0.019
-0.014
-0.013
-0.021
-0.025
-0.041
-0.043
-0.026
-0.026
-0.028
-0.017
0.0036
0.0013
-0.01
-0.004
-0.014
-0.035
-0.029
-0.024
-0.013
0.014
0.033
0.02
0.012
0.018
0.024
0.012
0.012
0.016
0.019
0.042
0.05
0.048
0.048
0.043
0.033
0.036
0.038
0.038
0.032
0.034
0.054
0.054
0.037
0.046
0.07
0.068
0.05
0.041
0.053
0.07
0.064
0.044
0.03
0.034
0.042
0.025
0.01
0.02
0.036
0.024
0.0064
-0.0013
0.0079
0.021
0.02
0.022
0.0097
-0.015
-0.013
0.013
0.018
-0.0062
-0.027
-0.0072
0.008
-0.0032
-0.018
-0.02
-0.019
-0.016
-0.013
-0.015
-0.017
0.001
0.0067
-0.0026
-0.00063
-0.0025
-0.013
-0.021
-0.022
-0.019
-0.013
-0.0079
-0.008
-0.014
-0.026
-0.037
-0.039
-0.039
-0.033
-0.032
-0.026
-0.023
-0.028
-0.036
-0.035
-0.038
-0.044
-0.033
-0.027
-0.032
-0.035
-0.016
-0.0093
-0.017
-0.022
-0.033
-0.035
-0.018
-0.008
-0.003
0.0029
0.018
0.014
-0.0073
-0.019
-0.013
0.00069
0.0022
-0.0022
0.0035
0.024
0.022
0.009
0.0041
0.009
0.012
0.0065
0.0049
0.0073
0.0095
-0.0051
-0.015
-0.014
-0.015
-0.011
-0.011
-0.017
-0.019
-0.018
-0.011
0.0077
0.018
0.025
0.053
0.11
0.18
0.23
0.23
0.18
0.15
0.14
0.12
0.1
0.11
0.12
0.13
0.12
0.096
0.083
0.088
0.1
0.1
0.099
0.093
0.068
0.015
-0.015
-0.012
-0.01
-0.029
-0.062
-0.078
-0.069
-0.057
-0.053
-0.039
-0.025
-0.031
-0.049
-0.055
-0.045
-0.033
-0.021
-0.0013
0.0069
-0.014
-0.041
-0.055
-0.057
-0.041
-0.019
-0.0016
-0.001
0.00014
0.0049
0.0091
0.013
0.011
0.011
-0.0035
-0.019
-0.015
0.0082
0.02
0.027
0.043
0.051
0.048
0.025
0.00072
0.014
0.048
0.068
0.055
0.021
0.0044
0.0046
0.009
0.0054
0.017
0.027
0.03
0.032
0.038
0.027
0.011
0.009
0.011
0.0057
-0.00075
0.0034
0.005
0.0055
-0.0041
-0.024
-0.036
-0.035
-0.037
-0.03
-0.0093
0.0025
0.016
0.014
-0.015
-0.031
-0.03
-0.018
-0.014
-0.0086
0.0069
0.021
0.0072
-0.0015
0.0073
-0.0046
-0.017
-0.017
0.0032
0.021
0.0061
-0.018
-0.0037
0.027
0.031
0.0005
-0.025
-0.022
0.0046
0.025
0.045
0.057
0.048
0.026
0.013
0.015
0.026
0.028
0.018
0.025
0.049
0.048
0.021
0.0049
0.0036
0.0048
0.016
0.038
0.055
0.052
0.035
0.023
0.0022
-0.011
-0.0077
0.011
0.035
0.052
0.053
0.035
0.016
-0.0097
-0.0092
-0.0029
-0.0073
-0.0022
0.027
0.05
0.045
0.028
0.014
0.0018
-0.0057
-0.0097
-0.011
0.00087
0.018
0.027
0.026
0.028
0.016
0.0016
-0.011
0.0036
0.024
0.037
0.039
0.04
0.043
0.044
0.036
0.02
0.011
0.022
0.042
0.041
0.031
0.028
0.021
0.017
0.028
0.039
0.039
0.03
0.02
0.035
0.058
0.048
0.018
0.0086
0.024
0.034
0.029
0.02
0.018
0.02
0.021
0.025
0.013
0.0031
-0.0019
0.0077
0.025
0.026
0.0094
0.015
0.047
0.06
0.035
0.0029
-0.0025
0.012
0.023
0.02
0.0093
-0.00087
-0.0066
-0.012
-0.012
-0.014
-0.02
-0.029
-0.026
-0.02
-0.033
-0.045
-0.05
-0.056
-0.062
-0.053
-0.027
-0.011
-0.023
-0.052
-0.074
-0.081
-0.071
-0.071
-0.084
-0.1
-0.12
-0.15
-0.19
-0.21
-0.2
-0.16
-0.1
-0.067
-0.062
-0.074
-0.089
-0.14
-0.23
-0.33
-0.43
-0.49
-0.47
-0.39
-0.32
-0.26
-0.21
-0.22
-0.26
-0.33
-0.35
-0.26
-0.031
0.24
0.45
0.51
0.45
0.3
0.15
0.038
-0.038
-0.084
-0.1
-0.086
-0.025
0.084
0.19
0.25
0.24
0.23
0.26
0.35
0.44
0.49
0.44
0.34
0.22
0.11
0.0064
-0.12
-0.27
-0.36
-0.35
-0.27
-0.17
-0.093
-0.048
-0.011
0.055
0.16
0.23
0.2
0.049
-0.16
-0.33
-0.38
-0.32
-0.27
-0.25
-0.22
-0.097
0.066
0.14
0.11
0.038
-0.049
-0.14
-0.19
-0.23
-0.23
-0.23
-0.25
-0.26
-0.25
-0.22
-0.19
-0.13
-0.066
-0.02
-0.02
-0.071
-0.14
-0.19
-0.2
-0.19
-0.18
-0.17
-0.14
-0.082
-0.031
0.0087
0.018
0.0087
0.0016
0.007
0.027
0.048
0.058
0.06
0.07
0.065
0.044
0.019
-0.0014
0.0063
0.051
0.095
0.13
0.14
0.14
0.13
0.12
0.098
0.067
0.024
-0.0063
0.0047
0.051
0.1
0.11
0.083
0.068
0.057
0.04
0.032
0.035
0.051
0.084
0.11
0.13
0.12
0.091
0.068
0.068
0.077
0.089
0.11
0.13
0.13
0.13
0.12
0.12
0.12
0.12
0.14
0.16
0.17
0.18
0.21
0.22
0.23
0.23
0.22
0.2
0.17
0.16
0.17
0.18
0.18
0.15
0.12
0.12
0.13
0.12
0.099
0.088
0.093
0.11
0.12
0.11
0.091
0.052
0.025
0.03
0.045
0.046
0.029
0.0053
-0.02
-0.034
-0.019
0.012
0.021
-0.011
-0.045
-0.064
-0.07
-0.061
-0.053
-0.059
-0.071
-0.068
-0.065
-0.069
-0.093
-0.12
-0.12
-0.12
-0.12
-0.12
-0.1
-0.1
-0.096
-0.093
-0.097
-0.1
-0.11
-0.1
-0.089
-0.086
-0.08
-0.078
-0.08
-0.073
-0.056
-0.049
-0.047
-0.037
-0.02
0.0085
0.033
0.046
0.048
0.047
0.054
0.071
0.089
0.098
0.089
0.076
0.079
0.09
0.094
0.082
0.06
0.069
0.11
0.13
0.12
0.11
0.12
0.13
0.12
0.11
0.1
0.11
0.11
0.12
0.13
0.12
0.096
0.079
0.053
0.043
0.05
0.067
0.078
0.071
0.067
0.07
0.069
0.067
0.042
0.022
0.038
0.068
0.076
0.07
0.048
0.032
0.024
0.023
0.036
0.05
0.058
0.062
0.063
0.064
0.05
0.029
0.019
0.023
0.027
0.038
0.055
0.064
0.052
0.029
-0.0013
-0.029
-0.027
-0.013
0.0016
0.0047
0.0017
0.0039
0.012
0.015
-0.013
-0.05
-0.078
-0.085
-0.071
-0.028
0.0002
-0.0019
-0.0066
-0.008
-0.0085
-0.012
-0.013
0.011
0.058
0.094
0.1
0.092
0.065
0.037
0.028
0.041
0.076
0.1
0.12
0.12
0.097
0.095
0.11
0.12
0.11
0.087
0.064
0.065
0.088
0.12
0.15
0.14
0.13
0.12
0.099
0.068
0.048
0.04
0.06
0.095
0.12
0.11
0.077
0.063
0.075
0.095
0.1
0.09
0.061
0.037
0.039
0.056
0.066
0.051
0.032
0.023
0.025
0.016
0.012
0.017
0.025
0.016
0.005
0.004
0.0065
0.0054
-0.00063
-0.0066
-0.015
-0.021
-0.026
-0.02
-0.013
-0.019
-0.038
-0.045
-0.024
-0.0039
0.0077
0.006
-0.024
-0.058
-0.063
-0.038
-0.022
-0.037
-0.059
-0.057
-0.052
-0.053
-0.066
-0.083
-0.086
-0.086
-0.08
-0.076
-0.07
-0.063
-0.061
-0.072
-0.093
-0.11
-0.099
-0.073
-0.077
-0.092
-0.1
-0.11
-0.11
-0.11
-0.11
-0.1
-0.085
-0.061
-0.057
-0.067
-0.075
-0.073
-0.059
-0.037
-0.03
-0.035
-0.042
-0.056
-0.058
-0.048
-0.044
-0.041
-0.038
-0.039
-0.045
-0.053
-0.055
-0.049
-0.05
-0.038
-0.028
-0.034
-0.043
-0.039
-0.033
-0.025
-0.017
-0.024
-0.041
-0.051
-0.046
-0.036
-0.03
-0.032
-0.034
-0.026
-0.018
-0.011
-0.0076
-0.0068
-0.01
-0.011
-0.012
-0.013
-0.017
-0.014
-0.0071
-0.0086
-0.013
-0.0099
-0.0039
-0.0099
-0.012
-0.0033
0.0072
0.0059
0.004
0.013
0.019
0.0098
-0.00035
-0.0079
-0.015
-0.028
-0.035
-0.024
-0.022
-0.028
-0.025
-0.021
-0.0054
-0.0014
-0.011
-0.016
-0.0087
0.0097
0.028
0.029
0.025
0.032
0.043
0.07
0.087
0.079
0.066
0.059
0.066
0.073
0.072
0.075
0.087
0.085
0.085
0.092
0.088
0.077
0.071
0.063
0.066
0.069
0.074
0.073
0.064
0.045
0.026
0.013
0.0093
0.016
0.024
0.022
0.00038
-0.02
-0.028
-0.037
-0.045
-0.053
-0.045
-0.023
-0.0053
-0.0069
-0.023
-0.043
-0.042
-0.018
-0.0061
-0.025
-0.042
-0.033
-0.022
-0.026
-0.045
-0.058
-0.048
-0.039
-0.039
-0.037
-0.031
-0.028
-0.025
-0.037
-0.05
-0.039
-0.015
0.0079
0.011
-0.0076
-0.03
-0.049
-0.05
-0.039
-0.043
-0.045
-0.021
0.0075
0.014
0.014
0.011
0.0092
0.0083
0.011
0.0063
-0.011
-0.027
-0.027
-0.0061
0.019
0.022
0.0012
-0.022
-0.04
-0.048
-0.026
0.0034
0.0081
-0.011
-0.03
-0.048
-0.052
-0.037
-0.0082
0.025
0.037
0.03
0.0085
-0.02
-0.042
-0.06
-0.052
-0.037
-0.039
-0.044
-0.025
-0.0074
-0.0015
0.00066
-0.01
-0.021
-0.02
-0.021
-0.021
-0.009
0.023
0.039
0.028
0.0032
-0.018
-0.036
-0.042
-0.033
-0.025
-0.0073
0.0038
-0.005
-0.028
-0.048
-0.056
-0.057
-0.052
-0.046
-0.038
-0.024
-0.011
-0.015
-0.022
-0.0071
0.0072
0.014
0.017
0.014
0.016
0.04
0.05
0.025
-0.0084
-0.006
0.024
0.03
0.0069
-0.021
-0.031
-0.017
-0.0047
-0.013
-0.024
-0.029
-0.032
-0.032
-0.025
-0.013
-0.01
0.00029
0.03
0.055
0.062
0.058
0.037
0.019
0.022
0.041
0.058
0.07
0.076
0.08
0.08
0.073
0.061
0.05
0.044
0.049
0.055
0.059
0.067
0.064
0.044
0.043
0.063
0.076
0.07
0.058
0.054
0.055
0.054
0.039
0.032
0.036
0.049
0.064
0.058
0.051
0.06
0.064
0.044
0.019
0.0047
0.017
0.037
0.051
0.078
0.092
0.097
0.11
0.096
0.075
0.058
0.061
0.072
0.067
0.055
0.059
0.077
0.099
0.12
0.12
0.11
0.097
0.088
0.081
0.076
0.069
0.056
0.051
0.052
0.042
0.03
0.05
0.083
0.094
0.087
0.064
0.04
0.039
0.058
0.068
0.068
0.077
0.074
0.066
0.067
0.074
0.051
0.0033
-0.038
-0.057
-0.045
-0.0046
0.039
0.056
0.05
0.035
0.017
0.00069
-0.0082
-0.016
-0.0075
-0.00069
0.01
0.019
0.018
0.009
0.0035
-0.0054
-0.017
-0.017
-0.0061
0.014
0.039
0.065
0.077
0.072
0.059
0.036
0.013
0.0033
0.0018
-0.00069
-0.012
-0.021
-0.016
-0.016
-0.033
-0.053
-0.08
-0.096
-0.086
-0.058
-0.039
-0.028
-0.018
-0.018
-0.027
-0.043
-0.047
-0.042
-0.038
-0.039
-0.045
-0.057
-0.059
-0.054
-0.064
-0.066
-0.06
-0.046
-0.023
-0.015
-0.025
-0.047
-0.072
-0.084
-0.077
-0.069
-0.074
-0.081
-0.086
-0.087
-0.097
-0.1
-0.094
-0.087
-0.093
-0.092
-0.068
-0.049
-0.028
0.0017
0.016
-0.006
-0.049
-0.078
-0.099
-0.1
-0.084
-0.079
-0.069
-0.043
-0.029
-0.039
-0.052
-0.067
-0.063
-0.049
-0.044
-0.037
-0.025
-0.019
-0.02
-0.019
-0.026
-0.034
-0.03
-0.029
-0.033
-0.043
-0.055
-0.06
-0.05
-0.017
0.0031
0.0029
0.0055
0.017
0.025
0.025
0.018
0.0042
-0.012
-0.012
0.0052
0.022
0.028
0.018
-0.0011
-0.008
-0.0093
-0.02
-0.029
-0.022
-0.013
0.0045
0.032
0.038
0.028
0.021
0.029
0.048
0.06
0.056
0.049
0.053
0.074
0.1
0.1
0.082
0.048
0.033
0.044
0.043
0.041
0.049
0.049
0.036
0.032
0.037
0.041
0.049
0.048
0.042
0.039
0.04
0.046
0.041
0.041
0.049
0.059
0.06
0.059
0.052
0.041
0.036
0.033
0.029
0.028
0.024
0.021
0.016
0.0081
0.0096
0.016
0.029
0.045
0.044
0.035
0.03
0.026
0.036
0.044
0.03
0.022
0.042
0.058
0.05
0.018
-0.011
-0.016
-0.0043
0.0098
0.016
0.0042
-0.0056
0.0065
0.023
0.037
0.04
0.032
0.018
0.011
0.0075
0.0043
0.015
0.034
0.034
0.026
0.034
0.045
0.043
0.034
0.027
0.028
0.034
0.041
0.049
0.045
0.044
0.045
0.035
0.034
0.034
0.019
0.013
0.019
0.017
0.0085
0.0034
0.0029
0.014
0.033
0.043
0.041
0.034
0.02
0.0079
-0.002
-0.012
0.0018
0.035
0.045
0.022
-0.0013
0.0029
0.013
0.0021
-0.021
-0.038
-0.054
-0.054
-0.044
-0.057
-0.063
-0.048
-0.042
-0.042
-0.048
-0.049
-0.057
-0.059
-0.059
-0.051
-0.036
-0.026
-0.026
-0.036
-0.036
-0.03
-0.035
-0.039
-0.037
-0.039
-0.05
-0.054
-0.047
-0.048
-0.045
-0.037
-0.038
-0.039
-0.039
-0.041
-0.041
-0.031
-0.027
-0.034
-0.027
-0.017
-0.023
-0.042
-0.046
-0.037
-0.036
-0.037
-0.042
-0.052
-0.055
-0.053
-0.059
-0.056
-0.045
-0.032
-0.019
-0.015
-0.029
-0.047
-0.041
-0.023
-0.014
-0.013
-0.011
-0.02
-0.034
-0.039
-0.039
-0.041
-0.036
-0.019
0.0022
0.017
0.024
0.024
0.011
-0.0043
-0.009
-0.0042
0.0063
0.0027
-0.014
-0.033
-0.031
-0.017
-0.0081
-0.0061
-0.022
-0.025
-0.0024
0.014
0.019
0.035
0.047
0.04
0.029
0.016
-0.0092
-0.046
-0.051
-0.027
-0.01
0.0049
0.025
0.024
0.011
0.0056
0.0006
-0.00063
-0.0047
-0.018
-0.029
-0.022
0.0097
0.025
0.017
0.012
0.02
0.033
0.033
0.021
0.017
0.027
0.029
0.017
0.008
0.0026
-0.0052
0.0057
0.034
0.049
0.047
0.046
0.051
0.048
0.037
0.038
0.042
0.035
0.031
0.037
0.048
0.062
0.069
0.064
0.046
0.029
0.024
0.023
0.029
0.032
0.036
0.039
0.028
0.018
0.025
0.034
0.032
0.024
0.02
0.026
0.036
0.049
0.038
0.0065
-0.014
-0.0033
0.0095
0.016
0.02
0.031
0.037
0.028
0.018
0.025
0.033
0.04
0.049
0.054
0.042
0.031
0.035
0.033
0.026
0.026
0.03
0.033
0.026
0.0077
0.0039
0.0089
0.01
0.017
0.022
0.0096
-0.0065
-0.0041
0.0097
0.023
0.031
0.035
0.021
-0.0067
-0.026
-0.037
-0.047
-0.036
-0.015
-0.0082
-0.009
-0.025
-0.044
-0.041
-0.033
-0.025
-0.0079
0.011
0.019
0.021
0.022
0.013
0.0027
-0.0014
0.0069
0.011
0.019
0.027
0.021
0.014
0.017
0.0076
-0.0033
0.0069
0.019
0.017
0.00044
-0.022
-0.031
-0.032
-0.028
-0.018
-0.025
-0.033
-0.015
0.0067
0.02
0.034
0.032
0.023
0.015
0.0015
-0.0017
0.0059
0.0085
0.013
0.019
0.014
0.0095
0.0055
-0.0044
-0.0077
0.0048
0.021
0.03
0.031
0.043
0.053
0.058
0.057
0.054
0.03
0.0022
-0.0088
-0.017
-0.029
-0.036
-0.035
-0.025
-0.016
-0.018
-0.029
-0.028
-0.021
-0.012
0.012
0.031
0.025
0.03
0.058
0.077
0.074
0.063
0.061
0.073
0.08
0.063
0.047
0.041
0.036
0.037
0.042
0.046
0.03
0.019
0.031
0.032
0.02
0.02
0.017
-0.0071
-0.026
-0.033
-0.028
-0.0028
0.025
0.031
0.019
0.011
0.03
0.041
0.027
0.013
0.019
0.037
0.06
0.062
0.07
0.084
0.088
0.076
0.053
0.028
0.023
0.031
0.04
0.032
0.006
0.0015
0.0091
0.0036
0.0068
0.017
0.014
-0.00035
-0.01
-0.0096
0.0096
0.044
0.062
0.038
0.0051
0.0029
0.025
0.039
0.033
0.027
0.017
0.0099
0.0094
-0.0013
-0.009
-0.0075
0.0072
0.02
0.0091
-0.012
-0.019
-0.0047
0.019
0.022
0.0097
-0.0024
-0.0079
0.00044
0.023
0.033
0.024
0.011
-0.00053
-0.0031
-0.012
-0.02
-0.014
-0.0068
-0.0026
-0.00099
-0.02
-0.029
-0.024
-0.035
-0.039
-0.017
0.001
-0.0032
-0.022
-0.039
-0.04
-0.012
0.004
-0.011
-0.023
-0.022
-0.0086
0.0063
0.0015
-0.021
-0.044
-0.045
-0.03
-0.031
-0.038
-0.02
-0.014
-0.015
-0.022
-0.038
-0.041
-0.033
-0.021
-0.0088
-0.0053
-0.013
-0.024
-0.015
-0.003
-0.0083
-0.035
-0.046
-0.048
-0.05
-0.037
-0.014
-0.00066
4.6e-005
-0.003
-0.0051
-0.01
-0.017
-0.016
-0.016
-0.011
0.0069
0.011
0.0016
-0.0066
-0.015
-0.024
-0.026
-0.022
-0.017
-0.013
-0.011
-0.018
-0.027
-0.029
-0.027
-0.0096
0.0021
-0.013
-0.029
-0.027
-0.013
-0.00035
0.0047
0.0069
0.0078
0.0098
0.01
0.0032
0.0061
0.02
0.031
0.029
0.024
0.028
0.025
0.018
0.017
0.026
0.035
0.041
0.041
0.038
0.031
0.032
0.044
0.044
0.026
0.019
0.021
0.024
0.025
0.021
0.013
0.017
0.022
0.031
0.036
0.015
-0.0087
-0.013
-0.0028
0.016
0.033
0.034
0.024
0.02
0.027
0.03
0.013
0.0069
0.019
0.014
0.0038
0.023
0.031
0.022
0.022
0.024
0.02
0.0054
-0.0076
-0.0034
0.0068
0.016
0.022
0.021
0.01
0.0063
0.013
0.025
0.026
0.018
0.028
0.025
0.0048
0.0013
0.0039
-0.005
0.0022
0.033
0.052
0.039
0.023
0.026
0.032
0.027
0.033
0.039
0.022
0.004
0.0081
0.014
0.019
0.017
0.0011
-0.016
-0.02
-0.0063
0.016
0.023
0.0081
0.017
0.021
0.0006
-0.0013
0.016
0.026
0.015
0.0037
0.017
0.023
0.025
0.038
0.027
0.00017
-0.0056
0.011
0.021
0.015
0.0033
0.0014
0.0016
0.0087
0.018
0.024
0.021
0.004
-0.0087
0.0095
0.038
0.045
0.047
0.041
0.026
0.026
0.037
0.042
0.028
0.017
0.03
0.044
0.042
0.027
0.011
-0.0024
-0.014
-0.011
0.0067
0.021
0.022
0.023
0.0098
-0.01
-0.019
-0.0047
0.03
0.046
0.039
0.011
-0.018
-0.032
-0.044
-0.046
-0.043
-0.037
-0.0065
0.03
0.033
0.021
0.015
0.011
0.015
0.017
0.0065
-0.023
-0.043
-0.03
0.0042
0.039
0.06
0.036
-0.0061
-0.031
-0.029
-0.0065
0.0047
-0.015
-0.028
-0.021
-0.0006
0.024
0.021
0.013
0.023
0.035
0.036
0.0098
-0.019
-0.027
-0.026
-0.018
-0.0091
-0.004
-0.0064
-0.0051
0.016
0.023
0.0021
-0.018
-0.022
-0.024
-0.025
-0.0099
0.022
0.042
0.045
0.036
0.026
0.033
0.036
0.014
-0.0098
-0.031
-0.034
-0.033
-0.035
-0.022
-0.018
-0.015
-0.025
-0.053
-0.058
-0.053
-0.049
-0.026
-0.0034
-0.0072
-0.0049
0.009
0.022
0.021
0.0038
-0.011
-0.017
-0.015
-0.022
-0.031
-0.028
-0.028
-0.035
-0.034
-0.033
-0.047
-0.055
-0.052
-0.051
-0.06
-0.06
-0.039
-0.029
-0.029
-0.047
-0.06
-0.054
-0.051
-0.055
-0.058
-0.06
-0.057
-0.047
-0.045
-0.049
-0.056
-0.057
-0.044
-0.033
-0.0096
0.0087
-0.0077
-0.04
-0.066
-0.073
-0.057
-0.037
-0.017
-0.009
-0.0078
0.01
0.029
0.0096
-0.026
-0.051
-0.061
-0.055
-0.046
-0.04
-0.022
-0.0033
-0.00075
-0.019
-0.051
-0.069
-0.06
-0.046
-0.041
-0.039
-0.029
-0.017
-0.016
-0.028
-0.043
-0.045
-0.035
-0.027
-0.034
-0.051
-0.049
-0.034
-0.032
-0.049
-0.052
-0.032
-0.01
-0.0022
0.0014
0.0076
0.003
-0.013
-0.021
-0.016
-0.015
-0.014
-0.0066
-0.0059
-0.018
-0.024
-0.026
-0.025
-0.027
-0.051
-0.065
-0.04
-0.022
-0.02
-0.015
-0.0096
-0.013
-0.021
-0.027
-0.03
-0.022
0.00044
0.015
0.0079
0.0016
0.011
0.019
0.028
0.024
0.0072
0.0061
0.021
0.024
0.035
0.044
0.037
0.031
0.03
0.023
0.015
0.025
0.038
0.031
0.0097
-0.018
-0.047
-0.071
-0.066
-0.049
-0.029
-0.0087
4.6e-005
-0.0046
-0.01
-0.0048
-0.0015
0.0023
0.014
0.025
0.023
0.028
0.049
0.062
0.062
0.051
0.031
0.011
0.0036
0.014
0.036
0.052
0.038
0.0071
-0.0059
0.0036
0.021
0.037
0.031
0.0025
-0.0064
0.008
0.021
0.022
0.0074
-0.0035
-0.0066
-0.014
-0.0099
-0.0082
0.003
0.022
0.028
0.016
0.011
0.021
0.039
0.058
0.064
0.063
0.044
0.014
0.0011
0.0061
0.0097
-0.0058
-0.012
0.0087
0.024
0.031
0.045
0.047
0.031
0.0055
-0.029
-0.043
-0.049
-0.052
-0.028
0.007
0.033
0.046
0.039
0.016
-0.0013
-0.0024
0.016
0.04
0.049
0.043
0.01
-0.0089
0.003
0.02
0.019
0.011
0.00023
-0.021
-0.039
-0.066
-0.076
-0.058
-0.049
-0.051
-0.051
-0.031
0.0011
0.031
0.043
0.037
0.016
0.0002
-0.016
-0.03
-0.021
-0.0034
0.004
-0.00032
-0.01
-0.024
-0.035
-0.039
-0.038
-0.042
-0.055
-0.065
-0.063
-0.059
-0.054
-0.052
-0.051
-0.042
-0.027
-0.025
-0.028
-0.027
-0.02
-0.0047
-0.00075
-0.0091
-0.02
-0.035
-0.053
-0.055
-0.046
-0.044
-0.055
-0.072
-0.075
-0.075
-0.09
-0.1
-0.11
-0.11
-0.087
-0.061
-0.041
-0.02
-0.01
-0.016
-0.029
-0.042
-0.027
0.0061
0.032
0.037
0.024
0.015
0.006
4.6e-005
0.019
0.023
-0.0025
-0.012
-0.0056
-0.011
-0.0012
0.01
0.0086
-0.0021
-0.024
-0.048
-0.058
-0.053
-0.046
-0.024
0.0067
0.038
0.05
0.038
0.029
0.016
0.016
0.03
0.03
0.019
0.03
0.048
0.042
0.03
0.013
0.0072
0.0091
-0.0021
-0.011
-0.014
-0.00084
0.0077
0.0052
-0.01
-0.026
-0.037
-0.028
-0.0043
0.013
0.039
0.063
0.074
0.071
0.069
0.066
0.062
0.053
0.052
0.064
0.076
0.085
0.077
0.042
0.011
-0.00099
-0.0039
-0.0021
-0.00069
0.004
0.025
0.043
0.041
0.031
0.03
0.042
0.057
0.065
0.07
0.066
0.061
0.065
0.066
0.053
0.028
0.0087
0.0086
0.014
0.0069
-0.0069
-0.0056
0.015
0.04
0.051
0.051
0.053
0.053
0.05
0.049
0.053
0.057
0.049
0.037
0.029
0.027
0.033
0.04
0.033
0.027
0.022
0.0093
-0.0015
0.0027
0.0079
0.016
0.033
0.043
0.045
0.043
0.04
0.042
0.048
0.047
0.038
0.036
0.044
0.058
0.06
0.052
0.031
0.0076
0.0047
0.012
0.012
0.019
0.029
0.021
0.018
0.024
0.035
0.046
0.043
0.039
0.049
0.071
0.074
0.057
0.035
0.022
0.012
0.007
0.023
0.026
0.02
0.018
0.021
0.026
0.03
0.017
-0.0011
-0.0031
0.019
0.046
0.054
0.059
0.056
0.027
0.008
0.017
0.023
0.018
0.019
0.032
0.061
0.089
0.086
0.068
0.051
0.045
0.043
0.035
0.025
0.017
0.026
0.053
0.079
0.087
0.081
0.068
0.053
0.038
0.028
0.026
0.035
0.046
0.059
0.069
0.079
0.08
0.07
0.055
0.044
0.04
0.032
0.019
0.017
0.022
0.036
0.053
0.072
0.088
0.092
0.094
0.085
0.06
0.033
0.015
0.0074
0.019
0.027
0.022
0.0063
-0.014
-0.019
-0.0098
-0.003
-0.0023
-0.0047
-0.012
-0.0094
0.0018
0.022
0.047
0.047
0.037
0.033
0.027
0.017
0.013
0.013
0.024
0.035
0.028
0.022
0.016
0.008
0.0015
-0.011
-0.027
-0.04
-0.041
-0.036
-0.029
-0.024
-0.014
-0.011
-0.0044
0.01
0.022
0.022
0.021
0.029
0.039
0.045
0.048
0.045
0.036
0.033
0.031
0.019
0.0049
0.0062
0.005
-0.0021
-0.0016
0.0017
0.0061
0.016
0.028
0.049
0.072
0.074
0.067
0.071
0.069
0.06
0.048
0.033
0.025
0.027
0.043
0.073
0.087
0.079
0.067
0.051
0.049
0.058
0.058
0.043
0.03
0.023
0.032
0.036
0.025
0.01
0.0055
0.0053
0.011
0.02
0.028
0.031
0.037
0.057
0.067
0.065
0.058
0.04
0.023
0.022
0.025
0.021
0.0073
-0.0066
-0.0057
0.012
0.027
0.03
0.031
0.037
0.047
0.053
0.052
0.04
0.013
0.0034
0.0072
0.0049
0.0015
0.0093
0.013
0.0069
-0.0048
-0.016
-0.013
-0.0082
-0.0022
0.0065
0.012
0.022
0.03
0.031
0.017
-0.0031
-0.033
-0.051
-0.056
-0.05
-0.039
-0.027
-0.017
-0.014
-0.013
-0.0072
-0.0052
-0.011
-0.015
-0.029
-0.038
-0.033
-0.029
-0.033
-0.031
-0.023
-0.016
-0.017
-0.034
-0.042
-0.03
-0.02
-0.026
-0.034
-0.032
-0.017
-0.0069
-0.0098
-0.017
-0.034
-0.053
-0.061
-0.066
-0.074
-0.076
-0.069
-0.05
-0.031
-0.025
-0.014
0.0069
0.019
0.019
0.015
0.017
0.033
0.043
0.037
0.016
0.0019
0.0081
0.02
0.019
0.0019
-0.02
-0.029
-0.033
-0.04
-0.037
-0.029
-0.029
-0.027
-0.017
-0.0043
0.0069
0.009
-0.0087
-0.032
-0.043
-0.036
-0.021
-0.013
-0.0095
-0.0096
-0.015
-0.017
-0.023
-0.037
-0.045
-0.036
-0.0067
0.036
0.064
0.065
0.06
0.043
0.02
0.0052
-0.0039
-0.015
-0.031
-0.031
-0.012
0.0083
0.022
0.0083
-0.018
-0.039
-0.038
-0.037
-0.03
-0.022
-0.026
-0.027
-0.014
0.0037
0.013
0.014
0.0055
-0.0043
-0.013
-0.0064
-0.0089
-0.024
-0.027
-0.023
-0.019
-0.015
-0.0018
0.018
0.028
0.015
0.0022
-0.0037
-0.02
-0.04
-0.047
-0.038
-0.012
0.014
0.017
0.0044
-0.014
-0.035
-0.058
-0.074
-0.077
-0.075
-0.074
-0.068
-0.06
-0.055
-0.032
0.0011
0.014
-0.0019
-0.027
-0.038
-0.039
-0.028
-0.017
0.0035
0.025
0.031
0.021
0.014
0.0078
-0.0029
-0.019
-0.024
-0.031
-0.04
-0.037
-0.021
-0.007
-0.00032
0.011
0.021
0.029
0.032
0.026
0.019
0.018
0.021
0.02
0.019
0.025
0.037
0.054
0.068
0.07
0.063
0.052
0.035
0.029
0.037
0.05
0.067
0.076
0.081
0.095
0.11
0.1
0.077
0.029
-0.01
-0.021
-0.0038
0.018
0.031
0.035
0.04
0.04
0.039
0.044
0.041
0.044
0.046
0.039
0.028
0.02
0.019
0.025
0.036
0.04
0.033
0.006
-0.017
-0.025
-0.024
-0.014
-0.0011
0.0083
0.0074
0.002
-0.00056
0.0087
0.015
0.0058
-0.00063
-0.002
-0.015
-0.032
-0.042
-0.051
-0.057
-0.056
-0.048
-0.044
-0.042
-0.034
-0.018
-0.018
-0.032
-0.048
-0.057
-0.054
-0.051
-0.046
-0.05
-0.063
-0.085
-0.093
-0.097
-0.094
-0.079
-0.055
-0.036
-0.025
-0.022
-0.024
-0.039
-0.05
-0.052
-0.059
-0.059
-0.05
-0.048
-0.062
-0.077
-0.078
-0.07
-0.063
-0.064
-0.073
-0.068
-0.049
-0.038
-0.049
-0.058
-0.058
-0.057
-0.045
-0.032
-0.024
-0.019
-0.018
-0.027
-0.038
-0.042
-0.038
-0.036
-0.035
-0.032
-0.036
-0.037
-0.033
-0.032
-0.028
-0.021
-0.019
-0.029
-0.051
-0.078
-0.094
-0.088
-0.071
-0.046
-0.029
-0.019
-0.013
-0.011
-0.02
-0.039
-0.05
-0.041
-0.011
0.024
0.047
0.036
0.0097
-0.00099
-0.0063
-0.0082
-0.0086
-0.013
-0.02
-0.01
0.0072
0.02
0.028
0.03
0.04
0.049
0.04
0.034
0.037
0.029
0.011
-0.0035
-0.006
-0.00044
-0.0031
-0.0065
0.0049
0.014
0.0083
-0.0024
-0.0049
0.0098
0.028
0.043
0.039
0.024
0.015
0.01
-0.0085
-0.029
-0.035
-0.024
-0.009
0.0056
0.025
0.045
0.064
0.082
0.096
0.093
0.077
0.052
0.02
0.0052
0.014
0.042
0.075
0.1
0.12
0.12
0.1
0.086
0.086
0.096
0.1
0.093
0.064
0.038
0.029
0.045
0.069
0.077
0.06
0.042
0.048
0.061
0.064
0.045
0.023
0.023
0.025
0.029
0.031
0.034
0.044
0.044
0.034
0.022
0.012
-0.0033
-0.0076
-0.003
0.013
0.034
0.047
0.055
0.061
0.06
0.059
0.061
0.065
0.073
0.072
0.072
0.073
0.054
0.037
0.031
0.031
0.035
0.04
0.029
0.022
0.036
0.042
0.025
0.00029
-0.0078
-0.0021
4.6e-005
-0.0078
-0.017
-0.025
-0.026
-0.022
-0.018
-0.011
-0.011
-0.013
-0.0074
0.0011
0.012
0.028
0.035
0.025
0.0034
-0.015
-0.024
-0.019
-0.0072
-0.0017
-0.0068
-0.012
-0.019
-0.031
-0.027
-0.012
0.003
0.018
0.032
0.032
0.027
0.029
0.025
0.01
-0.0064
-0.011
-0.0082
-0.0056
0.0011
0.0029
-0.0043
-0.0046
0.012
0.018
0.012
0.0093
0.0033
0.0041
0.015
0.014
-0.0062
-0.028
-0.031
-0.027
-0.027
-0.026
-0.023
-0.022
-0.021
-0.023
-0.03
-0.033
-0.036
-0.042
-0.034
-0.013
0.002
-0.0036
-0.015
-0.021
-0.022
-0.032
-0.037
-0.037
-0.031
-0.01
0.0059
0.014
0.0074
-0.007
-0.018
-0.031
-0.043
-0.042
-0.043
-0.046
-0.037
-0.028
-0.028
-0.037
-0.053
-0.074
-0.085
-0.085
-0.074
-0.051
-0.037
-0.039
-0.045
-0.042
-0.033
-0.023
-0.021
-0.031
-0.048
-0.064
-0.067
-0.059
-0.048
-0.04
-0.037
-0.032
-0.026
-0.033
-0.033
-0.03
-0.023
-0.011
-0.014
-0.022
-0.025
-0.017
-0.0091
-0.0055
-0.008
-0.0093
-0.011
-0.0054
0.001
-0.0054
-0.016
-0.018
-0.01
0.0063
0.022
0.027
0.024
0.021
0.02
0.021
0.018
0.017
0.02
0.016
0.012
0.012
0.0066
0.0024
0.014
0.024
0.02
0.021
0.025
0.027
0.029
0.031
0.038
0.051
0.057
0.058
0.049
0.038
0.04
0.051
0.069
0.075
0.055
0.032
0.018
0.029
0.049
0.06
0.049
0.028
0.016
0.028
0.055
0.074
0.084
0.09
0.091
0.082
0.061
0.031
0.0081
0.018
0.053
0.081
0.082
0.074
0.065
0.043
0.027
0.028
0.038
0.048
0.045
0.024
0.01
0.011
0.026
0.046
0.051
0.041
0.038
0.053
0.065
0.069
0.053
0.037
0.032
0.022
0.013
0.013
0.019
0.023
0.016
0.0097
0.0019
-0.0071
-0.0044
0.0013
0.00096
-0.0011
-0.0029
-0.019
-0.033
-0.026
-0.0032
0.019
0.029
0.03
0.021
0.0056
-0.0024
-0.0073
-0.01
-0.00096
-0.0025
-0.027
-0.047
-0.048
-0.035
-0.024
-0.021
-0.025
-0.031
-0.04
-0.051
-0.058
-0.062
-0.062
-0.053
-0.047
-0.056
-0.074
-0.078
-0.072
-0.069
-0.073
-0.073
-0.063
-0.056
-0.056
-0.067
-0.073
-0.073
-0.077
-0.074
-0.068
-0.052
-0.037
-0.037
-0.05
-0.066
-0.073
-0.072
-0.068
-0.065
-0.064
-0.059
-0.047
-0.032
-0.022
-0.023
-0.033
-0.045
-0.044
-0.031
-0.023
-0.015
-0.0099
-0.02
-0.028
-0.03
-0.037
-0.045
-0.04
-0.027
-0.004
0.014
-0.0016
-0.041
-0.064
-0.051
-0.03
-0.023
-0.027
-0.029
-0.037
-0.034
-0.022
-0.015
-0.015
-0.022
-0.024
-0.024
-0.023
-0.016
-0.0042
0.0069
0.0083
0.011
0.024
0.028
0.015
0.00017
-0.01
-0.014
-0.0097
-0.0073
-0.0016
0.0058
0.014
0.021
0.02
0.013
0.01
0.016
0.027
0.032
0.024
0.01
0.014
0.029
0.036
0.042
0.048
0.045
0.039
0.031
0.014
0.011
0.028
0.041
0.047
0.055
0.058
0.048
0.045
0.049
0.051
0.046
0.045
0.048
0.05
0.063
0.068
0.056
0.044
0.045
0.061
0.082
0.1
0.11
0.1
0.078
0.062
0.06
0.061
0.076
0.092
0.1
0.099
0.098
0.097
0.098
0.094
0.086
0.078
0.077
0.084
0.091
0.1
0.11
0.11
0.11
0.11
0.1
0.087
0.075
0.068
0.077
0.097
0.1
0.089
0.077
0.074
0.08
0.085
0.084
0.076
0.072
0.085
0.098
0.097
0.09
0.085
0.083
0.077
0.07
0.068
0.074
0.077
0.075
0.061
0.044
0.028
0.024
0.044
0.071
0.085
0.088
0.076
0.056
0.03
0.015
0.015
0.019
0.025
0.023
0.02
0.028
0.034
0.026
0.02
0.037
0.052
0.035
0.005
-0.019
-0.039
-0.037
-0.011
0.009
0.014
0.011
0.0012
-0.0066
-0.0037
0.01
0.024
0.017
-0.0094
-0.039
-0.054
-0.048
-0.027
-0.023
-0.026
-0.029
-0.034
-0.023
-0.016
-0.017
-0.015
-0.014
-0.024
-0.044
-0.067
-0.081
-0.066
-0.042
-0.025
-0.029
-0.04
-0.036
-0.029
-0.031
-0.041
-0.057
-0.082
-0.097
-0.09
-0.066
-0.044
-0.041
-0.042
-0.041
-0.045
-0.043
-0.042
-0.053
-0.057
-0.048
-0.036
-0.024
-0.027
-0.03
-0.025
-0.026
-0.032
-0.026
-0.012
-0.011
-0.017
-0.018
-0.028
-0.047
-0.056
-0.055
-0.043
-0.029
-0.017
-0.011
-0.0076
-0.01
-0.017
-0.015
0.00063
0.011
0.02
0.028
0.018
-0.0024
-0.0064
0.0021
0.015
0.026
0.03
0.036
0.038
0.052
0.074
0.082
0.072
0.05
0.019
-0.0042
0.0036
0.04
0.063
0.052
0.032
0.018
0.012
0.026
0.032
0.016
0.0024
-0.00069
0.0076
0.03
0.056
0.066
0.063
0.052
0.053
0.11
0.14
0.12
0.0024
-0.14
-0.16
-0.088
0.018
0.089
0.12
0.16
0.15
0.095
0.062
0.042
0.042
0.041
0.018
0.02
0.062
0.13
0.16
0.11
0.079
0.06
0.042
0.03
0.015
0.032
0.051
0.1
0.13
0.12
0.11
0.056
0.0048
0.00078
0.014
0.038
0.046
-0.0011
-0.023
0.00029
0.054
0.1
0.11
0.1
0.1
0.092
0.054
0.013
-0.0035
0.0083
0.053
0.091
0.087
0.063
0.042
0.032
0.024
0.029
0.035
0.033
0.033
0.053
0.064
0.064
0.069
0.037
-0.012
-0.036
-0.024
0.016
0.055
0.074
0.062
0.041
0.032
0.029
0.02
0.01
0.0044
-0.0024
-0.012
-0.027
-0.044
-0.053
-0.048
-0.03
-0.01
-0.021
-0.048
-0.048
-0.033
-0.0044
0.0099
-0.015
-0.064
-0.1
-0.093
-0.055
-0.022
-0.004
-0.0023
-0.027
-0.063
-0.084
-0.077
-0.035
0.011
0.022
0.022
0.027
0.044
0.063
0.062
0.029
-0.025
-0.065
-0.057
-0.014
0.015
0.032
0.037
0.014
-0.019
-0.033
-0.038
-0.044
-0.039
-0.026
-0.033
-0.057
-0.073
-0.083
-0.092
-0.079
-0.051
-0.033
-0.024
-0.012
-0.0066
0.011
0.033
0.026
-0.012
-0.054
-0.069
-0.05
-0.0081
0.035
0.056
0.038
0.0014
-0.018
0.0047
0.055
0.099
0.11
0.079
0.017
-0.027
-0.018
0.012
0.031
0.03
0.018
0.01
0.0051
0.0073
0.018
0.024
0.03
0.025
0.0031
-0.026
-0.036
-0.0079
0.042
0.071
0.063
0.024
-0.006
-0.019
-0.022
-0.02
-0.0025
0.014
0.0034
-0.013
-0.016
-0.0054
0.013
0.026
0.016
0.00035
-0.0019
0.0005
0.0029
-0.0049
-0.022
-0.036
-0.035
-0.015
0.0087
0.026
0.034
0.021
-0.012
-0.031
-0.025
-0.0075
0.0045
-0.007
-0.021
-0.015
0.0078
0.019
0.019
0.018
0.022
0.018
0.0024
-0.0016
0.0023
0.018
0.041
0.063
0.068
0.051
0.02
-0.012
-0.02
0.0055
0.043
0.058
0.053
0.039
0.024
0.02
0.023
0.019
0.015
0.024
0.031
0.041
0.065
0.078
0.072
0.065
0.063
0.054
0.046
0.037
0.028
0.028
0.038
0.046
0.04
0.027
0.014
0.0096
0.026
0.039
0.044
0.054
0.043
0.042
0.058
0.072
0.071
0.065
0.059
0.05
0.045
0.05
0.044
0.035
0.033
0.035
0.035
0.029
0.021
0.019
0.03
0.05
0.044
0.024
0.0052
-0.0011
0.015
0.02
0.0079
0.0023
1.5e-005
-0.00099
0.005
0.0017
-0.0098
-0.013
-0.012
-0.0079
-0.0047
0.0016
0.0087
0.00044
-0.0058
-0.011
-0.031
-0.035
-0.022
-0.024
-0.029
-0.023
-0.025
-0.03
-0.029
-0.029
-0.032
-0.025
-0.016
-0.012
-0.025
-0.053
-0.07
-0.081
-0.078
-0.06
-0.036
-0.023
-0.023
-0.025
-0.031
-0.041
-0.057
-0.06
-0.044
-0.018
-0.00072
-0.018
-0.039
-0.046
-0.041
-0.016
0.0012
-0.013
-0.034
-0.034
-0.024
-0.0093
-0.013
-0.021
-0.0084
0.0082
0.017
0.027
0.033
0.024
0.011
-0.0039
-0.008
-0.00093
0.0099
0.03
0.031
0.001
-0.034
-0.055
-0.043
-0.024
-0.016
-0.016
-0.012
-0.014
-0.0074
0.0071
0.0064
-0.0035
-0.005
-0.0005
0.007
0.02
0.031
0.028
0.027
0.032
0.03
0.025
0.015
-0.0063
-0.015
0.0097
0.044
0.063
0.059
0.042
0.028
0.033
0.044
0.047
0.037
0.012
0.0073
0.02
0.028
0.023
0.015
0.014
0.021
0.034
0.054
0.081
0.11
0.12
0.11
0.06
0.03
0.024
0.031
0.042
0.054
0.075
0.089
0.085
0.057
0.025
-0.004
-0.01
0.0042
0.013
0.015
0.023
0.035
0.043
0.039
0.025
0.0089
0.0021
0.0027
-0.0091
-0.022
-0.014
0.00081
0.0027
-0.006
-0.025
-0.044
-0.035
-0.0061
0.015
0.026
0.023
0.015
0.0066
0.0026
0.0054
0.0058
0.0035
0.011
0.022
0.024
0.026
0.03
0.031
0.028
0.018
0.013
0.0056
-0.013
-0.023
-0.016
-0.00044
0.011
0.017
0.0092
-0.0066
-0.016
-0.019
-0.017
-0.015
-0.019
-0.022
-0.023
-0.025
-0.027
-0.025
-0.013
4.6e-005
0.0065
0.0058
0.0038
0.0024
-0.0047
-0.013
-0.0061
0.013
0.026
0.032
0.03
0.016
0.011
0.016
0.021
0.033
0.041
0.039
0.028
0.014
0.004
-0.0016
0.0042
0.016
0.02
0.017
0.02
0.015
0.0028
0.0044
0.012
0.023
0.027
0.017
0.0065
0.0047
0.011
0.0043
-0.0043
-0.011
-0.014
-0.022
-0.03
-0.029
-0.026
-0.013
-0.00099
-0.0051
-0.029
-0.05
-0.05
-0.036
-0.015
0.00038
-0.002
-0.015
-0.01
0.0014
0.0014
-0.0022
-0.01
-0.021
-0.023
-0.012
-0.0014
0.0023
-0.0018
-0.0094
-0.01
-0.0042
0.00093
-0.0047
-0.0095
-0.007
-0.0047
-0.0043
-0.0071
-0.019
-0.03
-0.035
-0.037
-0.043
-0.043
-0.043
-0.032
-0.014
-0.0054
-0.011
-0.026
-0.036
-0.038
-0.023
-0.01
-0.012
-0.024
-0.03
-0.032
-0.035
-0.027
-0.0071
0.008
0.0097
-0.011
-0.039
-0.044
-0.029
-0.013
-0.0069
-0.013
-0.014
0.0042
0.023
0.024
0.0062
-0.015
-0.017
0.0006
0.019
0.034
0.035
0.025
0.015
0.0092
0.01
0.017
0.021
0.013
-0.0063
-0.02
-0.0086
0.0088
0.011
0.015
0.015
0.0083
0.0021
-0.005
-7.6e-005
0.016
0.028
0.016
-0.0031
-0.0099
-0.0062
-0.015
-0.046
-0.06
-0.049
-0.018
0.0075
-0.00075
-0.033
-0.053
-0.048
-0.033
-0.021
-0.014
-0.0036
0.0093
0.012
0.0036
-0.016
-0.026
-0.024
-0.02
-0.016
-0.0053
0.0023
0.0053
0.0068
-0.0035
-0.00072
0.012
0.013
0.0049
0.0015
0.0057
0.024
0.048
0.057
0.056
0.055
0.045
0.011
-0.041
-0.062
-0.043
-0.018
-0.0039
-0.0041
0.0072
0.036
0.058
0.051
0.031
0.012
-0.0039
-0.012
-0.017
-0.031
-0.038
-0.026
0.0024
0.025
0.029
0.019
0.013
0.025
0.031
0.0083
-0.012
-0.014
-0.0051
0.0079
0.025
0.043
0.057
0.067
0.062
0.05
0.041
0.037
0.027
0.0055
-0.0043
-0.0055
-0.0055
0.0047
0.029
0.051
0.052
0.038
0.013
-0.017
-0.035
-0.03
-0.01
0.0074
0.011
-0.015
-0.036
-0.022
0.012
0.032
0.025
0.017
0.017
0.012
-0.0072
-0.018
-0.015
-0.0074
-0.011
-0.037
-0.07
-0.086
-0.081
-0.063
-0.042
-0.032
-0.033
-0.033
-0.035
-0.037
-0.039
-0.039
-0.029
-0.013
-0.0012
0.0079
0.008
0.01
0.028
0.038
0.037
0.034
0.033
0.038
0.045
0.048
0.045
0.037
0.023
0.013
0.0027
-0.0049
-0.0051
-0.013
-0.026
-0.046
-0.068
-0.066
-0.054
-0.058
-0.075
-0.085
-0.083
-0.061
-0.029
-0.014
-0.02
-0.03
-0.033
-0.019
0.002
0.0059
-0.014
-0.024
-0.0086
0.0085
0.011
-0.0032
-0.035
-0.055
-0.044
-0.033
-0.039
-0.055
-0.06
-0.05
-0.039
-0.036
-0.025
0.01
0.05
0.068
0.039
-0.0092
-0.014
0.032
0.061
0.019
-0.063
-0.097
-0.055
-0.031
-0.069
-0.13
-0.15
-0.094
-0.024
0.038
0.065
0.04
-0.0084
-0.029
0.0017
0.042
0.068
0.072
0.045
-0.033
-0.13
-0.16
-0.14
-0.099
-0.073
-0.052
-0.044
-0.04
-0.046
-0.083
-0.12
-0.1
-0.05
-0.01
-4.6e-005
0.00093
-0.012
-0.031
-0.029
-0.025
-0.032
-0.0053
0.024
0.012
-0.013
-0.023
-0.00011
0.037
0.044
0.017
-0.0083
0.0047
0.039
0.048
0.025
-0.0054
-0.023
-0.025
-0.021
-0.047
-0.09
-0.099
-0.044
0.032
0.083
0.085
0.035
-0.0058
0.003
0.031
0.044
0.043
0.035
0.034
0.042
0.039
0.015
-0.018
-0.044
-0.052
-0.061
-0.076
-0.078
-0.06
-0.021
0.021
0.034
0.021
0.0039
0.0019
0.021
0.049
0.057
0.041
0.0093
-0.018
-0.015
-0.0081
-0.034
-0.073
-0.084
-0.049
-0.014
-0.012
-0.025
-0.027
-0.012
0.0096
0.018
0.01
-0.0032
-0.0068
0.019
0.06
0.072
0.04
-0.012
-0.032
-0.013
0.012
0.014
-0.0015
-0.012
-0.023
-0.03
-0.024
-0.0058
0.027
0.071
0.11
0.12
0.084
0.045
0.013
0.0027
0.019
0.028
0.01
-0.015
-0.038
-0.048
-0.034
0.0058
0.053
0.09
0.094
0.067
0.046
0.05
0.071
0.086
0.086
0.081
0.079
0.069
0.059
0.06
0.063
0.065
0.061
0.053
0.053
0.06
0.075
0.091
0.11
0.11
0.11
0.094
0.058
0.035
0.029
0.027
0.022
0.022
0.035
0.049
0.055
0.047
0.039
0.044
0.045
0.043
0.045
0.047
0.044
0.05
0.056
0.045
0.033
0.036
0.039
0.021
-0.018
-0.042
-0.027
0.0033
0.022
0.02
0.0063
-0.0047
-0.014
-0.016
-0.0087
0.013
0.044
0.061
0.049
0.021
-0.0022
-0.012
-0.012
-0.015
-0.022
-0.015
0.015
0.06
0.084
0.072
0.026
-0.022
-0.04
-0.031
-0.016
-0.014
-0.013
0.00072
0.014
0.01
-0.0024
-0.014
-0.026
-0.034
-0.032
-0.017
-0.005
0.0035
0.0091
0.0076
0.0072
-0.0042
-0.031
-0.044
-0.045
-0.042
-0.021
0.016
0.053
0.068
0.048
0.01
-0.019
-0.034
-0.028
-0.00029
0.021
0.018
-0.016
-0.054
-0.059
-0.043
-0.038
-0.04
-0.043
-0.04
-0.032
-0.032
-0.041
-0.048
-0.041
-0.034
-0.032
-0.028
-0.019
-0.015
-0.008
0.00026
0.009
0.0049
-0.012
-0.032
-0.041
-0.046
-0.036
-0.014
-0.0088
-0.016
-0.033
-0.047
-0.038
-0.016
0.0045
0.0092
0.0065
0.012
0.01
-0.0038
-0.0031
0.0047
-0.0099
-0.031
-0.036
-0.019
0.0022
0.0092
0.0068
-0.00035
-0.0071
-0.015
-0.029
-0.044
-0.055
-0.062
-0.063
-0.05
-0.035
-0.042
-0.051
-0.047
-0.025
-0.017
-0.024
-0.032
-0.039
-0.036
-0.026
-0.019
-0.024
-0.022
-0.0057
0.011
0.014
0.0024
-0.011
-0.021
-0.039
-0.06
-0.069
-0.062
-0.034
-0.0029
-0.0058
-0.046
-0.078
-0.08
-0.062
-0.046
-0.044
-0.051
-0.057
-0.053
-0.048
-0.045
-0.032
-0.013
-0.0075
-0.01
-0.013
-0.019
-0.019
-0.011
-0.0053
-0.003
0.0035
0.012
0.016
0.0091
-0.012
-0.031
-0.034
-0.015
0.0067
0.015
0.0085
0.002
-0.00066
-0.0057
-0.016
-0.027
-0.024
-0.014
-0.013
-0.018
-0.017
-0.01
-0.017
-0.022
-0.013
-0.00026
0.0042
-0.0041
-0.018
-0.025
-0.025
-0.035
-0.05
-0.062
-0.066
-0.05
-0.02
0.0081
0.031
0.04
0.022
-0.0025
-0.0058
-0.00011
-0.0089
-0.012
0.0041
0.015
0.019
0.027
0.033
0.035
0.052
0.07
0.073
0.064
0.037
0.013
0.017
0.039
0.052
0.04
0.01
-0.021
-0.042
-0.055
-0.054
-0.039
-0.013
0.0059
0.011
0.0064
-0.0041
-0.0058
0.0078
0.031
0.046
0.036
0.0053
-0.0053
0.015
0.032
0.036
0.038
0.047
0.055
0.06
0.067
0.065
0.051
0.032
0.019
0.013
0.016
0.026
0.033
0.031
0.025
0.014
0.00093
-0.00014
0.013
0.028
0.019
-0.0031
-0.019
-0.013
-0.00044
0.0014
-0.0075
-0.0033
0.015
0.033
0.039
0.033
0.024
0.013
1.5e-005
-0.013
-0.018
-0.0079
0.01
0.01
-0.015
-0.04
-0.039
-0.022
-0.00041
0.015
0.02
0.027
0.039
0.042
0.036
0.024
0.018
0.02
0.013
-0.00099
-0.013
-0.011
0.0029
0.012
0.012
0.0045
0.008
0.027
0.037
0.031
0.027
0.02
0.016
0.021
0.025
0.016
0.0022
-0.012
-0.012
0.0091
0.019
0.0095
0.0011
-0.00044
-0.00056
-0.01
-0.025
-0.033
-0.026
-0.015
0.0024
0.014
0.027
0.042
0.045
0.038
0.022
0.021
0.04
0.053
0.046
0.037
0.033
0.031
0.036
0.029
0.002
-0.011
-0.0072
-0.00093
0.0025
-0.00056
-0.0026
0.0094
0.014
0.0063
0.0002
-0.0042
-0.0035
0.013
0.026
0.023
0.021
0.025
0.034
0.044
0.036
0.019
0.013
0.015
0.026
0.033
0.034
0.04
0.056
0.067
0.064
0.036
0.0005
-0.026
-0.039
-0.033
-0.02
-0.016
-0.0093
0.01
0.032
0.04
0.045
0.049
0.042
0.032
0.027
0.014
0.0093
0.021
0.029
0.024
0.016
0.02
0.026
0.018
-0.0099
-0.038
-0.04
-0.018
0.021
0.053
0.069
0.061
0.043
0.042
0.045
0.043
0.041
0.041
0.04
0.04
0.029
0.01
0.0095
0.018
0.016
0.014
0.022
0.042
0.046
0.036
0.026
0.028
0.037
0.04
0.033
0.024
0.024
0.03
0.039
0.038
0.029
0.019
0.0079
-0.0029
-0.0098
-0.019
-0.024
-0.0067
0.011
0.019
0.019
0.011
-0.0006
-0.0076
-0.005
0.0069
0.032
0.051
0.043
0.022
0.024
0.047
0.063
0.061
0.055
0.036
0.0027
-0.029
-0.055
-0.059
-0.045
-0.017
0.015
0.034
0.042
0.052
0.057
0.046
0.025
0.012
0.004
0.00072
-0.0029
-0.0079
-0.016
-0.018
-0.01
-0.012
-0.012
-0.0071
0.00032
0.014
0.031
0.032
0.014
-0.0041
-0.0027
0.017
0.033
0.042
0.048
0.056
0.059
0.046
0.029
0.013
-0.004
-0.015
-0.021
-0.024
-0.03
-0.022
-0.0016
0.025
0.037
0.024
0.014
0.00078
-0.0097
-0.0093
0.0053
0.013
0.0032
-0.0086
-0.017
-0.026
-0.032
-0.037
-0.034
-0.0094
0.033
0.062
0.062
0.041
0.016
-0.0002
-0.0045
0.006
0.021
0.042
0.045
0.029
0.017
0.0069
-0.00038
-0.013
-0.028
-0.027
-0.019
-0.017
-0.0037
0.0065
0.005
0.014
0.026
0.021
0.0022
-0.0089
0.0057
0.041
0.067
0.064
0.04
0.022
0.029
0.041
0.043
0.03
0.015
0.0043
-0.00081
-0.00072
0.00035
0.0009
0.0094
0.016
-1.5e-005
-0.033
-0.056
-0.048
-0.021
-0.0032
-0.0034
-0.0036
-0.0044
-0.0052
-0.0012
0.0017
-0.0009
0.0036
0.018
0.042
0.069
0.071
0.055
0.05
0.051
0.051
0.049
0.051
0.056
0.058
0.051
0.045
0.043
0.031
0.012
-0.0015
0.00026
0.0074
0.0041
0.001
0.016
0.04
0.053
0.058
0.056
0.049
0.038
0.033
0.039
0.041
0.042
0.048
0.037
0.019
0.022
0.026
0.023
0.025
0.021
0.016
0.024
0.036
0.038
0.029
0.0092
-0.0021
0.0014
0.009
0.013
0.0057
0.0073
0.015
0.018
0.016
0.011
0.0092
0.011
0.019
0.043
0.07
0.068
0.04
0.013
-0.0058
-0.012
-0.0036
0.0026
-0.0096
-0.022
-0.024
-0.024
-0.021
-0.031
-0.028
-0.008
0.0091
0.018
0.023
0.023
0.026
0.024
0.0088
-0.0013
-0.0036
-0.00099
0.00026
-0.0016
-0.0037
-0.006
-0.0075
-0.004
-0.0075
-0.0092
-0.01
-0.0095
0.0016
0.021
0.036
0.04
0.034
0.027
0.031
0.035
0.036
0.032
0.029
0.031
0.023
0.013
0.014
0.024
0.024
0.014
0.0076
0.013
0.024
0.025
0.014
0.00053
-0.0039
0.0013
0.011
0.0096
-0.0011
-0.0017
-0.0068
-0.011
-0.0099
-0.0074
-0.0066
-0.017
-0.025
-0.021
-0.006
0.015
0.027
0.017
0.0037
0.0047
0.018
0.03
0.02
0.0068
-0.0047
-0.022
-0.033
-0.037
-0.037
-0.037
-0.024
-0.0055
0.013
0.028
0.042
0.053
0.043
0.027
0.018
-0.0028
-0.036
-0.056
-0.054
-0.036
-0.023
-0.031
-0.035
-0.027
-0.017
-0.0027
0.01
0.0048
-0.016
-0.037
-0.045
-0.025
-0.0041
0.0081
0.012
-0.00032
-0.011
-0.0084
-0.0089
-0.015
-0.015
-0.012
-0.0057
-0.0056
-0.021
-0.04
-0.04
-0.027
-0.0079
0.001
-0.0047
-0.012
-0.007
0.011
0.027
0.022
0.0095
-0.0051
-0.02
-0.03
-0.03
-0.012
0.011
0.018
0.0088
-0.013
-0.021
-0.01
-0.00084
-0.0016
-0.0082
-0.024
-0.031
-0.021
-0.0057
0.0033
0.0025
0.0079
0.036
0.067
0.064
0.039
0.023
0.015
0.021
0.024
0.012
-0.0066
-0.012
0.0059
0.014
0.0056
0.0079
0.029
0.04
0.039
0.032
0.013
-0.002
-0.015
-0.025
-0.024
-0.015
-0.0053
-0.0092
-0.02
-0.028
-0.027
-0.021
-0.012
-0.0049
-0.0011
0.012
0.02
0.02
0.02
0.014
1.5e-005
-0.011
-0.016
-0.014
-0.0072
-0.0047
-0.0067
-0.024
-0.044
-0.042
-0.035
-0.04
-0.047
-0.048
-0.038
-0.0072
0.0077
0.0018
-0.0038
-0.0013
0.005
-0.00081
-0.0088
-0.0037
0.0067
0.0045
-0.0017
-0.012
-0.018
-0.0068
0.016
0.034
0.037
0.026
0.017
0.015
0.0094
0.0011
0.0013
0.0078
0.014
0.021
0.033
0.044
0.046
0.04
0.031
0.028
0.033
0.022
0.005
-0.0035
-0.013
-0.018
-0.0085
0.017
0.034
0.031
0.019
0.022
0.025
0.025
0.024
0.022
0.025
0.039
0.048
0.041
0.031
0.022
0.018
0.03
0.043
0.038
0.031
0.032
0.028
0.0086
-0.0091
-0.01
-0.007
-0.0018
0.0025
-0.004
-0.0074
-0.0033
0.00063
0.0066
0.019
0.035
0.036
0.02
-0.0073
-0.028
-0.039
-0.042
-0.039
-0.027
-0.0012
0.015
0.013
0.0065
-0.0026
-0.014
-0.014
-0.0025
0.0086
0.013
0.0077
0.0074
0.0093
0.0051
0.013
0.02
0.0072
-0.014
-0.013
0.0031
0.02
0.027
0.021
0.014
-0.0047
-0.018
-0.011
0.0063
0.02
0.034
0.046
0.045
0.033
0.025
0.027
0.029
0.017
0.0028
-0.011
-0.014
-0.011
-0.019
-0.025
-0.023
-0.013
0.0023
0.016
0.021
0.018
0.024
0.044
0.055
0.051
0.045
0.028
0.0092
0.013
0.024
0.03
0.03
0.021
0.016
0.036
0.052
0.05
0.044
0.036
0.026
0.016
-0.0029
-0.021
-0.013
0.0073
0.015
0.017
0.021
0.04
0.06
0.068
0.06
0.042
0.029
0.031
0.021
0.0035
0.0021
0.0067
0.02
0.028
0.02
0.016
0.014
0.019
0.029
0.04
0.043
0.03
0.014
0.012
0.014
0.01
0.016
0.038
0.068
0.072
0.045
0.016
-0.0048
-0.022
-0.023
-0.011
-0.0014
0.009
0.012
-0.0035
-0.011
-0.0017
0.018
0.038
0.039
0.015
-0.0092
-0.024
-0.029
-0.019
-0.0026
0.014
0.013
-0.012
-0.034
-0.031
-0.024
-0.008
0.019
0.029
0.022
0.0064
-0.0082
-0.018
-0.027
-0.016
0.018
0.046
0.053
0.055
0.057
0.059
0.05
0.042
0.042
0.041
0.033
0.029
0.041
0.048
0.048
0.038
0.018
-0.005
-0.017
-0.024
-0.03
-0.032
-0.022
-0.0081
0.01
0.025
0.024
0.0096
-0.0077
-0.025
-0.038
-0.037
-0.034
-0.022
-0.019
-0.031
-0.037
-0.032
-0.026
-0.023
-0.021
-0.028
-0.039
-0.033
-0.0028
0.02
0.014
0.0015
-0.0056
-0.0069
-0.011
-0.027
-0.032
-0.024
-0.0067
0.0005
-0.012
-0.038
-0.062
-0.067
-0.056
-0.041
-0.034
-0.024
-0.0057
0.0047
-0.002
-0.012
-0.019
-0.025
-0.026
-0.011
0.0053
0.0056
0.0029
0.0016
-0.012
-0.021
-0.015
-0.013
-0.026
-0.045
-0.055
-0.036
-0.00066
0.018
0.017
0.0083
0.012
0.026
0.027
0.015
0.014
0.025
0.038
0.056
0.067
0.071
0.069
0.063
0.05
0.026
0.0035
0.0026
0.012
0.0059
-0.018
-0.039
-0.04
-0.032
-0.025
-0.019
-0.021
-0.02
-0.016
-0.0081
-0.0019
0.0041
0.0095
0.026
0.032
0.0096
-0.02
-0.034
-0.028
-0.014
-0.0075
-0.021
-0.038
-0.044
-0.033
-0.016
-0.011
-0.0098
-0.0026
-0.0009
0.0044
0.016
0.014
0.003
-0.004
-0.013
-0.019
-0.012
0.00029
0.0049
0.0054
0.0083
0.0097
0.00047
4.6e-005
0.011
0.021
0.029
0.033
0.031
0.025
0.018
0.015
0.02
0.029
0.033
0.027
0.01
0.0018
-0.0058
-0.012
-0.0068
0.0031
0.0048
-0.0064
-0.018
-0.022
-0.021
-0.017
-0.011
-0.0038
0.0037
0.015
0.011
-0.0025
-0.0095
-0.013
-0.018
-0.019
-0.016
-0.011
-0.0079
-0.026
-0.05
-0.052
-0.029
0.0043
0.024
0.015
-0.013
-0.036
-0.039
-0.024
-0.0087
-0.003
-0.012
-0.033
-0.044
-0.03
-0.0053
0.028
0.053
0.055
0.047
0.04
0.027
0.0091
0.0039
0.015
0.024
0.025
0.014
-0.004
-0.02
-0.025
-0.015
0.011
0.038
0.047
0.043
0.033
0.022
0.022
0.029
0.035
0.046
0.052
0.045
0.031
0.022
0.023
0.035
0.038
0.025
0.01
0.0031
0.0052
0.005
-0.0029
-0.0076
0.0051
0.022
0.027
0.03
0.032
0.029
0.018
0.013
0.02
0.024
0.025
0.024
0.017
0.01
0.013
0.026
0.04
0.035
0.0092
-0.0074
-0.019
-0.027
-0.024
-0.011
0.0093
0.027
0.03
0.023
0.018
0.0094
0.0036
-0.0015
-0.0036
0.00081
-0.0014
-0.0043
-0.0013
-0.004
-0.0046
-0.00026
-0.0083
-0.026
-0.035
-0.037
-0.034
-0.033
-0.028
-0.015
-0.018
-0.028
-0.019
-0.0064
0.0017
0.011
0.019
0.027
0.029
0.025
0.03
0.031
0.019
0.006
0.0037
0.017
0.027
0.021
0.016
0.024
0.028
0.033
0.042
0.045
0.04
0.031
0.021
0.016
0.0083
-0.0018
-0.017
-0.036
-0.039
-0.028
-0.017
-0.0062
-0.0081
-0.02
-0.023
-0.025
-0.032
-0.042
-0.054
-0.067
-0.074
-0.077
-0.07
-0.049
-0.04
-0.037
-0.044
-0.059
-0.066
-0.06
-0.047
-0.038
-0.043
-0.046
-0.026
-0.011
-0.016
-0.021
-0.021
-0.01
-0.0054
-0.01
-0.014
-0.014
-0.0029
0.0057
0.0031
-0.0098
-0.02
-0.016
0.007
0.026
0.019
0.0059
0.0071
0.023
0.036
0.032
0.016
0.0057
0.00056
-0.0015
-0.013
-0.022
-0.002
0.016
0.011
0.0089
0.0055
-0.0016
-0.0014
-0.00056
-0.0022
0.0052
0.014
0.021
0.018
0.011
0.021
0.033
0.028
0.02
0.017
0.013
0.017
0.021
0.014
0.00023
-0.0042
0.015
0.036
0.038
0.037
0.05
0.065
0.062
0.047
0.039
0.051
0.055
0.044
0.038
0.041
0.049
0.054
0.061
0.065
0.053
0.037
0.033
0.031
0.032
0.045
0.054
0.057
0.06
0.054
0.056
0.069
0.074
0.062
0.041
0.034
0.042
0.056
0.068
0.079
0.073
0.062
0.062
0.067
0.071
0.062
0.05
0.035
0.027
0.025
0.023
0.012
-0.015
-0.033
-0.03
-0.009
0.014
0.034
0.059
0.082
0.093
0.087
0.072
0.051
0.029
0.0055
0.0045
0.029
0.042
0.06
0.093
0.11
0.093
0.06
0.03
0.012
0.01
0.011
0.00017
-0.0099
0.01
0.038
0.037
0.015
-0.0076
-0.019
-0.018
-0.0076
0.00081
-0.0076
-0.037
-0.076
-0.091
-0.055
0.014
0.042
-0.0066
-0.086
-0.12
-0.093
-0.068
-0.067
-0.077
-0.07
-0.036
-0.0048
-0.014
-0.058
-0.087
-0.074
-0.041
-0.014
-0.0011
0.012
0.033
0.039
0.024
0.0088
-0.0032
-0.0056
0.0014
0.0075
0.012
0.0084
-0.0059
-0.015
-0.023
-0.028
-0.023
-0.023
-0.034
-0.038
-0.027
-0.0057
0.008
-0.011
-0.05
-0.088
-0.11
-0.11
-0.087
-0.063
-0.035
-0.0048
0.0085
-0.0027
-0.033
-0.071
-0.1
-0.091
-0.062
-0.04
-0.024
0.00044
0.021
0.014
-0.0087
-0.031
-0.034
-0.021
-0.0063
0.0063
0.021
0.046
0.082
0.11
0.11
0.081
0.048
0.03
0.043
0.068
0.086
0.093
0.078
0.046
0.011
-0.0064
0.0033
0.024
0.046
0.067
0.073
0.062
0.034
0.0011
-0.012
-0.0044
-0.0033
-0.0094
-0.0048
0.013
0.03
0.046
0.047
0.034
0.018
0.0092
0.017
0.05
0.07
0.074
0.09
0.097
0.078
0.05
0.034
0.02
-0.0037
-0.021
-0.012
0.029
0.099
0.13
0.1
0.04
-0.0012
0.0074
0.038
0.044
0.046
0.079
0.12
0.13
0.11
0.072
0.035
0.0087
0.022
0.051
0.049
0.021
-0.02
-0.049
-0.031
0.014
0.028
0.011
-0.014
-0.022
-0.017
-0.0054
0.015
0.012
-0.028
-0.064
-0.045
-0.0067
0.0039
-0.022
-0.065
-0.076
-0.043
-0.0066
-0.0099
-0.04
-0.058
-0.043
-0.018
0.0088
0.027
0.013
-0.0057
-0.0029
0.012
0.0067
-0.018
-0.029
-0.017
-0.0011
-0.0043
-0.0016
0.012
0.034
0.056
0.053
0.035
0.018
0.016
0.034
0.054
0.057
0.04
0.02
0.017
0.021
0.004
-0.022
-0.035
-0.038
-0.022
-0.016
-0.034
-0.046
-0.027
0.0037
0.028
0.024
0.0095
0.0025
-0.018
-0.057
-0.087
-0.1
-0.1
-0.091
-0.074
-0.057
-0.057
-0.067
-0.071
-0.082
-0.1
-0.1
-0.089
-0.058
-0.027
-0.018
-0.028
-0.049
-0.082
-0.092
-0.07
-0.046
-0.038
-0.036
-0.019
0.0075
0.025
0.03
0.016
-0.018
-0.039
-0.038
-0.027
-0.017
-0.025
-0.04
-0.037
-0.042
-0.062
-0.069
-0.06
-0.048
-0.038
-0.035
-0.043
-0.058
-0.071
-0.063
-0.05
-0.048
-0.052
-0.051
-0.036
-0.033
-0.06
-0.096
-0.11
-0.11
-0.098
-0.089
-0.097
-0.1
-0.098
-0.088
-0.073
-0.071
-0.081
-0.086
-0.076
-0.063
-0.061
-0.076
-0.092
-0.095
-0.085
-0.061
-0.042
-0.042
-0.046
-0.027
0.016
0.058
0.076
0.065
0.041
0.04
0.079
0.12
0.12
0.11
0.096
0.08
0.058
0.035
0.024
0.034
0.044
0.035
0.0064
-0.0047
0.02
0.039
0.027
0.0064
0.00011
0.015
0.052
0.086
0.1
0.1
0.095
0.11
0.12
0.1
0.074
0.06
0.07
0.094
0.12
0.13
0.13
0.11
0.099
0.1
0.12
0.12
0.11
0.11
0.12
0.13
0.14
0.13
0.11
0.091
0.098
0.12
0.13
0.12
0.11
0.12
0.14
0.15
0.14
0.12
0.097
0.095
0.12
0.15
0.16
0.16
0.15
0.14
0.14
0.13
0.12
0.12
0.15
0.17
0.17
0.17
0.16
0.14
0.13
0.12
0.12
0.12
0.11
0.1
0.11
0.11
0.1
0.088
0.081
0.09
0.093
0.081
0.07
0.06
0.055
0.067
0.078
0.066
0.036
0.0054
0.0047
0.028
0.036
0.015
0.0049
0.024
0.044
0.028
-0.0014
-0.014
-0.019
-0.025
-0.027
-0.013
-0.0086
-0.029
-0.068
-0.1
-0.12
-0.13
-0.15
-0.15
-0.13
-0.097
-0.079
-0.087
-0.1
-0.1
-0.096
-0.083
-0.089
-0.1
-0.11
-0.086
-0.043
-0.033
-0.05
-0.073
-0.082
-0.074
-0.047
-0.036
-0.038
-0.037
-0.036
-0.042
-0.061
-0.092
-0.12
-0.13
-0.11
-0.1
-0.12
-0.14
-0.13
-0.12
-0.12
-0.12
-0.11
-0.11
-0.15
-0.18
-0.18
-0.15
-0.11
-0.077
-0.089
-0.11
-0.086
-0.086
-0.071
-0.054
-0.073
-0.063
-0.041
-0.025
-0.025
-0.043
-0.036
-0.018
-0.027
-0.04
-0.053
-0.06
-0.054
-0.054
-0.067
-0.092
-0.083
-0.059
-0.045
-0.043
-0.046
-0.046
-0.048
-0.024
-0.0069
-0.0035
0.0096
0.017
0.011
-0.021
-0.043
-0.013
0.035
0.066
0.052
0.014
-0.009
0.0074
0.024
0.017
0.01
0.012
0.023
0.04
0.061
0.061
0.039
0.00066
-0.021
-0.021
-0.017
-0.015
0.0021
0.028
0.035
0.0035
-0.036
-0.046
-0.049
-0.035
0.0058
0.034
0.033
0.013
0.0045
0.017
0.031
0.036
0.02
-0.0034
-0.011
0.012
0.031
0.026
0.017
0.0019
-0.025
-0.035
-0.033
-0.017
0.0067
0.02
0.015
-0.00056
-0.015
-0.02
-0.033
-0.054
-0.053
-0.035
-0.02
-0.011
-0.0047
-0.0061
-0.019
-0.038
-0.049
-0.045
-0.032
-0.0065
0.019
0.024
0.0025
-0.026
-0.016
0.018
0.019
-0.006
-0.018
-0.0057
0.016
0.026
0.02
-0.0021
-0.037
-0.059
-0.07
-0.083
-0.092
-0.093
-0.061
-0.01
0.0081
-0.03
-0.078
-0.092
-0.069
-0.029
-0.0034
-0.005
-0.015
-0.0074
0.0095
0.0045
-0.038
-0.089
-0.11
-0.09
-0.072
-0.07
-0.08
-0.081
-0.067
-0.059
-0.077
-0.12
-0.14
-0.1
-0.064
-0.044
-0.038
-0.03
-0.024
-0.026
-0.04
-0.063
-0.093
-0.11
-0.089
-0.066
-0.046
-0.041
-0.052
-0.076
-0.1
-0.11
-0.1
-0.08
-0.05
-0.023
-0.0097
-0.0013
-0.0066
-0.032
-0.042
-0.029
-0.012
0.0033
0.018
0.02
0.012
0.0056
0.0061
0.0073
-0.0082
-0.029
-0.033
-0.021
-0.0074
-0.0083
-0.013
-0.0086
-0.0032
-0.0026
-0.0065
-0.018
-0.032
-0.03
-0.015
0.011
0.046
0.062
0.048
0.023
0.017
0.023
0.034
0.054
0.07
0.063
0.042
0.033
0.032
0.029
0.015
-0.0027
-0.0086
-0.014
-0.021
-0.029
-0.021
-0.0061
-0.0086
-0.026
-0.05
-0.056
-0.041
-0.0054
0.028
0.04
0.044
0.053
0.068
0.085
0.088
0.072
0.065
0.087
0.11
0.12
0.089
0.058
0.044
0.045
0.051
0.045
0.031
0.028
0.047
0.078
0.096
0.078
0.036
0.0069
0.012
0.03
0.041
0.042
0.05
0.061
0.057
0.045
0.03
0.029
0.049
0.067
0.068
0.056
0.045
0.046
0.06
0.081
0.093
0.082
0.064
0.054
0.057
0.067
0.076
0.085
0.084
0.079
0.084
0.096
0.095
0.081
0.074
0.078
0.093
0.11
0.11
0.08
0.048
0.037
0.051
0.066
0.069
0.064
0.057
0.057
0.059
0.059
0.047
0.042
0.053
0.07
0.083
0.076
0.049
0.018
0.014
0.041
0.069
0.093
0.11
0.1
0.066
0.034
0.022
0.028
0.032
0.019
0.0033
0.027
0.089
0.12
0.085
0.015
-0.027
-0.014
0.032
0.069
0.067
0.046
0.038
0.058
0.085
0.088
0.057
0.0049
-0.038
-0.043
-0.024
0.00014
0.0045
-0.019
-0.039
-0.036
-0.0098
0.015
0.026
0.032
0.031
0.029
0.014
-0.015
-0.027
-0.019
-0.0068
0.0011
0.00023
-0.013
-0.029
-0.032
-0.023
-0.014
-0.024
-0.051
-0.071
-0.055
-0.0029
0.044
0.052
0.018
-0.01
-0.0009
0.023
0.014
-0.0056
0.0045
0.029
0.029
-0.017
-0.091
-0.15
-0.15
-0.13
-0.11
-0.11
-0.13
-0.12
-0.085
-0.036
-0.01
-0.024
-0.062
-0.084
-0.079
-0.07
-0.075
-0.078
-0.078
-0.075
-0.074
-0.076
-0.093
-0.11
-0.11
-0.094
-0.078
-0.074
-0.08
-0.078
-0.071
-0.071
-0.06
-0.035
-0.0079
0.0013
-0.0098
-0.019
-0.032
-0.05
-0.062
-0.07
-0.061
-0.04
-0.023
-0.026
-0.041
-0.048
-0.04
-0.028
-0.028
-0.032
-0.038
-0.035
-0.012
0.014
0.023
0.013
-0.013
-0.038
-0.05
-0.041
-0.0098
0.016
0.022
0.022
0.0097
-0.017
-0.029
-0.016
0.0076
0.033
0.044
0.046
0.046
0.041
0.046
0.058
0.071
0.084
0.093
0.085
0.073
0.076
0.1
0.13
0.13
0.13
0.12
0.13
0.13
0.11
0.075
0.055
0.059
0.08
0.1
0.096
0.082
0.096
0.12
0.13
0.12
0.12
0.12
0.12
0.12
0.12
0.12
0.13
0.15
0.16
0.16
0.14
0.12
0.12
0.12
0.13
0.13
0.12
0.1
0.084
0.078
0.082
0.094
0.1
0.11
0.1
0.09
0.082
0.07
0.063
0.06
0.057
0.049
0.041
0.049
0.061
0.059
0.039
0.021
0.012
0.012
0.02
0.021
0.022
0.031
0.041
0.045
0.042
0.031
0.029
0.046
0.061
0.059
0.057
0.061
0.067
0.069
0.064
0.053
0.039
0.024
0.021
0.037
0.069
0.088
0.075
0.046
0.024
0.026
0.044
0.051
0.035
0.023
0.028
0.035
0.032
0.019
0.025
0.036
0.038
0.037
0.035
0.032
0.026
0.022
0.022
0.024
0.018
0.01
0.0094
0.0084
0.008
0.0025
-0.0092
-0.014
-0.0025
0.012
0.017
0.011
-0.0014
-0.0016
0.012
0.025
0.037
0.047
0.048
0.044
0.034
0.034
0.04
0.039
0.035
0.03
0.023
0.015
0.0013
-0.0017
0.0098
0.014
0.011
1.5e-005
-0.017
-0.021
-0.0099
-0.012
-0.032
-0.047
-0.051
-0.041
-0.023
-0.01
-0.018
-0.025
-0.02
-0.011
0.0032
0.021
0.033
0.035
0.042
0.034
0.021
0.023
0.021
0.02
0.024
0.033
0.032
0.017
-0.0046
-0.026
-0.037
-0.039
-0.037
-0.033
-0.028
-0.025
-0.029
-0.039
-0.045
-0.043
-0.039
-0.039
-0.037
-0.032
-0.022
-0.0051
0.0062
1.5e-005
-0.015
-0.016
-0.0024
0.018
0.025
0.017
0.007
0.0064
0.0021
-0.021
-0.044
-0.044
-0.038
-0.053
-0.072
-0.088
-0.097
-0.098
-0.092
-0.093
-0.093
-0.089
-0.088
-0.083
-0.081
-0.081
-0.078
-0.071
-0.072
-0.076
-0.074
-0.075
-0.079
-0.078
-0.07
-0.066
-0.063
-0.065
-0.076
-0.085
-0.082
-0.066
-0.049
-0.047
-0.056
-0.061
-0.062
-0.054
-0.052
-0.056
-0.057
-0.054
-0.058
-0.052
-0.049
-0.068
-0.082
-0.078
-0.072
-0.067
-0.066
-0.076
-0.085
-0.085
-0.085
-0.089
-0.094
-0.088
-0.09
-0.095
-0.091
-0.093
-0.1
-0.1
-0.1
-0.11
-0.11
-0.11
-0.094
-0.087
-0.085
-0.09
-0.099
-0.097
-0.083
-0.06
-0.044
-0.044
-0.054
-0.058
-0.049
-0.049
-0.066
-0.085
-0.097
-0.1
-0.1
-0.097
-0.09
-0.079
-0.073
-0.079
-0.091
-0.098
-0.092
-0.082
-0.076
-0.069
-0.055
-0.05
-0.053
-0.072
-0.092
-0.1
-0.1
-0.099
-0.093
-0.089
-0.09
-0.092
-0.098
-0.11
-0.12
-0.13
-0.14
-0.13
-0.12
-0.11
-0.12
-0.13
-0.14
-0.15
-0.16
-0.17
-0.2
-0.22
-0.25
-0.27
-0.28
-0.3
-0.29
-0.29
-0.3
-0.33
-0.35
-0.37
-0.37
-0.37
-0.38
-0.39
-0.42
-0.44
-0.43
-0.41
-0.4
-0.37
-0.34
-0.3
-0.26
-0.22
-0.18
-0.13
-0.08
-0.047
-0.025
-0.0071
0.0088
0.025
0.049
0.074
0.1
0.13
0.15
0.17
0.18
0.2
0.21
0.22
0.23
0.23
0.22
0.21
0.21
0.21
0.21
0.21
0.2
0.18
0.18
0.19
0.21
0.22
0.23
0.23
0.22
0.21
0.2
0.19
0.18
0.17
0.16
0.15
0.14
0.12
0.085
0.042
0.01
-0.0021
0.005
0.022
0.035
0.046
0.049
0.051
0.056
0.056
0.049
0.033
0.019
0.013
0.015
0.021
0.033
0.041
0.032
0.016
-0.0019
-0.015
-0.017
-0.015
-0.0087
-0.0023
0.0062
0.023
0.045
0.041
0.011
0.0039
0.056
0.11
0.078
-0.011
-0.063
-0.031
0.034
0.061
0.044
0.025
0.021
0.02
0.0085
-0.0061
-0.0081
-4.6e-005
0.015
0.03
0.022
-0.005
-0.016
-0.016
-0.018
-0.025
-0.032
-0.045
-0.055
-0.057
-0.049
-0.031
-0.015
-0.014
-0.025
-0.031
-0.03
-0.026
-0.016
-0.006
-0.0051
-0.0036
-0.0028
-0.02
-0.04
-0.043
-0.027
-0.00099
0.009
-0.0085
-0.035
-0.051
-0.046
-0.022
-0.0019
0.0028
-0.014
-0.041
-0.044
-0.016
0.014
0.024
0.0085
-0.016
-0.023
-0.0061
0.028
0.056
0.065
0.061
0.047
0.023
0.0055
0.0079
0.022
0.029
0.015
-0.011
-0.022
-0.015
-0.0083
-0.0062
-0.0058
-0.0058
-0.011
-0.02
-0.024
-0.022
-0.026
-0.023
-0.0093
0.004
0.018
0.028
0.034
0.039
0.044
0.056
0.073
0.086
0.089
0.081
0.061
0.045
0.04
0.04
0.038
0.035
0.038
0.045
0.048
0.041
0.034
0.035
0.051
0.072
0.083
0.086
0.091
0.099
0.12
0.17
0.24
0.3
0.33
0.31
0.25
0.17
0.12
0.11
0.15
0.19
0.22
0.22
0.19
0.15
0.13
0.12
0.12
0.12
0.12
0.099
0.073
0.043
0.022
0.023
0.024
0.018
0.0041
-0.018
-0.029
-0.014
0.02
0.045
0.045
0.019
-0.0053
-0.024
-0.032
-0.02
-0.0013
0.017
0.024
0.02
0.009
-0.0037
-0.016
-0.022
-0.025
-0.029
-0.022
-0.0068
0.0058
0.012
0.014
0.0083
-0.0094
-0.04
-0.067
-0.068
-0.047
-0.017
0.007
0.00075
-0.028
-0.055
-0.054
-0.019
0.021
0.04
0.039
0.027
0.019
0.025
0.042
0.067
0.097
0.12
0.12
0.1
0.076
0.071
0.087
0.1
0.11
0.11
0.099
0.092
0.087
0.08
0.08
0.093
0.13
0.17
0.19
0.18
0.16
0.15
0.14
0.15
0.15
0.15
0.13
0.11
0.08
0.059
0.034
0.015
0.0069
0.005
0.0047
0.0041
0.0061
0.011
0.011
0.0098
0.013
0.025
0.053
0.083
0.1
0.11
0.11
0.13
0.15
0.17
0.19
0.2
0.22
0.24
0.25
0.26
0.27
0.27
0.29
0.31
0.34
0.36
0.37
0.37
0.36
0.35
0.34
0.33
0.33
0.34
0.33
0.32
0.3
0.28
0.26
0.25
0.24
0.24
0.24
0.23
0.23
0.23
0.22
0.23
0.22
0.21
0.2
0.21
0.22
0.24
0.25
0.24
0.23
0.21
0.2
0.2
0.21
0.21
0.23
0.24
0.24
0.24
0.22
0.21
0.21
0.23
0.25
0.26
0.26
0.25
0.24
0.25
0.26
0.26
0.26
0.24
0.23
0.22
0.23
0.23
0.25
0.26
0.26
0.25
0.24
0.22
0.22
0.22
0.23
0.22
0.22
0.23
0.24
0.24
0.25
0.25
0.24
0.23
0.22
0.21
0.22
0.23
0.26
0.28
0.28
0.27
0.25
0.26
0.25
0.23
0.2
0.15
0.11
0.074
0.049
0.025
-0.0043
-0.044
-0.079
-0.095
-0.11
-0.13
-0.16
-0.2
-0.25
-0.3
-0.34
-0.35
-0.32
-0.27
-0.21
-0.16
-0.12
-0.082
-0.047
0.0056
0.064
0.12
0.16
0.19
0.2
0.21
0.23
0.24
0.25
0.23
0.19
0.16
0.15
0.14
0.13
0.12
0.075
0.029
0.0006
-0.021
-0.06
