0.0041
-0.011
-0.022
-0.0075
0.0091
0.0039
0.0026
0.032
0.035
0.0024
-0.014
0.0039
0.0066
0.0076
0.019
0.01
0.004
0.027
0.024
-0.016
-0.02
-0.0047
-0.0028
-0.0012
0.013
0.023
0.02
0.019
0.025
0.016
-0.0098
-0.0034
0.014
0.014
0.0052
-0.004
0.012
0.016
-0.011
-0.02
-0.0038
-0.009
-0.011
0.018
0.02
-0.0012
0.0041
0.018
0.0068
-0.013
0.0029
0.036
0.018
-0.01
-0.00041
-0.0016
-0.016
-0.0089
-0.011
-0.014
-0.008
-0.014
-0.0006
0.0071
-0.004
-0.011
-0.007
-0.0019
0.015
0.011
0.011
0.028
0.021
0.01
0.0033
0.00023
0.015
0.016
-0.0089
-0.017
0.0026
0.013
0.016
0.0087
0.0089
0.018
0.002
-0.021
-0.0099
0.016
0.025
0.015
0.0047
0.036
0.043
-0.0053
-0.0081
0.026
0.023
0.014
0.013
0.0072
0.025
0.025
-0.0033
-0.024
-0.0041
0.04
0.047
0.018
0.0056
-0.00014
-0.0078
-0.0043
-0.019
-0.025
0.016
0.043
0.022
0.0084
0.0067
0.00081
-0.022
-0.035
-0.0051
0.017
-0.0097
-0.015
0.015
0.02
-0.0054
-0.0074
0.016
0.0085
-0.014
0.0043
0.021
0.012
0.017
0.034
0.023
-0.006
0.0062
0.031
0.0061
-0.019
0.0042
0.019
0.003
-0.015
-0.0065
0.012
-0.0059
-0.033
-0.018
0.007
0.0023
0.012
0.022
0.0011
0.00081
-0.00029
-0.022
-0.012
0.0065
0.021
0.022
0.00038
-0.01
0.0031
-0.0034
-0.012
0.0034
0.0079
0.014
0.02
0.029
0.025
-0.011
-0.025
0.0041
0.011
-0.00017
0.012
0.016
0.013
0.0023
-0.012
-0.0014
-0.012
-0.036
-0.02
0.0079
0.013
0.023
0.034
0.022
-0.0011
-0.01
0.0092
0.012
-0.0044
0.0058
0.024
0.01
-0.011
-0.014
0.0063
0.023
0.0073
0.0041
0.014
-0.0065
-0.014
0.019
0.018
-0.012
-0.016
-0.006
0.00056
0.024
0.024
0.0061
0.01
0.019
0.00053
-0.018
0.009
0.033
0.004
-0.016
0.0047
0.023
0.02
0.0071
0.0082
0.013
-0.0082
-0.019
0.0067
0.026
0.017
0.01
0.018
0.0072
-0.021
-0.019
0.016
0.025
0.0088
0.004
0.017
0.028
0.0053
-0.025
-0.015
0.0068
0.0094
0.025
0.051
0.04
-0.0035
-0.031
-0.0098
0.01
-0.011
0.0036
0.035
0.016
0.0022
0.011
0.01
-0.003
0.0051
0.027
0.029
0.018
0.04
0.045
0.0029
-0.006
0.023
0.028
0.0089
0.0075
0.027
0.037
0.015
-0.0088
0.0058
0.0078
-0.012
-0.0072
0.00014
-0.016
-0.014
0.018
0.035
0.021
-0.0041
-0.00056
0.012
0.00053
-0.012
-0.0065
0.015
0.021
0.005
-0.0026
-0.0016
-0.012
-0.0051
0.0054
-0.0062
-0.0045
0.028
0.041
0.0088
-0.02
-0.009
-0.0075
-0.017
0.0079
0.021
-0.0024
0.0058
0.025
-0.0035
-0.022
-0.0095
-0.0033
-0.0083
-0.0079
0.00081
0.0013
-0.0032
0.0027
-0.0029
-0.022
-0.017
-0.01
-0.017
-0.0049
0.011
0.015
0.0023
-0.009
0.0041
0.014
0.0048
0.0084
0.025
0.026
0.018
0.012
0.011
0.0067
-0.0066
-0.005
0.012
0.0093
0.0075
0.018
0.012
-0.004
-0.006
-0.004
-0.0041
-0.00072
0.00047
0.013
0.0076
-0.00075
0.0071
0.019
0.021
0.024
0.0084
-0.0014
0.023
0.033
0.025
0.014
0.0093
0.019
0.02
0.0031
-0.0011
0.0023
0.004
0.02
0.017
0.0055
0.0012
-0.015
-0.03
-0.023
-4.6e-005
0.018
0.014
0.0023
0.029
0.036
-0.015
-0.027
0.012
0.023
0.013
0.019
0.024
0.021
0.014
0.011
-0.011
-0.019
0.016
0.028
-0.0015
-0.011
0.0066
-0.0051
-0.0091
-0.0039
-0.029
-0.024
0.025
0.032
0.0013
0.0063
0.029
-0.0038
-0.033
0.0016
0.033
0.00053
-0.016
0.013
0.012
-0.02
-0.024
0.0081
0.014
-0.013
-0.0028
0.026
0.02
-0.00053
0.0097
0.021
0.0038
0.004
0.026
0.021
0.00056
0.01
0.024
0.021
0.0092
-0.0061
-0.0071
-0.011
-0.026
-0.012
0.022
0.027
0.023
0.012
-0.019
-0.021
-0.0051
-0.016
-0.02
-0.0076
0.0083
0.005
-0.0077
0.011
0.026
0.0042
-0.0036
0.018
0.01
-0.0012
0.0096
0.027
0.019
-0.017
-0.031
-0.0095
0.011
0.0087
0.0095
0.022
0.025
0.0049
-0.015
0.0077
0.021
-0.016
-0.034
0.0054
0.033
0.018
0.015
0.029
0.011
-0.026
-0.019
-0.0057
-0.012
0.0055
0.03
0.024
-1.5e-005
-0.0091
0.011
0.017
-0.013
-0.016
0.017
0.028
0.011
0.0061
0.018
0.019
0.0064
0.0022
0.014
0.042
0.034
0.0033
0.009
0.033
0.009
-0.026
0.0034
0.038
0.013
-0.017
0.009
0.036
0.0068
-0.019
0.0072
0.029
0.004
-0.011
0.023
0.045
0.024
0.0086
0.023
0.022
0.0014
-0.00011
0.021
0.028
0.013
0.011
0.026
0.028
-0.0022
-0.03
-0.017
0.0011
-0.00023
0.022
0.053
0.037
0.00044
-0.011
-0.0013
-0.0026
-0.02
-0.0022
0.032
0.012
-0.0092
0.0025
0.017
0.0018
-0.0096
-0.0019
0.006
0.0023
0.019
0.031
0.0075
-0.0029
0.0061
0.00081
-0.0099
-0.01
0.0019
0.016
0.00032
-0.021
-0.0019
0.0017
-0.013
-0.011
-0.014
-0.0087
0.0051
-0.0048
0.0011
0.039
0.016
-0.032
-0.023
0.0089
-0.0017
-0.028
-0.0057
0.031
0.013
-0.014
0.012
0.016
-0.022
-0.025
0.017
0.03
0.00069
-0.01
0.011
0.012
-0.014
-0.015
-0.0035
0.012
0.031
0.026
0.0097
0.013
0.013
0.0053
-0.0025
-0.0063
0.0052
0.019
0.0062
0.0011
0.013
0.012
0.00075
-0.0019
0.013
0.012
-0.0057
0.0076
0.025
0.014
-0.0069
-0.0063
0.0058
0.0038
-0.0002
0.0063
0.021
0.019
0.0033
-0.0093
-0.005
0.0023
-0.0091
-0.02
-0.007
0.0098
0.013
0.03
0.037
0.012
-0.0035
0.0027
0.01
0.008
0.0023
0.025
0.031
0.011
0.012
0.026
0.013
0.0056
0.018
0.017
-0.00087
-0.0074
0.015
0.0026
-0.037
-0.024
0.017
0.0014
-0.029
0.0025
0.019
-0.00032
-0.0056
0.0092
0.0083
-0.014
-0.0062
0.019
0.017
0.0042
0.021
0.041
0.028
-0.0094
-0.025
-0.0091
-0.0027
-0.0016
0.014
0.033
0.026
-0.0019
-0.011
0.0048
-0.00053
-0.011
0.02
0.031
0.0048
0.0095
0.029
0.0077
-0.027
-0.033
-0.013
0.00075
0.021
0.033
0.017
0.0065
0.019
0.0051
-0.019
-0.0077
0.014
0.016
0.0099
0.013
0.019
0.0015
-0.01
0.0069
0.014
0.00029
-0.0034
-0.0054
-0.0045
0.0094
0.01
-0.011
-0.02
-0.007
-0.011
-0.014
0.007
0.019
0.011
0.017
0.016
-0.0087
-0.02
0.0052
0.01
-0.015
-0.0059
0.024
0.022
-0.014
-0.025
0.016
0.016
-0.041
-0.033
0.021
0.038
0.018
-0.00011
0.0082
0.02
0.014
0.00038
0.004
0.0098
0.012
0.00053
-0.0099
0.0047
0.016
0.0021
-0.011
0.0019
0.02
0.019
0.0016
0.01
0.026
0.0089
0.0011
0.008
0.011
0.0074
-0.0083
-0.021
0.0022
0.033
0.012
-0.021
-0.011
0.021
0.013
-0.00056
0.026
0.046
0.026
0.012
0.026
0.022
0.0018
-7.6e-005
0.029
0.033
-0.0026
-0.0053
0.029
0.019
-0.013
-0.0067
0.01
0.016
0.032
0.033
0.021
0.016
0.022
0.023
0.0046
0.0019
0.027
0.023
-0.012
-0.0094
0.013
0.0048
-0.0084
0.0048
0.021
0.0039
-0.013
0.017
0.033
0.0069
-0.002
0.013
0.014
0.0024
-0.0052
0.0021
0.018
0.016
-0.0013
-0.01
0.0031
0.0039
-0.02
-0.019
0.007
0.0072
0.0024
0.021
0.013
-0.014
-0.019
-0.013
-0.012
-0.018
-0.0066
0.017
0.004
-0.0095
-7.6e-005
-0.0013
-0.0098
0.015
0.029
0.0077
-0.00041
0.029
0.044
0.008
-0.015
0.0035
0.009
-0.0044
-0.00093
0.016
0.021
0.0062
-0.0077
0.0056
0.008
-0.0075
-0.0062
0.0046
0.0087
0.006
-0.0014
-0.0014
0.024
0.018
-0.022
-0.023
0.0029
-4.6e-005
-0.012
0.014
0.033
0.0045
-0.01
0.017
0.0096
-0.015
0.0009
0.03
0.021
-0.0034
-0.014
-0.011
-0.011
-0.025
-0.024
-0.0057
0.016
0.029
0.021
0.0021
-0.0011
-0.0057
-0.0092
-0.0094
-0.0041
0.019
0.03
0.013
0.0054
0.0082
0.0058
-0.004
-0.015
-0.0031
0.017
0.012
0.0098
0.02
0.01
-0.013
-0.017
0.00078
0.0082
-0.0038
-0.0031
0.015
0.012
0.0015
-0.0033
0.0019
0.013
0.0057
-0.009
0.0063
0.029
0.022
0.017
0.013
0.00047
-0.0052
-0.01
-0.0056
0.0078
0.0026
0.018
0.036
0.021
0.011
0.025
0.014
0.0021
0.022
0.034
0.026
0.014
0.034
0.033
-0.0024
0.0023
0.024
0.014
-0.0019
0.018
0.027
0.015
0.009
0.016
0.02
-0.0028
-0.017
-0.0047
0.0005
-0.0046
0.017
0.039
0.025
-0.012
-0.026
0.0034
0.0097
-0.018
-0.019
0.0072
0.011
-0.0055
-0.0062
0.017
0.013
-0.012
0.0036
0.02
0.0025
-0.0023
0.019
0.016
-0.014
-0.028
-0.009
0.01
0.023
0.0091
-0.021
-0.012
0.008
-0.013
-0.023
0.00038
0.008
-0.0094
-0.018
0.0028
0.02
0.0027
-0.018
-0.0083
0.00017
-0.01
-0.0057
0.015
0.024
0.0097
-0.0051
0.0083
0.013
-0.0041
-0.0064
0.011
0.02
0.018
0.015
0.026
0.041
0.012
-0.026
-0.016
0.0026
-0.0038
0.0053
0.03
0.024
-0.011
-0.029
-0.0043
0.0078
-0.013
0.0062
0.035
0.016
0.0078
0.019
0.02
0.01
0.012
0.018
0.0093
0.0034
0.029
0.029
-0.0023
0.0023
0.019
0.012
0.01
0.025
0.036
0.034
0.015
0.0014
0.013
0.0091
0.00017
0.0029
0.0016
0.0079
0.0085
-0.0087
0.0055
0.042
0.03
0.0053
0.0077
0.016
0.0054
-0.003
0.016
0.031
0.015
0.0022
0.01
-0.0068
-0.029
-0.018
0.0064
-0.00047
-0.022
-0.014
0.0065
-0.0089
-0.029
-0.014
0.0054
0.0079
0.02
0.019
0.0042
0.01
0.016
0.0047
-0.012
-0.013
0.0091
0.018
0.0024
0.0099
0.023
0.004
-0.016
-0.01
0.013
0.014
0.0033
0.021
0.032
0.006
-0.013
0.0044
0.019
0.008
0.0081
0.022
0.022
0.01
0.012
0.023
0.022
0.016
0.0088
-0.0057
-0.02
-0.0083
0.013
0.0073
-0.003
0.01
0.017
0.00044
-0.013
-0.017
-0.013
-0.013
-0.014
0.011
0.028
0.023
0.0086
0.0024
-0.0057
-0.015
-0.025
-0.019
0.0078
0.014
0.0062
0.011
0.0011
-0.0096
-0.0033
-0.0015
-0.0025
0.0076
0.0074
0.016
0.019
-0.0099
-0.015
-0.00047
0.0014
0.0015
0.0031
0.014
0.035
0.015
-0.0085
0.014
0.015
-0.023
-0.031
0.0018
0.012
-0.0025
-0.0058
0.013
0.009
-0.012
-0.015
-0.0018
0.0016
0.0034
0.0025
-0.012
-0.0067
0.0094
-0.0022
-0.017
0.0084
0.031
0.0059
-0.019
-0.00026
0.011
-0.0069
-0.0089
0.031
0.041
0.0043
0.0057
0.035
0.024
0.0048
0.012
0.019
0.0082
0.0064
0.015
0.027
0.021
0.0052
0.002
0.0062
0.0096
0.0094
0.0077
0.0077
0.014
0.015
0.024
0.032
0.022
0.021
0.0093
-0.016
-0.012
0.0056
0.0035
0.016
0.031
0.012
-0.0053
-0.0048
-0.0046
-0.00084
-0.0062
0.003
0.0074
-0.0049
0.0021
0.015
0.0025
-0.0033
0.017
0.015
-0.005
-0.0051
0.023
0.025
-0.0089
-0.0076
0.011
-0.012
-0.027
0.014
0.026
-0.0072
-0.014
0.0071
0.016
-0.0037
-0.0088
0.0091
0.011
-0.0044
0.007
0.032
0.027
-0.00023
-0.016
0.006
0.013
-0.016
-0.018
0.0092
0.011
-0.0055
-0.0098
0.0025
0.0027
-0.0042
0.016
0.026
0.0062
0.00099
0.026
0.028
0.0055
-0.0011
0.0074
0.0062
0.011
-0.0051
-0.016
0.0093
0.021
0.004
-0.0033
0.013
0.027
0.015
-0.0042
0.0011
0.016
0.019
0.012
0.0049
0.0097
0.0021
-0.015
0.0023
0.026
0.012
-0.0067
0.0046
0.011
-0.0099
-0.019
0.014
0.04
0.021
0.011
0.031
0.034
-0.00066
-0.025
-0.012
0.0035
-0.0052
0.0036
0.031
0.019
-0.011
-0.011
0.0016
-0.0059
-0.027
-0.0097
0.025
0.017
0.002
0.0056
0.0068
-0.0084
-0.004
0.0011
-0.0097
-0.01
0.013
0.01
-0.026
-0.016
0.022
0.022
0.0014
-0.0061
0.0025
0.017
0.011
-0.0046
0.011
0.012
-0.0072
-0.0067
0.0011
0.0059
0.0064
-0.00032
0.019
0.058
0.036
-0.0043
0.0041
0.017
0.003
-0.014
0.0029
0.031
0.017
0.0029
0.025
0.01
-0.023
-0.0084
0.02
0.024
0.011
0.0047
0.018
0.0087
-0.012
-0.0025
0.014
0.016
0.021
0.023
0.018
0.021
0.013
0.012
0.0051
-0.015
0.0018
0.025
0.008
-0.0037
0.0085
0.0054
-0.0072
-0.017
-0.0089
0.0048
-0.0034
0.00011
0.0028
-0.01
-0.0089
-0.00093
-0.0015
0.0057
0.0026
-0.0093
0.0074
0.0087
-0.0065
-0.0026
0.011
0.017
-0.0074
-0.014
0.015
0.016
0.0077
0.025
0.015
-0.015
-0.024
-0.015
-0.0043
-0.014
-0.03
-0.016
-0.0077
-0.011
-0.013
-0.0047
-0.004
-0.0031
-0.0037
-0.0077
-0.002
0.013
0.035
0.023
-0.0014
0.012
0.012
-0.022
-0.032
-0.0011
0.016
0.0089
0.006
0.013
0.012
-0.013
-0.019
0.0044
0.023
0.013
0.0044
0.019
0.038
0.025
-0.011
-0.0032
0.019
0.00096
-0.017
0.011
0.042
0.017
-0.02
0.0061
0.023
-0.0086
-0.0066
0.022
0.024
0.022
0.016
-0.00041
-0.011
-0.013
-0.0056
0.0018
0.019
0.047
0.046
0.011
0.016
0.029
0.0038
-0.016
-0.0068
0.012
0.011
-0.0021
0.019
0.03
0.0047
-0.0044
-0.0059
-0.015
-0.0029
0.0081
0.012
0.027
0.023
0.0017
-0.007
0.0074
0.017
-0.0031
-0.01
0.023
0.023
0.0041
0.025
0.036
0.017
-0.011
-0.02
-0.002
0.0034
0.0019
0.029
0.041
0.0033
-0.021
-0.0082
-0.0054
-0.017
-0.021
0.0075
0.033
0.027
0.02
0.024
0.013
-0.013
-0.008
0.0036
0.0032
0.00032
0.018
0.029
0.0047
-0.021
-0.015
-0.013
-0.025
-0.0037
0.023
0.025
0.0074
-0.0023
0.019
0.01
-0.015
-0.0025
0.0084
-0.0052
0.0055
0.037
0.035
0.00035
-0.027
-0.011
-0.0044
-0.025
-0.017
0.004
0.0078
0.0066
0.0056
0.0076
0.0078
0.00047
0.0084
0.02
0.011
0.00044
0.017
0.024
-0.002
-0.018
-0.0014
0.015
0.022
0.0075
-0.01
0.00023
0.016
0.0061
-0.013
0.0022
0.02
0.004
-0.014
-0.00014
0.016
0.0061
-0.0074
-0.0021
0.0054
-0.009
-0.015
0.0077
0.023
0.01
-0.005
-0.006
-0.011
-0.011
0.00093
0.0058
0.0089
0.019
0.017
-0.0015
7.6e-005
0.016
0.0032
-0.024
-0.012
0.019
0.024
0.02
0.023
0.02
0.006
-0.005
-0.012
-0.02
-0.0044
0.016
0.0059
0.0089
0.024
0.032
0.013
-0.004
0.01
0.028
0.011
0.0076
0.023
0.016
0.017
0.022
0.009
0.01
0.014
-0.0037
-0.0036
0.014
0.013
0.015
0.012
0.0029
0.003
-0.011
-0.018
-0.0018
0.0053
0.0073
0.027
0.025
0.0027
0.0033
0.0092
0.0037
-0.01
-0.013
0.011
0.017
-0.00026
0.00017
-0.004
-0.016
-0.0049
0.015
0.022
0.015
-0.012
-0.0028
0.027
0.011
-0.0057
0.0039
0.0087
0.0079
0.0039
-4.6e-005
0.0094
0.0045
-0.013
-0.021
-0.0057
0.014
0.0083
-0.015
-0.0046
0.024
0.017
0.0075
0.0082
0.00035
0.0017
0.0069
0.0073
-0.0068
-0.025
-0.019
-0.013
-0.016
-0.006
0.019
0.018
-0.0058
-0.015
-1.5e-005
0.014
0.011
0.011
0.023
0.021
-1.5e-005
-0.0025
0.0092
0.0027
-0.0081
-0.0014
0.0091
0.0056
0.0014
0.011
0.0019
-0.0041
-0.00078
0.0018
0.0037
0.021
0.032
0.019
0.005
0.01
0.0081
-0.019
-0.02
0.016
0.034
0.023
0.0072
0.0085
0.011
-0.0065
-0.023
-0.011
-0.00075
-0.0038
-0.0021
-0.0074
-0.0058
0.0046
0.0056
-0.0049
-0.015
-0.0099
0.012
0.022
0.012
0.018
0.024
0.0027
-0.011
0.01
0.026
0.0091
-0.019
-0.014
0.0029
0.0017
0.0087
0.025
0.023
0.0095
-0.0034
-0.013
0.0044
0.023
0.014
0.0011
0.024
0.044
0.026
-0.01
0.00075
0.022
-0.0029
-0.019
0.01
0.029
0.01
-0.0082
0.0075
0.02
0.0014
-0.0085
0.0063
0.011
0.00096
-0.0055
0.0053
0.022
0.0027
-0.023
-0.0033
0.022
0.009
0.0035
0.032
0.046
0.025
0.021
0.045
0.037
0.011
0.022
0.034
0.015
0.0091
0.026
0.026
0.00044
-0.016
-0.0096
0.0022
-0.013
-0.013
0.011
0.0051
-0.011
-0.0081
0.01
0.025
0.026
0.00099
-0.005
0.0022
0.002
-0.0053
-0.0095
0.0022
0.0073
-0.0093
-0.015
0.0056
0.021
0.024
0.011
-0.0066
-0.0019
0.0072
0.017
0.011
-0.0047
0.0017
0.00087
-0.023
-0.011
0.032
0.018
-0.024
-0.026
-0.003
-0.0079
-0.032
-0.027
0.00087
0.0043
-0.014
-0.015
-0.0097
-0.014
-0.012
0.0068
0.014
-0.0085
-0.017
0.01
0.018
0.0048
0.013
0.021
0.015
0.027
0.022
0.00011
0.0087
0.022
0.016
0.0015
0.0024
0.017
0.015
0.00035
0.009
0.022
0.018
0.01
-0.00038
0.0025
0.012
0.012
0.019
0.024
0.014
0.0078
0.011
0.0034
-0.0074
-0.01
-0.0069
0.0084
0.017
0.009
-0.0047
-0.0036
0.016
0.017
-0.0095
-0.011
0.016
0.028
0.025
0.016
0.0088
0.005
-0.0064
-0.0079
-0.0051
-0.0088
-0.0016
-0.0033
0.0033
0.018
0.025
0.014
0.011
0.017
0.026
0.017
0.0093
0.025
0.024
0.013
0.007
0.0021
0.0089
-0.00075
-0.029
-0.022
0.0057
-0.0037
-0.0076
0.0093
0.0015
-0.0033
0.00011
0.0013
0.0082
0.0061
0.0065
0.025
0.026
0.012
0.0063
0.004
0.0038
-0.0043
-0.019
-0.018
-0.015
-0.026
-0.014
-0.0079
-0.017
-0.0011
0.018
0.012
0.0073
0.0025
0.0045
0.011
-0.00056
-0.0018
0.006
0.017
0.031
0.021
-0.0059
0.002
-0.0018
-0.024
-0.01
0.014
0.023
0.035
0.036
0.032
0.022
-0.00035
-0.0064
-0.0028
0.00017
0.0099
0.0032
-0.0044
0.0038
-0.0021
-0.015
-0.01
-4.6e-005
0.00023
-0.0083
-0.0039
0.02
0.02
-0.0035
-0.017
-0.018
-0.019
-0.032
-0.035
-0.0085
0.0075
0.0021
0.011
0.015
-0.0037
-0.012
-0.0023
0.0054
0.012
0.017
0.036
0.043
0.026
0.022
0.022
-0.011
-0.028
0.0018
0.011
0.0054
0.012
0.031
0.032
0.0054
-0.0014
0.014
0.0005
-0.016
0.017
0.038
0.024
0.015
0.021
0.028
0.0048
-0.016
-0.0029
0.0019
-0.013
0.012
0.053
0.048
0.011
-0.016
0.00056
0.011
-0.012
-0.019
-0.00072
0.013
0.0015
-0.016
-0.0047
0.01
0.0011
0.0073
0.03
0.03
0.029
0.049
0.046
0.014
-0.007
0.0083
0.02
0.02
0.015
0.0076
0.0017
0.002
-0.011
-0.024
-0.0033
0.016
0.011
0.0043
0.017
0.044
0.044
0.021
0.016
0.016
-0.0048
-0.0054
0.0026
0.00011
0.006
0.01
0.01
-0.00029
-0.01
-0.0054
-0.0051
-0.0097
0.00023
0.008
0.011
0.019
0.017
0.0053
-0.0002
-0.018
-0.024
-0.0079
-0.0086
-0.011
0.004
-0.0027
-0.02
-0.022
-0.041
-0.042
-0.013
0.0051
0.015
0.0056
0.0035
0.013
0.0066
-0.0034
0.0081
0.00035
-0.0071
0.0094
0.018
0.029
0.029
0.017
0.018
0.012
-0.00047
0.0018
0.0087
0.017
0.036
0.026
0.007
0.0037
-0.0094
-0.023
-0.024
-0.0034
0.017
0.022
0.019
0.028
0.02
-0.0071
-0.0056
0.012
0.0022
-0.0086
0.021
0.042
0.02
-0.0068
0.011
0.019
-0.02
-0.028
0.0065
0.011
0.001
-0.0014
0.0024
-0.0043
-0.0011
0.0098
-0.0014
-0.0023
0.023
0.017
-0.012
-0.0011
0.013
-0.0031
-0.013
0.0028
0.015
0.006
0.002
0.015
0.018
-0.0053
-0.02
-0.0055
0.0081
0.0098
0.007
0.025
0.038
0.016
0.0081
0.02
0.0089
-0.011
-0.014
-0.0059
0.011
0.011
0.0026
0.018
0.014
-0.013
-0.025
-0.0037
0.012
-0.0072
-0.013
0.0093
0.011
-0.012
-0.0097
-0.0027
-0.023
-0.03
-0.024
-0.012
-0.0014
0.015
0.024
0.018
0.0089
0.019
0.027
0.0025
-0.0092
0.019
0.05
0.044
0.019
0.019
0.022
-0.0025
-0.0096
0.02
0.018
0.0065
0.019
0.013
-0.0036
-0.0077
0.0062
0.011
0.0055
0.016
0.035
0.027
0.0019
0.0064
0.022
0.0067
-0.021
-0.01
0.00056
-0.0045
-0.00084
-0.0002
-0.0035
0.0083
0.0056
-0.017
-0.012
0.013
0.0093
-0.009
0.0021
0.019
-0.0063
-0.031
0.0084
0.041
0.018
-0.02
-0.017
0.0018
-0.0094
-0.022
0.0066
0.02
-0.015
-0.031
0.0026
0.024
0.00069
-0.02
-0.0044
0.0028
-0.012
-0.0094
0.021
0.035
0.017
0.0058
0.013
0.016
0.0031
-0.0025
0.024
0.04
0.022
0.023
0.04
0.015
-0.01
0.0033
0.01
-0.0055
-0.013
0.0084
0.025
0.01
0.0006
0.011
0.0084
-0.0071
-0.00063
0.0085
0.0044
-0.0039
0.00056
0.013
0.015
0.0066
-0.0077
-0.0026
0.011
0.024
0.02
0.0044
0.0053
0.016
0.018
0.0057
0.0092
0.032
0.047
0.022
-0.005
0.0094
0.019
0.0016
-0.021
-0.0081
0.022
0.018
-0.0078
0.015
0.056
0.028
-0.012
-0.0029
0.025
0.0097
-0.021
0.0005
0.038
0.025
-0.0015
0.00093
-0.0024
-0.02
-0.02
0.005
0.0079
-0.018
-0.015
0.025
0.019
-0.02
-0.018
0.0024
-0.0045
0.0043
0.012
0.0012
-0.002
0.0053
0.0032
-0.0097
-0.012
-0.0042
-0.0031
-0.0089
-0.0017
0.0079
0.00014
0.00075
0.0041
-0.0054
-0.014
0.00035
0.02
0.0075
-0.0078
0.0061
0.016
-0.0026
-0.0043
0.018
0.024
0.0091
0.0027
0.015
0.02
0.013
0.0097
0.012
0.0096
-0.012
-0.019
0.0066
0.021
0.013
0.018
0.021
0.0024
-0.0096
-0.021
-0.025
-0.0049
0.017
0.03
0.019
0.013
0.013
0.0051
-0.0025
0.0076
0.0069
-0.0087
0.0016
0.016
0.0087
0.00099
4.6e-005
-0.0067
-0.0069
-0.0012
0.004
0.019
0.016
0.0092
0.0097
0.0064
0.0044
0.0086
0.0032
0.001
0.018
0.022
0.028
0.03
0.019
0.0054
-0.014
-0.032
-0.029
-0.016
-0.00056
0.017
0.019
0.014
-0.0067
-0.02
-0.013
-0.015
-0.011
0.011
0.02
0.015
0.01
0.0081
0.012
0.0035
-0.0063
0.012
0.015
-0.0094
-0.0013
0.018
0.01
-0.014
-0.0029
0.033
0.02
-0.024
-0.0011
0.042
0.026
0.0018
0.0065
0.026
0.025
-0.0052
0.0016
0.035
0.022
-0.011
-0.0059
0.01
-0.00053
-0.02
-0.0057
0.029
0.019
-0.0095
0.0049
0.028
0.013
-0.013
-0.014
-0.0023
-0.0018
0.0018
0.029
0.041
0.015
-0.0029
0.0016
-0.0027
-0.025
-0.032
0.0018
0.018
1.5e-005
-0.0044
0.019
0.017
0.0005
0.0073
0.011
0.00087
0.0075
0.027
0.012
-0.0019
0.02
0.014
-0.023
-0.023
0.0075
0.02
0.018
0.0099
0.0065
-0.00072
-0.017
-0.013
0.0049
0.0075
-0.0022
0.0098
0.031
0.03
0.0043
-0.014
-0.0019
-0.0058
-0.03
-0.027
-0.0053
0.0067
0.016
0.0079
-0.01
-0.015
-0.0044
0.018
0.015
-0.0055
0.0082
0.033
0.022
-0.0093
-0.02
-0.0046
0.0018
0.014
0.025
0.0073
-0.0053
0.025
0.025
-0.0087
0.0067
0.035
0.022
0.01
0.03
0.05
0.035
0.011
0.017
0.027
0.012
0.0058
0.0084
0.0073
0.011
0.0092
-0.0049
-0.011
-0.0018
-0.0015
0.0019
0.014
0.016
0.0081
0.0093
0.02
0.016
-0.00093
-0.0082
-0.0026
-0.012
-0.019
0.0092
0.03
0.012
-0.0034
0.0011
0.0048
-0.012
-0.0098
0.0031
-0.0035
-0.0018
0.016
0.023
0.009
0.0047
0.0086
0.0014
-0.0055
0.016
0.03
0.017
0.014
0.012
0.0025
-0.0016
-0.013
-0.021
-0.0064
0.0032
-0.0018
0.0086
0.01
0.0036
-0.0082
-0.029
-0.026
-0.0055
-0.0028
0.0017
0.027
0.034
0.018
0.0019
0.0024
0.011
0.014
-0.0021
-0.0076
0.018
0.024
-0.0019
-0.015
0.0065
0.013
-0.0082
-0.014
0.0013
0.00014
0.009
0.018
-0.0073
-0.013
0.019
0.02
0.016
0.029
0.041
0.032
0.0064
-0.00069
0.0032
-0.012
-0.022
0.0063
0.028
0.012
0.0017
0.02
0.023
-0.011
-0.026
-0.0018
0.013
0.0041
0.0023
0.018
0.013
-0.006
-0.0058
-0.005
-0.01
-0.0034
-0.00017
-0.0024
0.0081
0.015
0.016
0.014
0.012
0.004
-0.018
-0.011
0.029
0.025
-0.0047
0.0045
0.018
-0.0045
-0.011
-0.00044
-0.017
-0.012
0.0084
0.013
0.001
0.0023
0.0053
0.00084
-0.0019
0.0058
0.0062
-0.0084
-0.0026
0.018
0.018
-4.6e-005
-0.015
-0.03
-0.031
-0.02
-0.007
0.023
0.028
0.023
0.021
0.0097
-0.0037
-0.011
0.0037
0.024
0.029
0.038
0.051
0.033
0.015
0.016
0.014
0.0067
-0.011
-0.014
0.011
0.032
0.021
0.0083
0.008
0.0069
-0.0091
-0.021
0.0014
0.032
0.017
-0.01
-0.013
-0.01
-0.012
-0.015
-0.0017
0.024
0.038
0.019
0.0042
0.01
0.0084
-0.013
-0.012
0.014
0.0086
-0.028
-0.019
0.031
0.033
-0.0035
-0.017
-0.0083
-0.0005
-0.0075
0.006
0.027
0.016
0.00087
0.014
0.025
0.017
0.009
0.0076
0.022
0.0062
-0.022
0.00035
0.031
0.014
-0.025
-0.021
0.009
0.00093
-0.018
0.015
0.041
0.0088
-0.016
0.0012
0.012
-0.012
-0.031
0.012
0.042
0.0091
-0.0088
0.023
0.028
-0.00029
-0.00029
0.019
0.021
0.01
0.023
0.02
-0.0085
-0.012
-0.006
-0.018
-0.022
0.0061
0.026
0.016
0.00072
-0.0044
0.0056
0.016
0.013
-0.0023
0.0035
0.022
0.027
0.026
0.028
0.026
0.011
-0.0019
-0.0032
0.00044
-0.0051
-0.0031
0.017
0.022
-0.0065
-0.0069
0.024
0.019
-0.0039
0.00026
0.018
0.0094
-0.0023
0.0065
-0.0081
-0.033
-0.0011
0.017
-0.016
-0.015
0.025
0.017
-0.016
-0.009
0.018
0.0065
-0.02
0.013
0.048
0.018
0.00047
0.029
0.035
0.002
-0.0091
0.02
0.035
0.0032
-0.016
0.013
0.023
-0.0041
-0.025
-0.011
0.0079
0.01
0.0068
0.0051
-0.00096
-0.0032
-0.0042
-0.011
-0.0053
0.0009
-0.006
0.0041
0.03
0.03
0.011
0.013
0.016
-0.013
-0.027
-0.0024
0.018
0.014
0.017
0.029
0.01
-0.0037
0.0091
0.021
0.018
0.017
0.0097
0.0099
0.022
0.018
-0.0014
-0.01
0.0012
0.0024
-0.011
-0.006
0.0058
0.0018
-0.0018
0.0024
-0.0019
-0.0061
-0.015
-0.014
-0.0018
0.0061
0.023
0.03
0.015
-0.00026
0.022
0.033
-0.0094
-0.03
0.011
0.034
0.0081
0.0029
0.019
0.0069
-0.017
-0.0042
0.0059
-0.0054
0.0064
0.042
0.029
-0.018
-0.02
0.01
0.0012
-0.022
-0.003
0.037
0.032
0.0077
0.0082
0.00035
-0.016
-0.0089
-0.0014
-0.011
-0.021
-0.026
-0.00026
0.035
0.031
-0.0013
-0.005
0.004
-0.015
-0.028
-0.0041
0.006
-0.012
-0.0087
-0.0024
-0.014
-0.005
0.012
0.011
0.025
0.042
0.026
0.012
0.016
-0.0047
-0.041
-0.031
0.0054
-0.0012
-0.0059
0.032
0.04
0.0053
-0.0058
-0.0022
-0.0098
-0.0009
0.025
0.042
0.019
0.013
0.031
0.032
0.0049
0.0018
-0.0048
-0.028
-0.0089
0.031
0.037
0.015
0.012
0.012
-0.0039
-0.016
-0.0058
0.012
0.014
0.014
0.0027
-0.0049
-0.0012
-0.0053
-0.012
-0.0096
-0.0055
-0.0057
-0.004
0.0048
0.033
0.029
-0.012
-0.011
0.016
0.0067
-0.0055
0.026
0.045
0.029
0.011
0.02
0.017
-0.017
-0.024
0.014
0.026
-0.0022
-0.016
0.0044
0.021
-0.0095
-0.027
0.0024
0.02
0.013
0.021
0.031
0.019
-0.0014
0.0059
0.0066
-0.02
-0.02
0.0053
0.00053
-0.0095
0.00063
-0.0018
-0.0089
-0.0033
-0.0023
0.01
0.026
0.029
0.028
0.031
0.032
0.017
0.0024
0.013
0.022
-0.00066
0.00066
0.015
0.0047
-0.0021
0.007
0.0073
-0.017
-0.029
0.0039
0.036
0.031
0.031
0.042
0.025
0.00044
0.0025
0.0055
-0.008
-0.023
0.0021
0.034
0.019
-0.0052
0.0049
0.0026
-0.016
-0.00017
0.018
0.012
0.0071
0.029
0.037
0.0035
-0.0099
0.0072
0.0005
-0.015
0.0023
0.014
0.0061
-0.0051
-0.016
-0.0033
-0.00047
-0.019
-0.019
-0.0052
-0.0013
0.019
0.044
0.033
-0.0018
-0.019
0.005
0.0035
-0.022
-0.0027
0.029
0.018
-0.0049
-0.0049
0.0082
0.00056
-0.014
0.0059
0.014
-0.012
-0.013
0.023
0.033
0.0025
-0.027
-0.012
0.019
0.024
0.0095
0.006
0.0099
0.011
0.0013
-0.0097
-0.0048
0.0083
0.017
0.012
0.0071
0.014
0.017
0.0043
0.004
0.019
0.0026
-0.014
0.0097
0.029
0.017
-0.0026
-0.0051
0.0034
0.01
0.0025
0.01
0.03
0.035
0.025
0.023
0.039
0.022
-0.023
-0.018
0.011
0.0034
0.00093
0.025
0.024
-0.0073
-0.029
-0.015
0.00023
-0.018
-0.0052
0.027
0.0087
-0.0089
-0.00063
0.00093
-0.0067
0.0043
0.01
0.0014
0.0036
0.035
0.038
-0.0053
-0.016
0.0085
0.017
0.0059
0.0024
0.016
0.025
0.019
0.014
0.013
-0.0024
-0.011
-0.011
-0.0098
-0.0038
-0.0017
-0.0071
-0.012
-0.0042
-0.017
-0.031
-0.019
-0.0054
-0.016
-0.021
0.0048
0.016
-0.0043
-0.0036
0.0031
-0.022
-0.021
0.015
0.031
0.015
0.008
0.02
0.019
-0.0028
-0.019
-0.026
-0.02
0.016
0.031
0.013
0.026
0.04
-0.0039
-0.025
0.015
0.033
-0.0065
-0.016
0.033
0.039
-0.0052
-0.0092
0.022
0.0047
-0.032
-0.0088
0.026
0.012
-0.0039
0.017
0.015
-0.0057
0.0055
0.015
-0.0086
-0.02
0.011
0.026
0.0087
-0.0078
0.0028
0.0067
-0.013
-0.014
0.013
0.03
0.028
0.035
0.034
0.01
0.0026
0.0036
-0.0099
-0.00084
0.017
0.014
0.00053
0.0076
0.017
0.014
0.001
0.008
0.02
0.0099
0.009
0.026
0.039
0.022
0.0011
0.015
0.026
0.0066
-0.011
0.011
0.023
0.00044
-0.011
-0.0034
-0.0051
-0.017
-0.013
-0.0078
-0.0076
-0.0029
0.013
0.025
0.025
0.0059
-0.011
0.00014
0.0039
-0.014
-0.0054
0.03
0.031
0.015
0.018
0.015
-0.0087
-0.015
0.017
0.035
0.018
0.01
0.026
0.011
-0.021
-0.019
0.0012
0.013
0.025
0.01
-0.0019
0.026
0.04
-0.0011
-0.017
0.016
0.026
0.0048
-0.0017
0.019
0.03
0.015
0.0095
0.014
-0.00084
-0.02
-0.015
0.0061
0.021
0.003
-0.014
0.0052
0.014
0.0014
-0.0002
0.014
0.013
0.0022
-0.0011
0.015
0.021
-0.0083
-0.029
-0.014
0.0014
-0.0061
-0.0052
0.017
0.013
-0.02
-0.016
0.021
0.015
-0.012
0.0048
0.02
-0.0037
-0.0097
0.0084
0.014
0.011
0.018
0.013
-0.006
-0.01
0.014
0.0059
-0.023
-0.014
0.0049
-0.0042
-0.016
-0.011
0.0051
0.023
0.012
0.00069
0.011
0.0017
-0.011
-0.0072
-0.00099
0.00017
-0.0011
-0.017
0.0053
0.053
0.035
-0.0058
-0.00014
0.024
0.004
-0.015
0.014
0.033
0.0093
-0.00096
0.019
0.0014
-0.027
-0.0034
0.033
0.012
-0.013
0.0068
0.027
0.0038
-0.0065
0.014
0.015
0.0083
0.035
0.033
0.0069
0.016
0.026
0.0096
-0.004
0.0006
0.018
0.024
0.011
0.012
0.022
0.0063
-0.0077
-0.00047
0.016
0.012
-0.0038
0.0043
0.02
0.0081
-0.0087
0.0069
0.016
0.00096
-0.0084
0.0043
0.024
0.022
0.011
0.015
0.026
0.015
-0.02
-0.029
-0.014
-0.0098
0.003
0.025
0.021
-0.0044
-0.031
-0.03
-0.018
-0.029
-0.018
0.011
0.0096
0.00081
0.0093
0.019
-0.0065
-0.019
-0.0022
-0.00032
-0.019
0.00041
0.042
0.021
-0.017
0.0064
0.021
-0.023
-0.036
0.0039
0.0098
-0.0072
0.006
0.035
0.026
-0.011
-0.027
-0.015
-0.0019
0.0089
0.027
0.037
0.037
0.016
-0.0022
0.0027
-0.0029
-0.02
-0.016
0.015
0.03
0.015
0.0066
0.015
-0.0075
-0.018
0.0057
0.0025
-0.018
0.0022
0.036
0.017
-0.023
-0.023
-0.0055
-0.0043
-0.00066
-0.0019
-0.0041
0.032
0.053
0.0024
-0.02
0.0096
0.016
-0.0058
-0.0054
0.014
0.022
0.017
0.013
0.021
0.012
-0.013
-0.012
-0.00096
0.0046
-0.0029
0.0025
0.031
0.033
0.0057
0.0017
0.02
0.016
0.013
0.017
0.02
0.023
0.014
0.0043
0.006
0.0057
-0.0036
0.0048
0.018
0.0046
-0.022
-0.021
0.0098
0.0098
-0.018
-0.0083
0.011
0.0063
-0.0082
-0.0044
0.014
0.033
0.035
0.025
0.0095
0.00072
0.015
0.0087
-0.00072
0.021
0.034
0.019
0.0083
0.017
0.017
0.0023
-0.011
0.011
0.039
0.032
0.028
0.037
0.021
-0.012
-0.0057
0.027
0.024
-0.0011
0.023
0.055
0.024
-0.011
-0.0083
0.004
0.0035
-0.0076
-0.004
0.016
0.01
-0.0079
-0.009
-0.0058
-0.0039
0.00056
0.023
0.018
-0.023
-0.02
0.023
0.007
-0.024
-0.0054
0.0044
-0.011
0.011
0.017
-0.014
-0.017
0.0051
0.0026
-0.01
0.0036
0.014
0.0045
0.0078
0.013
-0.0047
-0.015
0.0072
0.017
0.0053
-0.00056
-0.0024
-0.004
-0.0092
-0.015
-0.0097
0.0022
-0.0048
-0.01
0.01
0.022
7.6e-005
-0.018
0.0038
0.019
-0.0098
-0.025
-0.0027
0.012
0.011
0.0092
0.016
0.027
0.0055
-0.03
-0.022
0.013
0.024
-0.0043
-0.021
0.0054
0.022
0.006
-0.0038
0.0042
0.0064
0.016
0.015
0.0081
0.019
0.036
0.03
-0.00038
-0.0071
0.019
0.015
-0.012
0.0049
0.036
0.026
-0.0096
-0.021
0.017
0.021
-0.017
-0.0038
0.034
0.012
-0.0075
0.04
0.049
-0.00087
-0.021
0.0073
0.015
-0.0083
-0.0016
0.019
0.012
0.0047
0.012
0.0012
-0.0047
0.0067
0.022
0.025
0.0075
-0.00096
0.02
0.026
0.0052
-0.011
0.0084
0.032
0.025
0.004
-0.009
-0.015
-0.016
-0.013
-0.018
-0.011
0.0079
0.0041
-0.0069
0.0092
0.016
-0.0091
-0.017
0.012
0.021
-0.012
-0.015
0.012
-0.0023
-0.014
0.017
0.029
-0.0024
-0.015
0.0024
0.0056
-0.0014
0.00023
0.018
0.026
0.0029
0.0044
0.033
0.033
0.0089
0.00047
0.027
0.032
0.0014
0.0087
0.022
-0.011
-0.014
0.011
-0.011
-0.041
-0.023
0.021
0.017
-0.0079
-0.0027
0.014
0.0027
-1.5e-005
0.01
0.0036
-0.0027
0.0027
0.018
0.011
-0.017
-0.014
0.018
0.022
-0.0082
-0.0064
0.021
0.022
-0.0025
-0.0062
0.0016
-0.014
-0.027
-0.015
0.011
0.014
0.0025
0.00087
0.0058
-0.003
-0.009
0.01
0.014
-0.0037
-0.0043
0.0053
0.0026
0.012
0.02
0.0047
-0.015
-0.011
0.0069
0.018
0.019
0.0069
0.0002
0.012
0.036
0.023
-0.0024
0.017
0.049
0.03
0.0041
0.015
0.029
-0.002
-0.019
0.023
0.024
-0.023
-0.017
0.032
0.026
0.012
0.045
0.021
-0.024
-0.041
-0.027
-0.024
0.02
0.032
0.018
0.044
0.03
0.029
-0.014
-0.051
-0.0025
0.04
0.014
-0.0096
0.022
0.051
0.022
-0.027
0.0096
0.036
0.0032
0.018
0.02
-0.013
0.00041
0.021
-0.0036
0.0086
0.032
-0.0022
-0.008
-0.004
0.021
0.055
0.038
0.013
-0.014
-0.021
0.00014
0.022
0.035
0.033
0.019
0.0093
0.0012
0.011
0.01
-0.011
0.0002
0.019
0.022
-0.0016
-0.034
-0.02
-0.007
-0.027
-0.043
-0.023
0.0047
0.02
0.012
-0.0023
0.015
0.011
-0.021
-0.048
-0.046
-0.02
0.0084
0.035
0.018
-0.02
-0.0074
0.029
0.037
0.0038
-0.02
-0.005
-0.0042
0.01
0.03
0.0087
-0.01
0.034
0.045
-0.0069
-0.018
0.03
0.044
0.003
0.0025
0.038
0.0073
-0.029
0.0025
0.027
0.01
-0.003
0.0089
0.022
-0.007
-0.041
-0.022
0.0005
-0.0033
-0.0065
0.0045
0.021
0.019
-0.011
-0.026
-0.0043
0.0013
-0.0093
0.013
0.039
0.028
0.0028
0.016
0.036
-0.0023
-0.028
0.011
0.03
0.0029
-0.0011
0.029
0.022
-0.024
-0.017
0.025
0.011
-0.013
0.001
0.022
0.017
0.015
0.012
0.014
0.0052
-0.00029
0.0011
-0.004
0.0011
0.01
0.02
0.013
-0.004
-0.0009
0.00056
-0.017
-0.02
0.0083
0.0086
-0.013
-0.009
0.0078
0.011
0.0032
-0.015
-0.0075
0.05
0.057
0.0022
-0.0035
0.022
0.00017
-0.015
0.016
0.027
0.00035
-0.016
-0.014
-0.029
-0.025
0.003
0.016
0.015
0.012
0.002
0.012
0.018
-0.0015
-0.0085
0.0099
0.035
0.049
0.029
-0.0019
0.0017
0.013
0.009
-0.0079
-0.0051
0.011
0.00066
-0.0073
0.011
0.013
-0.0097
-0.008
0.0076
0.013
0.0092
0.0088
0.025
0.02
-0.0026
-0.01
0.0014
0.015
0.018
0.019
0.014
0.00056
0.0039
0.018
0.0059
-0.0069
-0.0009
-0.017
-0.035
-0.0092
0.017
0.015
0.015
0.0098
-0.01
-0.016
-0.012
-0.0047
-0.0048
-0.0047
0.02
0.015
-0.0023
0.0092
0.011
-0.019
-0.011
0.014
0.0041
-0.0065
0.0087
0.033
0.012
-0.018
0.0016
0.01
-0.016
-0.022
0.009
0.014
0.00053
-0.00011
0.0053
0.0047
-0.0058
-0.0051
-0.00056
0.00084
0.0037
0.023
0.045
0.049
0.025
0.0083
0.021
0.01
-0.016
-0.011
0.015
0.022
0.0083
0.0057
0.019
0.0054
-0.013
-0.0018
0.0095
0.0047
0.026
0.062
0.046
0.0016
-0.0095
0.0049
-0.00023
0.0056
0.018
0.0095
0.012
0.025
-0.0095
-0.031
-0.0011
0.0066
-0.014
-0.013
0.014
0.033
0.023
0.02
0.025
0.014
0.0021
0.0092
0.013
0.016
0.01
0.0018
0.016
0.02
0.0017
-0.0094
-0.006
-0.0086
0.002
0.017
0.014
0.0037
-0.0059
-0.01
-0.0041
0.0071
0.013
0.013
0.012
0.0049
-0.011
-0.016
-0.0009
0.0019
-0.023
-0.011
0.0091
-0.0061
-0.021
-0.009
0.0054
0.014
0.028
0.031
0.015
-0.0039
0.0058
0.0056
-0.0092
0.00032
0.022
0.022
-0.0032
0.0022
0.026
0.0035
-0.03
-0.014
0.02
0.0071
-0.017
-0.0084
0.0036
-0.0087
-0.0091
0.022
0.034
0.01
0.011
0.04
0.031
0.00047
-0.0092
0.015
0.032
0.018
0.012
0.024
0.017
-0.011
-0.022
-0.01
-0.0058
-0.013
0.0069
0.016
-0.018
-0.026
0.012
0.0059
-0.015
0.0058
0.014
-0.0028
0.0064
0.0045
-0.032
-0.028
0.0053
0.0041
-0.013
0.0023
0.017
0.0039
-0.00078
0.007
0.0095
0.0057
0.012
0.023
0.025
0.021
0.02
0.032
0.029
0.0068
0.0015
0.021
0.014
-0.0051
0.017
0.014
-0.032
-0.032
0.0018
-0.0067
-0.027
-0.0016
0.019
-0.0024
-0.013
0.0041
0.01
0.001
0.0011
-0.0051
-0.012
-0.013
-0.0018
0.013
0.006
-0.001
-0.0021
0.0018
-0.012
-0.015
0.00026
0.026
0.034
0.023
0.023
0.016
0.0051
0.015
0.027
0.0039
-0.011
0.021
0.036
0.018
0.00099
0.0045
0.0082
-0.0038
-0.02
-0.025
-0.013
0.008
0.027
0.022
0.019
0.013
-0.0029
-0.0092
-0.0029
0.0029
0.014
0.026
0.017
0.0072
0.0047
-0.01
-0.014
0.019
0.03
-0.01
-0.028
0.0065
0.025
0.0024
-0.016
-0.012
-0.0057
0.00032
0.0057
0.0015
0.0084
0.029
0.026
-0.0068
-0.0076
0.018
0.031
0.0062
-0.022
-0.01
-0.00063
-0.014
-0.01
0.014
0.015
-0.011
-0.021
-0.01
-0.0036
-0.0025
0.012
0.02
0.0019
0.00014
0.022
0.025
0.0058
0.0042
0.02
0.031
0.022
0.00063
0.0015
0.009
-0.0038
-0.0073
0.015
0.028
0.023
0.015
0.014
0.0086
-0.013
-0.024
-7.6e-005
0.0094
0.0079
0.0095
0.011
0.0056
0.0015
-0.00029
0.0053
0.0034
-0.0035
0.014
0.022
0.013
0.011
0.016
0.02
0.0059
-0.018
-0.0057
0.025
0.013
-0.0042
0.0088
0.012
-0.0002
-0.011
-0.0026
0.0047
-0.0017
0.0063
0.04
0.05
0.044
0.042
0.032
0.021
0.0054
0.00099
0.011
0.0057
-0.0085
0.01
0.022
0.0033
-0.0081
-0.0069
-0.0081
-0.012
-0.021
-0.0082
0.026
0.017
-0.016
-0.016
0.0059
0.017
0.018
-0.0058
-0.0072
0.014
0.014
-0.0078
-0.017
0.0043
0.015
-0.011
-0.017
0.012
0.022
0.01
-0.0019
-0.006
-0.003
-0.014
-0.017
0.0021
0.011
-0.0037
-0.0069
0.0078
-0.0028
-0.026
-0.02
0.011
0.017
0.0018
0.0066
0.034
0.031
-0.01
-0.028
-0.006
0.012
0.0047
0.018
0.043
0.029
-0.0026
-0.0067
0.003
-0.0052
-0.019
0.013
0.036
0.016
0.011
0.024
0.021
-0.0048
0.0014
0.018
0.0071
-0.0051
0.021
0.031
-0.0028
-0.012
0.014
0.012
-0.024
-0.025
0.0043
0.007
-0.019
-0.021
0.014
0.013
-0.011
-0.011
-0.0075
-0.019
-0.0025
0.03
0.025
0.015
0.012
0.019
0.02
0.0071
0.0009
0.0017
0.015
0.03
0.028
0.019
0.012
0.00041
-0.015
-0.02
-0.021
-0.015
0.0052
0.017
0.0053
-0.015
-0.021
-0.027
-0.014
0.0069
-0.0028
-0.013
0.021
0.033
-0.014
-0.018
0.0095
0.0012
-0.018
-0.011
-0.0017
0.0037
0.0083
0.0036
-0.012
-0.02
0.0019
0.015
0.015
0.034
0.029
0.014
0.025
0.027
0.0072
0.0042
0.012
0.017
0.019
0.0089
0.0097
0.019
-0.00099
-0.019
-0.0067
0.0032
-0.0047
-0.013
0.014
0.028
-0.013
-0.017
0.026
0.013
-0.01
0.0013
0.00072
0.0025
0.0082
0.011
0.012
0.022
0.024
0.013
-0.0028
0.0092
0.021
-0.0054
0.0042
0.028
0.0045
-0.016
-0.0013
0.0002
-0.0062
0.0021
0.0075
0.019
0.013
0.00047
0.0091
0.0074
-0.015
-0.02
-0.0031
0.0048
0.022
0.033
0.025
0.0013
-0.0055
0.0085
-0.012
-0.037
0.0019
0.046
0.015
-0.011
0.0024
0.0072
-0.01
0.0033
0.025
0.0074
-0.003
0.03
0.039
-0.0014
-0.017
0.0035
0.0082
0.0032
0.012
0.022
0.032
0.033
0.022
0.0023
-0.0058
-0.0077
-0.0024
0.015
0.016
-0.0061
-0.006
0.0067
-0.00011
-0.0091
-0.0058
0.0061
0.015
0.0073
0.0097
0.019
0.015
0.015
0.014
0.0039
0.0039
0.012
0.016
0.024
0.019
0.0077
0.018
0.0086
-0.021
-0.015
0.012
0.021
0.02
0.021
0.022
0.016
0.0022
0.0039
0.0074
-0.0014
0.013
0.0093
0.0079
0.027
0.025
-0.00081
-0.00063
0.008
-0.0039
-0.0044
0.0082
0.022
0.00053
-0.02
-0.0081
0.0021
-0.0037
-0.017
-0.015
0.0044
0.015
0.0045
0.012
0.016
-0.0081
-0.008
-0.0064
-0.014
-0.012
-0.0084
-0.0051
0.019
0.036
0.013
-0.017
-0.016
0.0013
-0.016
-0.024
0.013
0.027
-0.00056
-0.0025
0.012
-0.0073
-0.032
-0.0089
0.03
0.018
-0.0092
0.0065
0.031
0.0094
-0.011
-0.0076
-0.0036
0.00066
0.022
0.026
0.02
0.022
0.027
0.022
0.009
0.016
0.027
0.019
0.0054
0.011
0.021
0.0095
-0.0069
-0.0063
0.0075
0.0014
-0.012
-0.013
-0.0034
0.0096
0.013
0.0099
0.0053
0.0027
-0.0029
0.0022
0.014
0.0061
4.6e-005
0.014
0.025
0.0045
-0.022
-0.0035
0.017
-0.0021
-0.0015
0.027
0.025
0.0031
-0.0011
0.014
0.024
-0.0057
-0.0028
0.027
0.009
-0.0039
0.011
0.015
0.001
-0.00032
-0.012
-0.025
-0.024
-0.0025
0.01
-0.0073
-0.014
0.0031
0.016
-0.01
-0.028
-0.0025
0.019
0.0059
-0.0088
0.019
0.017
-0.014
-0.0095
0.0076
0.0031
-0.016
-0.015
0.0014
0.015
0.0093
0.006
0.014
0.018
0.0015
-0.0095
0.016
0.031
0.02
0.021
0.027
0.004
0.0024
0.025
0.019
0.016
0.028
0.016
0.0019
-0.0084
-0.021
-0.017
0.011
0.027
0.0062
-0.0099
0.021
0.032
-0.0096
0.00096
0.034
0.016
-0.014
-0.0031
0.025
0.029
0.013
0.018
0.033
-4.6e-005
-0.037
-0.017
0.011
-0.0045
-0.033
-0.016
0.012
0.0057
-0.0056
0.0082
0.016
0.0025
0.00029
0.0085
0.014
0.017
0.009
-0.00041
0.0023
-0.0005
-0.015
-0.0021
0.028
0.009
-0.039
-0.026
0.024
0.013
-0.017
0.0079
0.027
0.0073
-0.0088
0.003
0.019
0.026
0.013
0.012
0.019
0.019
0.0091
-0.013
-0.0021
0.023
0.019
0.0072
0.015
0.026
0.025
0.005
-0.011
0.0071
0.011
-0.00035
0.01
0.016
-0.0012
-0.02
-0.021
-0.014
0.0036
0.015
0.0083
-0.00084
0.017
0.038
0.017
-0.0023
0.015
0.035
0.02
0.011
0.026
0.022
-0.0044
0.0014
0.014
-0.009
-0.021
0.004
0.018
-0.0073
-0.019
0.0077
0.024
0.018
0.02
0.023
0.025
0.03
0.035
0.018
0.0022
-0.0029
0.0015
0.012
0.01
0.0054
0.014
0.0029
-0.015
0.004
0.018
0.0078
0.0033
0.01
0.011
-0.0055
-0.0098
0.006
0.0072
0.00072
0.014
0.013
-0.012
-0.0084
-0.0062
-0.022
-0.0032
0.02
-0.0012
-0.021
-0.005
0.027
0.025
-0.014
-0.015
0.0079
-0.0018
-0.011
-0.0031
-0.0021
0.0015
-0.012
-0.016
0.0093
0.013
-0.0069
0.0026
0.016
0.015
0.018
0.0077
0.013
0.025
0.017
0.009
0.017
0.017
0.0054
-0.0077
-0.01
0.026
0.041
0.027
0.02
0.0043
-0.0016
0.0044
-0.0022
-0.0029
0.017
0.017
0.019
0.033
0.016
0.0014
-0.00066
0.0031
0.0078
0.00038
0.00081
0.016
0.0093
-4.6e-005
0.0036
-0.012
-0.022
-0.004
0.012
0.0026
-0.016
-0.019
-0.0079
-0.013
-0.018
-0.014
-0.01
0.0023
0.029
0.021
1.5e-005
0.013
0.022
0.0052
-0.0052
0.0079
0.024
0.018
0.005
0.011
0.016
0.003
-0.017
-0.022
-0.0068
-0.01
-0.017
0.00041
0.024
0.015
-0.0025
0.0088
0.0037
-0.019
-0.015
0.015
0.027
0.017
0.018
0.025
0.023
0.00096
-0.03
-0.033
-0.015
-0.0036
0.013
0.032
0.026
0.0047
-0.0063
-0.0033
-0.00093
-0.018
-0.0061
0.026
0.028
0.032
0.034
0.019
0.00011
0.0054
0.016
0.015
0.0099
0.027
0.038
0.0099
-0.0071
0.013
0.016
-0.012
-0.013
0.021
0.021
-0.00023
-0.0025
0.018
0.014
-0.016
-0.016
-0.0062
-0.012
0.0058
0.044
0.047
0.027
0.00032
-0.009
0.0033
-0.00063
-0.02
-0.017
0.0048
0.013
0.013
0.017
0.0095
-0.012
-0.013
0.0018
-0.0066
-0.0094
0.026
0.041
0.018
-0.0018
-0.0064
-0.014
-0.011
0.012
0.0093
-0.016
0.0053
0.034
0.0024
-0.0088
0.017
0.015
-0.019
-0.02
0.021
0.042
0.022
0.015
0.026
0.0074
-0.015
-0.01
-0.00035
0.0042
0.011
0.021
0.017
0.0079
0.013
0.019
0.012
0.0082
0.025
0.032
0.032
0.029
0.013
0.0037
-0.008
-0.027
-0.02
-0.0045
-0.0059
0.0061
0.014
0.0049
0.0043
-0.008
-0.011
0.012
0.018
0.02
0.018
0.014
0.026
0.031
0.013
0.014
0.0074
-0.0078
0.0058
0.0045
0.0025
0.0084
0.0016
0.015
0.026
-0.00069
-0.0098
0.014
0.011
0.0055
0.016
0.019
0.013
0.00032
-0.011
-0.022
-0.025
-0.0063
0.026
0.021
0.0029
0.009
0.0009
-0.0034
0.0012
-0.0044
-0.0023
0.012
0.017
0.022
0.013
-0.0033
-0.00032
0.0032
0.0072
0.0069
-0.0065
-0.0037
0.0069
-0.011
-0.029
-0.021
-0.0051
0.0073
0.015
0.0044
0.00038
0.0064
0.011
-0.0048
-0.01
0.013
0.019
-0.0046
-0.007
0.018
0.025
0.0039
-0.0099
0.0065
0.014
-0.00063
0.0034
0.016
0.008
0.0063
0.018
0.019
0.0054
0.0036
0.017
0.024
0.017
0.012
0.02
0.033
0.024
0.0015
0.0042
0.023
0.012
-0.0089
0.0056
0.03
0.019
-0.0023
0.0013
0.015
0.0095
-0.019
-0.015
0.0069
0.0058
0.00084
0.0053
0.014
0.015
0.0063
-0.011
-0.012
-0.0054
0.0038
-0.0083
-0.017
0.014
0.026
-0.00035
-0.013
-0.0011
0.016
0.022
-0.00044
0.0047
0.04
0.031
0.0013
-0.0032
0.012
0.014
-0.0011
-0.009
0.023
0.048
0.0039
-0.037
-0.023
0.0033
-0.012
-0.033
-0.0037
0.019
-0.0032
-0.0064
0.0052
-0.0084
-0.012
0.0012
0.015
0.014
0.0018
-0.0038
-0.00041
-0.009
-0.017
-0.012
-0.011
-0.0098
0.0051
0.0069
0.004
0.0054
0.0083
0.012
0.005
0.007
0.023
0.02
0.006
0.011
0.017
0.013
0.0026
0.0028
0.014
0.00026
-0.014
0.0029
0.011
-0.0058
-0.012
0.011
0.026
0.014
0.0021
0.014
0.023
0.013
0.0068
0.016
0.032
0.018
-0.021
-0.027
-0.00032
0.0093
0.014
0.033
0.023
-0.0062
-0.02
-0.018
-0.0063
-0.011
-0.0077
0.011
-0.0015
-0.0088
0.007
0.012
-0.0035
0.0037
0.0066
-0.0059
-0.00056
0.031
0.045
0.011
-0.0085
0.0068
0.02
0.016
0.0072
0.019
0.031
0.02
-0.0014
0.0073
0.014
-0.0034
-0.0049
0.0076
0.014
0.0096
0.013
0.023
0.027
0.00041
-0.019
0.004
0.015
-0.0058
-0.0049
0.027
0.033
0.0055
-0.0039
0.0058
-0.0058
-0.0078
0.02
0.027
0.0074
0.0049
0.0045
-0.0039
-0.0094
-0.022
-0.029
-0.0014
0.031
0.016
0.0031
0.037
0.047
-0.005
-0.007
0.038
0.034
0.0034
0.017
0.047
0.034
0.0041
0.014
0.027
-0.0059
-0.031
-0.005
0.019
0.0048
-0.018
-0.0018
0.016
-0.00032
-0.0048
0.016
0.02
0.0066
0.0084
0.014
0.013
0.0024
-0.015
-0.015
-0.00038
0.0063
-0.0029
0.00041
0.022
0.0065
-0.037
-0.023
0.023
0.014
-0.0068
0.019
0.021
-0.0068
-0.01
0.0059
0.0063
0.0025
-0.0012
-0.0033
-0.0011
0.0077
0.016
-0.0085
-0.019
0.0029
0.0044
-0.013
-0.019
-0.0072
0.0076
-0.0006
-0.028
-0.019
0.0013
-0.003
0.0045
0.012
0.0054
-0.0064
-0.011
-0.0041
0.024
0.044
0.028
0.0024
0.0043
0.022
0.0015
-0.017
0.011
0.033
0.008
0.00038
0.023
0.017
-0.015
-0.0067
0.03
0.018
-0.012
0.00047
0.022
0.0049
-0.01
-0.0011
0.0077
0.0092
0.022
0.023
0.016
0.018
0.026
0.018
0.0031
0.0033
0.017
0.018
0.0026
0.0062
0.015
-0.0051
-0.015
0.0054
0.014
-0.008
-0.021
-0.012
-0.01
-0.01
-0.0033
-0.00017
-0.0014
0.0088
0.0074
0.0025
0.016
0.025
0.018
0.018
0.032
0.034
0.015
0.0096
0.025
0.022
0.014
0.021
0.0056
-0.025
-0.02
0.013
0.018
-0.01
0.00047
0.02
-0.0039
-0.019
-0.0051
0.0087
0.015
0.023
0.016
0.011
0.005
0.00026
-0.0058
-0.023
-0.024
-0.0079
-0.0032
-0.023
-0.034
-0.011
0.009
0.002
0.0025
0.014
0.0038
-0.00011
0.0045
0.013
0.03
0.025
-0.0048
0.011
0.053
0.026
-0.011
0.0054
0.025
-0.0041
-0.026
0.0082
0.028
-0.0037
-0.0058
0.025
0.0069
-0.016
-0.00072
0.015
0.012
-0.0047
-0.017
-0.0089
-0.014
-0.026
-0.0033
0.022
0.025
0.03
0.016
-0.011
-0.02
-0.011
0.0018
-0.00035
-0.0038
0.003
-0.0046
-0.014
0.0081
0.017
-0.0027
-0.0065
0.0048
0.016
0.013
0.0091
0.023
0.02
-0.0094
-0.021
-0.0026
0.01
0.0063
-0.0035
0.0037
0.015
0.0021
-0.0095
0.00096
0.02
0.015
-0.0068
-0.0018
0.02
0.022
0.021
0.038
0.028
-0.0024
-0.0098
-0.0015
0.0054
0.0086
0.018
0.032
0.022
0.0064
0.016
0.029
0.012
0.015
0.028
0.014
-0.0026
0.013
0.032
0.0046
-0.03
-0.019
0.0023
-0.013
-0.018
0.012
0.026
0.015
0.0082
0.022
0.027
0.0056
0.0052
0.023
0.02
0.015
0.036
0.049
0.037
0.0015
-0.0099
0.0063
0.00017
-0.018
-0.016
0.0096
0.029
0.022
0.011
0.006
-0.013
-0.0028
0.034
0.026
0.00053
0.014
0.028
0.0035
-0.027
-0.016
0.0067
0.00078
0.0059
0.0092
-0.0068
0.0019
0.03
0.0086
-0.017
0.0027
0.022
0.008
-0.013
0.00044
0.024
0.0092
-0.0061
0.001
-0.012
-0.028
-0.0099
-0.0022
-0.01
-0.006
0.0048
0.0048
-0.003
0.0018
0.0055
-0.0083
-0.021
-0.007
4.6e-005
0.0031
0.011
0.0077
-0.00044
-0.0095
-0.017
-0.004
0.0081
0.0012
0.0083
0.011
-0.0036
-0.0002
0.0043
-0.012
-0.0093
-0.0031
0.0067
0.012
0.0034
0.0043
0.016
0.016
0.016
0.011
-0.0046
0.008
0.023
0.018
0.014
0.014
0.019
0.015
-0.00032
-0.0083
0.0054
0.014
0.013
0.012
0.0079
0.019
0.017
-0.0076
-0.02
-0.0028
0.015
0.019
0.019
0.026
0.024
-0.0054
-0.021
-0.014
-0.017
-0.023
-0.0053
0.0076
0.012
0.012
0.0015
-0.0062
-0.015
-0.0066
0.021
0.033
0.021
0.02
0.033
0.03
0.0072
-0.0033
0.015
0.04
0.025
0.00014
0.0062
0.01
-0.023
-0.044
-0.00023
0.034
-0.0076
-0.037
0.0051
0.032
-0.0041
-0.012
0.026
0.03
-0.0067
-0.017
0.01
0.012
-0.0015
0.0097
0.019
0.0015
-0.0087
-0.0079
0.00072
0.0045
-0.008
-0.0036
0.028
0.036
0.0038
-0.0098
0.015
0.012
-0.012
0.0081
0.037
0.021
-0.0087
-0.0094
0.0087
0.0045
-0.027
-0.02
0.0069
-0.0085
-0.025
0.0011
0.031
0.022
0.0083
0.011
0.02
0.016
0.017
0.016
0.0077
0.019
0.025
-0.0019
-0.022
-0.0018
0.028
0.028
0.00029
-0.014
0.0009
0.00029
-0.0098
-0.015
-0.015
-0.012
-0.018
-0.038
-0.015
0.042
0.029
-0.018
-0.017
0.012
0.0027
-0.014
0.018
0.043
0.014
-0.01
0.0069
0.0085
-0.0029
0.0033
0.025
0.028
-0.0056
-0.022
0.0079
0.019
-0.0019
-0.0081
0.0021
0.015
0.036
0.027
-0.0039
-0.0092
-0.0039
-0.0093
-0.015
0.00072
0.015
0.0072
-0.0014
0.0028
0.0059
-0.0059
-0.0079
0.011
0.026
0.015
0.0017
0.017
0.026
0.0093
-0.0061
-0.0044
0.0027
0.0017
0.0018
0.0081
0.017
0.021
0.025
0.015
0.006
0.017
0.016
0.011
0.019
0.024
0.026
0.029
0.026
0.0094
-0.011
-0.012
0.0043
0.0073
-0.0015
0.02
0.031
0.014
0.0097
0.028
0.024
0.016
0.02
0.029
0.026
0.02
0.028
0.015
-0.0065
0.0059
0.014
-0.0072
-0.0096
0.016
0.016
-0.0051
-0.0084
0.012
0.014
-0.014
-0.012
0.015
0.0053
-0.016
0.0095
0.034
0.017
-0.017
-0.023
-0.0067
-0.0099
-0.015
-0.012
-0.0045
0.0021
0.0024
-0.0048
-0.0031
-0.0085
-0.014
0.0043
0.0065
-0.0061
0.0076
0.026
0.0039
-0.023
-0.018
-0.0074
0.0038
0.023
0.015
0.0035
0.023
0.037
-0.0042
-0.021
0.019
0.025
-0.0043
-0.006
0.0079
0.0024
-0.0021
0.015
0.02
-0.0052
-0.024
0.0016
0.022
0.0062
-0.0015
0.017
0.023
0.00063
0.008
0.032
0.012
-0.018
0.0061
0.027
-0.0026
-0.013
0.02
0.025
-0.013
-0.019
0.015
0.017
-0.0046
0.00056
0.011
-0.0061
-0.014
-0.0058
-0.012
-0.022
-0.018
0.0052
0.014
-0.00014
-0.0023
0.021
0.03
0.011
0.0068
0.019
0.027
0.011
0.0069
0.023
0.024
0.0065
0.0028
0.0084
-0.0044
-0.0019
0.016
0.02
0.0057
-0.017
-0.017
-0.011
-0.022
-0.02
-0.0044
-0.0031
0.0065
0.017
0.015
0.009
0.0011
0.0022
-0.0013
-0.011
-0.0049
0.013
0.012
0.005
0.0091
0.0013
-0.017
-0.019
0.0083
0.015
-0.0076
-0.0077
0.027
0.038
0.0098
-0.0064
0.0056
0.023
0.035
0.018
0.003
0.017
0.022
0.0047
7.6e-005
0.016
0.026
0.016
-0.001
-0.0018
0.015
0.015
-0.0047
0.0094
0.045
0.027
-0.0014
0.023
0.041
0.0067
-0.012
0.0089
0.012
-0.0089
-0.02
0.00078
0.026
0.021
0.0019
-0.006
0.0011
-0.0071
-0.032
-0.02
0.013
0.0051
-0.0042
0.018
0.011
-0.015
-0.017
-0.0012
0.0054
-0.0086
-0.00087
0.024
0.02
0.0017
-0.0013
0.0053
-0.01
-0.0092
0.0069
0.0028
-0.0066
0.011
0.02
-0.011
-0.029
0.0013
0.021
-0.012
-0.018
0.015
0.014
-0.00084
0.0047
0.016
0.00026
-0.017
-0.0041
0.0076
-0.0053
0.00056
0.039
0.048
0.023
0.0036
0.005
0.0084
-0.00035
-0.014
-0.0066
0.023
0.024
0.0063
0.005
-0.0014
-0.024
-0.02
-0.0015
-0.0048
-0.0014
0.031
0.037
0.009
-0.0047
0.0055
0.0026
0.007
0.033
0.019
-0.0037
0.024
0.046
0.0088
-0.0083
0.02
0.029
0.0076
-0.0028
0.015
0.03
0.033
0.039
0.031
0.0076
0.0097
0.025
0.014
0.009
0.021
0.023
0.0061
-0.0034
0.0086
0.008
-0.011
-0.0083
0.015
0.015
0.0068
0.0084
0.011
0.013
-0.0046
-0.02
0.00032
0.012
0.0077
0.021
0.019
-0.0036
-0.0088
-0.016
-0.028
-0.016
-0.0032
0.01
0.00023
-0.018
-0.0066
0.0087
-0.0029
-0.00084
-0.0029
-0.018
-0.0094
0.00047
0.007
0.0082
0.0037
0.0088
-0.00026
-0.019
-0.0098
0.0042
0.00075
0.019
0.028
0.00072
-0.01
-0.00063
-0.0032
-0.012
0.0043
0.03
0.021
-0.0014
0.033
0.059
0.006
-0.02
0.017
0.031
0.007
0.0033
0.023
0.025
-0.0051
-0.011
0.00053
-0.016
-0.016
0.023
0.033
-0.004
-0.028
-0.0069
0.013
-0.011
-0.021
0.0074
0.026
0.019
0.021
0.02
0.0031
-0.015
-0.017
-0.0055
0.0043
0.011
0.017
0.014
0.011
0.011
0.004
-0.0057
-0.0059
0.0002
0.0094
0.01
0.0054
0.017
0.022
0.0052
-0.0023
-0.0028
-0.012
-0.0018
0.02
0.021
0.012
0.014
0.0086
-0.029
-0.038
-0.005
0.0065
-0.0056
0.0058
0.029
0.015
-0.014
-0.015
-0.0031
-0.0023
-0.013
-0.0018
0.00081
-0.01
-4.6e-005
0.012
0.0092
-0.005
-0.008
-0.016
-0.015
0.0085
0.025
0.02
0.027
0.035
0.0085
-0.026
-0.027
0.0025
0.028
0.033
0.023
0.0099
0.011
0.0022
-0.0045
-0.0064
-0.0086
0.0041
0.011
0.0045
0.035
0.081
0.05
-0.013
-0.0096
0.027
0.019
-0.002
0.029
0.045
0.01
-0.005
-0.018
-0.035
-0.018
0.0047
0.027
0.024
0.00041
0.0002
0.015
0.0091
-0.0069
-0.021
-0.0076
0.011
0.016
0.016
0.017
0.015
0.0041
-0.0043
-0.0073
-0.0013
0.0045
0.013
0.015
0.0023
4.6e-005
-0.0027
-0.0054
0.0051
0.013
-0.00026
-0.015
-0.0031
0.012
0.011
-0.00038
-0.00081
0.0016
-0.008
-0.015
-0.0021
0.02
0.027
0.018
0.0059
0.0063
0.0096
-0.011
-0.02
-0.0036
0.004
0.015
0.038
0.034
0.0098
-0.0059
-0.006
0.0076
0.0087
0.017
0.045
0.026
-0.0021
0.0033
0.0069
-0.0075
-0.00014
0.014
0.011
0.0052
0.019
0.028
-0.0039
-0.017
0.008
0.017
0.011
0.016
0.032
0.025
0.012
0.014
0.02
-0.00041
-0.02
-0.0064
0.0033
-0.0037
-0.0051
0.011
0.019
0.027
0.014
-0.013
0.0013
0.027
0.019
0.013
0.032
0.031
0.0038
-0.014
-0.0028
-0.00014
-0.0044
0.021
0.04
0.014
-0.0017
-0.0038
-0.016
-0.02
-0.025
-0.032
-0.0078
0.02
0.014
0.013
0.023
0.012
-0.029
-0.027
0.0098
0.0062
-0.0074
0.01
0.019
-0.0017
-0.011
4.6e-005
0.0056
-0.013
-0.026
0.003
0.025
0.0089
-0.0092
0.0083
0.025
0.008
0.0062
0.021
0.0064
-0.0088
0.019
0.032
0.0034
-0.0071
0.018
0.034
0.0033
-0.013
0.015
0.023
0.0026
0.009
0.026
0.0068
-0.008
0.01
0.017
0.01
0.0046
0.017
0.022
0.01
0.0013
0.015
0.018
0.0088
0.013
0.01
0.0059
0.0038
0.0058
0.0061
-0.011
-0.02
-0.0045
-0.00044
-0.014
-0.0011
0.018
0.018
0.0034
-0.01
0.002
0.0027
-0.023
-0.031
0.0031
0.019
0.0081
0.01
0.021
0.0099
-0.013
0.0048
0.02
-0.004
-0.0034
0.034
0.041
0.015
0.002
0.0094
-0.0035
-0.035
-0.026
0.014
0.0075
-0.014
-0.0019
-0.0021
-0.028
-0.044
-0.025
-0.0072
-0.0026
-0.00093
0.0089
0.014
0.014
0.0028
-0.016
-0.0032
0.017
-0.0016
-0.021
-0.0051
0.012
-0.0023
-0.01
0.019
0.036
0.0045
-0.0043
0.015
0.015
0.021
0.028
0.014
0.0048
0.023
0.021
0.00096
0.011
0.024
0.0088
-0.0061
0.0055
0.019
0.01
0.0028
0.012
0.019
0.013
-0.00014
-0.0035
0.0077
0.011
0.0051
0.0032
-0.014
-0.015
-0.0061
-0.0048
0.0097
0.027
0.031
0.017
0.0097
0.02
0.034
0.018
0.0021
0.0066
0.01
0.0077
0.0044
0.0086
0.023
0.016
-0.014
-0.013
0.013
0.021
0.017
-0.00014
0.00069
0.0028
-0.014
-0.004
0.012
-0.0029
-0.0033
0.023
0.014
-0.012
-0.011
0.0095
0.01
-0.0076
-0.0034
0.0099
0.0036
0.00011
0.011
0.0036
-0.01
-0.0037
0.016
0.023
0.0025
-0.014
0.012
0.024
0.0026
-0.0083
0.0063
0.021
0.031
0.011
-0.01
0.0076
0.014
-0.004
-0.014
-0.00044
0.016
0.0099
-0.0082
-0.0021
0.0087
-0.0036
-0.0075
0.013
0.034
0.026
0.0061
0.018
0.029
0.0051
-0.0087
0.016
0.03
0.014
0.0025
0.0082
0.016
0.0067
-0.006
-0.0065
0.011
0.021
0.0014
-0.0078
0.0059
0.0097
0.009
0.025
0.019
-0.011
-0.023
-0.014
-0.0017
-0.00032
0.011
0.034
0.02
0.001
-4.6e-005
0.0021
-0.0015
0.016
0.025
0.014
0.011
0.014
0.016
-0.00035
-0.0096
0.0061
0.0092
-0.00032
-0.0002
0.0073
0.017
0.015
-0.0056
-0.0026
0.011
-0.005
-0.018
0.00047
0.017
-0.0043
-0.019
-0.0025
0.02
0.0032
-0.028
-0.0089
0.015
-0.012
-0.031
0.0054
0.028
-0.0017
-0.025
0.004
0.016
-0.015
-0.014
0.033
0.042
0.014
-0.011
-0.019
-0.0021
0.0042
-0.0095
-0.0081
0.023
0.037
0.02
0.014
0.029
0.011
-0.011
1.5e-005
0.013
0.016
0.018
0.02
0.027
0.024
0.012
0.0064
-0.0029
-0.01
0.0079
0.025
0.023
0.011
0.0055
0.0097
0.0021
0.0033
0.015
-0.0054
-0.02
0.017
0.029
-0.0053
-0.015
0.00053
-0.0011
-0.024
-0.023
0.011
0.008
-0.009
0.024
0.037
-0.002
-0.02
0.00047
0.015
0.019
0.014
0.028
0.029
-0.0055
-0.028
-0.006
0.013
0.0088
0.019
0.017
0.0074
0.0026
0.0028
-0.0019
-0.014
-0.0087
0.0033
0.003
-0.0058
0.004
0.015
0.0073
-0.001
-0.007
-0.0044
-0.015
-0.042
-0.04
0.012
0.044
0.026
0.018
0.024
0.0058
-0.019
0.0057
0.039
0.015
-0.018
0.011
0.044
0.013
-0.031
-0.011
0.017
-0.0078
-0.026
0.0073
0.039
0.028
0.014
0.0074
-0.015
-0.034
-0.016
0.00075
0.0068
0.022
0.031
0.00069
-0.022
-0.016
-0.0068
0.0052
0.014
0.024
0.026
0.01
0.011
0.028
0.017
-0.004
-0.0073
-0.0048
-0.003
-0.0047
0.012
0.045
0.031
-0.014
-0.021
0.00041
0.0043
-0.0022
0.0098
0.02
0.0066
-0.0097
-0.005
0.011
0.0047
-0.027
-0.032
-0.015
-0.017
-0.018
0.0085
0.027
0.0091
-0.018
-0.0072
-0.0021
-0.0095
0.0081
0.024
0.018
0.019
0.044
0.04
0.018
0.011
0.028
0.028
0.0081
0.0078
0.028
0.036
0.014
-0.0052
0.004
0.0076
-0.011
-0.0079
0.017
0.013
-0.008
-0.017
-0.0098
-0.013
-0.023
-0.007
0.0098
0.0027
0.0024
0.033
0.042
0.012
-0.0071
0.012
0.032
0.027
0.015
0.024
0.044
0.03
-0.0091
-0.012
0.025
0.033
0.01
0.0036
0.018
0.018
0.015
0.014
-0.0032
-0.014
0.0082
0.026
0.014
-0.0066
-0.0091
0.00072
-0.016
-0.024
0.0025
0.0096
-0.022
-0.018
0.024
0.028
-0.0068
-0.01
0.02
0.011
-0.0089
0.01
0.02
0.0032
-0.00023
0.016
0.0075
-0.015
-0.0074
0.0017
-0.01
-0.011
0.0072
0.0086
-0.00093
-0.0044
0.0047
0.013
-0.011
-0.035
-0.017
0.002
-0.0017
0.0097
0.018
-0.0029
-0.017
-0.02
-0.018
0.0051
0.022
0.028
0.017
0.0055
0.0095
0.014
0.0023
0.0083
0.017
0.0042
0.0099
0.019
0.014
0.0022
-0.0078
-0.0016
0.0074
0.0009
0.00026
0.018
0.018
0.014
0.017
0.0096
-0.0057
-0.015
0.0013
0.021
0.015
0.0066
0.024
0.034
0.023
0.0045
-0.0079
0.00014
0.013
0.013
0.013
0.017
0.016
0.019
0.011
-0.0065
-0.02
-0.016
0.0056
0.012
-0.004
0.0072
0.025
-0.0064
-0.035
-0.015
0.0045
-0.0051
0.0071
0.026
0.024
0.016
0.026
0.014
-0.012
-0.0039
0.016
0.016
0.0085
0.0088
0.0072
0.0048
0.011
0.014
-0.0048
-0.021
-0.0043
0.014
0.0038
0.0016
0.01
0.0079
-0.0064
-0.0093
-0.0036
0.00035
-0.0022
-0.0051
0.0072
0.015
0.002
-0.018
-0.017
-0.0025
-0.013
-0.019
0.0051
0.024
0.016
-0.0022
-0.0062
0.015
0.021
-0.014
-0.012
0.011
0.017
0.014
0.01
0.0099
0.02
0.022
0.0082
-0.00014
0.0041
0.022
0.0092
-0.0086
0.023
0.041
0.013
-0.0089
-0.005
0.0079
0.015
0.0018
-0.0013
0.02
0.016
-0.0047
-0.019
-0.012
0.0018
-0.013
-0.027
0.0079
0.037
0.0052
-0.018
-0.0012
0.013
-0.0066
-0.023
0.001
0.019
0.0044
0.0085
0.02
-0.0077
-0.026
-0.0051
0.025
0.022
-0.00072
0.0086
0.035
0.019
-0.0069
-0.006
7.6e-005
0.0042
0.019
0.0067
-0.0058
0.0076
0.014
0.0072
-0.0037
0.0023
0.015
0.012
0.0026
0.01
0.023
0.014
-0.002
0.0085
0.027
0.0056
-0.012
0.02
0.033
-0.00047
-0.016
0.0047
0.011
0.0002
-4.6e-005
0.018
0.028
0.0097
-0.0054
0.0019
0.016
0.0039
-0.025
-0.015
0.0032
-0.0058
0.0066
0.039
0.024
-0.014
-0.014
0.0053
0.013
0.0076
0.018
0.037
0.022
0.012
0.02
0.016
0.0077
0.026
0.025
0.0054
0.0032
0.025
0.04
0.009
-0.0056
0.016
0.017
0.0028
0.0071
0.014
0.0066
-0.0053
-0.014
-0.0035
-0.00023
-0.0043
0.0061
0.0087
0.0039
0.0076
0.0045
0.00053
0.022
0.016
-0.0087
0.001
0.018
0.0014
-0.011
0.018
0.025
-0.025
-0.042
-0.0078
-0.008
-0.032
-0.012
0.024
0.016
-0.011
-0.0036
0.024
0.0053
-0.039
-0.037
-0.0053
0.0097
0.011
0.015
0.023
0.017
-0.0068
-0.018
-0.02
-0.023
-0.0066
0.024
0.045
0.041
0.013
0.0064
0.0092
-0.015
-0.027
0.00029
0.032
0.03
0.016
0.018
0.021
0.0068
-0.0047
0.0006
0.0051
0.011
0.024
0.025
0.019
0.016
0.013
0.0099
0.0027
-0.0037
0.0043
0.016
0.023
0.02
0.00063
-0.012
-0.0013
0.0075
0.0036
-0.0013
-0.0037
0.0011
0.0056
0.0042
0.0052
0.0097
0.0068
0.0074
0.012
0.0094
0.0015
-0.0043
0.0039
0.0085
-0.0015
0.00029
0.017
0.027
0.018
-0.0021
-0.002
0.017
0.016
0.0083
0.015
0.013
-0.006
-0.013
-0.0038
0.0078
0.012
0.0078
0.0042
-0.0044
-0.0052
0.0032
0.0011
-0.0069
-0.0085
-0.00017
0.0088
0.00026
-0.0064
0.013
0.014
-0.015
-0.013
0.0041
0.0039
0.0014
0.0039
0.0059
0.001
-0.0035
0.0042
0.014
0.01
0.0081
0.0093
0.0096
0.0092
0.00072
0.0055
0.019
0.015
0.0072
0.0064
0.0084
0.01
0.0037
-0.0063
4.6e-005
0.007
-0.0029
-0.0034
0.00011
0.0092
0.02
0.0062
-0.012
0.0014
0.021
0.025
0.025
0.0035
0.00023
0.018
0.0006
-0.011
0.0097
0.011
0.0018
0.013
0.011
-0.0048
-0.003
0.0067
0.002
0.0031
0.0011
0.0051
0.021
0.0071
-0.0033
0.0073
-0.0016
-0.00038
0.0032
-0.014
-0.0085
0.0079
-0.00066
-0.002
0.0056
-0.00084
0.0033
0.011
0.0018
-0.0016
0.0031
0.0033
0.0083
0.017
0.016
0.016
0.011
-0.0091
-0.0006
0.028
0.025
0.014
0.016
0.017
0.024
0.018
0.00056
0.00023
-0.0013
0.00072
0.016
0.016
0.0026
-0.00069
0.0043
0.0005
-0.0084
-0.0061
-0.0024
0.00047
0.014
0.016
0.01
0.0032
-0.0043
0.0047
0.013
-0.00026
-0.0085
-0.00026
0.0032
0.0087
0.011
0.004
0.0005
-0.0031
0.0051
0.021
0.016
0.0044
0.0065
0.016
0.021
0.013
0.0058
0.011
0.012
0.0094
0.012
0.0097
-0.00084
-0.006
0.00035
0.0094
0.0051
-0.0074
-0.0062
0.0066
0.01
0.01
0.0095
-0.00047
-0.00063
0.0069
0.0056
-0.0075
-0.0071
0.008
0.0068
0.0027
0.0054
0.0051
0.0011
-0.0024
-0.0063
-0.0009
0.0009
0.0072
0.02
0.0024
0.0083
0.022
-0.0014
-0.0092
0.006
0.01
-0.0083
-0.0098
0.012
-0.0019
0.0015
0.012
0.0063
0.0041
0.0014
0.013
0.0014
-0.0012
0.0093
-0.013
-0.011
0.01
0.0024
0.00056
0.011
0.014
-0.0005
0.0035
0.013
0.012
0.017
0.024
0.011
0.012
0.016
-0.014
-0.016
-0.0025
-0.00017
-0.013
-0.0088
0.026
0.0009
-0.013
0.028
0.037
-0.0082
0.016
0.026
-0.004
0.035
0.025
0.011
0.0037
-0.023
0.02
-0.0099
-0.0075
0.04
-0.00056
0.029
0.017
-0.028
0.036
0.055
0.001
-0.008
0.027
0.013
0.0056
0.039
0.016
-0.0031
-0.0023
-0.007
-0.031
-0.01
0.043
0.0051
-0.013
0.037
0.0018
-0.017
0.027
0.016
-0.008
0.022
0.0056
-0.016
0.0098
0.02
0.0047
0.011
0.023
-0.024
-0.027
0.042
0.024
-0.00075
0.029
0.041
0.0042
-0.022
0.015
0.034
0.011
0.016
0.014
-0.0076
-0.0088
-0.00078
-0.0012
-0.0072
-0.0095
-4.6e-005
-0.0037
0.012
0.021
0.0047
0.014
-0.0049
-0.021
-0.007
-0.009
0.004
0.011
-0.0082
-0.0019
-0.0086
-0.014
0.003
-0.0038
-0.00056
0.0081
-0.0099
0.0054
0.019
0.0081
0.023
0.026
0.014
0.016
-0.0011
-0.0086
0.012
0.016
0.0083
0.0093
0.003
0.0051
0.0065
0.012
0.021
0.0058
0.0017
0.0083
-0.012
0.0024
0.017
0.00032
-0.0025
0.00032
-0.0087
-0.015
-0.0051
0.013
0.0014
-0.013
-0.0048
-0.012
-0.026
-0.0033
0.0068
0.00087
0.0072
0.0006
-0.0056
-0.0018
0.0011
0.0094
-0.0013
-0.0038
0.0086
0.0086
0.0077
0.009
0.0095
0.0069
0.0079
0.008
0.00017
0.0027
0.0087
0.011
0.014
0.0099
0.002
0.0037
0.01
0.011
0.015
-0.0036
-0.0013
0.01
-0.0057
0.018
0.017
-0.00026
0.02
0.008
-0.0072
0.0068
0.0095
0.02
0.029
0.025
0.027
0.0088
0.0028
0.008
-0.003
0.017
0.026
0.0034
0.02
0.013
-0.0055
0.004
-0.0023
0.0037
0.0075
0.0064
0.0082
-0.0072
0.0044
0.016
-0.0032
0.00078
0.0026
-0.0063
0.0036
0.0083
0.011
0.011
0.0083
0.0096
0.0054
0.017
0.023
0.012
0.022
0.017
0.0024
0.013
0.0056
-0.0014
0.0053
0.0075
0.0071
-0.0089
-0.004
0.012
0.0034
0.0018
-0.0035
-0.011
0.0066
0.009
-0.0023
0.0046
0.0083
0.0014
-0.0014
-0.0022
0.00099
0.0045
0.0018
0.00038
0.0032
0.011
0.0095
-0.0019
0.0021
0.011
0.0065
0.0046
0.0095
0.0095
0.0058
0.008
0.013
0.0083
0.0011
0.0011
0.0018
-0.0014
0.0055
0.013
0.003
-0.0043
0.00044
-0.0067
-0.013
-0.0048
-0.003
-0.0064
-0.001
0.00053
-0.0034
-0.0036
-0.0024
-0.0042
-0.006
0.0018
0.0097
0.0045
0.0073
0.014
0.0092
0.011
0.011
-0.00072
0.00053
0.011
0.016
0.018
0.017
0.01
0.0045
0.0046
0.0076
0.0061
0.011
0.021
0.016
0.0046
0.0059
0.011
0.0014
-0.004
0.0064
0.013
0.008
0.005
0.014
0.016
0.0025
1.5e-005
0.0041
-0.0021
-0.006
-0.00044
0.0076
0.011
0.01
0.0098
0.007
-0.0016
-0.0014
0.0092
0.015
0.012
0.01
0.0055
0.0047
0.0094
0.0094
0.0058
0.0062
0.0091
0.0092
0.0086
0.0086
0.0088
0.011
0.012
0.0088
0.0057
0.005
0.0083
0.01
0.012
0.012
0.0086
0.0062
0.00093
-0.0021
0.0057
0.011
0.0053
0.00093
0.004
0.0089
0.0081
0.0031
0.0023
0.0029
0.0018
0.0013
0.0024
0.0057
0.0086
0.0081
0.0061
0.00044
-0.0013
0.0025
0.0015
0.0035
0.012
0.011
0.0053
0.0032
0.0035
0.003
0.0026
0.0035
0.0025
0.0033
0.0084
0.0093
0.0047
0.0046
0.0038
-0.00078
0.0031
0.01
0.0092
0.0082
0.0093
0.01
0.0084
0.0064
0.0059
0.004
0.0029
0.0049
0.007
0.0086
0.0069
0.00099
-0.0012
0.00081
0.00026
0.00075
0.0051
0.0048
0.0012
0.00063
0.00035
-0.0005
-7.6e-005
0.00035
-0.0002
4.6e-005
0.0021
0.0023
0.0018
0.0023
-0.00011
-0.004
-0.0024
0.0029
0.0055
0.0065
0.0067
0.0049
0.0044
0.0046
0.0032
0.0039
0.006
0.0069
0.0073
0.0054
0.0022
0.0021
0.004
0.0064
0.0069
0.0053
0.0052
0.0049
0.004
0.0056
0.0055
0.0057
0.0084
0.0086
0.0095
0.012
0.011
0.0078
0.0079
0.0072
0.0064
0.0063
0.0081
0.011
0.011
0.01
0.0079
0.0045
0.0057
0.0086
0.0077
0.0069
0.0075
0.0061
0.0044
0.0052
0.0072
0.0085
0.0084
0.0084
0.0085
0.0082
0.008
0.0073
0.0062
0.0066
0.0079
0.0092
0.0088
0.007
0.0068
0.0074
0.0064
0.0065
0.0072
0.0064
0.0051
0.0047
0.0051
0.0051
0.0053
0.0053
0.0052
0.0058
0.0069
0.0065
0.005
0.0036
0.0026
0.002
0.0033
0.0055
0.0069
0.007
0.0054
0.003
0.0022
0.0029
0.0048
0.0068
0.0084
0.0094
0.0079
0.0055
0.0041
0.0044
0.0057
0.0058
0.0045
0.004
0.0041
0.0038
0.0029
0.0014
0.00053
0.00029
4.6e-005
0.0012
0.0033
0.0035
0.0027
0.0017
0.00011
-0.00014
0.00056
0.00081
0.0005
-0.00044
-0.00038
0.0012
0.0015
0.0014
0.0019
0.002
0.0033
0.0045
0.0045
0.0045
0.0037
0.0033
0.0043
0.0053
0.0047
0.0037
0.0032
0.0035
0.0059
0.0078
0.0065
0.0045
0.0042
0.0055
0.0058
0.0053
0.0068
0.0076
0.0073
0.0083
0.0087
0.0073
0.0055
0.0038
0.003
0.0031
0.0029
0.0034
0.0038
0.004
0.0048
0.0048
0.0036
0.0024
0.0017
0.0018
0.002
0.0018
0.0025
0.0033
0.0033
0.0037
0.0041
0.004
0.0043
0.005
0.0054
0.0058
0.0064
0.0072
0.0076
0.0076
0.0084
0.0094
0.0097
0.0098
0.01
0.01
0.0094
0.0076
0.0063
0.006
0.0061
0.0066
0.0075
0.0074
0.0069
0.006
0.0048
0.0044
0.0046
0.0053
0.0057
0.0061
0.0071
0.0078
0.0082
0.0087
0.0091
0.0094
0.011
0.012
0.012
0.01
0.0099
0.01
0.012
0.012
0.013
0.012
0.011
0.01
0.0093
0.0085
0.0079
0.0066
0.0055
0.0061
0.007
0.0076
0.0071
0.0058
0.0052
0.0049
0.0035
0.0022
0.0014
0.0013
0.0013
0.0014
0.0027
0.0035
0.0025
0.0012
0.00044
0.00026
0.00093
0.0022
0.0044
0.0062
0.006
0.0044
0.0033
0.002
0.0012
0.0015
0.0018
0.0025
0.0035
0.0039
0.0033
0.0018
0.00038
4.6e-005
0.00081
0.0021
0.0034
0.0037
0.0027
0.0022
0.0028
0.0038
0.0038
0.0031
0.0027
0.0022
0.0023
0.0033
0.0036
0.0035
0.0039
0.0046
0.0047
0.0037
0.003
0.004
0.0057
0.0065
0.0057
0.0036
0.0021
0.0018
0.0017
0.0018
0.0023
0.0022
0.0028
0.0039
0.004
0.0038
0.0032
0.0022
0.0017
0.0022
0.0035
0.0047
0.0054
0.0065
0.0066
0.006
0.0054
0.0044
0.0037
0.0044
0.0061
0.0082
0.01
0.011
0.011
0.011
0.011
0.0099
0.0093
0.0089
0.0091
0.0099
0.011
0.011
0.0098
0.009
0.008
0.007
0.0068
0.0069
0.0072
0.0077
0.0077
0.0068
0.0061
0.0063
0.0069
0.0068
0.0062
0.0056
0.0046
0.004
0.0042
0.0042
0.0032
0.0025
0.0027
0.0033
0.0041
0.0044
0.0044
0.0042
0.0039
0.0045
0.0054
0.0056
0.0054
0.0054
0.0057
0.0057
0.0057
0.0058
0.0061
0.0066
0.0067
0.006
0.0047
0.004
0.0039
0.004
0.0046
0.0053
0.0055
0.0049
0.0039
0.0031
0.0031
0.0034
0.0037
0.004
0.0043
0.0046
0.0045
0.0046
0.005
0.0052
0.005
0.0048
0.0046
0.0048
0.0056
0.0058
0.0055
0.0049
0.004
0.0034
0.0034
0.0044
0.0054
0.0056
0.0055
0.005
0.0045
0.0045
0.0046
0.0043
0.0039
0.0038
0.003
0.0024
0.0024
0.0025
0.0029
0.0027
0.0021
0.0015
0.0012
0.00084
0.00087
0.0016
0.0027
0.0036
0.0033
0.0024
0.0015
0.0012
0.0017
0.0022
0.0027
0.0033
0.0036
0.0041
0.0047
0.0054
0.0057
0.0055
0.0053
0.0058
0.0072
0.0086
0.0089
0.0086
0.0085
0.0081
0.0075
0.0074
0.0073
0.0071
0.0073
0.0076
0.0073
0.0069
0.0065
0.0057
0.0051
0.0049
0.0052
0.0054
0.0058
0.0064
0.006
0.0051
0.0043
0.0036
0.0034
0.0043
0.0054
0.0063
