0.01
-0.0062
-0.0076
0.014
0.022
0.007
0.0082
0.018
0.0082
-0.0013
0.009
0.01
0.0083
0.015
0.019
0.0033
-0.0063
-7.6e-005
-0.005
-0.0054
0.0075
0.0058
-0.0072
-0.0043
0.011
0.011
-0.0047
-0.013
-0.0047
-0.0033
-0.013
-0.012
0.0059
0.024
0.012
-0.0038
0.002
0.0069
-0.0087
-0.014
0.0022
0.0024
-0.0065
0.0049
0.022
0.017
0.012
0.01
0.0063
0.0083
0.0066
-0.0028
0.0022
0.02
0.03
0.013
0.0015
0.0013
-0.0034
-0.007
0.00026
-0.00035
0.0013
0.022
0.024
0.012
0.0098
0.014
0.011
-0.0017
0.0061
0.024
0.014
-0.0045
0.0093
0.019
0.0043
0.0049
0.015
0.006
-0.011
-0.00072
0.018
0.013
-0.0046
-0.0047
0.013
0.012
0.0022
0.0094
0.015
-0.0061
-0.0017
0.021
0.0076
-0.012
4.6e-005
0.018
0.0062
-0.015
-0.015
-0.0025
-0.0013
0.00011
-0.0006
-0.0016
0.0038
0.0071
-0.0012
0.0047
0.0043
-0.0066
-0.013
-0.0014
0.023
0.032
0.0013
-0.028
-0.012
-0.0037
-0.029
-0.04
-0.017
-0.0015
-0.019
-0.015
0.018
0.023
0.0055
0.0045
0.01
-0.0034
-0.017
-0.011
0.011
0.018
0.016
0.026
0.027
0.0071
-0.014
-0.01
-0.006
-0.0047
0.0062
0.028
0.033
0.0098
-0.0042
-0.0032
0.00099
0.0095
0.014
0.011
-0.0042
-0.0091
0.0026
0.012
0.0073
-0.0049
-0.0051
-0.0022
0.0044
0.0058
0.01
0.018
0.028
0.024
0.0046
-0.0054
0.0026
0.011
0.013
0.0081
0.0047
0.0058
0.0052
-0.0022
0.011
0.026
0.014
-0.0018
-0.0029
0.0066
0.02
0.027
0.02
0.0094
-0.00017
-0.0052
-0.00084
0.014
0.034
0.032
0.003
-0.0023
0.016
0.018
0.012
0.015
0.028
0.019
-0.0085
-0.016
0.014
0.03
0.0094
-0.0095
0.00066
0.0096
-0.0042
-0.022
-0.015
0.0018
0.0072
0.0061
0.0015
0.0038
0.009
0.003
-0.012
-0.0079
0.0041
-0.0029
-0.012
0.0009
0.011
-0.0021
-0.00072
0.02
0.023
0.003
-0.012
-0.0042
-0.0058
-0.014
-0.0096
0.0085
0.022
0.0034
-0.014
-0.0054
0.0012
-0.013
-0.016
-0.0042
-0.0085
-0.01
0.0053
0.016
0.0061
0.0047
0.01
0.01
0.019
0.018
0.0009
-0.0002
0.016
0.015
-0.0011
0.008
0.016
0.0063
-0.0048
0.0079
0.016
0.019
0.029
0.022
0.016
0.023
0.03
0.023
0.012
0.017
0.028
0.016
0.00029
0.015
0.016
-0.004
0.00075
0.0094
0.00044
-0.0093
-0.0022
0.012
0.016
0.0025
-0.0026
0.0048
0.0044
0.0072
0.016
0.016
-0.003
-0.0052
0.0091
0.01
-0.0036
-0.0048
0.0037
0.0016
-0.0088
-0.0079
-0.0061
-0.004
-0.0037
-0.009
-0.0074
0.01
0.024
0.013
0.0033
0.0046
0.0065
-0.004
-0.011
0.0049
0.03
0.016
-0.0062
0.0022
0.011
-0.0033
-0.017
-0.0082
0.0053
-0.0024
-0.0025
0.021
0.032
0.016
0.0038
-0.0023
-0.011
-0.0066
0.0067
0.022
0.027
0.026
0.022
0.018
0.0099
0.0016
0.006
0.0048
-0.00041
0.0056
0.016
0.017
0.014
0.015
0.011
-0.0025
-0.011
0.0048
0.022
0.019
0.019
0.023
0.025
0.0094
-0.0053
-0.00029
0.0039
-0.0039
-0.0058
0.011
0.02
0.022
0.012
0.00084
0.0052
0.012
0.017
0.021
0.019
0.014
0.01
0.0046
0.0058
0.018
0.019
0.009
0.0011
-0.0045
-0.0097
-0.0094
-0.014
-0.019
-0.0038
-0.00087
-0.0086
-0.0043
0.017
0.031
0.016
-0.0057
0.0059
0.014
-0.012
-0.028
-0.012
0.017
0.024
0.0061
-0.019
-0.021
-0.018
-0.0093
-0.005
-0.012
0.0022
0.03
0.019
-0.0011
0.0018
0.027
0.041
0.027
0.018
0.027
0.024
0.004
0.0065
0.023
0.0091
-0.017
-0.017
-0.0049
-0.0036
0.0021
0.029
0.037
0.0026
-0.025
-0.028
-0.025
-0.014
-0.0025
0.012
0.022
0.018
0.0089
0.0041
-0.0041
-0.016
-0.00096
0.0039
-0.018
-0.018
0.014
0.03
0.011
-0.0088
-0.0059
-0.0067
-0.013
-0.016
-0.0099
0.0022
0.016
0.019
0.004
0.0018
0.0026
-0.0031
-0.014
-0.011
0.0024
0.021
0.025
0.013
0.011
0.032
0.035
0.01
-0.0069
0.0043
0.018
0.012
0.014
0.018
0.0084
0.0024
0.0096
0.0048
-0.0057
-0.005
-0.002
0.011
0.019
0.00056
-0.016
-0.022
-0.012
0.0056
-0.0022
-0.011
-0.00063
0.0036
-0.0036
-0.0072
-0.012
-0.01
-0.0087
-0.00035
0.0063
-0.0052
-0.021
-0.0039
0.013
0.0078
-0.0031
0.0032
0.022
0.026
0.021
0.019
0.018
0.01
0.017
0.022
0.013
-0.0032
-0.0017
0.0059
0.0058
0.0023
-4.6e-005
-0.0052
-0.0055
-0.0079
-0.017
-0.01
0.016
0.025
-0.00069
-0.021
-0.0084
0.014
0.016
0.0032
0.0039
0.026
0.037
0.028
0.017
0.021
0.019
0.017
0.026
0.015
-0.0034
0.012
0.038
0.031
0.014
0.012
0.0095
0.014
0.017
-0.0049
-0.023
-0.018
-0.0015
-0.012
-0.028
-0.03
-0.03
-0.038
-0.037
-0.035
-0.032
-0.018
-0.019
-0.025
-0.016
-0.0098
-0.013
-0.015
-0.015
-0.0094
-0.0039
-0.01
-0.0079
-0.0018
-0.00099
0.0038
0.0061
-0.0023
-0.0033
-0.004
0.0011
0.02
0.024
0.0037
-0.0036
0.032
0.073
0.064
0.041
0.03
0.034
0.033
0.014
-0.0099
-0.012
0.0082
0.036
0.04
0.01
0.0054
0.037
0.053
0.032
0.012
0.012
0.016
0.001
-0.0092
-0.018
-0.025
-0.036
-0.037
-0.025
-0.0049
-0.009
-0.029
-0.021
-0.0072
-0.023
-0.044
-0.043
-0.032
-0.026
-0.024
-0.013
-0.0098
-0.026
-0.028
-0.018
-0.022
-0.023
-0.0035
0.025
0.038
0.044
0.047
0.041
0.018
-0.0042
0.009
0.027
0.019
0.013
0.024
0.02
0.013
0.0023
-0.0048
-0.0096
-0.014
1.5e-005
0.006
-0.011
-0.016
-0.0065
0.00066
0.018
0.014
-0.016
-0.039
-0.038
-0.032
-0.026
-0.024
-0.019
-0.02
-0.029
-0.042
-0.052
-0.045
-0.034
-0.03
-0.044
-0.06
-0.061
-0.047
-0.016
0.0049
-0.003
-0.02
-0.046
-0.072
-0.068
-0.043
-0.021
-0.0066
-0.014
-0.042
-0.061
-0.061
-0.04
-0.0059
0.0064
-0.0013
-0.012
-0.026
-0.029
-0.024
-0.0088
0.0074
0.0017
-0.028
-0.032
-0.0051
0.029
0.033
0.014
0.0054
0.011
0.002
-0.007
0.0094
0.04
0.064
0.062
0.03
-0.00081
0.00035
0.018
0.025
0.013
-0.012
-0.03
-0.019
-0.0048
-0.011
-0.02
-0.018
-0.014
-0.024
-0.039
-0.043
-0.042
-0.036
-0.028
-0.033
-0.047
-0.044
-0.022
-0.0073
-0.014
-0.036
-0.036
-0.015
0.00038
0.0016
0.00011
0.0042
0.0067
0.012
0.019
0.026
0.046
0.072
0.085
0.092
0.1
0.12
0.12
0.12
0.12
0.12
0.1
0.071
0.035
0.0042
-0.011
-0.024
-0.046
-0.067
-0.078
-0.075
-0.064
-0.042
-0.005
0.024
0.056
0.097
0.13
0.14
0.15
0.15
0.14
0.12
0.086
0.068
0.065
0.058
0.035
0.019
0.032
0.058
0.071
0.077
0.081
0.076
0.072
0.081
0.095
0.098
0.09
0.085
0.088
0.071
0.028
0.0012
0.0045
0.012
-0.0044
-0.032
-0.039
-0.041
-0.041
-0.049
-0.067
-0.085
-0.087
-0.082
-0.078
-0.086
-0.1
-0.11
-0.11
-0.11
-0.1
-0.096
-0.093
-0.085
-0.084
-0.082
-0.07
-0.055
-0.045
-0.058
-0.076
-0.069
-0.044
-0.022
-0.0063
0.012
0.03
0.039
0.031
0.017
0.0081
0.006
0.02
0.044
0.063
0.07
0.068
0.058
0.047
0.048
0.045
0.044
0.065
0.082
0.091
0.093
0.1
0.12
0.12
0.11
0.11
0.1
0.098
0.1
0.11
0.12
0.12
0.1
0.086
0.063
0.052
0.052
0.052
0.052
0.05
0.035
0.017
0.004
-0.0088
-0.0095
-0.0073
-0.015
-0.027
-0.035
-0.036
-0.039
-0.044
-0.06
-0.07
-0.069
-0.063
-0.052
-0.043
-0.05
-0.059
-0.061
-0.061
-0.057
-0.051
-0.05
-0.048
-0.049
-0.058
-0.059
-0.044
-0.022
-0.016
-0.027
-0.039
-0.041
-0.052
-0.049
-0.031
-0.015
-0.01
-0.014
-0.017
-0.0076
0.00032
-0.001
0.01
0.031
0.035
0.023
0.0079
-0.0011
-0.0013
0.018
0.049
0.068
0.06
0.035
0.012
-0.0025
0.01
0.039
0.053
0.043
0.032
0.033
0.046
0.068
0.075
0.069
0.048
0.021
0.016
0.033
0.05
0.066
0.075
0.066
0.041
0.02
0.019
0.048
0.083
0.11
0.1
0.065
0.041
0.045
0.062
0.067
0.066
0.05
0.032
0.025
0.039
0.057
0.053
0.032
0.013
-0.009
-0.024
-0.027
-0.02
0.0028
0.017
0.005
-0.021
-0.048
-0.053
-0.032
-0.014
-0.018
-0.021
-0.019
-0.023
-0.029
-0.037
-0.043
-0.043
-0.043
-0.037
-0.031
-0.036
-0.042
-0.039
-0.036
-0.035
-0.041
-0.037
-0.022
-0.012
-0.02
-0.018
-0.0037
0.0079
0.0082
-0.00029
0.00093
0.015
0.028
0.026
0.016
0.014
0.031
0.05
0.061
0.055
0.042
0.033
0.039
0.056
0.057
0.042
0.038
0.049
0.053
0.049
0.049
0.054
0.048
0.031
0.018
0.012
0.0038
0.0035
0.012
0.02
0.019
0.016
0.0086
-0.0018
-0.016
-0.019
-0.01
-0.012
-0.023
-0.024
-0.015
-0.018
-0.027
-0.039
-0.054
-0.059
-0.049
-0.038
-0.03
-0.032
-0.03
-0.027
-0.024
-0.02
-0.017
-0.02
-0.02
-0.019
-0.02
-0.011
-0.0022
-0.00075
-0.0025
-0.0059
-0.0016
0.0036
0.0048
0.0067
0.0044
0.0013
0.0063
0.0059
0.0006
0.0011
-0.0015
-0.0083
-0.012
-0.018
-0.008
0.017
0.029
0.017
-0.0075
-0.026
-0.02
0.001
0.018
0.016
-0.0055
-0.031
-0.038
-0.024
0.0011
0.013
0.014
0.0098
0.0022
-0.0078
-0.0044
0.014
0.021
0.015
0.0057
0.0084
0.016
0.021
0.013
0.0014
-0.007
0.00032
0.019
0.032
0.025
0.011
0.0051
0.0094
0.01
0.0025
-0.019
-0.042
-0.054
-0.058
-0.05
-0.031
-0.019
-0.025
-0.045
-0.064
-0.073
-0.068
-0.055
-0.044
-0.042
-0.038
-0.03
-0.025
-0.022
-0.025
-0.04
-0.05
-0.05
-0.049
-0.043
-0.03
-0.031
-0.034
-0.031
-0.035
-0.038
-0.026
-0.014
-0.0078
-0.0072
0.0021
0.02
0.031
0.035
0.034
0.031
0.029
0.027
0.034
0.059
0.074
0.07
0.056
0.029
0.004
0.0042
0.029
0.06
0.08
0.075
0.055
0.035
0.028
0.045
0.074
0.096
0.11
0.098
0.075
0.057
0.048
0.052
0.072
0.083
0.081
0.067
0.044
0.024
0.025
0.04
0.055
0.048
0.016
-0.016
-0.025
-0.0073
0.028
0.063
0.07
0.052
0.0051
-0.041
-0.047
-0.0067
0.043
0.068
0.053
0.021
-0.0038
-0.01
0.0086
0.025
0.012
-0.03
-0.062
-0.052
-0.021
0.0096
0.035
0.037
0.0076
-0.021
-0.023
-0.0029
0.016
0.025
0.02
-0.0019
-0.027
-0.025
0.0096
0.05
0.075
0.072
0.036
-0.011
-0.035
-0.017
0.015
0.028
0.018
0.015
0.023
0.029
0.03
0.016
-0.0051
-0.023
-0.032
-0.026
-0.009
0.015
0.042
0.049
0.032
0.01
0.0082
0.02
0.036
0.034
0.017
0.01
0.027
0.049
0.056
0.04
0.01
-0.021
-0.035
-0.03
-0.018
-0.0044
0.0058
0.0046
-0.0088
-0.031
-0.042
-0.035
-0.023
-0.02
-0.011
0.0051
0.012
0.0023
-0.0069
-0.0043
0.0032
0.0015
-0.00023
0.0066
0.014
0.022
0.028
0.028
0.022
0.0051
-0.0056
0.0028
0.014
0.0097
0.0084
0.018
0.038
0.054
0.038
0.0081
-0.012
0.0006
0.036
0.059
0.061
0.051
0.036
0.026
0.017
0.0086
0.0079
0.0099
0.019
0.022
0.012
0.0023
-0.0019
-0.012
-0.031
-0.049
-0.051
-0.041
-0.029
-0.01
0.013
0.029
0.033
0.042
0.049
0.035
0.011
-0.0039
0.0039
0.025
0.032
0.027
0.038
0.054
0.05
0.042
0.029
0.017
0.02
0.023
0.018
0.033
0.047
0.043
0.036
0.046
0.066
0.085
0.092
0.085
0.072
0.067
0.069
0.069
0.072
0.079
0.083
0.083
0.08
0.077
0.074
0.071
0.072
0.075
0.08
0.085
0.079
0.063
0.045
0.035
0.034
0.041
0.044
0.047
0.056
0.056
0.044
0.028
0.022
0.029
0.044
0.065
0.077
0.076
0.064
0.047
0.033
0.031
0.035
0.043
0.054
0.055
0.043
0.029
0.026
0.028
0.031
0.032
0.035
0.031
0.025
0.023
0.03
0.04
0.05
0.052
0.044
0.029
0.018
0.023
0.041
0.049
0.04
0.024
0.0063
0.0043
0.025
0.045
0.05
0.044
0.034
0.02
0.00041
-0.017
-0.023
-0.024
-0.021
-0.011
0.0055
0.031
0.061
0.082
0.084
0.061
0.022
-0.0097
-0.017
-0.0073
0.021
0.049
0.056
0.041
0.011
-0.011
-0.004
0.013
0.025
0.029
0.015
-0.005
-0.012
-0.0057
0.008
0.025
0.034
0.037
0.036
0.038
0.041
0.038
0.028
0.018
0.0083
-0.0078
-0.026
-0.03
-0.01
0.018
0.035
0.026
-0.0066
-0.047
-0.067
-0.065
-0.048
-0.017
0.013
0.017
0.0044
-0.019
-0.044
-0.061
-0.065
-0.062
-0.061
-0.067
-0.072
-0.078
-0.096
-0.11
-0.11
-0.1
-0.093
-0.086
-0.086
-0.086
-0.082
-0.07
-0.055
-0.043
-0.044
-0.05
-0.065
-0.084
-0.092
-0.074
-0.047
-0.033
-0.03
-0.032
-0.033
-0.037
-0.037
-0.026
-0.018
-0.025
-0.033
-0.036
-0.046
-0.052
-0.036
-0.01
0.00075
-0.0071
-0.022
-0.036
-0.039
-0.032
-0.017
-0.0051
0.0022
0.006
0.003
0.0041
0.0084
0.0062
-0.0036
-0.022
-0.03
-0.019
-0.0027
-0.0021
-0.01
-0.02
-0.033
-0.035
-0.025
-0.017
-0.02
-0.027
-0.024
-0.014
-0.0015
0.003
0.004
-0.00072
0.0048
0.016
0.031
0.049
0.056
0.052
0.047
0.045
0.046
0.049
0.059
0.072
0.079
0.081
0.081
0.069
0.056
0.051
0.049
0.053
0.063
0.069
0.072
0.079
0.081
0.074
0.063
0.056
0.057
0.062
0.071
0.073
0.069
0.073
0.085
0.092
0.085
0.064
0.036
0.014
0.0063
0.0022
0.011
0.034
0.059
0.076
0.084
0.086
0.091
0.098
0.096
0.088
0.078
0.067
0.055
0.049
0.049
0.055
0.067
0.074
0.081
0.083
0.074
0.064
0.06
0.056
0.058
0.078
0.099
0.11
0.1
0.091
0.064
0.044
0.026
0.0061
0.0061
0.028
0.056
0.059
0.037
0.0089
-0.0092
-0.0073
0.0036
0.015
0.024
0.044
0.052
0.05
0.05
0.037
0.022
0.011
-1.5e-005
-0.0074
-0.0033
0.013
0.026
0.033
0.03
0.019
0.006
-0.0027
-0.011
-0.011
0.016
0.039
0.038
0.016
-0.012
-0.032
-0.039
-0.027
-0.0061
0.016
0.024
0.016
-0.012
-0.052
-0.068
-0.057
-0.039
-0.027
-0.021
-0.015
0.0054
0.02
0.0021
-0.032
-0.069
-0.09
-0.079
-0.04
-0.0029
0.011
0.00044
-0.026
-0.044
-0.039
-0.024
-0.016
-0.018
-0.026
-0.044
-0.058
-0.055
-0.056
-0.064
-0.079
-0.081
-0.072
-0.057
-0.059
-0.075
-0.087
-0.084
-0.07
-0.055
-0.046
-0.044
-0.026
0.023
0.072
0.088
0.05
-0.018
-0.062
-0.046
0.0057
0.034
0.022
-0.004
-0.012
-0.027
-0.041
-0.047
-0.055
-0.035
-0.0086
0.0066
0.016
0.0058
-0.011
-0.0076
-0.004
-0.014
-0.032
-0.064
-0.073
-0.06
-0.046
-0.043
-0.062
-0.082
-0.076
-0.049
-0.029
-0.016
-0.012
-0.011
-0.014
-0.032
-0.043
-0.054
-0.059
-0.051
-0.038
-0.027
-0.019
-0.025
-0.039
-0.044
-0.042
-0.044
-0.052
-0.056
-0.045
-0.022
-0.0064
-0.0039
-0.0056
-0.015
-0.027
-0.03
-0.02
-0.016
-0.012
-0.00023
0.0061
0.0026
-0.0024
0.0027
0.019
0.034
0.044
0.047
0.041
0.04
0.042
0.032
0.033
0.041
0.044
0.044
0.042
0.038
0.047
0.067
0.085
0.085
0.066
0.045
0.037
0.037
0.036
0.033
0.022
0.011
0.006
0.015
0.026
0.031
0.024
0.013
0.009
0.008
0.0084
0.012
0.017
0.014
0.0088
0.018
0.027
0.03
0.024
0.017
0.0013
-0.0053
0.00093
0.013
0.035
0.052
0.061
0.059
0.05
0.035
0.029
0.04
0.044
0.037
0.034
0.046
0.048
0.038
0.019
-0.0068
-0.013
-0.00047
0.0077
0.0038
0.0047
0.02
0.021
0.017
0.0085
0.0096
0.015
0.017
0.017
0.02
0.034
0.044
0.036
0.023
0.0058
-0.012
-0.021
-0.009
0.0078
0.013
0.013
0.0099
-0.0045
-0.022
-0.024
-0.014
-0.0025
0.0095
0.012
0.0072
0.0089
0.0083
-0.012
-0.033
-0.037
-0.027
-0.019
-0.0089
-0.0032
-0.0059
-0.008
-0.0041
-0.0016
-0.0042
-0.0036
0.0028
0.0078
0.0089
0.0073
0.0014
-0.0006
-0.0025
-0.0022
-0.0064
-0.017
-0.027
-0.022
-0.015
-0.019
-0.031
-0.043
-0.047
-0.044
-0.04
-0.036
-0.033
-0.035
-0.033
-0.024
-0.02
-0.02
-0.028
-0.036
-0.036
-0.026
-0.017
-0.017
-0.024
-0.039
-0.046
-0.042
-0.032
-0.028
-0.019
0.0006
0.023
0.045
0.046
0.023
-0.015
-0.039
-0.048
-0.052
-0.041
-0.0022
0.038
0.059
0.072
0.072
0.056
0.021
-0.025
-0.05
-0.039
-0.0094
0.013
0.015
-0.0041
-0.028
-0.039
-0.046
-0.046
-0.032
-0.0022
0.011
0.0039
-0.0041
-0.015
-0.025
-0.025
-0.015
-0.0099
-0.015
-0.02
-0.028
-0.046
-0.063
-0.07
-0.08
-0.096
-0.1
-0.098
-0.088
-0.071
-0.048
-0.047
-0.061
-0.066
-0.065
-0.056
-0.032
0.0037
0.032
0.038
0.02
0.0018
-0.012
-0.034
-0.06
-0.074
-0.085
-0.096
-0.088
-0.061
-0.044
-0.034
-0.039
-0.056
-0.08
-0.093
-0.084
-0.057
-0.032
-0.022
-0.017
0.0012
0.025
0.022
-0.0068
-0.029
-0.045
-0.06
-0.056
-0.048
-0.053
-0.041
-0.005
0.021
0.018
0.0002
-0.00087
0.0069
0.0075
0.0014
-0.00026
0.016
0.025
0.021
0.017
0.018
0.021
0.028
0.04
0.034
0.011
-0.012
-0.021
-0.018
-0.0056
0.00056
-0.0029
0.012
0.04
0.055
0.046
0.031
0.029
0.032
0.036
0.027
0.014
0.0083
0.021
0.041
0.059
0.069
0.067
0.051
0.031
0.014
0.0079
0.018
0.04
0.048
0.044
0.046
0.042
0.027
0.022
0.037
0.049
0.047
0.035
0.014
0.007
0.024
0.04
0.033
0.018
0.016
0.029
0.034
0.031
0.025
0.02
0.024
0.037
0.041
0.04
0.044
0.052
0.058
0.055
0.045
0.035
0.03
0.026
0.014
0.0036
0.019
0.044
0.057
0.05
0.031
0.017
0.011
0.017
0.035
0.049
0.045
0.032
0.02
0.019
0.024
0.016
0.0073
-0.0022
-0.017
-0.021
-0.0037
0.0075
0.0049
-0.0009
-0.0082
-0.02
-0.034
-0.04
-0.034
-0.013
0.012
0.021
0.027
0.025
0.0095
-0.0083
-0.01
-0.01
-0.017
-0.017
-0.0038
-0.003
-0.017
-0.034
-0.052
-0.059
-0.051
-0.05
-0.048
-0.036
-0.019
-0.019
-0.028
-0.033
-0.028
-0.023
-0.018
-0.016
-0.015
-4.6e-005
0.013
0.012
0.008
-0.0029
-0.02
-0.029
-0.026
-0.017
-0.015
-0.0098
-0.0033
-0.01
-0.026
-0.039
-0.055
-0.068
-0.059
-0.04
-0.018
0.0082
0.03
0.022
-0.01
-0.027
-0.015
-0.0012
0.0034
-0.0021
-0.0086
-0.013
-0.016
-0.0083
0.00056
-0.0031
-0.0061
7.6e-005
0.0032
-0.0014
-0.017
-0.021
-0.026
-0.03
-0.027
-0.018
-0.012
-0.0043
0.013
0.033
0.049
0.058
0.051
0.039
0.021
0.011
0.017
0.019
0.0089
0.017
0.037
0.055
0.068
0.066
0.044
0.021
0.0068
0.007
0.026
0.041
0.045
0.045
0.04
0.034
0.034
0.038
0.034
0.025
0.021
0.02
0.0099
0.00044
-0.0011
-0.0073
-0.012
0.0015
0.011
0.012
0.022
0.034
0.03
0.022
0.013
0.0056
0.0092
0.017
0.027
0.032
0.02
-0.015
-0.046
-0.054
-0.05
-0.051
-0.04
-0.04
-0.051
-0.044
-0.023
-0.012
-0.014
-0.014
-0.0068
0.0036
0.0094
0.0094
0.01
0.00029
-0.012
-0.016
-0.027
-0.04
-0.044
-0.04
-0.039
-0.043
-0.041
-0.037
-0.031
-0.026
-0.013
0.0045
0.012
0.013
0.012
0.006
0.0088
0.022
0.033
0.027
0.0078
-0.0097
-0.02
-0.028
-0.024
-0.019
-0.015
-0.0065
0.0055
0.0017
-0.011
-0.014
-0.01
-0.0029
0.011
0.025
0.039
0.049
0.037
0.0087
-0.0016
0.0002
-0.018
-0.031
-0.024
-0.03
-0.032
-0.0035
0.024
0.025
0.0076
-0.0081
-0.018
-0.022
-0.022
-0.015
-0.0036
0.0017
-0.0041
-0.016
-0.031
-0.044
-0.042
-0.026
-0.024
-0.035
-0.031
-0.0059
0.0072
0.005
-0.0086
-0.032
-0.042
-0.03
-0.017
-0.01
-0.0094
0.0035
0.012
0.0079
-0.006
-0.0083
0.003
0.012
0.011
0.0095
0.019
0.032
0.032
0.022
0.011
-0.0031
-0.019
-0.024
-0.015
-0.0091
0.00047
0.0096
-0.0027
-0.021
-0.029
-0.031
-0.032
-0.027
-0.026
-0.024
-0.0081
0.0065
-0.0026
-0.023
-0.026
-0.016
-0.015
-0.017
-0.012
-0.01
-0.0096
-0.0015
0.0019
-0.00078
-0.0016
0.0046
0.011
0.01
0.0065
0.0049
0.012
0.018
0.013
0.0024
-0.0073
-0.019
-0.023
-0.019
-0.018
-0.019
-0.016
-0.015
-0.011
-0.011
-0.0057
0.0047
0.01
0.017
0.035
0.041
0.038
0.032
0.015
-0.0042
-0.0012
0.013
0.017
0.0038
-0.0092
-0.014
-0.0094
-0.0054
-0.0056
0.0047
0.023
0.035
0.036
0.035
0.037
0.035
0.044
0.051
0.034
0.0066
-0.0038
-0.012
-0.023
-0.026
-0.033
-0.036
-0.027
-0.024
-0.033
-0.034
-0.014
0.0037
0.01
0.0095
0.0042
0.0015
0.014
0.033
0.051
0.073
0.072
0.041
0.00056
-0.022
-0.037
-0.048
-0.038
-0.011
0.01
0.03
0.057
0.067
0.046
0.016
-0.018
-0.051
-0.073
-0.081
-0.08
-0.069
-0.063
-0.072
-0.081
-0.082
-0.074
-0.058
-0.04
-0.024
-0.013
-0.011
-0.03
-0.055
-0.053
-0.038
-0.043
-0.053
-0.063
-0.076
-0.083
-0.076
-0.075
-0.077
-0.073
-0.055
-0.045
-0.035
-0.02
-0.0022
0.02
0.035
0.03
0.021
0.012
-0.0031
-0.013
-0.006
-0.0073
-0.031
-0.056
-0.072
-0.069
-0.057
-0.049
-0.038
-0.02
0.0017
0.024
0.035
0.031
0.019
0.014
-0.00023
-0.026
-0.045
-0.045
-0.035
-0.031
-0.029
-0.036
-0.051
-0.053
-0.045
-0.042
-0.025
0.0002
1.5e-005
-0.00014
-0.0076
-0.039
-0.061
-0.078
-0.093
-0.083
-0.048
-0.0087
0.012
0.019
0.018
0.014
0.015
0.017
0.0088
0.011
0.028
0.042
0.057
0.071
0.071
0.062
0.06
0.074
0.089
0.093
0.084
0.067
0.054
0.044
0.039
0.042
0.054
0.071
0.085
0.083
0.072
0.067
0.079
0.1
0.098
0.085
0.071
0.1
0.19
0.17
0.11
0.016
-0.07
-0.014
0.093
0.085
0.038
0.012
0.04
0.061
0.0018
0.01
0.023
0.0083
0.051
0.08
0.13
0.17
0.16
0.12
0.051
0.013
0.039
0.089
0.08
0.018
-0.033
-0.061
0.0078
0.097
0.15
0.16
0.11
0.034
0.024
0.047
0.022
-0.032
-0.058
-0.069
-0.037
-0.0047
-0.0072
0.039
0.1
0.13
0.1
0.035
-0.0056
-0.0031
0.022
0.072
0.1
0.095
0.054
0.018
-0.0054
-0.014
0.044
0.071
0.048
0.032
0.017
0.047
0.075
0.079
0.077
0.02
-0.026
-0.017
0.038
0.11
0.11
0.07
0.069
0.051
0.014
0.0023
0.029
0.092
0.12
0.11
0.1
0.093
0.092
0.098
0.1
0.092
0.061
0.051
0.056
0.062
0.084
0.073
0.018
-0.015
-0.0014
0.045
0.087
0.1
0.082
0.028
-0.048
-0.09
-0.061
0.0045
0.066
0.097
0.074
0.025
-0.0006
0.022
0.053
0.059
0.071
0.096
0.09
0.084
0.091
0.091
0.073
0.049
0.042
0.029
0.026
0.048
0.087
0.1
0.075
0.069
0.076
0.069
0.07
0.078
0.083
0.076
0.054
0.014
-0.03
-0.031
0.038
0.11
0.14
0.13
0.097
0.083
0.092
0.11
0.13
0.12
0.09
0.062
0.056
0.073
0.095
0.11
0.098
0.06
0.02
-0.0054
0.016
0.076
0.11
0.086
0.028
-0.019
-0.03
-0.012
0.018
0.038
0.052
0.052
0.039
0.0043
-0.015
0.0005
0.035
0.06
0.061
0.044
0.02
0.017
0.047
0.086
0.093
0.08
0.072
0.062
0.065
0.076
0.076
0.049
0.01
0.0006
0.021
0.047
0.051
0.042
0.041
0.045
0.06
0.08
0.08
0.049
0.0079
-0.0097
-0.0033
0.027
0.063
0.079
0.069
0.038
0.014
0.0022
0.01
0.019
0.023
0.018
0.0089
-0.0093
-0.014
-0.0038
0.00096
0.016
0.031
0.028
0.01
-0.0082
-0.022
-0.028
-0.012
0.018
0.021
0.0049
0.0021
0.00087
0.001
0.0014
-0.014
-0.036
-0.055
-0.056
-0.045
-0.038
-0.033
-0.029
-0.028
-0.031
-0.037
-0.038
-0.018
-0.0064
-0.012
-0.017
-0.03
-0.045
-0.064
-0.073
-0.075
-0.08
-0.095
-0.11
-0.11
-0.11
-0.1
-0.089
-0.07
-0.049
-0.036
-0.032
-0.044
-0.065
-0.095
-0.11
-0.11
-0.11
-0.093
-0.085
-0.089
-0.1
-0.11
-0.097
-0.085
-0.07
-0.053
-0.05
-0.053
-0.049
-0.043
-0.032
-0.022
-0.014
-0.0032
-0.0081
-0.031
-0.049
-0.052
-0.053
-0.049
-0.037
-0.018
0.0013
0.00096
-0.014
-0.018
-0.024
-0.022
-0.00093
0.007
0.00023
-0.011
-0.018
-0.015
-0.013
-0.012
-0.012
-0.022
-0.025
-0.014
-0.0099
-0.0083
-0.0091
-0.016
-0.028
-0.031
-0.029
-0.022
-0.016
-0.016
-0.023
-0.032
-0.035
-0.045
-0.061
-0.059
-0.043
-0.024
-0.018
-0.041
-0.071
-0.077
-0.064
-0.052
-0.047
-0.047
-0.054
-0.058
-0.059
-0.072
-0.079
-0.068
-0.059
-0.061
-0.077
-0.094
-0.11
-0.1
-0.074
-0.056
-0.054
-0.046
-0.049
-0.074
-0.085
-0.085
-0.076
-0.057
-0.038
-0.018
-0.006
-0.0038
-0.012
-0.025
-0.039
-0.048
-0.059
-0.064
-0.066
-0.086
-0.097
-0.097
-0.11
-0.12
-0.11
-0.11
-0.1
-0.09
-0.075
-0.07
-0.06
-0.022
0.0093
0.003
-0.021
-0.049
-0.069
-0.073
-0.072
-0.073
-0.068
-0.069
-0.088
-0.11
-0.1
-0.086
-0.074
-0.058
-0.042
-0.024
0.0042
0.023
0.022
0.019
0.018
0.029
0.031
0.0071
-0.027
-0.062
-0.077
-0.066
-0.041
-0.023
-0.013
-0.0049
0.018
0.041
0.038
0.021
0.014
0.018
0.031
0.035
0.026
0.014
0.0099
-0.0019
-0.03
-0.056
-0.061
-0.049
-0.033
-0.019
-0.02
-0.029
-0.04
-0.041
-0.03
-0.017
-0.0037
0.0013
0.00023
-0.0013
0.0028
0.0051
0.0066
0.0032
-0.0054
-0.019
-0.041
-0.052
-0.052
-0.043
-0.031
-0.03
-0.043
-0.037
-0.017
0.0014
0.019
0.014
-0.0043
-0.021
-0.029
-0.019
-0.01
-0.0059
-0.011
-0.025
-0.042
-0.04
-0.036
-0.033
-0.024
-0.019
-0.015
-0.0068
-0.0014
-0.011
-0.027
-0.03
-0.017
-0.0018
0.015
0.031
0.016
-0.014
-0.03
-0.041
-0.044
-0.032
-0.012
0.0041
0.012
0.0064
0.0051
0.016
0.016
0.012
0.019
0.018
0.0074
0.0071
0.011
0.011
0.011
0.013
0.013
0.0043
-0.0025
0.0002
-0.0031
-0.0038
-0.0016
0.00038
0.0072
0.02
0.025
0.024
0.026
0.024
0.026
0.032
0.046
0.065
0.077
0.076
0.048
0.017
0.01
0.0099
0.017
0.04
0.051
0.039
0.033
0.028
0.027
0.036
0.047
0.046
0.04
0.04
0.042
0.047
0.045
0.04
0.035
0.033
0.026
0.012
0.016
0.017
0.0078
0.0046
0.023
0.032
0.027
0.028
0.032
0.046
0.06
0.064
0.072
0.086
0.1
0.1
0.094
0.064
0.051
0.047
0.06
0.078
0.078
0.086
0.087
0.082
0.083
0.087
0.076
0.059
0.061
0.07
0.073
0.081
0.098
0.11
0.1
0.092
0.082
0.08
0.079
0.067
0.059
0.074
0.083
0.067
0.038
0.02
0.025
0.042
0.053
0.048
0.044
0.057
0.077
0.088
0.081
0.065
0.053
0.057
0.06
0.06
0.059
0.06
0.057
0.049
0.038
0.026
0.02
0.022
0.021
0.022
0.031
0.041
0.038
0.036
0.027
0.016
0.022
0.041
0.05
0.053
0.05
0.045
0.034
0.012
-0.011
-0.022
-0.023
-0.018
-0.012
-0.0055
0.0072
0.017
0.019
0.011
0.011
0.026
0.038
0.031
0.0058
-0.008
0.0032
0.017
0.019
0.0011
-0.026
-0.047
-0.05
-0.044
-0.026
-0.012
-0.015
-0.024
-0.032
-0.027
-0.012
0.01
0.029
0.03
0.015
-0.011
-0.046
-0.071
-0.058
-0.042
-0.025
-0.0022
0.0022
-0.016
-0.026
-0.031
-0.037
-0.023
0.0014
0.0083
-0.0071
-0.014
-0.002
0.014
0.02
0.01
-0.012
-0.035
-0.06
-0.077
-0.08
-0.077
-0.083
-0.086
-0.073
-0.054
-0.048
-0.04
-0.022
-0.011
-0.0099
-0.026
-0.048
-0.062
-0.063
-0.05
-0.035
-0.039
-0.058
-0.075
-0.073
-0.063
-0.051
-0.043
-0.026
-0.022
-0.027
-0.029
-0.023
-0.016
-0.01
-0.013
-0.027
-0.047
-0.059
-0.074
-0.087
-0.088
-0.083
-0.056
-0.018
0.0059
0.0065
-0.0018
-0.0053
0.016
0.04
0.047
0.041
0.034
0.043
0.052
0.035
0.013
0.0098
0.019
0.038
0.05
0.047
0.037
0.023
0.033
0.055
0.069
0.085
0.097
0.097
0.091
0.089
0.079
0.067
0.059
0.06
0.074
0.078
0.083
0.093
0.1
0.098
0.094
0.091
0.098
0.1
0.11
0.11
0.13
0.14
0.14
0.14
0.13
0.11
0.1
0.11
0.11
0.11
0.11
0.11
0.12
0.13
0.13
0.11
0.12
0.12
0.12
0.1
0.085
0.086
0.11
0.11
0.096
0.085
0.081
0.081
0.083
0.085
0.087
0.086
0.079
0.069
0.056
0.036
0.031
0.04
0.054
0.055
0.034
0.017
0.017
0.016
0.0036
-0.012
-0.021
-0.016
-0.001
0.014
0.018
0.0065
-0.0057
-0.015
-0.023
-0.016
-0.016
-0.019
-0.016
-0.021
-0.027
-0.018
-0.011
-0.029
-0.055
-0.068
-0.06
-0.049
-0.048
-0.051
-0.051
-0.043
-0.035
-0.034
-0.037
-0.041
-0.045
-0.039
-0.027
-0.019
-0.016
-0.0039
0.0019
-0.011
-0.025
-0.031
-0.018
0.007
0.017
0.016
0.0057
0.0054
0.0081
0.0066
-0.0013
-0.014
-0.031
-0.04
-0.029
-0.025
-0.027
-0.035
-0.049
-0.059
-0.053
-0.046
-0.042
-0.031
-0.0028
0.021
0.037
0.049
0.044
0.021
0.0055
0.008
0.0094
0.005
-0.015
-0.035
-0.026
-0.0089
-0.017
-0.041
-0.054
-0.051
-0.046
-0.041
-0.042
-0.047
-0.04
-0.028
-0.027
-0.028
-0.026
-0.018
-0.013
-0.023
-0.037
-0.034
-0.014
0.007
0.019
0.013
0.0023
-0.021
-0.033
-0.018
0.012
0.035
0.037
0.021
0.021
0.039
0.064
0.084
0.096
0.086
0.059
0.035
0.021
0.01
-0.0038
-0.011
-0.0079
0.015
0.025
0.013
-0.0014
-0.0025
0.014
0.024
0.02
0.011
0.0079
0.0092
0.01
0.015
0.019
0.021
0.018
0.014
0.0097
0.0077
0.012
0.01
0.003
-0.0011
-0.011
-0.021
-0.021
-0.018
-0.0083
-0.0011
0.0014
0.0036
0.0098
0.011
-0.00023
-0.014
-0.031
-0.039
-0.042
-0.026
0.00093
0.017
0.023
0.02
0.022
0.021
0.018
0.018
0.019
0.019
0.025
0.028
0.0064
-0.02
-0.029
-0.033
-0.041
-0.04
-0.025
-0.0032
0.013
0.0059
-0.013
-0.026
-0.038
-0.042
-0.024
-0.0032
0.0055
0.011
0.013
0.0052
-0.0088
-0.016
-0.0056
0.0093
0.011
0.0059
0.0074
0.021
0.023
0.013
-0.0025
-0.013
-0.024
-0.026
-0.025
-0.032
-0.035
-0.032
-0.028
-0.03
-0.039
-0.054
-0.07
-0.073
-0.057
-0.049
-0.043
-0.034
-0.03
-0.032
-0.035
-0.037
-0.048
-0.06
-0.057
-0.052
-0.056
-0.054
-0.046
-0.045
-0.051
-0.054
-0.052
-0.043
-0.032
-0.023
-0.0065
0.0073
0.011
-0.0009
-0.017
-0.036
-0.053
-0.057
-0.046
-0.032
-0.031
-0.036
-0.045
-0.051
-0.042
-0.035
-0.023
-0.023
-0.034
-0.048
-0.054
-0.057
-0.065
-0.067
-0.059
-0.056
-0.062
-0.066
-0.063
-0.056
-0.053
-0.049
-0.049
-0.044
-0.03
-0.018
-0.015
-0.019
-0.022
-0.026
-0.035
-0.04
-0.032
-0.018
-0.012
-0.022
-0.034
-0.024
0.00017
0.0066
0.00078
0.00035
-0.0045
-0.012
-0.011
-0.013
-0.022
-0.03
-0.024
-0.0091
-0.0028
-0.0076
-0.012
-0.014
-0.014
-0.013
-0.011
-0.0057
-0.0012
0.011
0.02
0.02
0.017
0.015
0.017
0.032
0.04
0.026
0.0045
-0.01
-0.011
0.0075
0.023
0.028
0.034
0.031
0.027
0.026
0.019
0.0071
-0.0051
-0.013
-0.011
-0.0022
-0.0029
-0.0085
-0.0023
0.0094
0.023
0.029
0.026
0.024
0.016
0.016
0.015
0.0028
-0.006
0.009
0.023
0.021
0.019
0.014
0.0065
-0.0039
-0.019
-0.015
0.0017
0.018
0.023
0.021
0.011
0.0011
-0.0021
0.0054
0.028
0.04
0.048
0.042
0.02
0.0053
0.017
0.037
0.039
0.03
0.013
-0.02
-0.052
-0.053
-0.037
-0.027
-0.012
0.0085
0.029
0.04
0.044
0.054
0.079
0.092
0.059
0.0087
-0.025
-0.038
-0.033
-0.0099
0.0091
0.01
0.016
0.021
0.011
-0.00044
-0.0025
0.016
0.044
0.045
0.021
0.009
0.028
0.05
0.059
0.046
0.029
0.018
0.017
0.016
0.0066
-0.0026
0.0018
0.0065
0.0067
0.0051
0.0051
0.02
0.041
0.05
0.04
0.023
0.0067
-0.0029
-0.0069
-0.0015
0.014
0.029
0.031
0.029
0.027
0.018
0.015
0.012
-0.0035
-0.009
-0.0009
-0.0016
-0.012
-0.024
-0.031
-0.038
-0.046
-0.051
-0.054
-0.055
-0.054
-0.053
-0.047
-0.028
-0.021
-0.033
-0.05
-0.064
-0.062
-0.035
-0.009
-0.00075
-0.011
-0.023
-0.031
-0.031
-0.041
-0.05
-0.049
-0.035
-0.021
-0.011
0.0029
0.012
0.012
0.0045
-0.0062
-0.017
-0.026
-0.033
-0.042
-0.04
-0.039
-0.047
-0.054
-0.058
-0.061
-0.06
-0.055
-0.045
-0.015
0.016
0.031
0.036
0.028
0.007
-0.0015
-0.00047
-0.0021
0.0052
0.017
0.024
0.017
-0.0027
-0.013
-0.0027
0.0097
0.016
0.015
0.024
0.03
0.029
0.027
0.029
0.033
0.04
0.04
0.025
0.0074
-0.0059
-0.013
-0.0068
0.01
0.021
0.028
0.04
0.05
0.05
0.05
0.063
0.067
0.064
0.061
0.042
0.016
-0.002
-0.017
-0.021
-0.0063
0.0072
0.012
0.013
0.011
0.016
0.023
0.031
0.035
0.036
0.046
0.043
0.017
-0.011
-0.013
0.0041
0.031
0.05
0.056
0.057
0.05
0.032
0.027
0.03
0.047
0.059
0.06
0.048
0.028
0.0022
-0.013
-0.013
-0.015
-0.00044
0.023
0.033
0.028
0.016
0.0097
0.01
0.016
0.028
0.034
0.039
0.052
0.049
0.031
0.025
0.033
0.037
0.027
-0.0037
-0.022
0.0075
0.048
0.059
0.051
0.057
0.067
0.06
0.036
0.018
0.012
0.02
0.03
0.019
-0.0051
-0.022
-0.023
-0.009
0.0098
0.018
0.028
0.046
0.062
0.063
0.043
0.023
0.012
0.014
0.013
0.00044
-0.013
-0.01
-0.0023
0.0056
0.011
0.012
0.015
0.015
0.0082
1.5e-005
-0.0075
-0.014
-0.018
-0.016
-0.0094
-0.0042
-0.012
-0.022
-0.019
-0.016
-0.022
-0.034
-0.048
-0.044
-0.017
0.0094
0.016
0.016
0.013
-0.00041
-0.017
-0.024
-0.026
-0.027
-0.011
0.024
0.055
0.067
0.066
0.051
0.037
0.037
0.028
0.0031
-0.015
-0.017
-0.01
-0.0029
0.0099
0.023
0.024
0.011
0.022
0.045
0.054
0.048
0.028
0.0091
-0.01
-0.021
-0.017
-0.005
0.0075
0.012
0.012
0.027
0.057
0.058
0.035
0.0058
-0.0074
-0.0047
-0.0038
-0.0085
0.0046
0.036
0.051
0.045
0.029
0.011
-0.0085
-0.018
-0.012
0.0044
0.03
0.046
0.038
0.02
0.0085
0.012
0.032
0.046
0.046
0.037
0.028
-0.00081
-0.025
-0.029
-0.021
-0.0079
0.0086
0.02
0.018
0.015
0.0098
-1.5e-005
-0.0039
0.0026
0.0031
-0.0071
-0.014
-0.02
-0.02
-0.0024
0.019
0.027
0.031
0.039
0.051
0.053
0.033
0.0067
-0.0046
-0.00096
0.018
0.035
0.033
0.018
0.0034
-0.0083
-0.0073
0.0021
0.011
0.02
0.018
0.0081
-0.012
-0.027
-0.015
0.0022
0.0058
0.018
0.037
0.042
0.041
0.034
0.025
0.032
0.033
0.034
0.038
0.041
0.039
0.036
0.027
0.024
0.036
0.05
0.063
0.065
0.056
0.053
0.053
0.055
0.058
0.057
0.059
0.065
0.065
0.068
0.073
0.069
0.072
0.078
0.061
0.04
0.032
0.027
0.035
0.036
0.035
0.05
0.062
0.064
0.07
0.071
0.061
0.052
0.045
0.049
0.051
0.043
0.037
0.037
0.024
0.0076
0.0025
0.015
0.029
0.027
0.024
0.025
0.022
0.017
0.016
0.0087
0.00069
0.0033
0.013
0.019
0.017
0.012
0.0065
0.0044
0.0091
0.0034
-0.011
-0.013
-0.017
-0.031
-0.024
-0.012
-0.0092
-0.022
-0.046
-0.065
-0.066
-0.056
-0.052
-0.046
-0.037
-0.02
-0.00075
0.0064
-0.0034
-0.02
-0.018
-0.0095
-0.011
-0.011
0.0021
0.012
-0.0023
-0.029
-0.058
-0.061
-0.048
-0.052
-0.057
-0.055
-0.039
-0.02
-0.0095
-0.016
-0.024
-0.034
-0.039
-0.03
-0.026
-0.021
-0.0058
0.006
0.0093
0.0041
-0.011
-0.033
-0.046
-0.03
-0.0073
0.0062
0.018
0.017
-0.0028
-0.016
-0.01
0.004
0.015
0.012
-0.0021
-0.0026
0.0026
-0.0051
-0.018
-0.012
0.0029
-0.00041
-0.0074
0.0067
0.031
0.041
0.039
0.026
0.018
0.026
0.035
0.04
0.047
0.059
0.059
0.04
0.014
-0.0054
-0.015
-0.014
0.002
0.038
0.075
0.08
0.061
0.049
0.046
0.042
0.04
0.038
0.03
0.024
0.018
0.015
0.025
0.044
0.049
0.038
0.032
0.038
0.053
0.061
0.062
0.052
0.036
0.032
0.042
0.055
0.066
0.077
0.081
0.078
0.062
0.037
0.028
0.043
0.066
0.063
0.037
0.034
0.061
0.089
0.11
0.11
0.089
0.069
0.053
0.041
0.032
0.036
0.048
0.055
0.054
0.049
0.043
0.032
0.032
0.043
0.062
0.077
0.075
0.06
0.043
0.036
0.029
0.029
0.048
0.07
0.081
0.077
0.065
0.039
0.014
0.0064
-0.0024
-0.016
-0.014
0.0051
0.024
0.041
0.033
0.0071
0.00023
0.012
0.024
0.032
0.029
0.022
0.018
0.018
0.018
0.024
0.028
0.024
0.012
-0.011
-0.034
-0.05
-0.039
-0.024
-0.022
-0.028
-0.038
-0.056
-0.059
-0.044
-0.033
-0.027
-0.018
-0.0076
0.00032
-0.0025
-0.019
-0.035
-0.031
-0.018
-0.026
-0.04
-0.042
-0.048
-0.056
-0.046
-0.043
-0.043
-0.031
-0.013
-0.0063
-0.0037
-0.0015
0.0033
0.0038
-0.013
-0.028
-0.031
-0.018
-0.0092
-0.012
-0.011
-0.01
-0.024
-0.035
-0.023
-0.0079
-0.0043
-0.0071
-0.011
-0.00081
0.0077
0.0043
0.0017
-0.0011
0.0038
0.0039
-0.0015
-0.015
-0.021
-0.031
-0.039
-0.032
-0.018
0.0014
0.016
0.018
0.0064
-0.013
-0.031
-0.035
-0.0091
0.031
0.045
0.029
0.014
0.0009
-0.011
-0.0043
0.009
0.021
0.037
0.047
0.046
0.047
0.041
0.015
-0.027
-0.047
-0.03
-0.0029
0.0076
0.003
-0.0065
-0.021
-0.022
-0.018
-0.01
0.0028
0.017
0.025
0.018
-0.0032
-0.022
-0.023
-0.011
-0.0028
-0.0075
-0.018
-0.02
-0.012
0.004
0.016
0.013
0.0023
-0.0068
-0.0068
0.0013
0.0075
0.0022
-0.01
-0.011
0.0063
0.018
0.0093
-0.019
-0.045
-0.051
-0.023
0.02
0.044
0.05
0.043
0.023
0.001
-0.014
-0.031
-0.028
-0.002
0.019
0.023
0.021
0.019
0.014
0.021
0.034
0.028
0.013
0.015
0.022
0.012
0.00017
-0.0073
-0.013
-0.016
-0.026
-0.031
-0.027
-0.0051
0.022
0.043
0.046
0.029
0.0022
-0.029
-0.031
-0.014
0.0054
0.019
0.022
0.011
-0.0074
-0.036
-0.077
-0.092
-0.069
-0.036
-0.011
0.011
0.028
0.027
0.01
-0.016
-0.042
-0.057
-0.052
-0.036
-0.013
0.011
0.022
0.021
0.027
0.043
0.045
0.041
0.037
0.039
0.038
0.024
0.00093
-0.0075
-0.0093
-0.022
-0.032
-0.036
-0.033
-0.03
-0.025
-0.026
-0.031
-0.038
-0.034
-0.035
-0.043
-0.049
-0.052
-0.044
-0.015
0.011
0.019
0.015
0.0054
-0.011
-0.016
-0.014
-0.012
-0.0043
0.0028
0.0039
0.012
0.024
0.032
0.037
0.024
0.0049
0.0054
0.018
0.012
0.0027
0.013
0.016
-0.011
-0.012
0.032
0.045
0.021
0.014
0.014
0.0051
0.011
0.021
0.019
0.016
0.016
0.025
0.037
0.02
-0.006
-0.0024
0.024
0.035
0.035
0.035
0.02
0.017
0.031
0.035
0.03
0.039
0.045
0.049
0.058
0.058
0.051
0.044
0.041
0.036
0.042
0.062
0.075
0.086
0.082
0.072
0.065
0.053
0.052
0.066
0.069
0.062
0.066
0.067
0.056
0.034
0.0088
0.002
0.0087
0.0053
-4.6e-005
1.5e-005
-0.0023
-0.00026
0.012
0.021
0.013
0.003
-0.00087
-0.0071
-0.013
-0.0058
0.0013
0.019
0.029
0.014
-0.007
-0.0099
-0.0073
-0.00041
0.013
0.015
0.019
0.035
0.044
0.035
0.021
0.017
0.023
0.033
0.043
0.041
0.031
0.021
0.006
-0.0035
0.013
0.041
0.056
0.056
0.047
0.028
0.0072
-0.00029
0.0055
0.026
0.042
0.05
0.049
0.039
0.015
-0.0087
-0.002
0.014
0.015
0.0079
0.018
0.04
0.048
0.033
0.00038
-0.021
-0.019
-0.0089
0.0029
0.0092
0.015
0.0082
-0.0039
-0.022
-0.032
-0.027
-0.022
-0.017
-0.014
-0.0044
0.0083
0.0093
0.0046
0.0066
0.01
0.009
0.013
0.018
0.013
0.0033
0.0068
0.013
0.0026
-0.0096
-0.0092
-0.0031
-0.0067
-0.021
-0.032
-0.016
0.0089
0.012
-0.011
-0.027
-0.02
-0.01
-0.017
-0.025
-0.012
0.0066
0.016
0.011
-0.00017
-0.014
-0.025
-0.019
-0.00069
0.009
-0.00084
-0.007
0.0025
0.013
0.0069
-0.0026
-0.012
-0.013
-0.0092
-0.017
-0.039
-0.052
-0.051
-0.039
-0.028
-0.03
-0.037
-0.041
-0.039
-0.029
-0.021
-0.021
-0.033
-0.047
-0.05
-0.041
-0.025
-0.01
-0.0046
-0.016
-0.042
-0.06
-0.055
-0.037
-0.024
-0.014
-0.0039
0.0096
0.025
0.028
0.019
0.019
0.024
0.021
0.005
-0.0062
-0.006
-0.013
-0.022
-0.024
-0.015
-7.6e-005
0.0064
0.0096
0.016
0.032
0.043
0.031
0.0051
-0.02
-0.028
-0.019
0.0088
0.031
0.028
0.0047
-0.025
-0.037
-0.025
-0.0067
-0.01
-0.019
-0.0086
7.6e-005
-0.0037
-0.012
-0.0079
-0.0018
-0.00072
-0.0037
-0.0044
-1.5e-005
0.0077
0.014
0.023
0.027
0.014
-0.0071
-0.021
-0.025
-0.027
-0.025
-0.016
-0.00056
0.013
0.014
-0.00029
-0.016
-0.019
-0.0051
0.023
0.042
0.046
0.031
0.017
0.0033
-0.012
-0.016
0.0043
0.035
0.053
0.046
0.016
-0.019
-0.035
-0.031
-0.016
0.0035
0.021
0.031
0.035
0.032
0.022
0.015
0.01
0.0083
0.014
0.026
0.03
0.029
0.025
0.022
0.016
0.00044
-0.018
-0.023
-0.014
-0.0016
0.015
0.029
0.027
0.012
0.004
0.011
0.017
0.018
0.016
0.018
0.03
0.043
0.039
0.025
0.015
0.0041
-0.0064
-0.011
-0.016
-0.015
-0.004
0.014
0.014
-0.0098
-0.044
-0.064
-0.063
-0.042
-0.017
-0.0068
-0.013
-0.024
-0.029
-0.051
-0.085
-0.096
-0.079
-0.046
-0.021
-0.019
-0.038
-0.045
-0.029
-0.017
-0.016
-0.027
-0.044
-0.053
-0.038
-0.013
0.0016
-0.016
-0.05
-0.069
-0.071
-0.076
-0.075
-0.069
-0.073
-0.076
-0.071
-0.059
-0.059
-0.061
-0.044
-0.013
-0.0079
-0.026
-0.043
-0.043
-0.021
-0.0055
-0.016
-0.038
-0.056
-0.065
-0.057
-0.053
-0.056
-0.044
-0.024
-0.019
-0.023
-0.029
-0.045
-0.065
-0.068
-0.054
-0.034
-0.027
-0.038
-0.044
-0.021
0.018
0.04
0.037
0.029
0.027
0.028
0.03
0.036
0.055
0.069
0.064
0.047
0.026
0.006
-0.0059
0.0011
0.013
0.013
-0.0014
-0.0077
0.0032
0.0074
-0.0072
-0.026
-0.023
-1.5e-005
0.014
0.0057
-0.011
-0.014
-0.013
-0.0085
-0.017
-0.048
-0.069
-0.056
-0.018
0.0059
0.0071
0.00035
-0.0018
0.00056
0.011
0.023
0.014
-0.0031
-0.0024
0.013
0.024
0.035
0.04
0.025
0.0073
0.0047
0.017
0.023
0.011
-0.0059
0.00023
0.023
0.026
0.0017
-0.016
-0.0089
0.0095
0.031
0.038
0.025
0.01
0.0091
0.015
0.02
0.022
0.011
-0.0074
-0.018
-0.015
-0.02
-0.035
-0.05
-0.05
-0.04
-0.019
0.00029
0.018
0.039
0.051
0.039
0.0075
-0.027
-0.04
-0.02
0.014
0.045
0.058
0.041
0.018
0.018
0.028
0.023
0.0068
0.00044
0.006
0.012
0.011
0.0041
-0.0065
-0.0076
-0.00047
0.012
0.022
0.017
0.0038
-0.01
-0.024
-0.035
-0.038
-0.037
-0.032
-0.022
-0.016
-0.015
-0.0099
0.00047
0.0029
-0.0042
-0.024
-0.043
-0.037
-0.016
-0.009
-0.01
0.013
0.043
0.042
0.021
-0.007
-0.026
-0.035
-0.023
-0.002
0.0059
0.0011
-0.0006
0.018
0.039
0.033
0.0032
-0.018
-0.0031
0.023
0.035
0.042
0.065
0.081
0.066
0.027
-0.0082
-0.013
0.012
0.042
0.045
0.043
0.036
0.02
0.016
0.019
0.028
0.04
0.034
0.033
0.054
0.074
0.082
0.081
0.06
0.017
-0.033
-0.078
-0.085
-0.054
-0.013
0.0022
-0.011
-0.036
-0.048
-0.039
-0.039
-0.048
-0.058
-0.065
-0.066
-0.063
-0.065
-0.074
-0.083
-0.099
-0.12
-0.12
-0.095
-0.019
0.046
0.024
-0.063
-0.11
-0.09
-0.021
0.017
-0.012
-0.075
-0.11
-0.086
-0.037
0.0043
0.011
-0.01
-0.024
-0.017
-0.0077
-0.022
-0.037
-0.014
0.044
0.073
0.035
-0.044
-0.12
-0.15
-0.13
-0.086
-0.044
-0.017
0.021
0.051
0.047
0.0028
-0.054
-0.092
-0.1
-0.068
-0.025
-0.0087
-0.011
0.012
0.063
0.11
0.11
0.078
0.032
-0.0041
0.0002
0.023
0.023
0.023
0.046
0.075
0.087
0.075
0.049
0.05
0.08
0.12
0.17
0.18
0.14
0.07
0.0042
-0.0089
0.034
0.081
0.094
0.08
0.057
0.043
0.044
0.046
0.057
0.075
0.088
0.095
0.098
0.088
0.075
0.069
0.063
0.058
0.053
0.042
0.037
0.045
0.058
0.072
0.074
0.05
0.023
0.015
0.025
0.049
0.076
0.077
0.038
-0.015
-0.057
-0.068
-0.057
-0.05
-0.053
-0.065
-0.085
-0.097
-0.094
-0.088
-0.078
-0.061
-0.047
-0.044
-0.051
-0.058
-0.069
-0.091
-0.11
-0.12
-0.11
-0.07
-0.049
-0.072
-0.1
-0.11
-0.091
-0.064
-0.041
-0.039
-0.043
-0.046
-0.052
-0.034
0.0074
0.044
0.037
-0.014
-0.057
-0.071
-0.072
-0.068
-0.043
0.016
0.1
0.16
0.16
0.084
-0.0027
-0.048
-0.062
-0.056
-0.029
-0.025
-0.059
-0.093
-0.1
-0.1
-0.096
-0.096
-0.11
-0.14
-0.15
-0.13
-0.1
-0.089
-0.11
-0.12
-0.095
-0.063
-0.064
-0.094
-0.11
-0.089
-0.039
-0.022
-0.052
-0.079
-0.059
-0.02
-0.011
-0.038
-0.069
-0.062
-0.0079
0.049
0.073
0.036
-0.032
-0.079
-0.05
0.048
0.13
0.14
0.095
0.045
0.029
0.054
0.094
0.13
0.15
0.14
0.089
0.035
-0.00063
0.0072
0.067
0.16
0.22
0.2
0.13
0.024
-0.058
-0.06
-0.00081
0.025
-0.018
-0.058
-0.013
0.098
0.17
0.13
0.011
-0.041
0.0083
0.064
0.054
0.0082
-0.02
-0.0095
0.021
0.075
0.15
0.22
0.23
0.16
0.016
-0.11
-0.15
-0.076
0.049
0.14
0.17
0.15
0.11
0.044
-0.0079
-0.0087
0.028
0.066
0.063
0.025
0.013
0.035
0.016
-0.046
-0.08
-0.032
0.053
0.11
0.095
0.013
-0.085
-0.14
-0.11
-0.026
0.071
0.13
0.14
0.079
0.0024
-0.03
-0.046
-0.046
0.0041
0.082
0.11
0.05
-0.04
-0.063
0.0071
0.11
0.14
0.066
-0.063
-0.11
-0.07
-0.0015
0.057
0.099
0.12
0.1
0.023
-0.081
-0.11
-0.024
0.096
0.14
0.074
-0.018
-0.048
-0.0083
0.026
-0.014
-0.079
-0.085
-0.014
0.079
0.11
0.049
-0.033
-0.076
-0.065
-0.033
-0.00087
0.026
0.058
0.078
0.053
0.015
-0.0088
-0.014
-0.008
-0.01
-0.037
-0.047
0.008
0.077
0.093
0.061
0.033
0.022
-0.009
-0.046
-0.033
0.037
0.1
0.1
0.066
0.026
-0.0022
-0.018
-0.011
0.0098
0.02
0.014
0.0095
0.013
0.012
0.015
0.017
0.0074
1.5e-005
0.0062
0.022
0.035
0.044
0.045
0.0098
-0.045
-0.065
-0.053
-0.031
-0.0014
0.01
0.0018
-0.0052
-0.006
-0.0011
0.0087
-0.0067
-0.045
-0.07
-0.045
0.014
0.048
0.03
-0.012
-0.038
-0.056
-0.082
-0.089
-0.03
0.061
0.096
0.062
0.019
0.017
0.035
0.033
0.0013
-0.026
-0.02
0.015
0.044
0.045
0.028
0.017
0.028
0.058
0.076
0.066
0.032
0.00047
-0.0051
0.00072
-0.0036
0.006
0.033
0.062
0.048
0.0022
-0.018
-0.0005
0.028
0.038
0.036
0.024
0.015
0.0084
-0.024
-0.062
-0.056
-0.0063
0.045
0.083
0.086
0.026
-0.048
-0.053
0.0018
0.051
0.072
0.074
0.055
0.025
0.0038
-0.0088
0.0033
0.034
0.054
0.051
0.036
0.025
0.022
0.026
0.023
0.0075
-0.019
-0.041
-0.036
-0.0091
0.025
0.051
0.069
0.09
0.099
0.071
0.014
-0.03
-0.032
-0.0033
0.019
0.029
0.034
0.021
0.012
0.021
0.026
0.017
0.0076
0.012
0.014
0.027
0.052
0.073
0.07
0.032
-0.02
-0.031
0.0054
0.039
0.042
0.021
-0.0076
-0.018
-0.0083
-0.00081
0.0005
-0.0079
-0.011
-0.0049
0.0093
0.011
0.011
0.019
0.021
0.011
0.004
0.0075
0.0098
0.0098
0.015
0.027
0.049
0.069
0.075
0.061
0.037
0.0099
-0.011
0.0027
0.031
0.043
0.043
0.043
0.031
0.011
0.0015
0.0033
0.0056
0.0059
0.019
0.049
0.073
0.07
0.05
0.026
0.019
0.013
0.0032
0.0016
-0.0021
-0.0077
0.0058
0.038
0.063
0.068
0.041
-0.001
-0.018
-0.0025
0.033
0.058
0.05
0.025
-0.0075
-0.03
-0.029
-0.011
0.0031
0.012
0.014
0.016
0.03
0.05
0.058
0.043
0.017
-0.0098
-0.028
-0.019
0.0061
0.019
0.015
0.0094
0.0033
-0.0032
-0.0018
-0.012
-0.028
-0.037
-0.046
-0.045
-0.019
-0.0012
-0.0015
-0.0081
-0.018
-0.022
-0.023
-0.023
-0.017
0.0041
0.025
0.03
0.0087
-0.011
-0.014
-0.0069
0.0086
0.018
-0.00017
-0.038
-0.067
-0.076
-0.058
-0.025
0.00066
-0.0014
-0.018
-0.034
-0.045
-0.043
-0.026
-0.0061
-0.0061
-0.023
-0.029
-0.016
-0.0074
-0.011
-0.0086
-0.00044
0.011
0.022
0.024
0.018
0.017
0.0091
0.00093
0.0048
0.015
0.029
0.036
0.032
0.027
0.037
0.052
0.06
0.07
0.081
0.077
0.049
0.034
0.037
0.042
0.045
0.052
0.051
0.041
0.024
0.0034
0.0011
0.013
0.025
0.041
0.058
0.063
0.054
0.043
0.037
0.035
0.035
0.031
0.019
0.00099
-0.002
0.0054
0.0061
0.016
0.029
0.034
0.031
0.028
0.034
0.038
0.029
0.029
0.043
0.048
0.044
0.025
0.0071
-0.0076
-0.025
-0.042
-0.038
-0.0048
0.023
0.028
0.022
0.021
0.0058
-0.014
-0.005
0.025
0.041
0.038
0.026
0.018
0.014
0.0082
0.0054
-0.00081
-0.0035
-0.0034
0.0074
0.016
0.014
-0.0041
-0.023
-0.025
-0.013
0.00066
0.0011
-0.0069
-0.01
-0.011
-0.0047
0.012
0.03
0.031
0.021
-0.0097
-0.05
-0.063
-0.046
-0.018
0.0058
0.024
0.028
0.014
-0.012
-0.022
-0.013
-0.0034
0.012
0.025
0.021
0.014
0.0066
-0.013
-0.013
0.0083
0.03
0.051
0.07
0.076
0.049
0.012
0.0051
0.017
0.0054
0.0009
0.01
0.022
0.041
0.054
0.057
0.059
0.048
0.024
-0.0023
-0.022
-0.02
0.0018
0.012
0.016
0.034
0.056
0.066
0.058
0.044
0.035
0.029
0.036
0.049
0.049
0.037
0.023
0.0091
0.023
0.049
0.056
0.05
0.03
-0.0011
-0.021
-0.014
0.0036
0.0084
-0.026
-0.055
-0.038
-0.0029
0.014
0.0093
0.00029
-0.0015
0.0052
0.0062
0.013
0.021
0.023
0.025
0.029
0.04
0.05
0.053
0.051
0.036
0.011
-0.00044
0.01
0.024
0.045
0.072
0.078
0.052
0.015
-0.0072
-0.0086
-0.0027
0.0027
-0.0048
-0.017
-0.017
-0.011
-0.0028
0.01
0.0045
-0.009
-0.0051
-0.014
-0.038
-0.051
-0.051
-0.043
-0.038
-0.037
-0.036
-0.03
-0.033
-0.04
-0.035
-0.015
-0.0049
-0.026
-0.045
-0.06
-0.065
-0.051
-0.023
-0.004
-0.00047
-0.012
-0.032
-0.037
-0.043
-0.062
-0.077
-0.066
-0.031
-0.0019
0.0092
0.015
0.029
0.027
-0.00035
-0.028
-0.04
-0.036
-0.028
-0.031
-0.042
-0.05
-0.058
-0.075
-0.083
-0.067
-0.053
-0.053
-0.041
-0.016
4.6e-005
0.00096
-0.012
-0.023
-0.025
-0.028
-0.026
-0.0049
0.0084
-0.0044
-0.026
-0.033
-0.015
0.0027
0.0097
0.014
0.023
0.028
0.032
0.031
0.033
0.036
0.019
-0.0075
-0.023
-0.019
-0.0039
0.011
0.014
0.011
0.0076
0.0073
0.013
0.018
0.024
0.022
0.013
0.017
0.033
0.05
0.061
0.067
0.069
0.063
0.035
0.0042
-0.0061
0.0079
0.017
0.011
0.0078
0.015
0.018
0.016
0.029
0.037
0.032
0.03
0.026
0.024
0.037
0.065
0.074
0.062
0.037
0.0042
-0.028
-0.031
-0.0078
-0.0028
-0.0097
0.0022
0.024
0.031
0.025
0.0068
0.012
0.039
0.056
0.051
0.033
0.015
-0.0028
-0.0072
-0.0026
0.0061
0.02
0.018
0.0071
0.0059
0.025
0.043
0.035
0.011
-0.0069
-0.013
-0.014
-0.013
-0.011
-0.0055
0.0014
0.0052
0.0043
-0.013
-0.032
-0.032
-0.03
-0.039
-0.053
-0.059
-0.049
-0.014
0.017
0.04
0.055
0.055
0.039
0.027
0.03
0.041
0.053
0.054
0.042
0.025
0.02
0.02
0.016
0.016
0.01
-0.0002
-0.0068
-0.02
-0.038
-0.047
-0.042
-0.025
-0.0002
0.02
0.023
0.013
0.015
0.029
0.044
0.055
0.054
0.031
0.0021
-0.018
-0.018
0.012
0.047
0.046
0.028
0.026
0.024
0.02
0.021
0.023
0.017
0.0014
-0.0077
0.0022
0.022
0.032
0.032
0.031
0.029
0.023
0.013
0.019
0.027
0.024
0.0083
-0.013
-0.036
-0.035
-0.022
-0.0059
0.013
0.014
0.0044
-0.0051
-0.0087
-0.0022
0.0079
0.011
0.0027
-0.015
-0.04
-0.055
-0.056
-0.042
-0.023
-0.0075
-0.00075
0.00075
0.0045
0.013
0.026
0.038
0.041
0.028
0.017
0.021
0.025
0.028
0.028
0.014
0.0011
-0.007
-0.022
-0.029
-0.013
0.011
0.019
0.0084
0.0043
0.023
0.037
0.032
0.019
0.012
0.011
0.011
0.0037
-0.0072
-0.011
-0.011
-0.0092
-0.015
-0.023
-0.021
-0.0077
0.0063
0.0054
-0.0025
-0.0022
0.0098
0.017
0.021
0.02
0.012
0.011
0.027
0.047
0.061
0.063
0.059
0.055
0.049
0.049
0.055
0.061
0.06
0.05
0.042
0.053
0.06
0.049
0.031
0.017
0.012
0.02
0.034
0.047
0.065
0.078
0.075
0.071
0.072
0.068
0.052
0.05
0.052
0.044
0.034
0.037
0.045
0.048
0.046
0.036
0.039
0.052
0.057
0.064
0.08
0.1
0.11
0.1
0.085
0.07
0.052
0.033
0.016
0.0035
0.0052
0.0084
0.0072
0.013
0.028
0.033
0.024
0.0083
0.009
0.014
0.0014
-0.011
-0.017
-0.034
-0.051
-0.06
-0.061
-0.057
-0.052
-0.038
-0.0083
0.013
0.0059
-0.012
-0.02
-0.0098
0.0029
0.0044
-0.0013
-0.012
-0.026
-0.035
-0.041
-0.038
-0.017
-0.00014
0.0024
-0.0072
-0.035
-0.058
-0.058
-0.051
-0.053
-0.065
-0.067
-0.05
-0.023
-0.0044
-0.00017
-0.0057
-0.0005
0.0068
0.0073
-0.0002
-0.009
-0.014
-0.01
-0.011
-0.023
-0.029
-0.02
-0.0087
-0.0045
-0.0042
0.00066
0.0048
-0.014
-0.037
-0.048
-0.045
-0.028
-0.01
-0.0067
-0.0081
-0.0027
0.0085
0.019
0.017
0.0062
-0.016
-0.034
-0.028
-0.019
-0.014
-0.0024
0.011
0.018
0.029
0.029
0.02
0.016
0.0097
0.0066
0.017
0.038
0.043
0.021
-0.0089
-0.032
-0.038
-0.032
-0.02
-0.011
0.0029
0.01
-0.0046
-0.029
-0.048
-0.059
-0.062
-0.049
-0.032
-0.018
-0.01
-0.0041
0.0018
-0.0049
-0.027
-0.046
-0.052
-0.047
-0.038
-0.022
0.0046
0.023
0.0099
-0.015
-0.027
-0.03
-0.029
-0.025
-0.015
-0.0026
0.0039
0.0075
0.011
0.015
0.011
0.00056
-0.017
-0.029
-0.033
-0.035
-0.021
-0.0071
-0.0072
-0.023
-0.044
-0.054
-0.043
-0.022
-0.0082
-0.0024
0.012
0.039
0.058
0.064
0.059
0.036
0.015
0.011
0.0063
0.0017
-0.0039
-0.021
-0.038
-0.047
-0.048
-0.03
-0.0036
0.022
0.043
0.045
0.026
0.0057
-0.009
-0.0094
0.0089
0.026
0.031
0.026
0.017
0.013
0.005
-0.013
-0.037
-0.052
-0.049
-0.028
-0.014
-1.5e-005
0.027
0.041
0.041
0.031
0.0067
-0.01
-0.014
-0.012
-0.0082
-0.0071
-0.017
-0.024
-0.025
-0.027
-0.026
-0.025
-0.021
-0.017
-0.0087
0.014
0.034
0.034
0.022
0.0046
-0.0078
-0.0097
-0.014
-0.018
-0.0083
0.0031
0.011
0.0068
-0.015
-0.031
-0.021
0.00075
0.015
0.015
0.019
0.039
0.043
0.019
-0.02
-0.054
-0.064
-0.033
0.018
0.043
0.03
0.002
-0.012
-0.0038
0.0064
0.015
0.016
0.016
0.022
0.024
0.024
0.029
0.031
0.027
0.017
-0.0059
-0.033
-0.047
-0.041
-0.023
-0.0048
0.0014
-0.0091
-0.026
-0.037
-0.04
-0.043
-0.037
-0.028
-0.029
-0.017
-0.012
-0.033
-0.051
-0.059
-0.057
-0.035
-0.017
-0.016
-0.0096
0.0024
0.0077
0.008
0.012
0.011
-0.0084
-0.018
-0.0073
-0.0035
-0.0082
-0.0027
-0.0005
-0.0028
-0.0029
-0.019
-0.036
-0.041
-0.048
-0.058
-0.055
-0.033
-0.021
-0.031
-0.044
-0.055
-0.059
-0.043
-0.016
0.0034
0.026
0.039
0.024
-0.006
-0.013
-0.002
0.0064
0.0053
0.0015
1.5e-005
4.6e-005
0.019
0.043
0.059
0.067
0.064
0.056
0.038
0.0034
-0.021
-0.00014
0.041
0.06
0.051
0.023
0.0048
-0.00026
-0.00038
0.0074
0.017
0.02
0.016
0.014
0.014
0.019
0.027
0.032
0.035
0.038
0.038
0.041
0.037
0.02
-0.009
-0.029
-0.04
-0.039
-0.026
-0.017
-0.015
-0.0034
0.015
0.021
0.014
-0.0042
-0.027
-0.039
-0.047
-0.049
-0.037
-0.017
-0.0014
0.0034
0.0025
4.6e-005
-0.003
-0.02
-0.031
-0.03
-0.029
-0.025
-0.017
-0.019
-0.032
-0.037
-0.031
-0.019
-0.0047
0.0067
0.013
0.023
0.042
0.045
0.034
0.023
0.018
0.02
0.037
0.048
0.049
0.049
0.04
0.034
0.033
0.038
0.048
0.056
0.057
0.047
0.036
0.028
0.025
0.02
0.026
0.039
0.043
0.039
0.034
0.033
0.033
0.04
0.041
0.036
0.032
0.022
0.024
0.025
0.023
0.036
0.044
0.04
0.043
0.044
0.033
0.018
-0.013
-0.034
-0.029
-0.019
-0.011
-0.0063
-0.0081
-0.0051
0.01
0.021
0.019
0.007
-0.0069
-0.016
-0.025
-0.027
-0.018
-0.015
-0.016
-0.025
-0.038
-0.036
-0.018
-0.0077
-0.0069
-0.015
-0.029
-0.032
-0.021
0.002
0.015
0.03
0.045
0.035
0.028
0.038
0.049
0.051
0.06
0.054
0.034
0.035
0.049
0.064
0.073
0.076
0.056
0.023
0.0081
0.028
0.069
0.091
0.093
0.078
0.057
0.034
0.019
0.028
0.041
0.034
0.013
0.0088
0.024
0.033
0.022
0.0028
-0.0002
0.0037
0.0065
0.0079
0.00063
0.0081
0.024
0.031
0.022
0.0058
-0.016
-0.023
-0.022
-0.026
-0.02
-0.0047
0.0049
0.0074
0.014
0.018
0.01
0.00035
0.01
0.027
0.033
0.028
0.014
-0.0083
-0.017
-0.022
-0.021
-0.0062
0.0075
0.0011
-0.0083
-0.022
-0.035
-0.034
-0.024
-0.01
0.0059
0.0098
0.0061
0.0033
-0.003
0.0045
0.0089
0.0087
0.012
0.018
0.038
0.052
0.034
0.015
0.01
0.02
0.028
0.02
-0.011
-0.026
-0.021
-0.0035
-0.00047
-0.0082
-0.013
-0.03
-0.049
-0.061
-0.065
-0.054
-0.045
-0.059
-0.061
-0.047
-0.035
-0.037
-0.04
-0.034
-0.014
0.0032
-0.00017
-0.013
-0.031
-0.053
-0.076
-0.096
-0.095
-0.056
-0.014
0.0091
0.017
0.03
0.032
0.0099
-0.014
-0.032
-0.045
-0.055
-0.052
-0.057
-0.051
0.024
0.097
0.1
0.028
-0.098
-0.17
-0.15
-0.061
0.013
0.017
-0.015
-0.033
-0.031
-0.0085
0.022
0.021
0.0042
-0.0039
0.00069
0.0029
-0.018
-0.033
-0.033
-0.027
-0.024
-0.021
-0.012
-0.01
-0.024
-0.045
-0.056
-0.05
-0.054
-0.066
-0.07
-0.068
-0.043
0.0029
0.03
0.028
-0.00017
-0.028
-0.033
-0.021
-0.019
-0.027
-0.038
-0.04
-0.024
-0.0036
0.0048
-0.0083
-0.019
-0.0081
-0.0032
-0.021
-0.032
-0.03
-0.015
0.0037
0.0099
-0.0009
-0.015
-0.042
-0.067
-0.08
-0.063
-0.025
-0.0031
0.0073
-0.0023
-0.026
-0.035
-0.029
-0.016
0.003
0.02
0.023
0.0055
-0.015
-0.031
-0.027
-0.016
-0.009
-0.017
-0.032
-0.034
-0.023
-0.021
-0.041
-0.066
-0.072
-0.05
-0.0065
0.021
0.012
-0.016
-0.024
-0.012
-0.002
-0.0015
-0.0074
-0.012
-0.006
-0.0014
0.00029
0.015
0.021
0.015
0.0096
0.013
0.026
0.042
0.053
0.043
0.026
0.034
0.06
0.065
0.046
0.03
0.026
0.033
0.037
0.023
0.005
-0.0078
-0.0099
0.0027
0.025
0.038
0.036
0.028
0.015
0.02
0.032
0.037
0.053
0.072
0.066
0.042
0.0094
-0.0024
0.026
0.054
0.054
0.034
0.015
0.0048
0.0098
0.023
0.034
0.036
0.042
0.062
0.062
0.035
0.011
0.0068
0.024
0.043
0.044
0.029
0.019
0.018
0.029
0.048
0.059
0.062
0.066
0.057
0.042
0.035
0.046
0.056
0.05
0.048
0.045
0.035
0.028
0.014
-0.0075
-0.0026
0.024
0.049
0.061
0.063
0.062
0.058
0.06
0.077
0.087
0.076
0.051
0.048
0.078
0.12
0.13
0.13
0.12
0.11
0.11
0.11
0.12
0.12
0.12
0.11
0.11
0.1
0.087
0.079
0.067
0.063
0.072
0.08
0.083
0.073
0.058
0.052
0.053
0.05
0.052
0.062
0.068
0.064
0.064
0.078
0.092
0.089
0.075
0.048
0.023
0.02
0.032
0.035
0.036
0.029
0.029
0.038
0.02
-0.019
-0.039
-0.024
0.0039
0.017
0.021
0.039
0.046
0.031
0.012
0.0044
0.014
0.033
0.14
0.37
0.55
0.6
0.51
0.29
0.04
-0.13
-0.16
-0.075
0.059
0.14
0.12
0.025
-0.069
-0.096
-0.051
0.0082
0.038
0.021
-0.023
-0.074
-0.12
-0.12
-0.072
-0.026
0.00087
-0.0064
-0.056
-0.099
-0.11
-0.086
-0.035
0.025
0.049
0.03
-0.021
-0.07
-0.087
-0.071
-0.043
-0.016
0.0031
-0.0048
-0.035
-0.068
-0.076
-0.048
0.0019
0.054
0.071
0.064
0.072
0.098
0.1
0.084
0.05
0.034
0.056
0.084
0.092
0.067
0.036
0.028
0.04
0.063
0.072
0.051
0.012
-0.018
-0.03
-0.018
0.021
0.066
0.081
0.06
0.027
-0.0089
-0.035
-0.02
0.017
0.039
0.043
0.04
0.036
0.036
0.037
0.03
0.03
0.037
0.043
0.039
0.022
-0.00078
-0.018
-0.0053
0.03
0.062
0.074
0.061
0.026
0.00017
0.00056
0.016
0.03
0.027
0.003
-0.02
-0.026
-0.026
-0.031
-0.03
-0.025
-0.026
-0.03
-0.029
-0.028
-0.03
-0.036
-0.045
-0.048
-0.039
-0.028
-0.022
-0.022
-0.03
-0.034
-0.024
-0.0051
0.013
0.035
0.05
0.05
0.046
0.046
0.043
0.031
0.024
0.024
0.027
0.031
0.036
0.041
0.033
0.017
0.0077
0.0076
0.0093
0.013
0.013
0.012
0.018
0.028
0.029
0.015
0.0061
-0.0018
-0.013
-0.017
-0.0048
0.012
0.021
0.016
0.0056
-0.0018
-0.0077
-0.0066
-0.00063
0.0032
-0.0079
-0.032
-0.058
-0.073
-0.062
-0.032
0.0025
0.021
0.015
-0.006
-0.032
-0.043
-0.032
-0.025
-0.026
-0.011
0.018
0.051
0.082
0.089
0.074
0.052
0.029
0.026
0.059
0.087
0.082
0.042
-0.015
-0.051
-0.059
-0.05
-0.029
-0.018
-0.03
-0.047
-0.048
-0.038
-0.041
-0.055
-0.056
-0.029
0.0065
0.028
0.026
0.012
0.0034
-0.0012
-0.00023
0.012
0.021
0.032
0.05
0.058
0.058
0.067
0.077
0.079
0.076
0.067
0.053
0.042
0.051
0.072
0.085
0.079
0.06
0.035
0.028
0.041
0.051
0.061
0.072
0.077
0.068
0.053
0.042
0.053
0.077
0.089
0.092
0.088
0.071
0.054
0.055
0.056
0.042
0.038
0.065
0.1
0.12
0.098
0.06
0.035
0.036
0.047
0.063
0.08
0.092
0.1
0.11
0.11
0.089
0.066
0.054
0.061
0.073
0.084
0.092
0.091
0.074
0.059
0.062
0.073
0.071
0.058
0.042
0.038
0.064
0.097
0.098
0.065
0.025
0.0014
0.0061
0.025
0.038
0.05
0.062
0.059
0.041
0.025
0.02
0.024
0.032
0.039
0.047
0.052
0.052
0.048
0.049
0.06
0.068
0.067
0.061
0.046
0.038
0.047
0.058
0.059
0.045
0.033
0.026
0.024
0.029
0.027
0.018
0.012
0.01
-0.0048
-0.027
-0.042
-0.043
-0.019
0.0066
0.014
0.0064
-0.0092
-0.028
-0.038
-0.031
-0.026
-0.023
-0.029
-0.035
-0.036
-0.049
-0.069
-0.087
-0.099
-0.1
-0.097
-0.086
-0.081
-0.081
-0.089
-0.098
-0.1
-0.095
-0.089
-0.094
-0.11
-0.13
-0.14
-0.14
-0.13
-0.13
-0.15
-0.17
-0.18
-0.18
-0.16
-0.13
-0.1
-0.086
-0.084
-0.092
-0.1
-0.099
-0.082
-0.063
-0.047
-0.038
-0.035
-0.037
-0.049
-0.065
-0.075
-0.073
-0.062
-0.052
-0.049
-0.053
-0.055
-0.056
-0.047
-0.027
-0.019
-0.031
-0.052
-0.059
-0.048
-0.05
-0.078
-0.1
-0.11
-0.12
-0.13
-0.14
-0.14
-0.11
-0.09
-0.074
-0.054
-0.034
-0.037
-0.058
-0.062
-0.034
-0.0085
0.0025
0.0038
-0.0014
-0.0065
-0.0058
-0.0041
0.0092
0.039
0.061
0.057
0.038
0.03
0.048
0.077
0.096
0.098
0.087
0.079
0.082
0.091
0.088
0.073
0.053
0.044
0.066
0.092
0.1
0.1
0.1
0.077
0.043
0.031
0.052
0.084
0.1
0.096
0.087
0.075
0.063
0.057
0.056
0.058
0.071
0.098
0.12
0.14
0.14
0.11
0.09
0.082
0.07
0.05
0.023
-0.018
-0.044
-0.041
-0.02
0.0074
0.026
0.039
0.048
0.061
0.093
0.15
0.21
0.25
0.25
0.24
0.23
0.21
0.2
0.18
0.15
0.13
0.11
0.1
0.1
0.095
0.076
0.061
0.063
0.084
0.12
0.13
0.12
0.077
0.031
-0.00038
-0.011
-0.026
-0.048
-0.068
-0.097
-0.13
-0.16
-0.23
-0.33
-0.43
-0.52
-0.59
-0.61
-0.6
-0.58
-0.58
-0.58
-0.58
-0.58
-0.56
-0.53
-0.49
-0.46
-0.44
-0.42
-0.41
-0.39
-0.37
-0.34
-0.33
-0.34
-0.36
-0.43
-0.5
-0.56
-0.64
-0.69
-0.73
-0.76
-0.78
-0.81
-0.84
-0.83
-0.8
-0.76
-0.71
-0.67
-0.62
-0.54
-0.45
-0.36
-0.29
-0.24
-0.21
-0.19
-0.14
-0.093
-0.069
-0.061
-0.058
-0.046
-0.026
-0.028
-0.041
-0.054
-0.07
-0.086
-0.094
-0.088
-0.07
-0.045
-0.037
-0.045
-0.062
-0.087
-0.1
-0.097
-0.067
-0.032
-0.012
-0.017
-0.032
-0.036
-0.034
-0.025
-0.0095
0.011
0.045
0.093
0.14
0.16
0.15
0.15
0.16
0.18
0.22
0.25
0.28
0.31
0.31
0.3
0.28
0.27
0.26
0.25
0.24
0.23
0.22
0.21
0.2
0.18
0.17
0.18
0.22
0.27
0.3
0.3
0.28
0.25
0.25
0.27
0.3
0.3
0.28
0.25
0.23
0.21
0.2
0.2
0.2
0.21
0.2
0.19
0.17
0.15
0.14
0.16
0.18
0.19
0.19
0.18
0.17
0.18
0.2
0.22
0.22
0.2
0.16
0.12
0.09
0.037
-0.018
-0.029
-0.0085
0.032
0.094
0.14
0.16
0.17
0.17
0.12
0.046
0.016
0.031
0.072
0.11
0.15
0.2
0.22
0.21
0.17
0.1
0.067
0.071
0.11
0.14
0.13
0.1
0.083
0.094
0.14
0.2
0.23
0.23
0.18
0.11
0.059
0.067
0.11
0.11
0.097
0.098
0.1
0.099
0.085
0.073
0.053
0.019
-0.017
-0.04
-0.034
-0.0017
0.038
0.064
0.061
0.033
0.011
-0.015
-0.046
-0.067
-0.079
-0.079
-0.077
-0.076
-0.066
-0.041
-0.027
-0.04
-0.073
-0.11
-0.13
-0.11
-0.058
-0.033
-0.027
-0.037
-0.05
-0.041
-0.026
-0.016
-0.0051
-0.009
-0.032
-0.039
-0.021
0.0016
0.018
0.02
-0.0019
-0.044
-0.072
-0.064
-0.04
-0.012
0.0029
-0.0087
-0.028
-0.025
-0.0034
0.023
0.04
0.039
0.029
0.018
0.011
0.013
0.025
0.039
0.04
0.027
0.011
0.0087
0.015
0.018
0.023
0.031
0.032
0.025
0.03
0.044
0.054
0.062
0.072
0.086
0.096
0.096
0.076
0.045
0.019
0.012
0.031
0.052
0.058
0.058
0.056
0.053
0.054
0.049
0.034
0.02
0.022
0.038
0.06
0.069
0.065
0.057
0.053
0.054
0.055
0.047
0.018
-0.024
-0.041
-0.02
0.017
0.046
0.054
0.041
0.01
-0.02
-0.03
-0.012
0.014
0.024
0.011
-0.018
-0.048
-0.069
-0.063
-0.042
-0.027
-0.019
-0.02
-0.021
-0.026
-0.028
-0.023
-0.013
-0.0071
-0.0072
-0.0081
-0.012
-0.015
-0.026
-0.032
-0.037
-0.035
-0.031
-0.032
-0.04
-0.052
-0.058
-0.064
-0.072
-0.082
-0.09
-0.098
-0.11
-0.11
-0.11
-0.11
-0.1
-0.086
-0.074
-0.073
-0.075
-0.086
-0.1
-0.11
-0.1
-0.084
-0.081
-0.089
-0.1
-0.1
-0.089
-0.07
-0.052
-0.051
-0.064
-0.085
-0.1
-0.12
-0.13
-0.14
-0.12
-0.084
-0.055
-0.045
-0.067
-0.11
-0.13
-0.13
-0.089
-0.034
0.024
0.064
0.058
0.0092
-0.044
-0.082
-0.083
-0.036
0.027
0.074
0.073
0.043
0.02
0.012
0.017
0.03
0.039
0.038
0.033
0.041
0.07
0.11
0.13
0.13
0.11
0.093
0.087
0.091
0.11
0.13
0.16
0.17
0.17
0.17
0.17
0.18
0.19
0.19
0.16
0.14
0.12
0.12
0.12
0.13
0.14
0.13
0.11
0.094
0.075
0.063
0.062
0.062
0.06
0.051
0.039
0.027
0.022
0.016
0.0069
0.00017
-0.011
-0.021
-0.03
-0.039
-0.039
-0.03
-0.013
0.0094
0.02
0.015
-0.00081
-0.018
-0.026
-0.027
-0.017
0.0018
0.019
0.03
0.036
0.031
0.02
0.019
0.025
0.032
0.042
0.052
0.04
0.02
0.013
0.013
0.025
0.041
0.035
0.017
0.0041
0.0071
0.018
0.027
0.025
0.014
0.0012
-0.0027
-0.00041
-0.0055
-0.01
-0.011
-0.012
-0.02
-0.031
-0.039
-0.04
-0.028
-0.013
-0.0076
-0.018
-0.042
-0.067
-0.094
-0.12
-0.13
-0.14
-0.14
-0.13
-0.12
-0.11
-0.12
-0.12
-0.12
-0.12
-0.11
-0.1
-0.1
-0.096
-0.084
-0.074
-0.068
-0.069
-0.079
-0.09
-0.093
-0.089
-0.078
-0.066
-0.049
-0.033
-0.02
-0.014
-0.0027
0.0095
0.019
0.036
0.045
0.032
0.023
0.035
0.055
0.068
0.059
0.061
0.084
0.11
0.14
0.15
0.12
0.085
0.074
0.093
0.12
0.13
0.11
0.039
-0.035
-0.084
-0.094
-0.086
-0.058
0.0059
0.079
0.082
-0.039
-0.18
-0.25
-0.21
-0.088
0.0014
-0.0081
-0.11
-0.21
-0.22
-0.14
-0.064
-0.033
-0.06
-0.12
-0.15
-0.12
-0.064
-0.047
-0.064
-0.11
-0.15
-0.16
-0.13
-0.09
-0.072
-0.064
-0.062
-0.088
-0.13
-0.16
-0.15
-0.12
-0.079
-0.066
-0.088
-0.11
-0.092
-0.06
-0.045
-0.066
-0.11
-0.14
-0.13
-0.085
-0.064
-0.085
-0.11
-0.11
-0.063
-0.0015
0.031
-0.00072
-0.088
-0.18
-0.2
-0.13
-0.004
0.1
0.14
0.11
0.041
-0.032
-0.077
-0.073
-0.029
0.032
0.12
0.21
0.27
0.29
0.25
0.17
0.11
0.11
0.14
0.16
0.15
0.12
0.091
0.081
0.12
0.18
0.22
0.2
0.15
0.084
0.04
0.029
0.047
0.07
0.096
0.11
0.11
0.11
0.1
0.11
0.11
0.1
0.079
0.067
0.074
0.1
0.12
0.12
0.091
0.068
0.07
0.086
0.1
0.12
0.13
0.13
0.13
0.13
0.12
0.11
0.1
0.11
0.14
0.16
0.19
0.21
0.2
0.18
0.18
0.2
0.22
0.24
0.25
0.25
0.24
0.24
0.24
0.24
0.23
0.22
0.22
0.23
0.24
0.24
0.24
0.24
0.22
0.21
0.21
0.22
0.24
0.27
0.28
0.3
0.3
0.29
0.29
0.31
0.33
0.33
0.31
0.29
0.26
0.26
0.26
0.27
0.27
0.26
0.25
0.23
0.19
0.15
0.13
0.14
0.16
0.17
0.17
0.15
0.13
0.13
0.13
0.14
0.14
0.14
0.13
0.13
0.14
0.14
0.14
0.13
0.12
0.1
0.094
0.094
0.1
0.11
0.11
0.12
0.13
0.14
0.14
0.12
0.11
0.12
0.14
0.16
0.17
0.15
0.13
0.12
0.12
0.13
0.13
0.12
0.1
0.1
0.12
0.13
0.13
0.13
0.12
0.11
0.12
0.13
0.13
0.12
0.12
0.14
0.16
0.18
0.19
0.19
0.19
0.18
0.18
0.18
0.2
0.21
0.22
0.23
0.23
0.22
0.21
0.2
0.22
0.25
0.26
0.26
0.24
0.21
0.19
0.16
0.1
0.014
-0.073
-0.15
-0.2
-0.22
-0.24
-0.24
-0.2
-0.13
-0.048
0.032
0.075
0.074
0.036
-0.032
-0.11
-0.24
-0.4
-0.64
-0.9
-0.98
-0.97
-0.98
-0.96
-0.97
-0.87
-0.57
-0.36
-0.25
-0.16
-0.049
0.075
0.17
0.23
0.23
0.2
0.18
0.18
0.22
0.29
0.36
0.38
0.35
0.28
0.2
0.15
0.12
0.1
0.079
0.043
-0.0074
-0.054
-0.086
-0.093
-0.078
-0.062
-0.068
-0.092
-0.11
-0.11
-0.089
-0.054
-0.025
-0.027
-0.051
-0.081
-0.11
-0.11
-0.09
-0.073
-0.073
-0.092
-0.12
-0.12
-0.11
-0.066
-0.0093
0.031
0.044
0.03
0.013
0.014
0.027
0.027
0.034
0.049
0.046
0.022
-0.018
-0.058
-0.099
-0.13
-0.15
-0.16
-0.17
-0.17
-0.17
-0.16
