0.0027
0.011
0.017
0.016
0.022
0.036
0.045
0.042
0.029
0.02
0.023
0.012
0.0068
0.021
0.026
0.016
0.018
0.027
0.016
-0.0052
-0.018
-0.009
0.0081
0.00096
-0.0093
0.0027
0.014
0.012
0.0073
0.014
0.019
0.011
-0.0054
0.0031
0.012
0.022
0.034
0.027
0.021
0.022
0.015
0.0093
0.012
0.017
0.02
0.012
0.0077
0.019
0.012
0.0047
0.008
0.002
-0.0029
0.0044
0.012
0.012
0.0098
-0.0056
-0.016
-0.013
0.0019
0.011
0.0072
0.0033
0.0024
0.012
0.0093
-0.00056
-0.0051
0.0034
0.015
0.018
0.0065
0.001
0.0096
0.021
0.019
0.01
0.0078
0.013
0.0069
-0.0029
4.6e-005
0.0044
0.0059
0.0014
0.01
0.029
0.026
0.00047
0.0064
0.024
0.009
-0.012
-0.0075
0.0078
0.0067
-0.0027
0.012
0.032
0.018
-0.00072
-0.00038
-0.012
-0.02
-0.0052
0.0054
0.0075
0.011
0.02
0.019
-0.00081
-0.014
0.0015
0.0068
-0.011
0.0011
0.021
0.0097
-0.011
-0.012
-0.004
-0.012
-0.029
-0.025
-0.0029
-0.0047
-0.016
-0.005
-0.0012
0.00041
0.0045
0.0034
-0.0017
0.0015
-0.0034
0.0025
0.029
0.034
0.018
-0.0099
-0.028
-0.026
-0.021
-0.015
-0.014
-0.013
-0.0033
-0.0025
-0.017
-0.015
0.0062
0.0067
-0.00072
0.0047
0.0006
-0.0079
0.0016
0.0094
0.0071
0.0057
0.0027
-0.0012
-0.0066
0.00035
0.014
0.011
-0.0081
-0.0037
0.0068
-0.0038
-0.006
0.017
0.035
0.019
-0.007
0.0017
0.019
0.01
-0.0052
-0.0099
0.00047
0.017
0.013
-0.0024
0.0061
0.0089
-0.0022
-0.014
-0.00084
0.017
0.011
-0.0054
0.0033
0.024
0.014
-0.0084
-0.0013
0.015
-0.0023
-0.018
0.02
0.05
0.03
0.002
0.0016
0.0018
-0.0065
0.0072
0.025
0.025
0.019
0.0076
-0.0086
-0.0035
0.018
0.024
0.018
0.0033
0.0063
0.033
0.049
0.031
0.0081
0.0071
0.0063
0.0031
0.012
0.014
0.017
0.019
0.018
0.0041
-0.0029
0.0009
0.00099
0.0083
0.0076
-0.011
-0.02
0.0046
0.02
0.0085
-0.004
-0.009
-0.017
-0.028
-0.028
-0.012
-0.011
-0.021
-0.016
-0.016
-0.03
-0.025
-0.015
-0.018
-0.023
-0.025
-0.027
-0.02
-0.014
-0.012
-0.019
-0.03
-0.02
-0.014
-0.012
-0.00047
-0.0016
-0.018
-0.02
-0.0077
0.00038
0.005
0.0069
0.01
0.004
-0.012
-0.012
0.0016
-0.0063
-0.019
-0.022
-0.014
-0.016
-0.026
-0.026
-0.024
-0.034
-0.034
-0.027
-0.04
-0.05
-0.036
-0.023
-0.026
-0.025
-0.029
-0.044
-0.055
-0.056
-0.059
-0.059
-0.039
-0.022
-0.04
-0.071
-0.068
-0.055
-0.066
-0.071
-0.07
-0.066
-0.059
-0.069
-0.075
-0.07
-0.078
-0.1
-0.1
-0.088
-0.091
-0.093
-0.082
-0.077
-0.088
-0.095
-0.095
-0.092
-0.08
-0.081
-0.091
-0.087
-0.064
-0.053
-0.069
-0.078
-0.077
-0.073
-0.081
-0.083
-0.08
-0.059
-0.042
-0.059
-0.077
-0.075
-0.068
-0.071
-0.076
-0.066
-0.053
-0.057
-0.06
-0.048
-0.038
0.033
0.18
0.3
0.28
0.23
0.21
0.22
0.27
0.31
0.33
0.31
0.33
0.41
0.46
0.43
0.38
0.37
0.38
0.35
0.3
0.3
0.33
0.33
0.28
0.24
0.22
0.22
0.21
0.19
0.2
0.21
0.18
0.12
0.08
0.082
0.1
0.096
0.065
0.04
0.026
0.009
0.01
0.016
0.0089
0.0034
0.012
0.022
0.0047
-0.024
-0.018
0.015
0.014
-0.038
-0.085
-0.11
-0.11
-0.09
-0.058
-0.028
-0.023
-0.032
-0.043
-0.047
-0.045
-0.032
-0.033
-0.05
-0.042
-0.014
-0.0088
-0.019
-0.02
-0.016
-0.006
-0.012
-0.023
-0.019
-0.009
-0.0015
-0.00093
-0.018
-0.028
-0.028
-0.024
-0.026
-0.022
-0.011
0.0045
0.024
0.033
0.023
-0.02
-0.05
-0.041
-0.025
-0.03
-0.037
-0.04
-0.034
-0.025
-0.043
-0.052
-0.03
-0.018
-0.025
-0.033
-0.038
-0.027
-0.0068
-0.0005
-0.003
-0.0039
-0.0065
0.0017
0.017
0.035
0.051
0.055
0.044
0.033
0.015
0.009
0.024
0.041
0.057
0.055
0.027
0.019
0.045
0.063
0.049
0.02
0.011
0.028
0.04
0.026
0.012
0.0014
-0.0055
-0.019
-0.03
-0.034
-0.022
-0.0085
-0.0085
-0.018
-0.04
-0.062
-0.061
-0.043
-0.046
-0.061
-0.05
-0.029
-0.033
-0.058
-0.067
-0.069
-0.084
-0.091
-0.08
-0.054
-0.04
-0.041
-0.04
-0.036
-0.042
-0.048
-0.035
-0.036
-0.048
-0.036
-0.0069
-0.0037
-0.018
-0.028
-0.032
-0.036
-0.026
-0.012
-0.0065
-0.0056
0.007
0.018
0.012
-0.0017
-0.012
-0.012
-0.014
-0.014
-0.014
0.0065
0.01
-0.017
-0.036
-0.033
-0.034
-0.052
-0.066
-0.059
-0.054
-0.065
-0.066
-0.066
-0.073
-0.075
-0.074
-0.084
-0.094
-0.098
-0.095
-0.085
-0.092
-0.12
-0.14
-0.15
-0.13
-0.12
-0.13
-0.14
-0.14
-0.16
-0.17
-0.18
-0.19
-0.19
-0.18
-0.15
-0.15
-0.17
-0.2
-0.16
-0.14
-0.12
-0.16
0.025
0.62
0.74
0.37
-0.014
0.022
0.31
0.32
0.24
0.19
0.21
0.22
0.17
0.23
0.36
0.37
0.23
0.11
0.11
0.12
0.12
0.14
0.17
0.15
0.081
0.061
0.11
0.16
0.2
0.32
0.44
0.4
0.25
0.14
0.15
0.16
0.11
0.048
0.02
0.049
0.07
0.056
0.049
0.067
0.098
0.11
0.092
0.054
-0.026
-0.067
-0.064
-0.083
-0.14
-0.2
-0.22
-0.23
-0.26
-0.27
-0.26
-0.23
-0.21
-0.22
-0.2
-0.16
-0.14
-0.14
-0.13
-0.097
-0.03
0.017
0.033
0.042
0.05
0.068
0.093
0.1
0.093
0.073
0.044
0.033
0.034
0.035
0.12
0.24
0.28
0.22
0.13
0.1
0.12
0.14
0.12
0.083
0.062
0.07
0.078
0.083
0.073
0.061
0.054
0.04
0.00069
-0.056
-0.092
-0.079
-0.05
-0.04
-0.053
-0.094
-0.13
-0.15
-0.14
-0.11
-0.065
-0.048
-0.044
-0.043
-0.05
-0.066
-0.062
-0.041
-0.03
-0.024
-0.0092
-0.0037
-0.02
-0.032
-0.019
0.0025
0.0067
0.0038
7.6e-005
0.0048
0.021
0.041
0.047
0.045
0.033
0.013
-0.013
-0.039
-0.038
0.0014
0.044
0.054
0.042
0.012
-0.012
-0.027
-0.031
-0.024
-0.015
-0.02
-0.016
-0.019
-0.027
-0.039
-0.069
-0.11
-0.12
-0.12
-0.1
-0.066
-0.028
-0.009
-0.022
-0.034
-0.027
-0.016
-0.017
-0.014
0.00093
0.018
0.031
0.023
0.013
0.015
0.018
0.017
0.02
0.019
0.039
0.073
0.09
0.085
0.07
0.061
0.069
0.087
0.1
0.12
0.13
0.11
0.1
0.089
0.071
0.063
0.07
0.092
0.11
0.12
0.14
0.16
0.15
0.13
0.093
0.079
0.075
0.065
0.038
0.024
0.022
0.018
0.0025
-0.018
-0.028
-0.025
-0.026
-0.032
-0.021
-0.01
-0.02
-0.035
-0.04
-0.037
-0.035
-0.022
-0.0061
-0.0028
-0.015
-0.019
-0.0052
0.0059
0.0062
0.0014
-0.0027
-0.0048
-0.0035
-0.012
-0.038
-0.066
-0.072
-0.054
-0.045
-0.042
-0.03
-0.0079
-0.0048
-0.013
-0.017
-0.017
-0.019
-0.0094
0.0023
-0.00032
-0.0057
-0.0029
0.0021
-0.0027
-0.016
-0.028
-0.036
-0.046
-0.043
-0.033
-0.0055
0.016
0.0087
-0.022
-0.041
-0.033
-0.017
-0.016
-0.02
-0.017
-0.0013
0.0097
-0.0092
-0.053
-0.074
-0.061
-0.038
-0.015
-0.016
-0.022
0.00026
0.026
0.024
-0.0025
-0.03
-0.032
-0.015
0.0037
0.021
0.025
0.0022
-0.026
-0.029
-0.0081
0.029
0.071
0.11
0.11
0.067
0.021
0.023
0.056
0.078
0.075
0.069
0.053
0.029
0.011
0.0006
0.00044
0.0058
0.0042
-0.018
-0.04
-0.042
-0.015
0.014
0.02
0.015
0.0052
-0.0084
-0.032
-0.064
-0.081
-0.063
-0.028
-0.019
-0.056
-0.1
-0.11
-0.097
-0.075
-0.035
0.016
0.048
0.038
0.016
0.022
0.029
0.00035
-0.038
-0.061
-0.055
-0.027
0.012
0.029
0.0014
-0.026
-0.022
-0.00056
0.038
0.085
0.092
0.06
0.031
0.034
0.038
0.032
0.016
-0.00014
-0.002
0.016
0.026
0.034
0.04
0.041
0.058
0.08
0.069
0.023
-0.0082
0.014
0.063
0.083
0.047
-0.024
-0.1
-0.14
-0.1
-0.037
0.0054
0.014
0.017
0.034
0.05
0.033
-0.00011
-0.0098
0.0048
0.017
0.0023
-0.029
-0.035
-0.0083
0.023
0.034
0.02
-0.0029
-0.015
-0.0089
0.0039
0.018
0.021
0.015
0.0025
-0.021
-0.029
0.0093
0.047
0.039
0.014
-0.0024
0.0067
0.026
0.031
0.026
0.023
0.0096
0.0037
0.016
0.018
0.0011
-0.0038
0.003
-0.017
-0.057
-0.067
-0.031
0.016
0.039
0.029
-0.0063
-0.036
-0.042
-0.038
-0.037
-0.024
0.023
0.062
0.055
-0.00038
-0.035
-0.0069
0.04
0.061
0.047
0.0079
-0.031
-0.039
-0.033
-0.028
-0.025
-0.022
-0.037
-0.051
-0.045
-0.014
0.0063
0.0038
-0.0097
-0.031
-0.041
-0.024
-0.021
-0.034
-0.031
-0.0089
0.017
0.017
0.0034
-0.0014
-0.0047
0.0079
0.028
0.019
0.0036
0.012
0.025
0.029
0.031
0.019
0.0026
-0.0043
-0.0057
0.014
0.042
0.051
0.036
0.018
0.017
0.025
0.033
0.036
0.036
0.033
0.021
0.015
0.005
-0.015
-0.037
-0.032
0.0043
0.034
0.023
-0.00075
0.021
0.068
0.084
0.046
-0.001
-0.013
0.01
0.015
-0.0086
-0.045
-0.066
-0.048
-0.015
0.0068
0.0098
-0.0033
-0.0092
0.0017
0.017
0.013
-0.0044
-0.023
-0.032
-0.035
-0.021
0.0075
0.022
0.0018
-0.025
-0.035
-0.029
-0.0021
0.016
0.016
0.018
0.039
0.055
0.039
-0.0011
-0.029
-0.013
0.014
0.028
0.037
0.039
0.032
0.022
0.015
0.02
0.021
0.022
0.03
0.044
0.071
0.086
0.075
0.049
0.025
0.022
0.043
0.053
0.037
0.018
0.019
0.037
0.05
0.047
0.036
0.012
-0.0056
-0.0045
0.012
0.028
0.023
0.014
0.0022
-0.015
-0.023
-0.028
-0.031
-0.0039
0.0017
-0.022
-0.043
-0.042
-0.034
-0.064
-0.095
-0.087
-0.049
-0.026
-0.032
-0.04
-0.052
-0.063
-0.073
-0.081
-0.076
-0.07
-0.047
-0.029
-0.033
-0.05
-0.055
-0.055
-0.047
-0.046
-0.041
-0.037
-0.035
-0.036
-0.03
-0.018
-0.0031
0.0071
0.0036
-0.011
-0.034
-0.035
-0.014
0.0028
0.0098
0.01
0.0025
0.00099
0.015
0.035
0.053
0.066
0.064
0.039
0.01
0.0024
0.025
0.069
0.11
0.11
0.089
0.055
0.03
0.023
0.033
0.044
0.044
0.031
0.019
0.0063
0.0079
0.031
0.043
0.036
0.011
-0.024
-0.041
-0.027
0.0011
0.027
0.032
0.024
0.012
-0.0035
-0.016
-0.012
0.0022
0.032
0.05
0.044
0.028
0.015
0.022
0.05
0.067
0.063
0.037
0.0011
-0.012
0.0049
0.024
0.035
0.029
0.0053
-0.0053
0.0019
0.011
0.017
0.0091
-0.02
-0.05
-0.06
-0.045
-0.011
0.0086
0.0053
-0.0021
-0.0062
0.0087
0.033
0.031
0.0042
-0.02
-0.016
0.0093
0.031
0.029
0.018
0.0066
0.005
0.0064
0.0047
0.01
0.027
0.032
0.026
0.029
0.032
0.032
0.025
0.016
0.016
0.021
0.015
0.0013
-0.0099
-0.021
-0.03
-0.026
-0.011
-0.004
-0.011
-0.011
0.0061
0.025
0.028
0.024
0.0068
-0.0093
-0.0074
0.0081
0.022
0.032
0.041
0.036
0.018
-0.0065
-0.017
-0.014
-0.0037
0.011
0.033
0.049
0.046
0.041
0.034
0.025
0.017
0.013
0.019
0.027
0.034
0.048
0.054
0.049
0.038
0.027
0.013
0.0066
0.0094
0.014
0.023
0.044
0.065
0.071
0.059
0.04
0.03
0.026
0.026
0.024
0.021
0.025
0.028
0.024
0.024
0.029
0.036
0.042
0.035
0.024
0.028
0.032
0.032
0.03
0.028
0.031
0.038
0.044
0.056
0.056
0.042
0.031
0.019
0.0087
0.0044
0.0029
0.007
0.011
0.002
-0.014
-0.013
-7.6e-005
0.011
-0.0012
-0.026
-0.048
-0.056
-0.053
-0.044
-0.036
-0.034
-0.043
-0.057
-0.064
-0.068
-0.079
-0.093
-0.097
-0.088
-0.089
-0.097
-0.098
-0.1
-0.12
-0.12
-0.097
-0.081
-0.088
-0.1
-0.12
-0.13
-0.12
-0.1
-0.088
-0.085
-0.089
-0.092
-0.088
-0.077
-0.069
-0.064
-0.066
-0.075
-0.079
-0.06
-0.04
-0.038
-0.042
-0.057
-0.07
-0.06
-0.045
-0.039
-0.038
-0.033
-0.028
-0.025
-0.022
-0.028
-0.042
-0.056
-0.049
-0.033
-0.0099
0.0074
0.00075
-0.023
-0.045
-0.057
-0.058
-0.049
-0.039
-0.029
-0.026
-0.024
-0.029
-0.044
-0.05
-0.05
-0.049
-0.045
-0.05
-0.066
-0.061
-0.041
-0.026
-0.017
-0.015
-0.023
-0.032
-0.034
-0.025
-0.016
-0.014
-0.02
-0.025
-0.02
-0.0042
0.0054
0.0032
-0.0042
-0.0082
-0.012
-0.0023
0.0042
0.0039
-0.0036
-0.0061
-0.00053
0.008
0.014
0.018
0.025
0.046
0.078
0.1
0.1
0.077
0.056
0.058
0.075
0.083
0.074
0.053
0.04
0.039
0.043
0.057
0.083
0.095
0.095
0.084
0.072
0.064
0.061
0.055
0.049
0.048
0.057
0.076
0.098
0.11
0.11
0.09
0.084
0.081
0.067
0.058
0.066
0.075
0.089
0.095
0.086
0.081
0.087
0.092
0.093
0.091
0.087
0.087
0.093
0.1
0.11
0.1
0.083
0.062
0.058
0.072
0.083
0.082
0.074
0.056
0.035
0.03
0.047
0.07
0.08
0.065
0.045
0.032
0.033
0.045
0.048
0.036
0.028
0.031
0.041
0.054
0.053
0.038
0.026
0.026
0.036
0.04
0.033
0.027
0.034
0.05
0.072
0.093
0.097
0.11
0.14
0.14
0.036
-0.11
-0.15
-0.05
0.079
0.12
0.099
0.072
0.096
0.12
0.06
-0.021
-0.043
-0.011
0.028
0.032
0.033
0.059
0.085
0.099
0.069
0.032
0.041
0.047
0.051
0.082
0.081
0.062
0.089
0.15
0.16
0.11
0.027
-0.0052
0.06
0.15
0.16
0.084
-0.0062
-0.063
-0.047
0.027
0.062
0.052
0.044
0.014
-0.044
-0.067
-0.07
-0.07
-0.053
-0.035
-0.018
-0.0061
-0.0051
-0.011
-0.024
-0.031
-0.031
-0.017
-0.021
-0.052
-0.065
-0.028
0.035
0.053
-0.0041
-0.11
-0.18
-0.16
-0.097
-0.054
-0.045
-0.052
-0.036
-0.021
-0.041
-0.086
-0.11
-0.095
-0.073
-0.064
-0.079
-0.088
-0.051
-0.0067
-0.0072
-0.061
-0.12
-0.13
-0.088
-0.04
-0.02
-0.052
-0.11
-0.14
-0.15
-0.12
-0.062
-0.023
-0.017
-0.053
-0.11
-0.13
-0.098
-0.044
-0.012
-0.024
-0.055
-0.059
-0.016
0.018
0.0046
-0.037
-0.05
-0.019
0.022
0.039
0.024
0.015
0.024
0.041
0.048
0.033
0.0084
-0.012
-0.018
-0.0083
0.022
0.047
0.045
0.016
-0.011
-0.046
-0.085
-0.093
-0.083
-0.071
-0.063
-0.034
0.018
0.048
0.034
-0.0093
-0.025
-0.013
0.016
0.043
0.047
0.014
-0.036
-0.044
-0.0097
0.055
0.12
0.12
0.077
0.045
0.045
0.055
0.062
0.051
0.023
0.0028
0.0076
0.042
0.071
0.091
0.09
0.072
0.06
0.057
0.051
0.039
0.039
0.054
0.065
0.067
0.061
0.048
0.038
0.05
0.062
0.055
0.024
-0.02
-0.035
0.0055
0.057
0.069
0.043
0.02
0.026
0.054
0.084
0.094
0.078
0.049
0.022
0.012
0.015
0.027
0.037
0.044
0.037
0.018
0.0063
0.025
0.055
0.077
0.073
0.046
0.019
0.0079
0.0041
-0.0071
-0.016
-0.011
0.008
0.032
0.056
0.075
0.093
0.094
0.077
0.07
0.08
0.098
0.11
0.12
0.12
0.12
0.13
0.13
0.13
0.13
0.11
0.11
0.13
0.14
0.13
0.14
0.15
0.14
0.13
0.11
0.087
0.083
0.1
0.11
0.082
0.031
-0.03
-0.1
-0.18
-0.26
-0.34
-0.4
-0.43
-0.43
-0.41
-0.41
-0.42
-0.44
-0.44
-0.44
-0.4
-0.35
-0.32
-0.29
-0.26
-0.22
-0.2
-0.15
-0.091
-0.047
-0.017
-0.0083
-0.015
-0.024
-0.023
-0.022
-0.02
-0.011
0.0048
0.018
0.015
0.021
0.049
0.088
0.1
0.08
0.043
0.015
0.017
0.031
0.055
0.075
0.072
0.048
0.023
0.011
0.016
0.031
0.036
0.027
0.016
-0.0002
-0.012
-0.014
-0.0017
0.0093
0.017
0.035
0.057
0.063
0.048
0.039
0.039
0.044
0.045
0.041
0.045
0.06
0.064
0.052
0.042
0.034
0.019
0.019
0.033
0.038
0.038
0.051
0.057
0.043
0.024
0.026
0.028
0.0099
-0.0092
-0.027
-0.024
-0.0024
0.021
0.032
0.018
-0.0078
-0.017
0.004
0.012
0.00066
-0.0096
-0.0093
-0.0049
0.0041
0.0091
-0.0033
-0.011
0.0041
0.016
0.022
0.018
0.016
0.0093
0.0074
0.01
0.018
0.021
0.014
0.019
0.035
0.056
0.066
0.054
0.044
0.04
0.043
0.054
0.067
0.071
0.055
0.045
0.059
0.069
0.06
0.054
0.05
0.042
0.038
0.04
0.05
0.067
0.081
0.077
0.065
0.066
0.075
0.075
0.064
0.057
0.055
0.047
0.042
0.036
0.024
0.015
0.011
0.011
0.016
0.024
0.028
0.042
0.06
0.065
0.053
0.044
0.025
0.0041
-0.012
-0.026
-0.033
-0.03
-0.0038
0.035
0.055
0.058
0.051
0.027
-0.013
-0.038
-0.051
-0.051
-0.043
-0.037
-0.035
-0.026
-0.0092
1.5e-005
-0.0088
-0.027
-0.029
-0.01
0.015
0.026
0.025
0.02
0.0056
0.0075
0.015
0.0048
-0.018
-0.028
-0.035
-0.06
-0.081
-0.076
-0.063
-0.055
-0.053
-0.068
-0.087
-0.082
-0.062
-0.046
-0.041
-0.049
-0.066
-0.078
-0.081
-0.074
-0.053
-0.039
-0.04
-0.049
-0.036
-0.011
-0.003
-0.00047
0.0011
-0.0028
-0.002
0.0063
0.017
0.014
0.0082
0.0068
-0.016
-0.056
-0.075
-0.06
-0.036
-0.013
0.0067
0.0059
-0.014
-0.03
-0.043
-0.054
-0.059
-0.047
-0.022
-0.0086
-0.014
-0.016
-0.006
0.00041
0.0026
0.0032
0.0025
0.0044
0.022
0.043
0.055
0.053
0.048
0.036
0.024
0.013
0.01
0.0059
0.0088
0.016
0.0096
-0.0058
-0.023
-0.027
-0.014
0.0027
0.013
0.018
0.021
0.02
0.019
0.031
0.041
0.04
0.035
0.031
0.028
0.035
0.041
0.044
0.046
0.041
0.034
0.027
0.013
0.00053
0.0066
0.03
0.049
0.052
0.041
0.019
-0.0029
-0.011
-0.018
-0.027
-0.026
-0.016
-0.011
-0.011
-0.012
-0.016
-0.018
-0.022
-0.034
-0.029
-0.014
-0.0012
0.0086
0.021
0.022
0.011
4.6e-005
-0.0017
0.003
0.024
0.046
0.04
0.024
0.014
0.0084
0.0012
-0.0042
-0.0057
-0.0087
-0.015
-0.023
-0.025
-0.02
-0.02
-0.022
-0.042
-0.074
-0.078
-0.055
-0.028
-0.0089
-0.0021
-0.012
-0.024
-0.027
-0.022
-0.015
-0.016
-0.014
0.001
0.0037
-0.0011
-0.0015
-0.002
-0.00081
0.0014
0.0016
-0.0011
-0.0031
0.0083
0.023
0.027
0.03
0.038
0.031
0.012
0.0087
0.017
0.027
0.035
0.039
0.042
0.048
0.045
0.028
0.017
0.02
0.02
0.025
0.034
0.029
0.02
0.029
0.041
0.032
0.015
0.0026
-0.0012
0.0038
0.016
0.03
0.043
0.051
0.049
0.044
0.044
0.05
0.055
0.067
0.065
0.045
0.032
0.048
0.068
0.078
0.081
0.061
0.027
0.0017
-0.0066
0.0051
0.022
0.038
0.036
0.04
0.052
0.058
0.055
0.062
0.079
0.086
0.091
0.088
0.07
0.057
0.067
0.082
0.085
0.08
0.071
0.035
0.019
0.037
0.049
0.055
0.056
0.047
0.028
0.02
0.033
0.059
0.087
0.1
0.09
0.055
0.021
0.019
0.04
0.06
0.074
0.069
0.044
0.016
-0.0025
0.002
0.022
0.025
0.015
0.0085
0.011
0.013
0.034
0.061
0.069
0.045
0.01
-0.0052
0.0014
0.015
0.03
0.038
0.044
0.039
0.026
0.0074
-0.011
-0.012
-0.002
-0.0019
-0.016
-0.037
-0.039
-0.019
-0.008
-0.0036
0.012
0.028
0.034
0.028
0.0054
-0.025
-0.032
-0.012
0.0029
0.0015
-0.0082
-0.017
-0.017
-0.0083
-0.011
-0.034
-0.053
-0.047
-0.045
-0.049
-0.036
-0.019
-0.006
0.011
0.02
0.021
0.019
0.0085
0.00017
0.011
0.035
0.044
0.035
0.021
0.0031
-0.01
-0.016
-0.013
-0.0096
0.0079
0.029
0.029
0.012
-0.0028
-0.013
-0.016
-0.0028
0.019
0.032
0.03
0.028
0.024
0.016
0.024
0.038
0.04
0.041
0.041
0.036
0.035
0.037
0.038
0.031
0.019
0.011
0.00096
-0.0059
0.0078
0.025
0.03
0.024
0.022
0.027
0.022
0.0037
-0.0045
-0.0056
-0.0089
-0.012
-0.00056
0.00087
-0.015
-0.032
-0.036
-0.032
-0.024
-0.017
-0.024
-0.038
-0.045
-0.04
-0.026
-0.013
-0.019
-0.025
-0.021
-0.022
-0.03
-0.021
-0.016
-0.024
-0.023
-0.011
0.0033
0.0081
-0.0034
-0.019
-0.033
-0.041
-0.044
-0.043
-0.05
-0.054
-0.04
-0.021
-0.015
-0.025
-0.034
-0.031
-0.029
-0.014
0.0024
0.0043
0.0081
0.014
0.0034
-0.00038
0.004
0.0053
0.0034
-0.0048
-0.023
-0.032
-0.026
-0.01
-0.0082
-0.016
-0.025
-0.028
-0.03
-0.028
-0.023
-0.0039
0.022
0.024
0.013
0.006
-0.005
-0.014
-0.01
0.0023
0.017
0.02
0.014
0.0085
0.0022
0.002
0.01
0.012
0.0034
0.0058
0.024
0.037
0.032
0.012
-0.0044
-0.0056
-0.011
-0.019
-0.019
-0.022
-0.018
-0.0028
0.0046
0.0044
-0.0016
1.5e-005
0.0091
0.0056
-4.6e-005
-0.0053
-0.004
0.02
0.043
0.039
0.024
0.016
0.015
0.022
0.031
0.036
0.036
0.028
0.0067
-0.02
-0.022
-0.014
-0.012
-0.01
0.0052
0.02
0.034
0.061
0.064
0.053
0.059
0.069
0.066
0.043
0.023
0.022
0.036
0.048
0.054
0.057
0.045
0.03
0.02
0.019
0.025
0.02
0.022
0.014
-0.018
-0.034
-0.013
0.0078
0.024
0.032
0.02
0.0051
-0.0024
-0.0059
-0.0005
0.0066
0.012
0.0022
-0.021
-0.047
-0.043
-0.0072
0.022
0.019
-0.0011
0.00099
0.0081
0.0016
0.0002
0.0086
0.0068
-0.0026
-0.012
0.0015
0.014
0.024
0.051
0.054
0.018
-0.012
-0.018
-0.017
-0.015
-0.014
-0.015
-0.012
-0.019
-0.04
-0.067
-0.077
-0.063
-0.042
-0.032
-0.028
-0.033
-0.043
-0.048
-0.05
-0.038
-0.0076
0.016
0.027
0.024
0.019
0.019
0.022
0.013
-0.0028
-0.015
-0.013
-0.0077
-0.005
-0.0079
-0.015
-0.02
-0.014
-0.012
-0.016
-0.017
-0.019
-0.013
0.00044
0.003
0.00075
-0.00032
-0.0083
-0.019
-0.04
-0.06
-0.055
-0.031
-0.0047
0.0087
0.001
-0.024
-0.04
-0.042
-0.041
-0.036
-0.01
0.019
0.03
0.022
0.0096
-0.0016
-0.0045
0.0065
0.012
4.6e-005
-0.0039
0.0005
-0.012
-0.029
-0.046
-0.057
-0.057
-0.053
-0.047
-0.035
-0.014
0.004
0.0088
0.00081
-0.013
-0.02
-0.015
0.0011
0.0098
0.023
0.04
0.037
0.015
-0.0068
-0.027
-0.047
-0.053
-0.044
-0.036
-0.026
-0.001
0.015
0.0022
-0.017
-0.027
-0.039
-0.045
-0.026
-0.00038
0.013
0.0095
-0.008
-0.031
-0.045
-0.034
-0.0088
0.0059
0.0015
-0.013
-0.017
-0.013
-0.0076
0.0028
0.013
0.014
0.014
0.016
0.02
0.019
0.027
0.033
0.028
0.02
0.023
0.027
0.028
0.033
0.033
0.029
0.028
0.029
0.032
0.037
0.027
0.0087
0.016
0.043
0.044
0.034
0.03
0.0089
-0.0006
0.016
0.031
0.035
0.028
0.024
0.021
0.015
0.014
0.021
0.029
0.037
0.041
0.035
0.036
0.027
0.018
0.028
0.028
0.025
0.036
0.055
0.057
0.048
0.038
0.032
0.03
0.031
0.041
0.049
0.052
0.057
0.047
0.031
0.016
0.0091
0.0082
0.013
0.015
0.019
0.033
0.045
0.056
0.056
0.048
0.04
0.038
0.031
0.023
0.026
0.047
0.069
0.059
0.03
-0.0069
-0.039
-0.043
-0.03
-0.021
-0.00075
0.034
0.059
0.066
0.059
0.061
0.079
0.095
0.093
0.075
0.047
0.023
0.019
0.028
0.036
0.038
0.041
0.04
0.024
0.007
-0.00093
-0.0059
-0.0027
-0.0051
-0.024
-0.03
-0.015
-0.00053
0.0035
-0.0017
-0.0085
-0.0033
-0.0039
-0.017
-0.027
-0.023
-0.015
-0.026
-0.054
-0.058
-0.041
-0.024
-0.006
-0.0061
-0.032
-0.043
-0.04
-0.04
-0.041
-0.033
-0.019
-0.017
-0.03
-0.04
-0.028
-0.0051
0.014
0.015
0.0047
-0.011
-0.034
-0.038
-0.027
-0.017
-0.018
-0.015
-0.025
-0.048
-0.053
-0.045
-0.031
-0.025
-0.031
-0.03
-0.025
-0.02
-0.021
-0.027
-0.04
-0.046
-0.049
-0.053
-0.055
-0.052
-0.026
-0.0014
-0.009
-0.03
-0.042
-0.046
-0.046
-0.044
-0.031
-0.028
-0.038
-0.033
-0.026
-0.033
-0.038
-0.037
-0.037
-0.036
-0.023
-0.0068
0.0079
0.0059
-0.0035
-0.014
-0.016
-0.004
0.0032
-0.0014
-0.0095
-0.013
-0.019
-0.027
-0.038
-0.051
-0.055
-0.054
-0.051
-0.042
-0.032
-0.031
-0.029
-0.023
-0.0081
0.006
0.02
0.027
0.028
0.026
0.024
0.024
0.024
0.022
0.013
0.0047
0.0029
0.0065
0.012
0.0054
0.00053
0.011
0.029
0.034
0.018
-0.01
-0.023
-0.0041
0.019
0.028
0.022
0.014
0.01
0.0094
-0.00029
-0.007
0.002
0.011
0.017
0.013
0.014
0.013
0.0014
-0.013
-0.027
-0.028
-0.005
0.023
0.026
0.02
-0.0013
-0.025
-0.023
-0.0057
0.017
0.036
0.045
0.039
0.029
0.027
0.035
0.045
0.047
0.048
0.037
0.037
0.043
0.036
0.019
0.0042
-0.0048
-0.015
-0.023
-0.016
0.0013
0.0081
0.013
0.024
0.026
0.029
0.027
0.00023
-0.025
-0.025
-0.0043
0.018
0.029
0.021
0.011
0.0051
-0.0067
-0.012
-0.0012
0.01
0.0075
-0.0041
-0.019
-0.026
-0.016
0.0022
0.0089
-0.0045
-0.018
-0.012
-0.0042
0.0068
0.0069
-0.0025
-0.0065
0.0083
0.024
0.028
0.022
0.013
0.015
0.027
0.041
0.051
0.059
0.062
0.047
0.039
0.044
0.029
0.005
0.0023
-0.0048
-0.013
-0.0083
-0.016
-0.028
-0.035
-0.036
-0.043
-0.052
-0.053
-0.046
-0.024
-0.0018
0.017
0.018
0.013
0.015
0.023
0.03
0.018
-0.012
-0.036
-0.027
-0.017
-0.017
-0.029
-0.042
-0.031
-0.017
-0.0078
0.0065
0.017
0.025
0.021
0.0024
-0.027
-0.056
-0.071
-0.052
-0.024
-0.0043
0.016
0.025
0.021
0.014
0.0028
-0.014
-0.026
-0.017
-0.011
-0.03
-0.041
-0.025
-0.016
-0.025
-0.026
-0.02
-0.012
-0.011
-0.023
-0.035
-0.03
-0.027
-0.035
-0.045
-0.046
-0.028
-0.0029
0.015
0.023
0.0092
-0.011
-0.014
-0.016
-0.018
-0.0086
-0.0021
-0.0031
-0.0077
-0.014
-0.0099
0.0061
0.017
0.012
-0.0054
-0.023
-0.021
-0.0092
-0.0015
0.0021
0.0025
-0.0075
-0.023
-0.03
-0.018
0.0059
0.02
0.0083
-0.014
-0.02
-0.022
-0.035
-0.045
-0.043
-0.039
-0.027
-0.019
-0.027
-0.04
-0.038
-0.015
0.0041
0.00087
-0.024
-0.037
-0.025
-0.0069
0.00026
-0.0079
-0.021
-0.037
-0.044
-0.044
-0.046
-0.051
-0.037
-0.015
-0.014
-0.017
-0.023
-0.026
-0.017
-0.0071
0.01
0.023
0.031
0.033
0.035
0.022
0.0076
-0.014
-0.026
-0.014
-0.0073
0.0024
0.012
0.0043
-0.0038
-0.00032
-0.0015
-0.00011
0.0027
0.011
0.016
0.018
0.027
0.029
0.016
0.0084
0.0047
-0.0095
-0.025
-0.037
-0.044
-0.038
-0.028
-0.027
-0.026
-0.021
-0.014
-0.015
-0.021
-0.025
-0.027
-0.012
0.011
0.026
0.028
0.02
0.014
0.014
0.018
0.015
0.0076
0.0078
0.007
-0.00063
-0.022
-0.043
-0.054
-0.054
-0.049
-0.044
-0.04
-0.04
-0.051
-0.055
-0.052
-0.053
-0.062
-0.059
-0.051
-0.034
-0.011
-0.0011
-0.0039
-0.004
-0.0055
-0.0089
-0.0046
-0.012
-0.022
-0.031
-0.038
-0.033
-0.026
-0.031
-0.04
-0.03
-0.014
-0.0042
-0.0075
-0.01
-0.011
-0.026
-0.029
-0.019
-0.019
-0.016
-0.0079
-0.012
-0.0087
0.00044
0.0023
0.0087
0.0033
-0.0046
0.0021
0.013
0.017
0.011
-0.0002
-0.0098
-0.007
0.0022
0.02
0.027
0.032
0.039
0.04
0.033
0.024
0.018
0.015
0.019
0.032
0.049
0.053
0.045
0.034
0.018
0.0046
0.0079
0.0061
0.0018
0.0097
0.023
0.027
0.023
0.0076
-0.0015
0.012
0.022
0.023
0.027
0.022
0.012
0.011
0.029
0.042
0.035
0.026
0.033
0.045
0.053
0.062
0.068
0.072
0.071
0.06
0.039
0.028
0.025
0.031
0.044
0.064
0.086
0.1
0.1
0.1
0.1
0.099
0.083
0.066
0.063
0.046
0.03
0.035
0.047
0.063
0.082
0.086
0.081
0.075
0.065
0.05
0.041
0.034
0.018
0.0093
0.012
0.028
0.04
0.048
0.058
0.061
0.053
0.037
0.021
0.016
0.028
0.039
0.037
0.03
0.03
0.051
0.073
0.082
0.084
0.078
0.078
0.07
0.057
0.039
0.029
0.015
0.013
0.019
0.019
0.024
0.036
0.046
0.045
0.032
0.018
0.005
-0.0073
-0.01
-0.011
0.0042
0.03
0.04
0.03
0.023
0.026
0.027
0.025
0.011
0.005
0.022
0.034
0.018
-0.0048
-0.01
0.0031
0.02
0.028
0.037
0.047
0.051
0.051
0.035
0.013
-0.00066
0.0017
0.016
0.023
0.007
-0.0092
-0.0023
0.017
0.032
0.037
0.033
0.034
0.038
0.034
0.026
0.027
0.026
0.018
0.019
0.024
0.028
0.036
0.044
0.049
0.065
0.083
0.086
0.072
0.06
0.056
0.062
0.08
0.095
0.089
0.067
0.046
0.038
0.039
0.048
0.066
0.086
0.095
0.091
0.069
0.039
0.022
0.027
0.044
0.052
0.054
0.069
0.078
0.073
0.064
0.062
0.069
0.075
0.071
0.073
0.076
0.079
0.076
0.071
0.061
0.048
0.031
0.028
0.046
0.061
0.075
0.082
0.081
0.068
0.051
0.035
0.023
0.02
0.033
0.042
0.036
0.029
0.018
0.0033
-0.015
-0.03
-0.045
-0.051
-0.042
-0.018
0.017
0.039
0.026
-0.0005
-0.014
-0.015
-0.018
-0.02
-0.013
-0.0069
-0.0067
-0.014
-0.028
-0.032
-0.031
-0.025
-0.014
-0.013
-0.025
-0.033
-0.028
-0.021
-0.015
-0.014
-0.015
-0.016
-0.012
-0.012
-0.018
-0.019
-0.0065
-0.0036
-0.01
-0.02
-0.031
-0.039
-0.036
-0.032
-0.026
-0.014
-0.0083
-0.0098
-0.017
-0.026
-0.036
-0.041
-0.04
-0.038
-0.04
-0.039
-0.022
-0.014
-0.019
-0.019
-0.011
-0.0036
0.00047
-0.0041
-0.017
-0.023
-0.025
-0.032
-0.042
-0.05
-0.045
-0.036
-0.029
-0.016
-0.0052
-0.0075
-0.017
-0.03
-0.026
-0.004
0.014
0.02
0.019
0.0096
-0.0087
-0.017
-0.0086
0.011
0.0092
-0.0044
-0.011
-0.0063
0.0016
-0.0045
-0.022
-0.038
-0.043
-0.034
-0.006
0.025
0.038
0.037
0.033
0.021
-0.0025
-0.034
-0.064
-0.071
-0.044
-0.0061
-0.0018
-0.024
-0.04
-0.029
-0.014
-0.0035
0.014
0.03
0.036
0.035
0.03
0.021
0.013
0.017
0.04
0.045
0.031
0.012
-0.018
-0.019
-0.0092
-0.0032
-0.0046
-0.0022
-0.0065
-0.014
-0.019
-0.0084
0.011
0.029
0.04
0.047
0.038
0.012
-0.0069
-0.0068
0.01
0.023
0.026
0.0066
-0.017
-0.027
-0.03
-0.025
-0.022
-0.022
-0.015
-0.0083
-0.004
-0.0064
0.0011
0.02
0.033
0.039
0.024
-0.0021
-0.027
-0.047
-0.035
-0.018
-0.018
-0.025
-0.018
-0.011
-0.0083
-0.0061
-0.0026
0.0016
0.0014
-0.00078
0.0024
0.0011
0.0054
0.00081
-0.0052
-0.015
-0.022
-0.041
-0.054
-0.051
-0.043
-0.025
0.0028
0.017
0.019
0.02
0.02
0.014
0.003
-0.0017
-0.0093
-0.0034
0.016
0.019
0.0094
-0.0013
-0.0017
0.013
0.02
0.0034
0.0023
0.026
0.041
0.023
-0.0099
-0.024
-0.017
-0.0038
-0.0022
-0.00026
0.0005
0.0018
0.011
0.012
0.016
0.015
0.0067
0.012
0.017
0.0093
-0.0055
-0.0096
0.002
0.0074
0.0043
0.0027
0.0016
0.0047
0.0033
-0.0019
-0.00096
0.0031
-0.006
-0.014
-0.015
-0.012
-0.013
-0.016
-0.013
-0.0016
0.0002
-0.011
-0.025
-0.027
-0.023
-0.016
-0.014
-0.012
-0.0091
-0.0087
-0.0043
0.017
0.033
0.037
0.03
0.012
0.00075
0.0061
0.013
0.0018
-0.023
-0.038
-0.041
-0.042
-0.041
-0.027
-0.015
-0.0093
-0.011
-0.018
-0.022
-0.03
-0.039
-0.026
-0.00078
0.022
0.021
0.011
0.0055
-7.6e-005
-0.013
-0.023
-0.011
0.013
0.037
0.044
0.03
0.011
-0.0014
-0.013
-0.021
-0.015
0.0016
0.013
0.012
0.015
0.015
-0.0028
-0.017
-0.015
-0.0055
-0.0025
-0.0079
-0.012
0.0025
0.017
0.011
-0.006
-0.014
-0.019
-0.028
-0.03
-0.022
-0.017
-0.011
-0.0011
0.0072
0.011
0.0037
-0.0057
-0.0006
0.017
0.028
0.028
0.023
0.0095
-0.0047
-0.018
-0.015
-0.0053
0.0055
0.00096
-0.016
-0.028
-0.024
-0.017
-0.0082
0.0012
0.0064
0.009
0.0089
0.0098
0.015
0.028
0.036
0.037
0.031
0.032
0.046
0.049
0.035
0.022
0.002
-0.028
-0.033
-0.021
-0.015
-0.0041
0.009
0.027
0.057
0.081
0.083
0.073
0.059
0.051
0.045
0.038
0.034
0.026
0.018
0.024
0.03
0.034
0.044
0.047
0.049
0.067
0.08
0.082
0.066
0.033
0.0019
-0.0033
0.014
0.047
0.067
0.067
0.059
0.044
0.022
0.0082
0.0074
0.011
0.024
0.036
0.034
0.027
0.023
0.035
0.038
0.039
0.048
0.051
0.04
0.031
0.033
0.038
0.037
0.014
-0.0097
-0.012
-0.01
-0.02
-0.023
-0.021
-0.024
-0.027
-0.024
-0.019
-0.027
-0.03
-0.017
-0.0098
-0.021
-0.038
-0.049
-0.042
-0.038
-0.041
-0.037
-0.026
-0.018
-0.0093
-0.0088
-0.02
-0.03
-0.032
-0.034
-0.044
-0.051
-0.05
-0.033
-0.012
-0.014
-0.045
-0.076
-0.077
-0.062
-0.034
-0.0066
-0.018
-0.052
-0.071
-0.067
-0.061
-0.062
-0.064
-0.057
-0.041
-0.028
-0.028
-0.048
-0.068
-0.076
-0.071
-0.054
-0.046
-0.052
-0.052
-0.029
-0.0013
0.0048
-0.02
-0.044
-0.042
-0.04
-0.045
-0.039
-0.032
-0.019
-0.014
-0.018
-0.031
-0.04
-0.043
-0.029
-0.0022
0.016
0.03
0.028
0.0016
-0.029
-0.04
-0.036
-0.041
-0.047
-0.039
-0.027
-0.016
0.0019
0.0044
-0.014
-0.028
-0.029
-0.026
-0.027
-0.045
-0.062
-0.046
-0.022
-0.03
-0.057
-0.066
-0.061
-0.06
-0.057
-0.04
-0.021
-0.022
-0.034
-0.035
-0.016
0.00047
-0.0026
-0.013
-0.022
-0.032
-0.043
-0.053
-0.059
-0.057
-0.054
-0.055
-0.053
-0.031
-0.00066
0.014
0.012
0.0034
-0.014
-0.029
-0.034
-0.02
0.01
0.027
0.021
0.009
-0.002
-0.015
-0.027
-0.027
-0.015
0.00023
0.0042
-0.00032
-0.0066
-0.019
-0.026
-0.017
-0.0086
-0.0091
-0.0076
-0.0041
-0.0024
-0.0011
-0.0037
-0.0089
-0.0089
0.0017
0.012
0.0069
-0.0021
0.012
0.041
0.068
0.079
0.06
0.035
0.027
0.027
0.034
0.053
0.065
0.066
0.067
0.061
0.043
0.021
0.017
0.037
0.057
0.075
0.086
0.083
0.069
0.06
0.061
0.068
0.072
0.065
0.053
0.044
0.052
0.069
0.067
0.057
0.048
0.035
0.02
0.012
0.013
0.03
0.058
0.062
0.052
0.049
0.042
0.02
0.013
0.021
0.025
0.029
0.047
0.063
0.047
0.012
-0.021
-0.031
-0.021
-0.008
0.013
0.041
0.045
0.038
0.036
0.031
0.015
0.0071
0.0037
-0.0006
-0.0019
0.00072
-0.0035
-0.0062
0.0066
0.024
0.037
0.042
0.026
0.0015
0.0018
0.02
0.022
0.016
0.02
0.018
0.015
0.013
0.012
0.015
0.025
0.042
0.063
0.067
0.049
0.028
0.011
0.00093
-0.011
-0.01
0.017
0.04
0.047
0.042
0.033
0.023
0.021
0.025
0.037
0.039
0.02
0.0005
-0.0059
-0.00056
0.013
0.024
0.018
0.0094
0.012
0.019
0.02
0.012
0.012
0.026
0.04
0.036
0.021
0.0025
-0.015
-0.026
-0.015
0.019
0.045
0.048
0.037
0.013
-0.0076
-0.008
-0.0043
0.0069
0.017
0.0088
-0.0014
0.002
-0.0034
-0.03
-0.068
-0.076
-0.047
-0.021
-0.017
-0.0079
-0.002
-0.0053
0.0031
0.011
0.011
0.0084
0.002
-0.0038
-0.0098
-0.018
-0.025
-0.021
-0.009
-0.0092
-0.02
-0.037
-0.043
-0.023
0.016
0.048
0.046
0.017
-0.021
-0.063
-0.071
-0.038
0.0038
0.043
0.063
0.063
0.042
0.015
0.0025
-0.0047
-0.0045
0.0044
0.02
0.05
0.075
0.074
0.047
0.0083
-0.014
-0.0014
0.041
0.073
0.07
0.054
0.05
0.064
0.082
0.092
0.089
0.072
0.036
0.0093
0.0011
0.0035
0.013
0.021
0.05
0.072
0.05
0.014
-0.0066
0.01
0.034
0.039
0.031
0.0099
-0.018
-0.03
-0.017
0.0085
0.039
0.063
0.05
0.033
0.019
0.0091
-0.0009
-0.0095
-0.0033
-0.0077
-0.025
-0.019
0.0019
0.016
0.017
-0.0023
-0.018
-0.022
-0.022
-0.0098
0.0052
-0.0056
-0.045
-0.069
-0.043
0.0039
0.036
0.019
-0.0094
-0.025
-0.034
-0.027
-0.024
-0.02
-0.022
-0.022
-0.012
-0.0024
0.0042
0.013
0.021
0.022
0.014
0.0032
-0.0036
0.003
0.024
0.046
0.055
0.037
0.0033
-0.013
-0.0044
0.013
0.023
0.027
0.032
0.036
0.049
0.059
0.052
0.025
0.0016
0.003
0.029
0.048
0.043
0.038
0.026
0.016
0.027
0.037
0.027
0.024
0.044
0.057
0.058
0.057
0.047
0.036
0.033
0.033
0.019
0.013
0.032
0.056
0.07
0.078
0.063
0.018
-0.014
-0.036
-0.039
-0.012
0.03
0.072
0.089
0.075
0.042
-0.0032
-0.029
-0.013
0.012
0.031
0.041
0.039
0.033
0.03
0.017
-0.0026
-0.0026
0.019
0.047
0.054
0.037
0.018
-0.0011
-0.013
-0.018
-0.022
-0.03
-0.025
-0.0029
0.029
0.056
0.049
0.02
-0.0031
-0.0052
-0.00093
0.0039
0.0052
0.0009
-0.011
-0.018
-0.0062
0.017
0.024
0.016
0.00066
-0.016
-0.026
-0.022
0.0027
0.017
0.017
0.0046
-0.019
-0.041
-0.03
0.0026
0.025
0.025
0.017
0.017
0.019
0.0098
0.00096
0.0092
0.028
0.032
0.028
0.025
0.012
-0.0064
-0.0068
0.02
0.06
0.085
0.079
0.058
0.041
0.03
0.039
0.068
0.073
0.051
0.027
0.014
0.026
0.038
0.033
0.024
0.028
0.045
0.062
0.072
0.077
0.071
0.054
0.048
0.055
0.055
0.058
0.055
0.048
0.058
0.066
0.065
0.058
0.051
0.044
0.045
0.045
0.058
0.081
0.1
0.1
0.08
0.063
0.056
0.055
0.047
0.038
0.033
0.035
0.039
0.035
0.027
0.017
0.005
0.017
0.043
0.05
0.048
0.047
0.042
0.049
0.059
0.069
0.078
0.077
0.07
0.074
0.075
0.059
0.042
0.034
0.045
0.061
0.067
0.063
0.048
0.031
0.032
0.034
0.034
0.025
0.006
-0.0091
-0.016
-0.028
-0.029
-0.013
-0.0095
-0.014
-0.022
-0.033
-0.033
-0.022
-0.011
-0.0072
-0.004
-0.00017
-0.0083
-0.023
-0.028
-0.032
-0.032
-0.012
0.0056
0.0023
-0.012
-0.038
-0.066
-0.074
-0.066
-0.054
-0.036
-0.029
-0.028
-0.024
-0.02
-0.027
-0.041
-0.044
-0.036
-0.03
-0.026
-0.017
-0.028
-0.06
-0.09
-0.11
-0.098
-0.07
-0.046
-0.023
-0.0084
-0.0034
-0.0098
-0.018
-0.037
-0.051
-0.068
-0.076
-0.059
-0.041
-0.022
-0.0064
-0.0045
-0.011
-0.013
-0.014
-0.01
0.0057
0.028
0.033
0.02
0.014
0.016
0.019
0.022
0.021
0.014
0.01
0.0091
0.011
0.021
0.031
0.028
0.021
0.026
0.029
0.016
0.0031
0.0024
0.0097
0.011
0.011
0.017
0.028
0.027
0.015
-0.0015
-0.012
-0.0087
0.0052
0.026
0.036
0.019
-0.026
-0.07
-0.098
-0.096
-0.068
-0.039
-0.024
-0.012
-0.0089
-0.007
-0.0069
-0.0076
-0.0089
-0.017
-0.026
-0.014
0.0055
0.012
-0.0086
-0.029
-0.03
-0.026
-0.027
-0.033
-0.037
-0.041
-0.03
-0.0036
0.0041
-0.028
-0.061
-0.057
-0.023
0.017
0.036
0.041
0.033
0.015
0.013
0.021
0.019
0.016
0.011
-0.0097
-0.029
-0.034
-0.025
-0.0085
-0.0054
-0.0076
-0.0083
0.00053
0.011
0.01
0.004
-0.0025
-0.0083
-0.017
-0.01
0.0012
0.021
0.049
0.072
0.073
0.058
0.043
0.024
0.0061
0.0066
0.02
0.022
0.02
0.026
0.033
0.042
0.039
0.034
0.042
0.056
0.063
0.056
0.044
0.027
0.022
0.04
0.066
0.061
0.035
0.019
0.022
0.035
0.038
0.033
0.031
0.035
0.047
0.047
0.042
0.039
0.035
0.043
0.049
0.055
0.051
0.043
0.028
0.017
0.014
0.013
0.017
0.017
0.0091
0.0047
0.0032
-0.0011
0.00072
0.011
0.02
0.019
0.018
0.026
0.033
0.036
0.036
0.028
0.022
0.027
0.038
0.033
0.011
0.0033
0.024
0.052
0.068
0.067
0.044
0.025
0.019
0.033
0.054
0.059
0.043
0.016
0.0087
0.026
0.035
0.033
0.033
0.036
0.035
0.033
0.026
0.0071
-0.0086
-0.0062
0.013
0.022
0.016
-0.00078
-0.01
-0.014
-0.008
0.009
0.026
0.037
0.038
0.036
0.027
0.0092
-0.0067
-0.009
-0.00063
0.016
0.032
0.026
0.012
0.0038
-0.0013
0.0026
0.012
0.017
0.017
0.022
0.02
0.0046
-0.015
-0.017
-0.0092
-0.012
-0.025
-0.033
-0.033
-0.028
-0.018
-0.0068
0.00084
-0.0068
-0.017
-0.018
-0.015
-0.0093
0.0014
-0.0013
-0.015
-0.025
-0.023
-0.011
-0.0013
-0.0081
-0.019
-0.019
-0.011
0.00069
0.0034
-0.004
-0.0067
0.0009
0.0087
0.0079
0.0034
0.0068
0.016
0.019
0.018
0.0087
-0.0079
-0.016
-0.022
-0.035
-0.051
-0.063
-0.058
-0.045
-0.042
-0.061
-0.078
-0.079
-0.063
-0.048
-0.038
-0.033
-0.033
-0.026
-0.017
-0.02
-0.029
-0.021
-0.0056
0.01
0.025
0.03
0.034
0.036
0.024
0.016
0.017
0.021
0.021
0.026
0.029
0.024
0.011
-0.0036
-0.0066
-0.01
-0.0033
0.011
0.02
0.029
0.039
0.028
-0.004
-0.028
-0.031
-0.029
-0.027
-0.01
0.013
0.028
0.032
0.028
0.018
0.013
0.011
0.012
0.027
0.03
0.0059
-0.019
-0.0095
0.024
0.038
0.031
0.024
0.029
0.041
0.054
0.06
0.061
0.05
0.03
0.013
0.0033
0.001
0.0011
0.0035
0.0085
0.0018
-0.02
-0.04
-0.05
-0.034
-0.02
-0.034
-0.048
-0.046
-0.037
-0.029
-0.032
-0.041
-0.042
-0.038
-0.047
-0.056
-0.059
-0.061
-0.067
-0.067
-0.062
-0.058
-0.048
-0.039
-0.031
-0.027
-0.022
-0.0043
0.0095
0.018
0.027
0.036
0.038
0.031
0.027
0.042
0.056
0.051
0.03
0.013
0.0093
0.0085
-0.0043
-0.025
-0.026
-0.017
-0.0032
0.004
-0.011
-0.033
-0.036
-0.014
0.01
0.018
0.0086
-0.01
-0.013
0.00093
0.028
0.043
0.043
0.044
0.044
0.032
0.017
0.0051
-0.013
-0.018
-0.0017
0.015
0.021
0.015
0.0076
-0.0027
-0.0043
-0.0025
-0.0074
-0.0086
0.0027
0.027
0.049
0.062
0.042
0.009
-0.012
-0.013
-0.0029
0.01
0.013
0.0074
0.0085
0.025
0.043
0.045
0.037
0.037
0.032
0.0097
-0.017
-0.034
-0.028
-0.012
0.0024
0.011
0.018
0.024
0.032
0.031
0.02
0.015
0.022
0.027
0.025
0.024
0.026
0.027
0.031
0.037
0.043
0.051
0.048
0.03
0.02
0.022
0.025
0.027
0.036
0.05
0.048
0.031
0.014
0.018
0.037
0.053
0.062
0.059
0.056
0.04
0.019
0.013
0.012
0.013
0.012
0.02
0.026
0.021
0.0049
-0.0079
-0.00087
-0.0016
-0.011
-0.018
-0.011
0.012
0.025
0.018
-0.0017
-0.019
-0.023
-0.011
-0.0026
0.0067
0.023
0.027
0.021
0.014
0.01
0.0044
-0.0061
-0.011
-0.011
-0.013
-0.011
-0.0026
0.0039
0.0079
0.013
0.0027
-0.0098
-0.013
-0.015
-0.0038
0.02
0.028
0.026
0.02
0.029
0.05
0.058
0.053
0.051
0.05
0.049
0.051
0.049
0.051
0.053
0.055
0.075
0.098
0.11
0.11
0.1
0.1
0.082
0.057
0.041
0.028
0.023
0.019
0.0063
-0.014
-0.041
-0.069
-0.081
-0.073
-0.063
-0.054
-0.05
-0.054
-0.045
-0.031
-0.025
-0.023
-0.019
-0.015
0.0059
0.032
0.039
0.029
0.015
0.0049
-0.013
-0.042
-0.069
-0.074
-0.063
-0.041
-0.019
-0.0042
0.012
0.031
0.049
0.042
0.015
-0.014
-0.037
-0.049
-0.046
-0.042
-0.053
-0.058
-0.057
-0.056
-0.049
-0.036
-0.025
-0.019
-0.013
-0.015
-0.034
-0.051
-0.043
-0.019
-0.0015
0.011
0.01
-0.0021
-0.022
-0.041
-0.047
-0.051
-0.056
-0.044
-0.022
-0.0048
0.012
0.017
-0.0037
-0.022
-0.019
-0.0061
0.0022
0.013
0.02
0.027
0.036
0.029
0.024
0.033
0.045
0.041
0.028
0.023
0.024
0.015
0.011
0.015
0.012
0.0063
0.0094
0.014
0.018
0.024
0.03
0.022
0.002
-0.017
-0.027
-0.016
-0.0065
-0.015
-0.029
-0.037
-0.038
-0.024
-0.01
-0.004
0.0036
0.0086
0.011
0.014
0.0096
0.0096
0.029
0.053
0.061
0.06
0.059
0.055
0.055
0.054
0.044
0.029
0.019
-0.0042
-0.019
-0.015
-0.0011
0.012
0.0033
-0.02
-0.038
-0.028
0.009
0.047
0.044
-0.0045
-0.0095
0.054
0.1
0.056
-0.055
-0.11
-0.059
0.033
0.051
-0.015
-0.069
-0.043
0.024
0.044
-0.015
-0.11
-0.14
-0.043
0.11
0.19
0.11
-0.047
-0.14
-0.11
-0.05
-0.045
-0.079
-0.067
0.0072
0.075
0.068
0.03
0.02
0.029
0.065
0.14
0.21
0.2
0.12
0.025
-0.019
0.0012
0.0035
-0.039
-0.091
-0.11
-0.065
0.0097
0.04
-0.01
-0.082
-0.11
-0.08
-0.044
-0.055
-0.067
-0.012
0.11
0.19
0.14
0.012
-0.084
-0.05
0.042
0.069
-0.0014
-0.097
-0.12
-0.037
0.074
0.14
0.13
0.093
0.055
0.042
0.039
0.031
0.022
0.0045
-0.0063
-0.011
-0.03
-0.054
-0.045
0.0062
0.074
0.099
0.055
-0.036
-0.11
-0.1
-0.041
-0.0062
-0.017
-0.035
-0.03
0.008
0.037
0.027
-0.0013
-0.019
0.0062
0.06
0.081
0.046
0.0072
0.01
0.028
0.01
-0.074
-0.16
-0.17
-0.11
-0.037
-0.027
-0.061
-0.078
-0.054
-0.011
0.011
-0.007
-0.031
-0.012
0.044
0.093
0.09
0.043
0.0017
-0.02
-0.024
-0.03
-0.049
-0.043
-0.0011
0.027
0.0018
-0.047
-0.068
-0.044
-0.01
-0.0067
-0.023
-0.022
0.00081
0.021
0.033
0.034
0.011
-0.031
-0.07
-0.052
-0.0088
0.012
0.036
0.061
0.054
0.021
-0.0021
-0.043
-0.087
-0.1
-0.07
-0.035
0.005
0.043
0.03
-0.028
-0.11
-0.096
-0.034
0.011
0.047
0.078
0.082
0.028
-0.00066
-0.01
-0.029
-0.022
-0.0032
-0.012
-0.047
-0.04
-0.031
-0.042
0.018
0.14
0.22
0.2
0.07
-0.11
-0.2
-0.13
0.0019
0.063
0.026
-0.047
-0.08
-0.05
-0.022
-0.036
-0.066
-0.082
-0.067
-0.065
-0.12
-0.18
-0.15
-0.019
0.09
0.094
0.033
-0.029
-0.042
-0.014
0.0096
0.012
-0.023
-0.079
-0.12
-0.11
-0.071
-0.047
0.0018
0.072
0.11
0.084
0.032
-0.022
-0.07
-0.08
-0.075
-0.061
-0.028
0.0011
-0.008
-0.046
-0.12
-0.19
-0.18
-0.12
-0.078
-0.068
-0.082
-0.092
-0.086
-0.065
-0.054
-0.034
0.028
0.097
0.12
0.081
0.013
-0.029
-0.044
-0.061
-0.087
-0.089
-0.057
-0.014
0.012
0.00023
-0.037
-0.042
0.0019
0.056
0.081
0.046
-0.0076
-0.021
0.01
0.047
0.045
0.015
-0.012
-0.022
-0.028
-0.047
-0.06
-0.049
-0.018
0.0084
0.012
-0.0034
-0.028
-0.044
-0.018
0.041
0.085
0.1
0.11
0.11
0.078
0.031
-0.0068
-0.034
-0.026
0.032
0.092
0.11
0.097
0.058
0.01
-0.014
0.0031
0.015
-0.0017
-0.011
0.011
0.03
0.028
0.035
0.041
0.033
0.051
0.078
0.08
0.062
0.031
0.0064
0.016
0.049
0.077
0.08
0.059
0.039
0.029
0.025
0.051
0.14
0.23
0.23
0.18
0.11
0.058
0.031
0.036
0.08
0.088
0.038
0.0018
-0.032
-0.067
-0.092
-0.09
-0.037
0.012
0.0096
-0.02
-0.079
-0.12
-0.087
-0.024
0.0012
-0.017
-0.051
-0.066
-0.059
-0.029
0.014
0.045
0.067
0.11
0.13
0.1
0.056
0.011
-0.0032
0.024
0.058
0.083
0.091
0.072
0.046
0.016
-0.018
-0.04
-0.045
-0.024
0.016
0.043
0.039
0.011
-0.0089
-0.0025
0.0083
0.025
0.034
-0.00099
-0.032
-0.032
-0.034
-0.032
-0.026
-0.029
-0.031
-0.026
-0.026
-0.03
-0.025
0.0065
0.049
0.063
0.055
0.021
-0.0062
-0.00069
0.0024
-0.0045
0.00056
0.022
0.044
0.054
0.031
0.0005
-0.015
-0.018
-0.0044
0.015
0.038
0.041
0.011
-0.018
-0.039
-0.046
-0.043
-0.031
-0.034
-0.041
-0.041
-0.043
-0.039
-0.018
0.0026
0.0059
-0.0083
-0.024
-0.029
-0.013
0.029
0.076
0.092
0.069
0.027
-0.0032
-0.026
-0.051
-0.056
-0.029
0.0073
0.031
0.031
0.0081
-0.0057
-0.0078
-0.016
-0.029
-0.036
-0.039
-0.057
-0.081
-0.09
-0.077
-0.074
-0.083
-0.09
-0.075
-0.056
-0.05
-0.046
-0.029
-0.012
-0.0064
-0.014
-0.029
-0.034
-0.03
-0.019
-0.005
-0.0021
-0.021
-0.042
-0.045
-0.034
-0.028
-0.036
-0.043
-0.024
0.0076
0.023
0.011
-0.0026
0.0014
0.0084
-0.01
-0.03
-0.027
-0.021
-0.016
-0.0092
-0.0087
-0.01
-0.004
0.012
0.031
0.049
0.06
0.051
0.04
0.044
0.041
0.014
-0.003
0.011
0.027
0.036
0.035
0.022
0.02
0.034
0.044
0.058
0.08
0.093
0.079
0.053
0.04
0.045
0.057
0.069
0.069
0.06
0.06
0.065
0.075
0.086
0.081
0.063
0.049
0.043
0.046
0.049
0.043
0.044
0.052
0.055
0.059
0.06
0.057
0.05
0.039
0.036
0.056
0.077
0.074
0.059
0.051
0.05
0.041
0.015
-0.013
-0.014
-0.0058
-0.002
-0.0061
-0.017
-0.026
-0.025
-0.028
-0.043
-0.067
-0.084
-0.081
-0.072
-0.059
-0.051
-0.054
-0.052
-0.042
-0.042
-0.049
-0.053
-0.052
-0.05
-0.051
-0.053
-0.055
-0.057
-0.057
-0.069
-0.082
-0.077
-0.071
-0.083
-0.096
-0.096
-0.092
-0.092
-0.09
-0.07
-0.048
-0.034
-0.027
-0.026
-0.028
-0.025
-0.016
-0.0099
-0.0062
-0.0042
-0.0076
-0.022
-0.032
-0.036
-0.036
-0.023
-0.0014
-0.002
-0.025
-0.05
-0.066
-0.07
-0.054
-0.04
-0.032
-0.025
-0.028
-0.038
-0.048
-0.062
-0.078
-0.084
-0.081
-0.055
-0.023
-0.0036
-0.01
-0.043
-0.076
-0.098
-0.11
-0.1
-0.094
-0.091
-0.085
-0.074
-0.054
-0.01
0.016
0.0064
-0.027
-0.074
-0.094
-0.059
-0.012
0.014
0.023
0.021
0.028
0.022
-0.0083
-0.044
-0.068
-0.074
-0.066
-0.055
-0.046
-0.039
-0.043
-0.051
-0.055
-0.062
-0.071
-0.076
-0.067
-0.039
-0.017
-0.012
-0.018
-0.038
-0.061
-0.061
-0.046
-0.043
-0.055
-0.057
-0.039
-0.016
-0.009
-0.025
-0.055
-0.064
-0.044
-0.016
0.0096
0.015
-0.0018
-0.021
-0.037
-0.073
-0.11
-0.12
-0.09
-0.037
0.027
0.075
0.098
0.11
0.1
0.083
0.055
0.035
0.016
0.0023
0.012
0.018
0.0015
-0.014
-0.0087
-0.0036
-0.0015
-0.00044
0.0087
0.028
0.032
0.012
-0.012
-0.024
-0.02
-0.0096
0.00075
0.017
0.042
0.048
0.035
0.018
0.022
0.036
0.04
0.036
0.032
0.024
0.012
0.01
0.033
0.071
0.086
0.072
0.047
0.017
-0.0031
-0.0018
0.0024
0.00078
-0.01
-0.024
-0.015
0.016
0.036
0.039
0.03
0.0094
-0.013
-0.036
-0.061
-0.074
-0.063
-0.042
-0.025
-0.02
-0.0038
0.015
0.022
0.028
0.033
0.04
0.049
0.056
0.055
0.043
0.031
0.031
0.042
0.048
0.045
0.034
0.029
0.029
0.016
0.00026
-0.0055
-0.0024
0.012
0.02
0.019
0.019
0.016
0.02
0.014
-0.0092
-0.026
-0.027
-0.029
-0.025
-0.019
-0.026
-0.033
-0.034
-0.04
-0.052
-0.051
-0.027
0.0092
0.036
0.05
0.046
0.039
0.046
0.041
0.015
-0.006
0.0052
0.03
0.054
0.063
0.047
0.025
0.013
0.011
0.022
0.045
0.06
0.055
0.041
0.029
0.016
0.0018
-0.003
0.004
0.012
0.025
0.035
0.04
0.043
0.038
0.022
0.0048
-0.00072
0.011
0.032
0.046
0.055
0.054
0.034
0.014
0.0055
-0.0029
-0.013
-0.01
0.0037
0.026
0.039
0.035
0.037
0.037
0.027
0.013
0.0082
0.011
0.018
0.026
0.029
0.027
0.019
0.012
0.015
0.027
0.038
0.04
0.042
0.049
0.049
0.046
0.043
0.025
0.00056
-0.0061
-0.0088
-0.016
-0.011
0.0062
0.019
0.024
0.024
0.023
0.021
0.014
-0.0011
-0.01
0.0035
0.024
0.027
0.021
0.012
0.0083
0.013
0.019
0.031
0.038
0.035
0.033
0.034
0.026
0.021
0.02
0.019
0.03
0.036
0.039
0.046
0.062
0.073
0.062
0.05
0.046
0.035
0.019
0.022
0.032
0.036
0.036
0.028
0.031
0.051
0.058
0.044
0.024
0.011
0.0043
0.0065
0.0047
0.013
0.033
0.049
0.046
0.033
0.026
0.022
0.019
0.028
0.04
0.042
0.041
0.03
0.011
0.0019
-0.0026
-0.0024
0.006
0.00035
-0.021
-0.035
-0.033
-0.024
-0.016
-0.012
-0.0018
0.0092
-0.0087
-0.036
-0.044
-0.042
-0.04
-0.052
-0.059
-0.034
-0.0054
0.0074
0.0067
-0.0026
-0.013
-0.021
-0.029
-0.024
-0.022
-0.021
-0.015
-0.026
-0.02
-0.0042
0.0054
-0.00047
-0.016
-0.017
-0.0014
0.031
0.045
0.03
0.0031
-0.0067
0.0051
0.016
0.014
0.01
-0.0013
-0.014
-0.0036
-0.003
-0.016
-0.031
-0.044
-0.034
-0.0093
-0.00072
0.021
0.059
0.068
0.064
0.059
0.046
0.033
0.034
0.058
0.067
0.051
0.035
0.041
0.054
0.06
0.046
0.046
0.072
0.086
0.082
0.079
0.093
0.097
0.082
0.064
0.043
0.038
0.04
0.044
0.046
0.049
0.057
0.055
0.04
0.023
0.008
-0.0036
-0.013
0.002
0.032
0.035
0.027
0.036
0.045
0.042
0.038
0.027
0.01
-0.00044
0.00081
0.017
0.041
0.046
0.038
0.031
0.033
0.039
0.042
0.048
0.06
0.063
0.056
0.038
0.021
0.023
0.025
0.013
-0.0019
-0.0079
0.0018
0.02
0.028
0.03
0.039
0.045
0.042
0.043
0.047
0.053
0.052
0.043
0.032
0.022
0.02
0.026
0.027
0.032
0.049
0.051
0.05
0.063
0.065
0.05
0.037
0.027
0.021
0.017
0.018
0.022
0.011
-0.02
-0.038
-0.034
-0.024
-0.016
-0.012
-0.0087
-0.01
-0.019
-0.019
-0.0067
0.014
0.027
0.024
0.015
0.012
0.012
0.014
0.019
0.025
0.037
0.043
0.034
0.028
0.034
0.041
0.037
0.036
0.042
0.045
0.036
0.026
0.03
0.041
0.058
0.072
0.078
0.071
0.051
0.03
0.024
0.026
0.029
0.034
0.033
0.025
0.019
0.011
0.0058
0.0091
-0.00047
-0.014
-0.008
0.012
0.027
0.022
0.0053
0.0017
0.012
0.015
0.011
0.0093
0.014
0.025
0.028
0.025
0.031
0.041
0.04
0.027
0.022
0.032
0.05
0.057
0.042
0.018
0.0038
0.013
0.027
0.031
0.027
0.01
-0.0065
-0.0044
0.011
0.022
0.028
0.03
0.022
0.0015
-0.014
-0.023
-0.029
-0.036
-0.046
-0.052
-0.033
-0.013
-0.015
-0.021
-0.012
-0.0042
-0.0088
-0.017
-0.023
-0.016
-0.002
0.004
-0.003
-0.012
-0.033
-0.064
-0.064
-0.033
-0.011
-0.013
-0.023
-0.023
-0.0032
0.02
0.02
0.012
0.0058
-0.012
-0.038
-0.043
-0.026
-0.0092
-0.019
-0.054
-0.069
-0.05
-0.011
0.022
0.042
0.051
0.042
0.015
-0.019
-0.029
-0.019
0.0018
0.015
0.031
0.044
0.031
0.029
0.06
0.09
0.11
0.1
0.074
0.029
-0.0072
-0.022
0.00072
0.04
0.054
0.041
0.025
0.022
0.035
0.056
0.076
0.084
0.081
0.068
0.049
0.028
0.024
0.041
0.063
0.072
0.061
0.044
0.039
0.04
0.039
0.031
0.018
0.0086
0.0035
0.0066
0.013
0.013
0.024
0.044
0.049
0.039
0.033
0.021
0.011
-0.002
-0.019
-0.031
-0.042
-0.048
-0.049
-0.052
-0.056
-0.057
-0.062
-0.056
-0.038
-0.03
-0.04
-0.053
-0.064
-0.057
-0.032
-0.016
-0.014
-0.023
-0.043
-0.065
-0.083
-0.083
-0.088
-0.11
-0.12
-0.11
-0.1
-0.1
-0.1
-0.098
-0.077
-0.051
-0.034
-0.023
-0.013
-0.016
-0.031
-0.046
-0.056
-0.061
-0.073
-0.077
-0.075
-0.069
-0.053
-0.034
-0.024
-0.014
0.00044
0.0014
-0.0049
0.005
0.021
0.023
0.019
0.015
0.0016
-0.016
-0.022
-0.021
-0.022
-0.022
-0.021
-0.017
-0.013
-0.017
-0.022
-0.016
0.0014
0.0069
-0.00072
-0.0011
0.014
0.031
0.043
0.046
0.037
0.03
0.028
0.025
0.025
0.022
0.011
0.015
0.021
0.017
0.013
0.015
0.014
0.014
0.014
0.012
0.014
0.027
0.047
0.058
0.051
0.041
0.034
0.035
0.046
0.049
0.047
0.038
0.018
0.0053
0.015
0.03
0.047
0.054
0.042
0.025
0.0079
-0.00093
0.0061
0.013
0.0058
-0.0076
-0.015
-0.012
-0.0029
-0.0073
-0.021
-0.033
-0.036
-0.032
-0.021
-0.002
0.022
0.025
0.01
0.00066
-0.0065
-0.013
-0.015
-0.019
-0.021
-0.017
-0.0068
0.0023
0.0068
0.0063
0.0023
-0.013
-0.027
-0.02
-0.012
-0.0074
-0.012
-0.024
-0.028
-0.018
-0.0025
0.015
0.025
0.033
0.045
0.047
0.047
0.052
0.047
0.044
0.042
0.029
0.019
0.032
0.057
0.075
0.072
0.054
0.048
0.05
0.043
0.042
0.05
0.052
0.044
0.033
0.03
0.03
0.039
0.06
0.068
0.057
0.049
0.045
0.042
0.036
0.027
0.022
0.028
0.03
0.021
0.018
0.024
0.042
0.06
0.069
0.054
0.024
0.0043
-0.0027
-0.0043
0.0061
0.016
0.011
0.0064
0.0088
0.011
0.035
0.071
0.078
0.055
0.02
-0.015
-0.037
-0.039
-0.03
-0.0088
0.025
0.058
0.071
0.061
0.046
0.031
0.036
0.063
0.073
0.041
-0.0045
-0.028
-0.012
0.026
0.049
0.06
0.064
0.051
0.032
0.024
0.025
0.021
0.0093
-0.0066
-0.019
-0.024
-0.018
0.0035
0.021
0.034
0.043
0.038
0.014
-0.014
-0.029
-0.042
-0.055
-0.052
-0.033
-0.015
-0.0006
0.0028
-0.02
-0.043
-0.047
-0.035
-0.016
-0.0037
-0.008
-0.011
-0.0028
0.0033
0.00014
0.0018
0.017
0.029
0.025
0.01
-0.0005
-0.0042
0.0025
0.0057
-0.0014
-0.0056
-0.019
-0.033
-0.038
-0.057
-0.095
-0.12
-0.11
-0.11
-0.11
-0.089
-0.051
-0.013
0.037
0.14
0.25
0.27
0.2
0.065
-0.019
-0.0053
0.061
0.11
0.077
-0.008
-0.085
-0.12
-0.11
-0.086
-0.052
-0.031
-0.052
-0.097
-0.12
-0.11
-0.073
-0.0021
0.071
0.11
0.12
0.17
0.22
0.19
0.096
-0.00011
-0.053
-0.066
-0.054
-0.011
0.062
0.15
0.19
0.13
0.042
0.0002
0.024
0.067
0.11
0.12
0.068
0.012
0.02
0.064
0.066
0.0057
-0.065
-0.11
-0.097
-0.034
0.014
0.033
0.026
-0.0077
-0.045
-0.05
-0.022
0.015
0.055
0.073
0.038
-0.02
-0.063
-0.089
-0.081
-0.032
0.018
0.035
0.0082
-0.042
-0.074
-0.044
0.018
0.053
0.044
0.025
0.031
0.073
0.13
0.16
0.14
0.1
0.056
0.035
0.04
0.055
0.062
0.061
0.042
-0.0011
-0.032
-0.047
-0.041
-0.018
-0.0068
0.0096
0.046
0.081
0.08
0.029
-0.028
-0.05
-0.032
0.021
0.078
0.098
0.063
0.0093
-0.003
0.032
0.057
0.046
0.018
-0.0036
-0.027
-0.033
-0.009
0.025
0.041
0.024
-0.0028
-0.023
-0.025
-0.018
-0.013
-0.0094
0.00069
0.011
0.0055
0.0024
0.014
0.037
0.055
0.057
0.043
0.02
-0.014
-0.041
-0.046
-0.038
-0.028
-0.02
-0.015
-0.011
-0.011
-0.014
-0.026
-0.052
-0.072
-0.061
-0.021
0.011
0.02
-0.00069
-0.037
-0.067
-0.079
-0.075
-0.067
-0.054
-0.025
0.0014
0.005
-0.023
-0.072
-0.1
-0.091
-0.058
-0.015
0.01
-0.0076
-0.04
-0.052
-0.04
-0.018
-0.0033
-0.0017
-0.0033
-0.009
-0.022
-0.029
-0.022
-0.016
-0.026
-0.049
-0.059
-0.048
-0.034
-0.021
-0.019
-0.033
-0.05
-0.059
-0.052
-0.031
-0.026
-0.033
-0.03
-0.024
-0.028
-0.04
-0.049
-0.045
-0.029
-0.02
-0.031
-0.053
-0.066
-0.057
-0.037
-0.012
0.0051
0.0048
-0.0025
-0.0021
0.0021
0.018
0.032
0.024
0.01
0.0074
0.02
0.036
0.048
0.045
0.034
0.014
-0.0041
-0.0044
0.0027
0.012
0.018
0.021
0.024
0.013
-0.0061
-0.012
0.0019
0.019
0.029
0.017
0.0042
0.005
0.0093
0.024
0.054
0.09
0.12
0.12
0.12
0.1
0.086
0.072
0.071
0.073
0.072
0.072
0.076
0.075
0.066
0.061
0.058
0.054
0.05
0.041
0.029
0.024
0.041
0.052
0.04
0.015
-0.0026
-0.0026
-0.0038
-0.01
-0.0093
0.008
0.028
0.038
0.035
0.029
0.03
0.034
0.041
0.045
0.038
0.026
0.023
0.033
0.046
0.041
0.024
0.016
0.014
0.0075
-0.0012
-0.0058
-0.0068
-0.017
-0.03
-0.03
-0.018
0.0021
0.02
0.021
0.0069
-0.0065
-0.016
-0.017
-0.011
-0.0033
0.006
0.00047
-0.014
-0.019
-0.018
-0.014
-0.0056
0.0011
-0.004
-0.012
-0.017
-0.0082
0.0048
0.0095
0.0069
0.002
0.0014
0.006
0.0088
0.012
0.022
0.026
0.015
-0.0021
-0.0091
-0.0015
0.0033
0.0013
-0.0014
-0.00093
-0.0068
-0.011
-0.016
-0.022
-0.022
-0.024
-0.021
-0.0036
0.023
0.039
0.039
0.032
0.021
0.0029
-0.015
-0.015
-0.00047
0.016
0.03
0.037
0.028
0.0065
-0.014
-0.029
-0.039
-0.046
-0.045
-0.043
-0.045
-0.049
-0.062
-0.083
-0.091
-0.089
-0.088
-0.093
-0.094
-0.082
-0.057
-0.04
-0.044
-0.056
-0.062
-0.057
-0.05
-0.044
-0.047
-0.057
-0.066
-0.075
-0.08
-0.082
-0.084
-0.085
-0.08
-0.076
-0.078
-0.084
-0.099
-0.11
-0.12
-0.11
-0.11
-0.098
-0.092
-0.096
-0.11
-0.12
-0.12
-0.12
-0.13
-0.13
-0.13
-0.12
-0.1
-0.1
-0.11
-0.12
-0.13
-0.13
-0.12
-0.11
-0.11
-0.096
-0.074
-0.049
-0.036
-0.025
-0.0026
0.017
0.019
0.014
0.018
0.035
0.055
0.049
0.019
-0.017
-0.042
-0.052
-0.049
-0.035
-0.018
-0.01
-0.01
-0.008
-0.026
-0.063
-0.093
-0.11
-0.11
-0.093
-0.062
-0.035
-0.014
0.0012
-0.0054
-0.028
-0.045
-0.042
-0.011
0.035
0.077
0.093
0.078
0.055
0.043
0.052
0.074
0.1
0.12
0.11
0.072
0.033
0.014
0.022
0.038
0.031
0.0086
0.001
0.0079
0.021
0.028
0.016
-0.0049
-0.027
-0.055
-0.067
-0.058
-0.037
-0.014
0.0011
0.017
0.04
0.043
0.028
0.014
0.00056
-0.0075
-0.0087
0.009
0.042
0.061
0.046
0.022
0.011
0.0088
0.017
0.027
0.03
0.031
0.044
0.067
0.087
0.092
0.086
0.066
0.031
0.012
0.032
0.066
0.084
0.091
0.099
0.11
0.12
0.12
0.11
0.12
0.13
0.15
0.14
0.14
0.13
0.13
0.14
0.15
0.16
0.15
0.14
0.13
0.11
0.082
0.072
0.068
0.062
0.066
0.075
0.095
0.12
0.12
0.11
0.11
0.12
0.13
0.14
0.16
0.17
0.16
0.15
0.16
0.17
0.17
0.18
0.17
0.15
0.13
0.12
0.11
0.12
0.15
0.15
0.13
0.099
0.09
0.1
0.11
0.09
0.068
0.061
0.069
0.072
0.062
0.059
0.053
0.041
0.034
0.038
0.047
0.049
0.042
0.028
0.0026
-0.012
-0.0012
0.019
0.03
0.023
0.0083
-0.00038
-0.0094
-0.029
-0.051
-0.06
-0.048
-0.028
-0.0094
0.0065
0.018
0.021
0.012
-0.0074
-0.017
-0.0091
0.013
0.021
0.019
0.034
0.048
0.05
0.037
0.018
0.0071
-0.0072
-0.037
-0.06
-0.039
0.019
0.058
0.044
-0.011
-0.06
-0.06
-0.015
0.027
0.042
0.048
0.054
0.051
0.041
0.033
0.017
-0.0034
-0.017
-0.022
-0.027
-0.031
-0.033
-0.04
-0.036
-0.029
-0.033
-0.038
-0.043
-0.038
-0.02
0.0076
0.021
0.012
-0.0066
-0.015
-0.011
-0.0092
-0.0058
0.0028
0.014
0.034
0.052
0.046
0.031
0.017
-0.0037
-0.011
0.0095
0.031
0.028
0.014
0.014
0.013
0.0092
0.016
0.011
-0.012
-0.028
-0.036
-0.031
-0.0078
0.01
0.024
0.028
0.025
0.013
-0.022
-0.042
-0.03
-0.0099
0.012
0.034
0.044
0.058
0.052
0.013
-0.047
-0.09
-0.096
-0.067
-0.032
-0.029
-0.041
-0.063
-0.077
-0.06
-0.041
-0.051
-0.083
-0.1
-0.11
-0.098
-0.085
-0.079
-0.071
-0.08
-0.087
-0.086
-0.083
-0.082
-0.089
-0.091
-0.077
-0.056
-0.051
-0.08
-0.11
-0.12
-0.099
-0.058
-0.027
-0.031
-0.067
-0.099
-0.12
-0.12
-0.11
-0.1
-0.1
-0.098
-0.086
-0.078
-0.076
-0.087
-0.093
-0.1
-0.11
-0.12
-0.12
-0.12
-0.099
-0.085
-0.084
-0.081
-0.076
-0.067
-0.062
-0.07
-0.071
-0.056
-0.025
0.016
0.043
0.042
0.012
-0.026
-0.056
-0.078
-0.093
-0.089
-0.073
-0.071
-0.08
-0.082
-0.086
-0.093
-0.11
-0.13
-0.12
-0.091
-0.06
-0.035
-0.046
-0.077
-0.09
-0.083
-0.06
-0.033
-0.019
-0.018
-0.018
-0.022
-0.015
-0.0054
-0.0048
-0.016
-0.049
-0.086
-0.11
-0.12
-0.11
-0.097
-0.081
-0.08
-0.096
-0.13
-0.15
-0.16
-0.14
-0.11
-0.081
-0.09
-0.11
-0.11
-0.1
-0.077
-0.057
-0.05
-0.044
-0.036
-0.053
-0.063
-0.057
-0.046
-0.045
-0.043
-0.037
-0.03
-0.015
0.0011
-0.009
-0.041
-0.056
-0.058
-0.041
-0.0054
0.014
-0.0073
-0.039
-0.049
-0.042
-0.0097
0.022
0.033
0.028
0.011
0.016
0.04
0.053
0.045
0.034
0.044
0.054
0.04
0.017
0.025
0.052
0.081
0.09
0.073
0.044
0.022
0.02
0.035
0.062
0.1
0.13
0.13
0.12
0.11
0.1
0.1
0.11
0.11
0.099
0.1
0.12
0.12
0.1
0.091
0.08
0.074
0.077
0.077
0.081
0.093
0.093
0.088
0.1
0.13
0.13
0.12
0.1
0.1
0.12
0.14
0.16
0.16
0.15
0.14
0.14
0.13
0.11
0.093
0.089
0.1
0.11
0.11
0.091
0.07
0.042
0.025
0.024
0.025
0.025
0.028
0.037
0.047
0.052
0.05
0.053
0.055
0.05
0.048
0.059
0.066
0.059
0.063
0.089
0.12
0.12
0.096
0.082
0.069
0.069
0.084
0.1
0.11
0.11
0.11
0.11
0.11
0.12
0.13
0.13
0.13
0.13
0.14
0.16
0.17
0.17
0.16
0.16
0.16
0.18
0.19
0.18
0.18
0.19
0.2
0.2
0.21
0.21
0.21
0.2
0.19
0.17
0.15
0.15
0.17
0.17
0.16
0.16
0.16
0.17
0.18
0.19
0.17
0.14
0.11
0.081
0.064
0.065
0.063
0.056
0.054
0.058
0.059
0.056
0.046
0.027
0.025
0.044
0.064
0.073
0.073
0.053
0.029
0.019
0.024
0.039
0.057
0.064
0.057
0.047
0.038
0.023
0.02
0.023
0.018
0.0014
-0.017
-0.021
-0.0085
0.006
0.0092
-0.0063
-0.024
-0.02
-0.0015
0.012
0.02
0.033
0.048
0.061
0.058
0.038
0.0091
-0.0095
-0.01
0.0034
0.015
0.02
0.022
0.014
-0.0038
-0.027
-0.031
-0.029
-0.03
-0.033
-0.026
-0.0082
0.0065
0.0095
0.00011
-0.0018
0.0097
0.02
0.022
0.026
0.036
0.04
0.035
0.02
0.0056
-0.0086
-0.017
-0.015
-0.007
0.0073
0.021
0.025
0.015
-0.0064
-0.039
-0.063
-0.064
-0.058
-0.051
-0.044
-0.036
-0.03
-0.032
-0.043
-0.068
-0.1
-0.12
-0.099
-0.062
-0.022
-0.014
-0.035
-0.056
-0.067
-0.066
-0.055
-0.05
-0.048
-0.04
-0.033
-0.038
-0.047
-0.049
-0.036
-0.018
-0.011
-0.0062
-0.002
-0.0015
0.0049
0.012
0.022
0.021
0.01
0.0036
0.00087
-0.0022
-0.0047
-0.007
-0.0061
-0.00011
0.0078
0.012
0.013
0.0023
-0.012
-0.021
-0.028
-0.045
-0.058
-0.056
-0.048
-0.037
-0.029
-0.03
-0.038
-0.035
-0.024
-0.017
-0.019
-0.029
-0.039
-0.028
0.0022
0.016
0.017
0.013
0.013
0.024
0.04
0.046
0.048
0.054
0.05
0.044
0.034
0.023
0.013
0.014
0.02
0.019
0.013
0.01
0.0098
0.013
0.018
0.014
0.015
0.024
0.024
0.021
0.024
0.039
0.055
0.062
0.059
0.059
0.068
0.079
0.084
0.082
0.086
0.1
0.11
0.11
0.1
0.1
0.1
0.096
0.088
0.084
0.091
0.11
0.12
0.11
0.093
0.081
0.077
0.085
0.085
0.068
0.053
0.057
0.06
0.049
0.038
0.039
0.048
0.058
0.06
0.049
0.028
0.0085
0.0058
0.012
0.02
0.02
0.016
0.011
0.0074
0.015
0.031
0.046
0.05
0.039
0.026
0.025
0.03
0.05
0.064
0.025
-0.011
-0.0044
0.019
0.031
0.012
-0.06
-0.12
-0.15
-0.13
-0.094
-0.077
-0.093
-0.12
-0.12
-0.09
-0.04
-0.023
-0.042
-0.074
-0.1
-0.11
-0.11
-0.082
-0.042
-0.014
-0.0023
0.0078
0.024
0.037
0.041
0.041
0.048
0.042
0.044
0.072
0.1
0.12
0.11
0.086
0.048
0.037
0.049
0.06
0.046
0.019
-0.006
-0.03
-0.066
-0.12
-0.16
-0.16
-0.13
-0.091
-0.075
-0.09
-0.12
-0.16
-0.16
-0.13
-0.11
-0.12
-0.14
-0.13
-0.1
-0.06
-0.032
-0.033
-0.05
-0.059
-0.054
-0.044
-0.032
-0.014
0.00069
0.01
0.00041
-0.029
-0.039
-0.014
0.037
0.088
0.12
0.13
0.12
0.11
0.11
0.12
0.13
0.13
0.11
0.092
0.078
0.064
0.056
0.049
0.042
0.038
0.034
0.021
0.012
0.02
0.041
0.061
0.073
0.079
0.077
0.08
0.085
0.087
0.088
0.092
0.096
0.11
0.12
0.13
0.12
0.13
0.14
0.14
0.12
0.091
0.068
0.042
0.022
0.011
0.016
0.029
0.031
0.02
0.00087
-0.021
-0.043
-0.052
-0.041
-0.025
-0.02
-0.033
-0.057
-0.073
-0.076
-0.075
-0.077
-0.1
-0.14
-0.16
-0.15
-0.14
-0.13
-0.15
-0.18
-0.2
-0.21
-0.21
-0.22
-0.23
-0.23
-0.21
-0.18
-0.18
-0.2
-0.22
-0.22
-0.21
-0.21
-0.21
-0.22
-0.23
-0.23
-0.22
-0.21
-0.22
-0.22
-0.2
-0.19
-0.2
-0.21
-0.22
-0.24
-0.24
-0.23
-0.19
-0.17
-0.18
-0.2
-0.2
-0.2
-0.19
-0.19
-0.19
-0.18
-0.16
-0.14
-0.13
-0.14
-0.14
-0.13
-0.1
-0.089
-0.094
-0.1
-0.092
-0.081
-0.069
-0.055
-0.047
-0.047
-0.05
-0.042
-0.03
-0.028
-0.032
-0.031
-0.026
-0.018
-0.0095
0.0075
0.029
0.017
-0.03
-0.054
-0.024
0.014
0.013
-0.023
-0.052
-0.054
-0.04
-0.027
-0.021
-0.017
-0.015
-0.017
-0.026
-0.041
-0.058
-0.057
-0.03
-0.00041
0.0068
-0.0028
-0.012
-0.0078
0.0083
0.013
0.015
0.019
0.0023
-0.025
-0.034
-0.014
0.012
0.013
-0.011
-0.043
-0.056
-0.043
-0.022
-0.02
-0.028
-0.024
-0.0013
0.017
0.017
-0.0017
-0.028
-0.036
-0.023
-0.0058
0.0051
0.0057
-0.0096
-0.03
-0.031
-0.019
-0.017
-0.025
-0.039
-0.05
-0.045
-0.028
-0.023
-0.037
-0.047
-0.039
-0.021
-0.0086
-0.0076
-0.018
-0.03
-0.029
-0.013
0.008
0.023
0.027
0.029
0.033
0.026
0.014
0.0071
0.01
0.017
0.013
0.0041
0.00029
0.0097
0.021
0.018
-0.00017
-0.017
-0.017
-0.0012
0.026
0.044
0.041
0.031
0.019
0.018
0.031
0.04
0.036
0.021
0.0091
0.012
0.029
0.035
0.024
0.0033
-0.02
-0.023
-0.012
-0.0098
-0.023
-0.043
-0.057
-0.053
-0.038
-0.028
-0.031
-0.048
-0.06
-0.064
-0.061
-0.042
-0.022
-0.027
-0.038
-0.046
-0.047
-0.035
-0.025
-0.016
-0.0072
0.00063
0.00084
-0.0035
-0.012
-0.032
-0.049
-0.052
-0.031
-0.0034
0.02
0.032
0.024
-0.00044
-0.013
-0.0059
0.0015
0.0037
0.0029
0.0039
0.0063
0.0077
0.0036
-0.015
-0.041
-0.054
-0.06
-0.067
-0.067
-0.059
-0.052
-0.047
-0.05
-0.057
-0.058
-0.062
-0.066
-0.064
-0.058
-0.053
-0.05
-0.046
-0.041
-0.04
-0.044
-0.038
-0.024
-0.011
-0.0062
-0.011
-0.013
-0.011
-0.0079
-0.0034
0.0022
-0.0069
-0.017
-0.018
-0.014
-0.005
0.0053
0.0077
0.0015
-0.0034
-0.011
-0.017
-0.016
-0.0071
0.008
0.022
0.029
0.02
0.0042
0.0017
0.0028
-0.0046
-0.011
-0.011
-0.013
-0.017
-0.02
-0.026
-0.025
-0.022
-0.02
-0.016
-0.01
-0.0091
-0.019
-0.03
-0.039
-0.046
-0.042
-0.025
-0.021
-0.032
-0.051
-0.067
-0.062
-0.05
-0.051
-0.054
-0.057
-0.051
-0.027
0.0015
0.01
-0.0039
-0.025
-0.032
-0.019
-0.0051
0.0061
0.011
0.015
0.017
0.023
0.028
0.024
0.0095
-0.00093
-0.0012
0.018
0.048
0.061
0.05
0.04
0.037
0.041
0.049
0.044
0.029
0.026
0.032
0.033
0.026
0.027
0.03
0.021
0.0047
-0.00096
0.0025
0.0037
0.0066
0.0025
-0.0086
-0.012
-0.0088
-0.0022
0.0029
-0.0051
-0.017
-0.02
-0.011
-0.0033
-0.012
-0.032
-0.043
-0.042
-0.033
-0.015
-0.0045
-0.012
-0.024
-0.026
-0.016
-0.0011
0.007
0.0037
-0.011
-0.02
-0.018
-0.011
-0.0075
-0.011
-0.014
-0.0091
-0.0017
-0.0011
0.0036
0.0069
0.001
0.0013
0.0055
-0.00038
-0.0083
-0.004
0.0075
0.016
0.016
0.013
0.002
-0.0011
0.0063
0.014
0.016
0.019
0.011
-0.0028
-0.0032
-0.0023
0.0032
0.0099
0.006
-7.6e-005
0.00075
0.0076
0.011
0.01
0.0047
-0.0042
-0.017
-0.031
-0.034
-0.044
-0.045
-0.024
0.00044
0.01
0.0072
-0.00035
-0.0079
-0.0042
0.007
0.017
0.024
0.033
0.036
0.032
0.034
0.04
0.045
0.048
0.046
0.038
0.04
0.058
0.07
0.08
0.093
0.097
0.09
0.095
0.12
0.14
0.14
0.14
0.13
0.12
0.13
0.13
0.13
0.14
0.15
0.15
0.16
