0.0078
0.022
0.014
0.014
0.025
0.021
0.0093
0.00078
0.0051
0.0038
0.016
0.025
0.012
0.0073
0.013
0.0033
-0.011
-0.01
0.0028
-0.0033
-0.018
-0.0029
0.018
0.0069
-0.0026
0.0079
0.013
-0.0042
-0.015
-0.0068
0.004
0.0058
-0.0085
-0.015
-0.00075
0.0087
0.0046
0.0035
0.0081
0.0064
0.0047
0.0022
0.0027
0.0027
0.0065
0.015
0.027
0.02
0.0013
-0.0023
0.014
0.0095
-0.009
-0.0088
0.014
0.019
1.5e-005
-0.0075
-0.0036
-0.005
-0.0092
-0.0005
0.017
0.018
0.0074
0.014
0.024
0.015
-0.0033
-0.00063
0.017
0.017
0.003
0.01
0.027
0.023
0.0062
4.6e-005
-0.0057
-0.013
-0.013
-0.0045
0.011
0.024
0.028
0.028
0.019
-0.00032
-0.0087
-0.012
-0.011
0.0073
0.02
0.017
0.011
0.0064
0.0018
-0.0048
-0.014
-0.016
-0.0035
0.0037
0.0021
0.0068
0.013
0.019
0.007
-0.0059
-0.011
-0.0079
-0.011
0.0014
0.024
0.03
0.031
0.012
-0.005
0.0016
0.0065
-0.00084
-0.012
-0.022
-0.014
-0.0038
-0.019
-0.027
-0.023
-0.024
-0.029
-0.032
-0.024
-0.0087
0.0068
0.01
0.015
0.0091
-0.017
-0.017
-0.011
-0.0058
0.016
0.024
0.0091
0.013
0.018
-0.002
-0.0095
0.012
0.031
0.025
0.0053
0.016
0.044
0.044
0.032
0.03
0.036
0.031
0.01
-0.0012
0.018
0.024
0.016
0.0084
0.0012
0.0018
0.011
0.0034
-0.0027
0.018
0.031
0.0072
-0.018
-0.0063
0.006
-0.008
-0.0023
0.025
0.02
-0.017
-0.022
0.00035
0.0028
-0.0067
-0.0055
0.013
0.016
0.0028
0.011
0.027
0.021
0.003
-0.0033
-0.016
-0.022
-0.0048
0.0097
-0.0057
-0.024
-0.018
-0.013
-0.015
-0.01
-0.02
-0.032
-0.03
-0.014
-0.011
-0.013
-0.0062
-0.0099
-0.019
-0.024
-0.025
-0.027
-0.0062
0.014
0.0097
-0.0023
0.0045
0.01
-0.00066
-0.0055
0.007
0.0016
-0.015
-0.0023
0.019
0.016
0.014
0.02
0.015
0.0021
-0.0052
0.0018
0.014
0.014
0.0028
-0.0032
-0.0038
0.0065
0.017
0.016
0.015
0.011
0.0039
0.0052
0.011
0.012
0.023
0.034
0.038
0.031
0.013
0.015
0.04
0.036
0.024
0.027
0.043
0.04
0.017
0.0082
0.022
0.028
0.02
0.022
0.034
0.032
0.016
0.015
0.022
0.014
-0.0015
-0.01
-0.0014
0.012
0.0079
0.0077
0.02
0.029
0.016
-0.0087
-0.014
0.0029
0.0045
-0.00029
0.0075
0.014
0.01
0.0036
0.0012
-0.0009
-0.0047
-0.019
-0.03
-0.02
-0.0068
-0.00063
-0.0028
-0.012
-0.019
-0.022
-0.025
-0.026
-0.013
-0.0043
-0.012
-0.015
-0.0084
-0.0012
-0.014
-0.015
-0.004
-0.0033
-0.016
-0.0018
0.011
0.012
0.018
0.011
0.0012
0.0029
0.0058
0.0053
0.0028
0.0085
0.024
0.032
0.028
0.038
0.038
0.018
0.015
0.025
0.029
0.024
0.013
0.012
0.032
0.035
0.025
0.027
0.029
0.037
0.05
0.051
0.041
0.039
0.03
0.019
0.017
0.027
0.041
0.047
0.03
0.017
0.015
0.024
0.025
0.0072
-0.0054
0.0061
0.017
0.0039
-0.0043
-0.003
0.0038
-0.0043
-0.017
-0.0095
0.00047
-0.014
-0.016
0.0029
0.00023
-0.03
-0.046
-0.029
-0.00038
0.0045
0.0046
0.014
0.003
-0.01
-0.0065
-0.019
-0.034
-0.034
-0.033
-0.032
-0.028
-0.013
-0.011
-0.018
-0.03
-0.037
-0.038
-0.039
-0.02
0.002
0.012
0.014
-0.0023
-0.014
-0.015
-0.02
-0.014
0.0049
0.026
0.03
0.018
-0.002
0.01
0.029
0.027
0.025
0.031
0.027
0.018
0.032
0.065
0.096
0.084
0.043
0.01
0.00099
0.015
0.028
0.026
0.028
0.029
0.015
0.0018
1.5e-005
-0.00056
0.0084
0.023
0.021
0.00044
-0.0084
-0.0054
-0.0047
-0.0041
-0.014
-0.017
-0.013
-0.012
-0.0016
0.0034
-0.0051
-0.0047
-0.0033
-0.018
-0.025
-0.005
0.026
0.029
-0.0058
-0.03
-0.023
-0.014
-0.0027
-0.00078
-0.0082
-0.01
-0.0073
-0.014
-0.0065
0.0072
0.018
0.013
-0.0039
-0.0075
0.0038
0.011
0.0094
0.0076
0.012
0.0043
-0.014
-0.011
0.005
0.0073
0.015
0.025
0.022
0.0077
-0.0073
-0.01
-0.014
-0.0092
-0.0051
0.0038
0.014
0.015
0.012
0.0086
0.0012
-0.008
-0.00084
0.0061
0.0035
0.0067
0.026
0.033
0.013
0.0017
0.0047
0.0017
0.0018
-0.0019
-0.0092
0.01
0.038
0.038
0.035
0.026
0.015
0.02
0.019
0.015
0.0065
0.012
0.029
0.034
0.018
0.004
-0.0026
-0.008
-0.0081
0.0043
0.0078
-0.013
-0.026
-0.017
-0.015
-0.02
-0.012
-0.0034
-0.0035
-0.027
-0.044
-0.016
0.0059
-0.0064
-0.028
-0.022
0.0039
0.016
0.016
0.03
0.047
0.04
0.0072
-0.0038
0.0058
0.012
0.02
0.033
0.032
0.0095
-0.015
0.0075
0.026
0.0066
-0.02
-0.014
0.0058
-0.0053
-0.024
-0.024
-0.022
-0.025
-0.019
-0.014
-0.017
-0.018
-0.0038
-0.0051
-0.02
-0.018
-0.0048
-0.0075
-0.0043
0.0056
0.012
0.025
0.037
0.04
0.029
0.018
0.024
0.033
0.03
0.02
0.019
0.042
0.056
0.044
0.025
0.017
0.012
0.0041
0.0054
0.009
0.0064
0.018
0.032
0.013
-0.012
-0.021
-0.022
-0.017
-0.015
-0.0095
-0.0084
-0.02
-0.022
-0.024
-0.029
-0.037
-0.025
-0.017
-0.023
-0.03
-0.022
0.0047
0.012
0.0052
-0.0056
-0.01
-0.0065
-0.0045
-0.0044
-0.0054
-0.0019
0.004
0.0069
0.0049
0.0018
0.0084
0.022
0.032
0.029
0.016
0.022
0.041
0.032
0.0095
0.0099
0.019
0.02
0.024
0.025
0.01
0.0042
0.0057
-4.6e-005
-0.0028
-0.004
-0.013
-0.0061
-0.0031
-0.018
-0.036
-0.037
-0.015
-0.017
-0.035
-0.022
0.0048
-0.0011
-0.011
-0.018
-0.00087
0.018
0.0035
-0.017
-0.0046
0.021
0.032
0.031
0.019
-0.0054
-0.019
-0.0039
0.019
0.026
0.027
0.02
-0.0017
-0.0072
-0.0025
0.007
-0.012
-0.038
-0.047
-0.048
-0.04
-0.017
-0.01
-0.018
-0.032
-0.043
-0.033
-0.036
-0.053
-0.029
0.011
0.014
-0.0042
-0.02
-0.025
-0.028
-0.024
-0.011
0.0063
0.0088
0.014
0.022
0.021
0.022
0.019
0.02
0.013
0.0056
0.0021
0.015
0.032
0.035
0.012
-0.021
-0.022
0.0037
0.017
0.019
0.012
0.008
0.022
0.036
0.036
0.032
0.023
0.0033
-0.01
-0.015
-0.0087
0.019
0.043
0.038
0.022
0.0091
0.00053
0.0059
0.021
0.039
0.045
0.026
0.016
0.0099
-0.0031
-0.01
-0.015
-0.011
-0.008
-0.019
-0.031
-0.019
-0.0044
-0.0069
-0.017
-0.022
-0.019
-0.0083
-0.0039
-0.0089
-0.0047
0.0057
0.015
0.019
0.018
0.013
0.014
0.015
0.02
0.037
0.041
0.031
0.025
0.016
0.0036
-0.0005
0.014
0.02
0.0039
-0.012
-0.014
-0.016
-0.027
-0.027
-0.011
0.0027
0.013
0.013
0.011
0.0038
-0.012
-0.015
-0.0067
-0.01
-0.019
-0.0067
-0.0017
-0.015
-0.02
-0.014
-0.0076
-0.0018
0.0073
0.013
0.014
0.022
0.039
0.038
0.031
0.022
0.018
0.0096
0.0074
0.011
0.016
0.027
0.031
0.023
0.018
0.0096
-0.0013
-0.012
-0.014
-0.016
-0.025
-0.03
-0.028
-0.04
-0.055
-0.048
-0.045
-0.045
-0.042
-0.039
-0.025
-0.0065
-0.0061
-0.026
-0.041
-0.042
-0.037
-0.04
-0.037
-0.033
-0.042
-0.055
-0.062
-0.068
-0.078
-0.094
-0.087
-0.079
-0.1
-0.13
-0.14
-0.11
-0.1
-0.13
-0.17
-0.19
-0.21
-0.21
-0.22
-0.23
-0.24
-0.24
-0.2
-0.15
-0.098
-0.042
0.027
0.08
0.089
0.063
0.0094
-0.057
-0.14
-0.23
-0.32
-0.38
-0.36
-0.33
-0.34
-0.37
-0.4
-0.41
-0.43
-0.41
-0.34
-0.25
-0.2
-0.19
-0.18
-0.12
-0.046
0.028
0.084
0.11
0.11
0.12
0.12
0.14
0.17
0.21
0.32
0.44
0.48
0.46
0.44
0.48
0.53
0.53
0.47
0.41
0.38
0.36
0.35
0.35
0.36
0.37
0.37
0.39
0.49
0.68
0.84
0.88
0.79
0.69
0.63
0.55
0.43
0.29
0.2
0.13
0.0029
-0.19
-0.37
-0.44
-0.42
-0.42
-0.47
-0.54
-0.57
-0.53
-0.45
-0.38
-0.33
-0.29
-0.28
-0.28
-0.28
-0.27
-0.21
-0.12
-0.056
-0.046
-0.068
-0.11
-0.12
-0.11
-0.073
-0.031
-0.0031
-0.026
-0.072
-0.11
-0.11
-0.087
-0.07
-0.071
-0.075
-0.086
-0.1
-0.085
-0.062
-0.069
-0.09
-0.1
-0.083
-0.043
0.027
0.1
0.14
0.12
0.085
0.083
0.11
0.16
0.21
0.23
0.23
0.22
0.22
0.24
0.24
0.23
0.21
0.2
0.19
0.2
0.23
0.24
0.22
0.18
0.14
0.1
0.076
0.057
0.038
0.027
0.02
0.012
-0.0059
-0.04
-0.073
-0.082
-0.086
-0.091
-0.11
-0.11
-0.091
-0.075
-0.08
-0.1
-0.13
-0.14
-0.15
-0.14
-0.12
-0.094
-0.071
-0.06
-0.066
-0.063
-0.05
-0.047
-0.051
-0.048
-0.039
-0.0099
0.017
0.007
-0.032
-0.066
-0.056
-0.017
0.014
0.025
0.021
0.015
0.021
0.029
0.027
0.026
0.03
0.047
0.073
0.088
0.088
0.11
0.13
0.14
0.12
0.089
0.079
0.082
0.088
0.088
0.075
0.068
0.077
0.078
0.073
0.062
0.056
0.06
0.066
0.071
0.054
0.018
-0.015
-0.034
-0.038
-0.044
-0.046
-0.052
-0.07
-0.087
-0.1
-0.12
-0.12
-0.13
-0.13
-0.088
-0.034
0.018
0.044
0.038
0.012
-0.0021
0.013
0.019
0.0075
-0.0059
-0.013
-0.02
-0.014
-0.0029
-0.011
-0.029
-0.033
-0.035
-0.034
-0.019
0.0085
0.023
0.023
0.016
0.01
0.011
0.024
0.038
0.053
0.067
0.075
0.08
0.085
0.086
0.094
0.11
0.11
0.11
0.092
0.076
0.071
0.078
0.083
0.08
0.064
0.043
0.041
0.054
0.068
0.08
0.081
0.076
0.067
0.058
0.055
0.058
0.059
0.05
0.036
0.021
0.0054
-0.0078
-0.011
-0.017
-0.021
-0.032
-0.054
-0.072
-0.072
-0.057
-0.05
-0.051
-0.056
-0.058
-0.065
-0.07
-0.073
-0.072
-0.069
-0.055
-0.029
-0.0082
-0.02
-0.054
-0.064
-0.045
-0.035
-0.042
-0.052
-0.055
-0.051
-0.037
-0.017
-0.0083
-0.01
-0.015
-0.018
-0.014
0.0082
0.041
0.065
0.073
0.07
0.058
0.044
0.035
0.038
0.058
0.076
0.086
0.094
0.087
0.062
0.046
0.038
0.037
0.041
0.044
0.046
0.056
0.061
0.068
0.068
0.059
0.055
0.049
0.024
-0.004
-0.011
-0.0013
0.019
0.03
0.028
0.0054
-0.027
-0.038
-0.021
0.0021
0.021
0.02
0.01
0.0097
0.0094
0.011
0.021
0.028
0.024
0.018
0.011
0.0091
0.026
0.038
0.022
-0.011
-0.022
-0.0015
0.027
0.038
0.03
0.011
-0.011
-0.018
-0.0037
0.018
0.032
0.033
0.043
0.052
0.052
0.05
0.056
0.055
0.039
0.013
0.0013
0.018
0.051
0.067
0.057
0.038
0.027
0.026
0.029
0.04
0.051
0.049
0.047
0.055
0.066
0.06
0.04
0.03
0.023
0.0074
0.011
0.041
0.062
0.051
0.027
0.013
0.0072
0.0096
0.014
0.016
0.015
0.02
0.027
0.025
0.011
-0.0033
-0.0027
-0.00072
-0.0079
-0.007
0.017
0.039
0.037
0.026
0.01
-0.0039
-0.0018
0.015
0.021
0.019
0.023
0.037
0.041
0.031
0.017
0.01
-0.00035
4.6e-005
0.0037
0.0054
0.0097
0.013
0.0062
-0.01
-0.03
-0.044
-0.062
-0.078
-0.075
-0.063
-0.041
-0.025
-0.034
-0.055
-0.07
-0.076
-0.067
-0.05
-0.048
-0.039
-0.024
-0.021
-0.03
-0.035
-0.026
-0.021
-0.022
-0.02
-0.016
-0.014
-0.018
-0.015
-0.015
-0.016
-0.019
-0.0079
0.005
0.0041
-0.0061
-0.0042
0.0047
0.006
0.00032
-0.0051
-0.002
4.6e-005
0.0051
0.00044
-0.0079
-0.0063
0.012
0.032
0.045
0.035
0.016
0.013
0.022
0.034
0.04
0.04
0.041
0.038
0.034
0.033
0.038
0.05
0.052
0.034
0.014
0.006
0.014
0.032
0.048
0.052
0.049
0.044
0.029
0.016
0.014
0.023
0.032
0.036
0.033
0.017
0.012
0.0083
0.0098
0.0094
-0.0065
-0.026
-0.019
0.0027
0.018
0.02
0.011
0.0014
-0.0046
-0.0052
0.01
0.026
0.03
0.025
0.016
0.021
0.031
0.035
0.025
0.012
0.0024
-0.006
-0.015
-0.0082
0.018
0.023
0.0086
-0.0068
-0.012
-0.0099
0.0069
0.025
0.036
0.048
0.049
0.035
0.025
0.035
0.048
0.056
0.054
0.06
0.082
0.096
0.11
0.12
0.12
0.099
0.074
0.058
0.045
0.032
0.023
0.024
0.029
0.036
0.028
-0.0015
-0.027
-0.032
-0.03
-0.025
-0.024
-0.016
-0.0089
0.0027
0.019
0.037
0.035
0.02
0.018
0.0067
-0.021
-0.041
-0.04
-0.025
-0.028
-0.039
-0.044
-0.045
-0.048
-0.035
-0.017
-0.024
-0.046
-0.058
-0.049
-0.033
-0.0052
0.0082
-0.0092
-0.039
-0.058
-0.045
-0.023
-0.018
-0.026
-0.029
-0.033
-0.039
-0.033
-0.017
0.0024
0.014
0.0054
-0.019
-0.048
-0.051
-0.032
-0.02
-0.018
-0.015
-0.01
-0.025
-0.044
-0.055
-0.042
-0.03
-0.029
-0.037
-0.048
-0.04
-0.02
-0.014
-0.017
-0.025
-0.046
-0.061
-0.053
-0.032
-0.0056
0.023
0.038
0.031
0.016
0.0046
0.011
0.021
0.013
-0.005
-0.017
-0.011
-0.0002
0.003
0.00017
-0.016
-0.05
-0.079
-0.081
-0.076
-0.071
-0.075
-0.081
-0.084
-0.088
-0.087
-0.072
-0.054
-0.036
-0.027
-0.021
-0.0078
0.0011
-0.0059
-0.017
-0.02
-0.017
-0.013
-0.017
-0.0099
0.011
0.022
0.013
0.0016
-0.007
-0.02
-0.019
0.0031
0.021
0.02
0.021
0.047
0.067
0.056
0.033
0.018
-0.0027
-0.008
0.0077
0.027
0.048
0.058
0.054
0.034
0.021
0.017
0.028
0.046
0.059
0.07
0.079
0.088
0.085
0.087
0.088
0.083
0.087
0.088
0.074
0.056
0.055
0.074
0.091
0.081
0.055
0.049
0.047
0.05
0.051
0.051
0.053
0.046
0.034
0.03
0.03
0.02
0.0024
-0.0067
0.00053
0.012
0.021
0.024
0.0061
-0.016
-0.02
-0.013
-0.00078
0.0095
0.006
0.0044
0.0092
-0.00093
-0.011
-0.022
-0.019
-0.0017
0.0066
0.0055
-0.0043
-0.009
-0.01
0.0043
0.02
0.029
0.028
0.013
0.0025
0.00017
0.0036
0.022
0.036
0.021
-0.011
-0.053
-0.067
-0.056
-0.035
-0.017
-0.0036
-0.0014
0.0087
0.032
0.051
0.054
0.044
0.029
0.0058
-0.021
-0.04
-0.032
-0.0013
0.019
0.02
-0.0028
-0.031
-0.047
-0.051
-0.052
-0.035
0.00026
0.0095
-0.0048
-0.031
-0.036
-0.028
-0.012
0.019
0.038
0.031
0.015
0.02
0.027
0.024
0.014
-0.0023
-0.038
-0.061
-0.036
-0.0069
0.011
0.03
0.023
-0.0044
-0.026
-0.027
-0.021
-0.0033
0.018
0.027
0.026
0.014
0.00041
-0.011
-0.011
-0.0058
0.0031
0.021
0.031
0.039
0.036
0.019
-0.0028
-0.027
-0.056
-0.08
-0.079
-0.049
0.0043
0.027
0.011
-0.023
-0.07
-0.1
-0.11
-0.08
-0.067
-0.066
-0.064
-0.054
-0.032
-0.025
-0.04
-0.053
-0.045
-0.021
0.0058
0.012
0.0015
-0.0076
-0.027
-0.054
-0.076
-0.086
-0.063
-0.042
-0.04
-0.045
-0.044
-0.046
-0.049
-0.058
-0.072
-0.076
-0.059
-0.02
0.01
0.0019
-0.018
-0.028
-0.025
-0.032
-0.055
-0.057
-0.026
0.0074
0.03
0.035
0.0079
-0.026
-0.038
-0.016
0.022
0.061
0.087
0.082
0.057
0.028
0.01
-0.0048
-0.018
-0.023
-0.011
0.01
0.02
0.016
0.0064
0.007
0.016
0.016
0.004
-0.016
-0.023
-0.012
0.008
0.012
-0.0052
-0.018
-0.023
-0.018
-0.0062
0.018
0.046
0.075
0.071
0.035
0.0094
-0.0056
-0.017
-0.015
0.0046
0.021
0.022
0.019
0.012
-0.0015
-0.0036
0.017
0.04
0.057
0.07
0.075
0.068
0.056
0.041
0.03
0.024
0.017
0.0086
0.016
0.046
0.075
0.074
0.054
0.04
0.041
0.054
0.065
0.063
0.064
0.071
0.076
0.076
0.073
0.062
0.054
0.052
0.062
0.069
0.062
0.057
0.05
0.043
0.042
0.051
0.06
0.073
0.082
0.085
0.079
0.061
0.041
0.034
0.046
0.056
0.06
0.072
0.088
0.09
0.089
0.1
0.097
0.077
0.065
0.062
0.052
0.041
0.031
0.021
0.026
0.035
0.039
0.042
0.038
0.024
0.018
0.036
0.051
0.048
0.037
0.031
0.025
0.026
0.03
0.024
0.025
0.031
0.017
-0.006
-0.0092
0.0056
0.011
0.0064
-0.0048
-0.013
-0.016
-0.014
-0.0013
0.019
0.043
0.042
0.021
0.0054
-0.0026
-0.0089
-0.017
-0.02
-0.028
-0.037
-0.039
-0.031
-0.019
-0.0073
0.00056
-0.0042
-0.012
-0.016
-0.022
-0.033
-0.03
-0.019
-0.025
-0.039
-0.038
-0.026
-0.015
-0.0074
-0.014
-0.034
-0.056
-0.077
-0.085
-0.08
-0.069
-0.051
-0.044
-0.052
-0.045
-0.02
0.012
0.027
0.043
0.043
0.0084
-0.039
-0.069
-0.091
-0.1
-0.095
-0.089
-0.087
-0.075
-0.074
-0.077
-0.051
-0.0098
0.013
0.018
0.014
0.0022
-0.02
-0.047
-0.062
-0.068
-0.072
-0.072
-0.065
-0.064
-0.065
-0.05
-0.029
-0.018
-0.011
-0.00047
-0.0063
-0.016
-0.0093
0.016
0.042
0.062
0.06
0.031
0.0037
-0.012
-0.024
-0.036
-0.043
-0.049
-0.058
-0.055
-0.049
-0.035
-0.0083
0.021
0.042
0.042
0.033
0.015
0.0048
-0.00026
-0.013
-0.017
0.003
0.017
0.018
0.015
0.0025
-0.014
-0.015
-0.004
0.0044
0.0034
-0.0056
-0.029
-0.047
-0.051
-0.035
-0.016
-0.011
-0.0021
0.024
0.045
0.042
0.028
0.018
0.021
0.031
0.033
0.033
0.028
0.01
-0.0021
0.0044
0.0048
0.0035
0.0091
0.014
0.016
0.008
-0.0049
-0.012
-0.011
-0.0014
-0.0029
-0.0075
-0.0022
0.01
0.018
0.025
0.041
0.048
0.041
0.03
0.015
0.0094
0.0097
0.00011
-0.0066
-0.0055
-0.018
-0.038
-0.027
0.0051
0.025
0.042
0.056
0.049
0.029
0.016
0.01
0.0051
-0.0011
-0.0094
-0.017
-0.012
-0.00011
0.0097
0.012
-0.0025
-0.029
-0.036
-0.013
0.0045
0.0056
0.0076
0.012
0.015
0.024
0.029
0.017
0.0065
0.0072
0.0075
0.0089
0.015
0.024
0.024
0.015
-0.0024
-0.013
-0.018
-0.0096
0.0079
0.029
0.048
0.05
0.037
0.027
0.023
0.022
0.024
0.035
0.036
0.025
0.031
0.039
0.028
0.0085
0.0021
0.0012
0.0039
0.015
0.018
0.016
0.022
0.031
0.026
0.013
0.011
0.027
0.043
0.047
0.037
0.02
0.0074
0.007
0.0053
0.0014
0.0006
0.0047
0.01
0.013
0.013
0.015
0.02
0.019
0.01
0.005
0.01
0.016
0.025
0.026
0.015
-7.6e-005
-0.011
-0.016
-0.0087
-0.00072
0.0064
0.021
0.032
0.041
0.048
0.042
0.04
0.039
0.033
0.035
0.046
0.046
0.032
0.012
-0.0084
-0.019
-0.02
-0.028
-0.037
-0.025
-0.0048
0.00056
0.0046
0.0029
-0.013
-0.031
-0.022
0.0053
0.0098
7.6e-005
0.0018
0.00069
0.0036
0.018
0.018
0.0098
0.0021
-0.0082
-0.013
-0.017
-0.0045
0.0024
0.0099
0.0074
-0.014
-0.011
0.023
0.051
0.062
0.071
0.063
0.033
0.013
0.014
0.011
0.0018
0.011
0.032
0.049
0.073
0.099
0.11
0.12
0.12
0.11
0.079
0.051
0.036
0.024
0.013
0.0091
0.0083
0.011
0.026
0.054
0.071
0.061
0.046
0.044
0.043
0.023
0.0066
0.01
0.0063
0.0019
0.028
0.051
0.047
0.027
0.017
0.006
-0.009
-0.0058
0.011
0.015
0.02
0.032
0.037
0.023
0.0067
0.00035
0.009
0.018
0.0072
0.0015
0.0014
-0.019
-0.042
-0.041
-0.031
-0.032
-0.02
0.0099
0.024
0.014
0.0034
-0.00041
-0.01
-0.023
-0.04
-0.063
-0.078
-0.071
-0.052
-0.037
-0.038
-0.047
-0.046
-0.034
-0.028
-0.021
-0.0076
0.0028
0.0016
-0.0071
-0.016
-0.027
-0.034
-0.037
-0.041
-0.039
-0.034
-0.021
-0.0025
0.0028
-0.016
-0.037
-0.048
-0.039
-0.015
0.013
0.034
0.052
0.051
0.037
0.019
-0.0045
-0.022
-0.027
-0.027
-0.021
0.0021
0.025
0.039
0.045
0.047
0.045
0.038
0.034
0.024
0.028
0.053
0.074
0.074
0.064
0.046
0.033
0.032
0.044
0.055
0.05
0.04
0.046
0.052
0.056
0.054
0.041
0.021
0.002
-0.0056
-0.011
-0.0059
0.0045
0.00075
-0.011
-0.021
-0.019
-0.0053
0.004
0.0088
0.014
0.022
0.032
0.035
0.025
0.0046
-0.019
-0.037
-0.035
-0.017
-0.007
0.002
0.0067
-0.011
-0.026
-0.024
-0.016
-0.004
0.0083
0.013
0.004
-0.0011
-0.0036
-0.00087
0.0075
0.009
-0.0013
-0.0052
0.0036
0.011
0.022
0.035
0.033
0.023
0.011
0.003
-0.0097
-0.0094
0.0025
0.0053
0.008
0.014
0.0065
-0.001
-0.0002
0.0067
0.0052
-0.0014
-0.011
-0.023
-0.024
-0.0079
0.0051
0.011
0.02
0.025
0.02
0.025
0.045
0.057
0.063
0.065
0.064
0.052
0.042
0.044
0.035
0.032
0.043
0.046
0.036
0.026
0.027
0.033
0.043
0.053
0.046
0.026
0.017
0.023
0.033
0.043
0.045
0.043
0.037
0.02
0.019
0.033
0.032
0.014
-0.0017
-0.0093
-0.0087
0.0055
0.02
0.026
0.022
0.0063
-0.0092
-0.011
0.0087
0.028
0.03
0.015
-0.0076
-0.031
-0.032
-0.021
-0.0095
0.018
0.044
0.058
0.069
0.081
0.078
0.059
0.045
0.036
0.04
0.042
0.03
0.02
0.012
0.0022
-0.0013
0.0011
0.0063
0.015
0.036
0.072
0.11
0.13
0.11
0.059
0.0094
-0.0043
0.0085
0.018
0.027
0.02
0.018
0.03
0.029
0.032
0.041
0.041
0.044
0.058
0.071
0.056
0.03
0.028
0.029
0.023
0.01
0.0036
0.01
0.025
0.035
0.027
0.0064
-0.016
-0.036
-0.052
-0.059
-0.045
-0.008
0.027
0.046
0.052
0.046
0.041
0.031
0.017
0.0023
-0.0044
-0.0087
-0.012
-0.02
-0.035
-0.044
-0.038
-0.025
-0.02
-0.024
-0.036
-0.037
-0.038
-0.057
-0.078
-0.086
-0.082
-0.084
-0.095
-0.092
-0.069
-0.029
0.026
0.06
0.066
0.044
0.0033
-0.035
-0.049
-0.043
-0.038
-0.054
-0.073
-0.07
-0.04
-0.00023
0.027
0.046
0.068
0.084
0.074
0.057
0.044
0.011
-0.0086
0.0072
0.046
0.088
0.082
0.038
-0.049
-0.13
-0.11
-0.019
0.043
0.087
0.11
0.098
0.058
-0.012
-0.024
0.013
0.04
0.067
0.091
0.14
0.16
0.11
0.029
-0.046
-0.059
-0.036
-0.0073
0.015
0.0081
-0.0078
0.004
0.036
0.05
0.051
0.024
-0.043
-0.094
-0.062
-0.0014
0.014
-0.023
-0.076
-0.082
-0.036
0.007
0.0094
-0.0027
-0.016
-0.015
0.0036
-0.019
-0.066
-0.096
-0.1
-0.052
0.0026
0.019
0.0015
-0.034
-0.069
-0.099
-0.096
-0.054
-0.016
-0.0048
-0.0046
0.0097
0.037
0.061
0.06
0.03
-0.0027
-0.021
-0.018
0.0047
0.027
0.019
-0.007
-0.045
-0.082
-0.088
-0.066
-0.035
-0.02
-0.016
-0.0063
0.0055
0.013
0.026
0.033
0.023
-0.015
-0.058
-0.073
-0.057
-0.016
0.026
0.028
0.0057
-0.013
-0.016
0.0087
0.059
0.089
0.071
0.023
-0.024
-0.046
-0.037
-0.002
0.023
0.036
0.043
0.037
0.032
0.033
0.019
-0.0036
-0.0085
0.00072
0.0083
0.0052
0.0088
0.015
0.026
0.046
0.041
0.016
-0.02
-0.054
-0.057
-0.04
-0.013
-4.6e-005
-0.0029
-0.0097
-0.014
-0.02
-0.03
-0.052
-0.069
-0.045
-0.0096
0.016
0.027
0.027
-0.0025
-0.061
-0.093
-0.083
-0.052
-0.027
-0.014
-0.0088
-0.013
-0.01
0.0057
0.025
0.034
0.027
0.0013
-0.035
-0.069
-0.079
-0.058
-0.033
-0.011
0.0048
-0.0044
-0.035
-0.052
-0.039
-0.0063
0.022
0.031
0.011
-0.039
-0.088
-0.098
-0.072
-0.025
0.021
0.039
0.025
-0.016
-0.048
-0.064
-0.064
-0.057
-0.045
-0.036
-0.039
-0.037
-0.0047
0.031
0.031
0.0094
-0.0089
-0.028
-0.053
-0.054
-0.037
-0.027
-0.034
-0.048
-0.042
-0.027
-0.036
-0.055
-0.069
-0.077
-0.063
-0.028
-0.0098
-0.012
-0.01
-0.0027
0.0026
-0.0035
-0.0035
-0.0018
-0.0035
0.0015
0.013
0.025
0.035
0.032
0.009
-0.0071
-0.016
-0.016
-7.6e-005
0.0091
0.0077
0.008
0.017
0.028
0.025
0.018
0.0039
-0.011
-0.018
-0.014
-0.011
0.0022
0.018
0.012
-0.0077
-0.023
-0.026
-0.022
-0.019
-0.023
-0.024
-0.014
-0.0048
-0.0016
-0.011
-0.023
-0.015
-0.0021
0.0053
0.02
0.035
0.028
0.0046
-0.03
-0.054
-0.056
-0.041
0.0005
0.056
0.081
0.067
0.04
0.0099
-0.01
-0.012
0.0086
0.038
0.052
0.05
0.049
0.05
0.066
0.088
0.082
0.052
0.019
-0.0047
-0.0072
0.0053
0.026
0.047
0.053
0.045
0.035
0.039
0.046
0.052
0.078
0.11
0.1
0.086
0.078
0.067
0.045
0.039
0.047
0.054
0.059
0.065
0.059
0.039
0.021
0.019
0.034
0.05
0.055
0.058
0.07
0.068
0.05
0.038
0.021
0.0002
-0.0019
0.027
0.049
0.058
0.059
0.046
0.037
0.037
0.036
0.035
0.029
0.024
0.025
0.035
0.044
0.038
0.016
0.0022
-0.0072
-0.018
-0.0056
0.021
0.046
0.061
0.056
0.044
0.03
0.025
0.021
0.0031
-0.008
0.008
0.02
0.0036
-0.013
-0.022
-0.025
-0.025
-0.032
-0.037
-0.027
-0.014
-0.0035
0.01
0.036
0.058
0.057
0.034
0.0054
-0.015
-0.023
-0.015
-0.017
-0.034
-0.042
-0.038
-0.031
-0.032
-0.045
-0.05
-0.035
-0.023
-0.019
-0.026
-0.032
-0.041
-0.039
-0.021
-0.0047
0.0029
-0.00047
-0.011
-0.022
-0.029
-0.032
-0.034
-0.026
-0.02
-0.023
-0.027
-0.033
-0.025
-0.0044
0.011
0.028
0.037
0.021
-0.02
-0.065
-0.093
-0.1
-0.097
-0.068
-0.02
0.03
0.051
0.047
0.032
0.015
-0.0002
-1.5e-005
0.0065
-0.009
-0.034
-0.034
-0.021
-0.018
-0.0043
0.0077
0.0065
0.0022
-0.00041
0.0075
0.018
0.016
-0.014
-0.046
-0.057
-0.047
-0.041
-0.048
-0.045
-0.029
-0.0022
0.0089
0.00096
-0.012
-0.016
-0.016
-0.035
-0.052
-0.038
-0.01
0.0067
0.015
0.018
0.0021
-0.014
-0.013
-0.013
-0.014
-0.0039
0.014
0.017
0.0012
-0.017
-0.032
-0.048
-0.045
-0.019
0.0083
0.019
0.023
0.027
0.019
-0.0013
-0.021
-0.024
-0.018
-0.016
-0.0091
0.011
0.036
0.068
0.081
0.076
0.059
0.036
0.0076
-0.0086
-0.0099
7.6e-005
0.025
0.042
0.049
0.051
0.053
0.051
0.04
0.045
0.054
0.042
0.025
0.019
0.012
0.0049
0.012
0.022
0.03
0.037
0.041
0.028
0.0015
-0.02
-0.029
-0.029
-0.025
-0.0074
-4.6e-005
-0.00038
-0.0052
-0.0067
0.012
0.029
0.031
0.029
0.025
0.0049
-0.014
-0.018
-0.009
0.0087
0.017
0.019
0.02
0.018
0.028
0.043
0.058
0.061
0.057
0.044
0.032
0.019
0.017
0.033
0.056
0.066
0.055
0.026
0.0025
-0.0065
-0.0018
0.011
0.02
0.031
0.04
0.032
0.0095
-0.0025
-0.0021
0.011
0.014
-0.0047
-0.011
0.0024
0.0053
-0.005
-0.013
-0.01
0.0072
0.025
0.034
0.042
0.038
0.026
0.021
0.02
0.022
0.03
0.039
0.042
0.034
0.023
0.022
0.033
0.044
0.042
0.029
0.022
0.021
0.018
0.019
0.025
0.025
0.019
0.019
0.032
0.053
0.066
0.061
0.044
0.032
0.04
0.052
0.057
0.064
0.069
0.069
0.072
0.076
0.075
0.076
0.07
0.058
0.048
0.046
0.045
0.049
0.055
0.059
0.062
0.049
0.03
0.018
0.029
0.05
0.063
0.071
0.078
0.077
0.056
0.035
0.02
0.022
0.033
0.028
0.017
0.0047
0.00032
-0.00038
-0.012
-0.039
-0.046
-0.032
-0.021
-0.016
-0.011
0.014
0.04
0.041
0.018
0.0018
0.00041
-0.0043
-0.021
-0.032
-0.03
-0.025
-0.024
-0.03
-0.048
-0.055
-0.056
-0.068
-0.085
-0.084
-0.053
-0.024
-0.036
-0.077
-0.097
-0.084
-0.055
-0.038
-0.037
-0.053
-0.077
-0.09
-0.088
-0.079
-0.073
-0.062
-0.043
-0.034
-0.039
-0.046
-0.041
-0.032
-0.034
-0.051
-0.082
-0.11
-0.11
-0.083
-0.048
-0.027
-0.02
-0.015
-0.0052
0.0096
0.02
0.033
0.036
0.019
-0.017
-0.06
-0.075
-0.057
-0.036
-0.017
0.00029
-0.0019
-0.0065
-0.013
-0.022
-0.022
-0.0086
0.0035
-0.0085
-0.039
-0.058
-0.044
-0.0073
0.038
0.06
0.043
0.011
-0.012
-0.0074
0.0067
0.017
0.014
0.0028
-0.0068
-0.011
0.0018
0.032
0.07
0.087
0.083
0.071
0.053
0.045
0.037
0.017
-0.0076
-0.017
-0.018
-0.0061
0.013
0.031
0.039
0.036
0.024
0.0045
-0.0078
-0.015
-0.015
-0.0037
0.015
0.023
0.014
-0.0049
-0.023
-0.031
-0.02
-0.019
-0.027
-0.029
-0.017
0.002
0.012
0.0085
0.004
0.0057
-0.0041
-0.015
-0.013
-0.011
-0.00087
0.013
0.013
0.00087
-0.012
-0.018
-0.017
-0.022
-0.032
-0.029
-0.02
-0.0073
0.0021
0.0013
-0.0091
-0.021
-0.041
-0.058
-0.058
-0.052
-0.043
-0.032
-0.025
-0.015
-0.011
-0.021
-0.038
-0.05
-0.047
-0.042
-0.043
-0.05
-0.064
-0.064
-0.037
-0.0099
-0.0059
-0.025
-0.051
-0.061
-0.05
-0.031
-0.017
-0.0038
0.0056
0.0085
0.0052
0.0095
0.02
0.023
0.012
-0.005
-0.015
-0.0081
0.0059
-0.00053
-0.018
-0.026
-0.022
-0.0076
0.0018
0.0029
0.0081
0.018
0.023
0.0095
-0.0017
0.0013
0.0098
0.0069
1.5e-005
-0.0051
0.0036
0.03
0.041
0.022
0.00096
-0.0074
-0.014
-0.022
-0.032
-0.03
-0.028
-0.031
-0.039
-0.043
-0.038
-0.028
-0.027
-0.028
-0.015
-0.0029
0.0021
0.0083
0.0086
0.0025
0.0088
0.027
0.035
0.024
0.012
0.013
0.013
0.0069
0.0042
0.0093
0.018
0.026
0.03
0.027
0.025
0.021
0.012
0.0078
0.0064
0.0087
0.011
0.014
0.015
0.0029
-0.0081
-0.011
-0.0066
-0.0036
-0.0033
0.0041
0.0094
0.0098
0.0047
0.0016
0.0028
0.0074
0.013
0.021
0.02
0.011
0.012
0.02
0.034
0.043
0.036
0.012
-0.01
-0.013
-0.0073
-0.0053
-0.0064
-0.0051
-0.0027
0.00044
0.00038
-0.0077
-0.02
-0.032
-0.038
-0.04
-0.037
-0.029
-0.025
-0.017
0.0033
0.014
0.016
0.011
-0.007
-0.018
-0.0095
0.00072
-0.0037
-0.025
-0.047
-0.064
-0.073
-0.067
-0.047
-0.025
-0.0084
0.0034
0.015
0.021
0.034
0.058
0.06
0.037
0.016
0.012
0.0027
-0.0014
0.0092
0.018
0.015
0.0085
0.0047
0.012
0.035
0.052
0.052
0.054
0.047
0.027
0.005
0.002
0.02
0.05
0.067
0.074
0.085
0.081
0.074
0.068
0.045
0.019
0.011
0.015
0.0092
0.0038
0.015
0.034
0.054
0.055
0.036
0.0097
0.0074
0.012
0.0023
-0.0054
0.0075
0.029
0.041
0.034
0.018
0.0094
0.016
0.031
0.031
0.018
0.0074
0.0076
0.01
0.017
0.025
0.021
0.011
0.0017
0.0014
0.017
0.032
0.034
0.023
0.03
0.056
0.073
0.073
0.054
0.028
0.0095
0.0061
0.0052
0.0012
0.012
0.036
0.065
0.076
0.067
0.061
0.061
0.054
0.04
0.041
0.058
0.07
0.071
0.054
0.022
-0.0034
0.0083
0.033
0.047
0.043
0.032
0.02
0.018
0.031
0.043
0.056
0.061
0.056
0.045
0.043
0.05
0.045
0.032
0.028
0.029
0.029
0.026
0.024
0.022
0.025
0.034
0.043
0.038
0.018
0.0077
0.0076
0.014
0.032
0.045
0.039
0.024
0.0079
-0.0011
-0.012
-0.026
-0.03
-0.026
-0.026
-0.024
-0.028
-0.035
-0.038
-0.027
-0.013
-0.011
-0.026
-0.04
-0.035
-0.023
-0.023
-0.037
-0.055
-0.069
-0.075
-0.083
-0.087
-0.084
-0.074
-0.068
-0.068
-0.077
-0.088
-0.085
-0.072
-0.055
-0.045
-0.061
-0.094
-0.11
-0.12
-0.11
-0.098
-0.082
-0.065
-0.043
-0.028
-0.023
-0.027
-0.044
-0.061
-0.076
-0.079
-0.075
-0.065
-0.054
-0.042
-0.041
-0.057
-0.069
-0.068
-0.066
-0.065
-0.067
-0.055
-0.04
-0.028
-0.035
-0.053
-0.072
-0.081
-0.079
-0.073
-0.056
-0.031
-0.018
-0.021
-0.021
-0.015
-0.0062
0.0025
0.014
0.023
0.025
0.025
0.013
-0.0042
-0.018
-0.022
-0.021
-0.023
-0.039
-0.049
-0.029
-0.005
0.002
0.0037
0.0079
0.012
0.013
0.019
0.032
0.042
0.05
0.06
0.068
0.065
0.054
0.056
0.059
0.059
0.065
0.079
0.089
0.084
0.074
0.066
0.066
0.068
0.066
0.059
0.055
0.056
0.057
0.05
0.054
0.079
0.11
0.12
0.12
0.1
0.079
0.063
0.069
0.081
0.084
0.086
0.09
0.087
0.085
0.089
0.089
0.088
0.09
0.094
0.1
0.1
0.1
0.11
0.13
0.12
0.085
0.034
-0.0085
-0.019
0.01
0.051
0.067
0.074
0.091
0.1
0.09
0.072
0.057
0.056
0.07
0.071
0.051
0.024
0.012
0.019
0.031
0.045
0.048
0.046
0.036
0.034
0.034
0.034
0.036
0.027
-4.6e-005
-0.031
-0.037
-0.011
0.03
0.049
0.037
0.015
-0.011
-0.028
-0.031
-0.02
-0.0029
0.017
0.024
0.024
0.022
0.012
0.012
0.014
-0.009
-0.038
-0.056
-0.071
-0.087
-0.085
-0.072
-0.058
-0.043
-0.033
-0.018
-0.0043
-0.012
-0.02
-0.01
0.012
0.016
-4.6e-005
-0.034
-0.071
-0.098
-0.093
-0.074
-0.067
-0.071
-0.085
-0.094
-0.08
-0.053
-0.038
-0.034
-0.035
-0.043
-0.055
-0.055
-0.051
-0.056
-0.056
-0.054
-0.06
-0.074
-0.082
-0.077
-0.066
-0.044
-0.022
-0.019
-0.032
-0.04
-0.029
-0.016
-0.011
-0.012
-0.0087
0.00023
-0.0023
-0.016
-0.029
-0.028
-0.013
0.0041
0.0061
-0.00014
-0.0069
-0.013
-0.004
0.019
0.029
0.039
0.049
0.049
0.025
-0.0076
-0.026
-0.024
-0.016
-0.0053
0.017
0.033
0.036
0.027
0.0086
-0.004
0.00087
0.022
0.047
0.056
0.063
0.072
0.064
0.055
0.059
0.06
0.055
0.042
0.021
0.006
0.012
0.025
0.025
0.025
0.031
0.038
0.042
0.035
0.03
0.028
0.028
0.039
0.051
0.053
0.042
0.038
0.05
0.06
0.059
0.055
0.058
0.065
0.068
0.071
0.07
0.068
0.07
0.068
0.06
0.047
0.041
0.033
0.035
0.045
0.045
0.044
0.049
0.064
0.093
0.11
0.11
0.11
0.096
0.091
0.093
0.09
0.083
0.073
0.065
0.065
0.072
0.07
0.063
0.074
0.09
0.092
0.086
0.08
0.07
0.058
0.063
0.071
0.074
0.079
0.089
0.085
0.072
0.057
0.037
0.033
0.041
0.043
0.049
0.052
0.046
0.037
0.035
0.034
0.026
0.0089
-0.0074
-0.0047
0.004
0.016
0.018
0.009
-0.0025
-0.0081
-0.013
-0.027
-0.036
-0.029
-0.012
-0.0014
0.0026
-0.0047
-0.024
-0.038
-0.052
-0.067
-0.071
-0.06
-0.039
-0.014
0.0011
-0.013
-0.037
-0.043
-0.031
-0.015
0.0022
0.012
-0.00014
-0.029
-0.058
-0.079
-0.082
-0.07
-0.04
0.0022
0.025
0.019
0.013
0.033
0.037
0.015
-0.0084
-0.033
-0.067
-0.08
-0.064
-0.042
-0.026
-0.0075
0.0036
0.007
0.0076
-0.0076
-0.021
-0.012
0.0033
0.014
0.022
0.02
0.0089
-0.0032
-0.02
-0.02
-0.00041
0.021
0.033
0.027
0.0047
-0.011
-0.011
-0.014
-0.015
-1.5e-005
0.021
0.045
0.059
0.05
0.023
-0.0053
-0.025
-0.031
-0.0069
0.024
0.029
0.0034
-0.018
-0.026
-0.02
0.0019
0.017
0.023
0.028
0.028
0.024
0.0077
-0.017
-0.037
-0.036
-0.022
-0.012
-0.014
-0.017
-0.025
-0.036
-0.018
0.0074
0.00075
-0.025
-0.054
-0.082
-0.094
-0.071
-0.039
-0.019
-0.022
-0.032
-0.039
-0.048
-0.06
-0.065
-0.056
-0.036
-0.0019
0.017
0.01
-0.0073
-0.032
-0.046
-0.046
-0.052
-0.069
-0.084
-0.085
-0.07
-0.05
-0.03
-0.017
-0.015
-0.018
-0.0043
0.012
0.031
0.038
0.028
0.017
0.0089
-0.0054
-0.019
-0.028
-0.036
-0.049
-0.066
-0.064
-0.033
0.014
0.046
0.042
0.026
0.019
0.028
0.05
0.064
0.054
0.046
0.051
0.038
0.012
-0.0034
-0.0064
-0.0093
-0.0097
-0.0075
-0.0034
0.014
0.031
0.044
0.059
0.067
0.055
0.035
0.02
-0.0011
-0.016
-0.0091
0.0066
0.0054
-0.0083
-0.023
-0.03
-0.016
-0.0053
-0.0068
-0.0067
-0.0057
0.0043
0.0077
-0.0061
-0.022
-0.016
-0.004
0.0051
0.014
0.0095
0.014
0.021
0.0099
-0.005
-0.0087
-0.003
-7.6e-005
-0.0039
-0.0085
-0.009
-0.0013
0.014
0.0085
-0.019
-0.037
-0.049
-0.063
-0.07
-0.07
-0.067
-0.05
-0.026
-0.013
-0.0091
-0.008
-0.013
-0.03
-0.038
-0.024
0.0014
0.015
0.018
0.012
0.0037
0.0013
0.00063
0.0019
0.0051
-0.0032
-0.0094
-0.0014
0.0037
0.0094
0.016
0.0089
-0.011
-0.012
0.0061
0.016
0.0057
-0.015
-0.03
-0.029
-0.013
1.5e-005
0.0047
0.0076
0.0063
0.0059
0.0016
-0.0076
-0.013
-0.0071
0.0036
0.016
0.023
0.019
0.014
0.0071
-0.0018
0.0013
0.013
0.013
0.018
0.031
0.034
0.034
0.036
0.034
0.032
0.027
0.02
0.015
0.024
0.049
0.066
0.05
0.028
0.018
0.019
0.03
0.036
0.03
0.023
0.0048
-0.013
-0.017
-0.01
0.0067
0.025
0.052
0.09
0.11
0.12
0.1
0.075
0.042
0.028
0.026
0.017
0.0021
0.0022
0.014
0.022
0.037
0.055
0.049
0.036
0.026
0.012
0.011
0.02
0.022
0.0093
0.0097
0.022
0.029
0.024
0.0066
-0.013
-0.014
0.0088
0.035
0.048
0.034
0.01
-0.0012
-0.0091
-0.017
-0.018
-0.0053
0.015
0.024
0.028
0.019
0.0057
0.006
0.017
0.025
0.037
0.043
0.031
0.011
-0.0072
-0.016
-0.0067
0.0042
0.0078
0.012
0.026
0.036
0.032
0.035
0.047
0.047
0.031
0.011
0.00026
0.013
0.024
0.035
0.051
0.056
0.044
0.025
0.0014
-0.0049
0.024
0.058
0.063
0.04
0.015
0.007
0.021
0.045
0.069
0.086
0.09
0.078
0.039
0.0021
-0.014
-0.033
-0.038
-0.016
0.012
0.042
0.061
0.057
0.031
0.0058
-0.0087
0.0002
0.013
0.0099
0.0012
0.0059
0.026
0.033
0.025
0.01
0.0038
0.011
0.023
0.026
0.022
0.012
-0.011
-0.027
-0.025
-0.021
-0.0046
0.016
0.019
0.016
0.022
0.025
0.032
0.033
0.026
0.026
0.018
-0.00026
-0.0072
-0.012
-0.015
-0.0075
0.00078
0.0038
-0.0054
-0.018
-0.018
-0.013
-0.0091
-0.0029
-0.013
-0.028
-0.033
-0.035
-0.031
-0.02
-0.016
-0.018
-0.025
-0.04
-0.05
-0.045
-0.03
-0.02
-0.022
-0.037
-0.058
-0.072
-0.07
-0.062
-0.052
-0.037
-0.025
-0.028
-0.023
-0.029
-0.059
-0.084
-0.091
-0.088
-0.07
-0.047
-0.035
-0.02
-0.0036
0.003
-0.0017
-0.0099
-0.021
-0.024
-0.015
-0.013
-0.025
-0.037
-0.022
0.0018
0.013
0.02
0.0069
-0.0051
-0.0066
-0.011
-0.0072
0.0075
0.021
0.029
0.035
0.021
0.0014
-0.0078
-0.0078
0.0053
0.011
0.0079
0.017
0.033
0.04
0.046
0.042
0.025
0.014
0.019
0.022
0.019
0.031
0.043
0.035
0.021
0.015
0.013
0.014
0.019
0.021
0.029
0.046
0.048
0.029
0.016
0.019
0.025
0.029
0.033
0.034
0.027
0.018
0.015
0.027
0.044
0.058
0.061
0.054
0.038
0.016
0.0036
-0.0078
-0.012
-0.005
0.0005
-0.0066
-0.014
-0.0053
0.0073
0.0086
0.01
0.014
0.017
0.028
0.038
0.044
0.054
0.044
0.022
0.01
0.014
0.02
0.02
0.017
0.021
0.044
0.062
0.069
0.057
0.038
0.032
0.031
0.012
-0.021
-0.036
-0.033
-0.019
-0.0023
0.013
0.033
0.048
0.036
0.0062
-0.011
-0.0075
0.001
0.0039
0.0017
-0.01
-0.043
-0.063
-0.056
-0.033
-0.0069
0.0099
0.0026
-0.021
-0.046
-0.072
-0.093
-0.1
-0.08
-0.051
-0.032
-0.018
-0.0067
-0.0022
-0.0067
-0.016
-0.029
-0.042
-0.038
-0.023
-0.008
-0.01
-0.016
-0.027
-0.043
-0.046
-0.041
-0.038
-0.035
-0.025
-0.029
-0.04
-0.048
-0.047
-0.022
0.0026
0.0013
-0.0073
-0.0099
-0.0025
0.0042
0.0034
0.0023
0.0094
0.019
0.017
-0.0029
-0.031
-0.045
-0.046
-0.018
0.017
0.026
0.017
0.014
0.02
0.032
0.041
0.037
0.027
0.025
0.025
0.025
0.019
0.012
0.0089
0.015
0.023
0.018
0.01
0.0096
0.0054
-0.00063
0.017
0.037
0.039
0.034
0.024
-0.00081
-0.02
-0.021
-0.0089
0.0097
0.012
0.0058
-0.0025
-0.0096
-0.017
-0.021
-0.0065
0.015
0.03
0.035
0.042
0.048
0.045
0.039
0.025
0.028
0.048
0.057
0.056
0.05
0.051
0.058
0.065
0.053
0.035
0.023
0.024
0.039
0.045
0.052
0.066
0.074
0.069
0.057
0.041
0.018
0.011
0.022
0.032
0.039
0.048
0.043
0.02
0.011
0.014
0.019
0.024
0.023
0.012
0.0072
-0.0027
-0.025
-0.042
-0.032
-0.0066
0.0055
0.0014
-0.0015
-0.0018
-0.0079
-0.0041
0.003
0.0072
0.0037
-0.0027
-0.0062
-0.0011
0.0022
-0.0021
-0.0028
-0.0054
-0.017
-0.036
-0.049
-0.046
-0.036
-0.026
-0.023
-0.032
-0.039
-0.026
-0.0051
0.0075
0.0064
-0.0042
-0.016
-0.026
-0.015
0.0027
0.0096
0.0017
-0.0084
-0.017
-0.014
-0.0024
0.0011
0.003
-0.0018
-0.018
-0.034
-0.029
-0.011
0.0057
0.012
0.0044
0.0023
0.0061
0.0057
0.00099
0.0069
0.014
0.012
0.0046
0.0083
0.023
0.031
0.027
0.012
-0.0017
-0.0053
-0.0033
0.0011
0.0091
0.023
0.028
0.027
0.025
0.018
0.0099
-0.0014
-0.0031
0.0078
0.034
0.061
0.062
0.042
0.028
0.025
0.02
0.013
0.016
0.025
0.029
0.03
0.028
0.012
-0.0057
-0.011
-0.0047
0.011
0.022
0.022
0.018
0.0069
-0.012
-0.019
-0.005
0.019
0.031
0.029
0.028
0.033
0.041
0.053
0.061
0.065
0.069
0.074
0.08
0.081
0.074
0.053
0.046
0.055
0.07
0.079
0.084
0.081
0.071
0.058
0.049
0.048
0.053
0.053
0.048
0.039
0.032
0.024
0.026
0.031
0.029
0.03
0.029
0.014
-0.0028
-0.002
0.0065
0.025
0.048
0.058
0.05
0.029
0.01
0.0044
0.0088
0.019
0.037
0.041
0.029
0.018
0.0094
0.0041
0.0083
0.017
0.021
0.016
0.012
0.013
0.0089
0.012
0.025
0.022
0.0024
-0.018
-0.03
-0.028
-0.02
-0.013
-0.011
-0.011
-0.019
-0.029
-0.037
-0.031
-0.011
0.0071
0.014
0.012
0.00087
-0.017
-0.037
-0.048
-0.048
-0.032
-0.0098
0.0025
-0.0025
-0.014
-0.021
-0.021
-0.02
-0.018
-0.025
-0.034
-0.029
-0.025
-0.031
-0.043
-0.046
-0.036
-0.035
-0.048
-0.05
-0.042
-0.037
-0.031
-0.035
-0.037
-0.047
-0.063
-0.064
-0.048
-0.042
-0.043
-0.053
-0.069
-0.074
-0.073
-0.072
-0.067
-0.062
-0.057
-0.044
-0.041
-0.052
-0.055
-0.05
-0.042
-0.029
-0.025
-0.032
-0.039
-0.037
-0.037
-0.04
-0.036
-0.031
-0.029
-0.017
0.0014
0.00099
-0.017
-0.026
-0.028
-0.031
-0.037
-0.049
-0.046
-0.03
-0.01
0.0024
-0.00087
-0.017
-0.035
-0.036
-0.026
-0.018
-0.011
0.013
0.036
0.034
0.019
-0.0012
-0.017
-0.022
-0.024
-0.018
-0.0035
0.0077
-4.6e-005
-0.011
-0.024
-0.035
-0.036
-0.028
-0.016
-0.015
-0.022
-0.023
-0.019
-0.016
-0.0066
0.0051
0.0078
0.0082
0.012
0.012
0.014
0.024
0.041
0.041
0.031
0.028
0.026
0.026
0.024
0.018
0.025
0.039
0.041
0.031
0.03
0.039
0.041
0.034
0.027
0.039
0.049
0.046
0.035
0.028
0.03
0.034
0.036
0.031
0.031
0.036
0.052
0.072
0.074
0.056
0.046
0.048
0.056
0.064
0.068
0.065
0.063
0.065
0.064
0.06
0.059
0.067
0.073
0.069
0.066
0.069
0.069
0.056
0.042
0.042
0.052
0.059
0.053
0.032
-0.0043
-0.039
-0.053
-0.04
-0.016
-0.0086
-0.016
-0.032
-0.039
-0.025
-0.0027
0.018
0.041
0.054
0.039
0.0092
-0.015
-0.023
-0.025
-0.017
-0.0063
-0.011
-0.028
-0.042
-0.035
-0.0062
0.035
0.075
0.099
0.11
0.1
0.083
0.049
0.018
0.0066
0.011
0.016
0.012
0.0093
0.007
0.013
0.022
0.023
0.033
0.059
0.083
0.092
0.091
0.075
0.043
0.013
-0.0087
-0.017
-0.0039
0.023
0.046
0.061
0.066
0.066
0.078
0.09
0.089
0.083
0.07
0.042
0.019
0.007
0.013
0.038
0.064
0.08
0.077
0.059
0.046
0.039
0.043
0.045
0.038
0.027
0.023
0.016
0.0024
0.0061
0.025
0.041
0.05
0.055
0.054
0.041
0.016
-0.016
-0.04
-0.057
-0.064
-0.049
-0.017
0.0078
0.02
0.036
0.036
0.0063
-0.025
-0.033
-0.03
-0.031
-0.031
-0.023
-0.0058
0.012
0.022
0.028
0.035
0.039
0.039
0.046
0.044
0.021
-0.012
-0.029
-0.029
-0.034
-0.045
-0.053
-0.043
-0.017
0.0052
0.0034
-0.015
-0.00014
0.051
0.099
0.089
0.017
-0.074
-0.15
-0.16
-0.11
-0.037
0.019
0.033
0.017
-0.0025
-0.013
-0.011
0.0058
0.021
0.023
0.034
0.048
0.032
0.0059
-0.015
-0.057
-0.094
-0.11
-0.092
-0.046
0.022
0.073
0.068
0.034
0.018
0.023
0.029
0.0075
-0.052
-0.11
-0.1
-0.037
0.044
0.11
0.14
0.12
0.096
0.09
0.088
0.065
0.024
-0.022
-0.054
-0.055
-0.021
0.021
0.04
0.025
-0.0082
-0.041
-0.06
-0.061
-0.052
-0.049
-0.043
-0.019
0.0083
0.039
0.073
0.1
0.12
0.1
0.068
0.02
-0.017
-0.031
-0.029
-0.019
-0.011
-0.00014
0.011
0.018
0.036
0.059
0.071
0.068
0.045
0.012
-0.012
-0.013
0.014
0.043
0.038
0.014
0.0033
0.006
0.0075
0.0098
0.017
0.035
0.043
0.022
0.0042
0.004
0.012
0.012
0.0029
-0.0094
-0.019
-0.018
-0.013
-0.0039
-0.0045
-0.013
-0.018
-0.018
-0.0018
0.027
0.055
0.052
0.016
-0.018
-0.029
-0.016
0.017
0.051
0.055
0.038
0.013
-0.016
-0.044
-0.069
-0.079
-0.064
-0.035
-0.0061
0.027
0.053
0.054
0.021
-0.02
-0.044
-0.049
-0.044
-0.035
-0.02
-0.0019
0.008
0.0042
-0.017
-0.05
-0.06
-0.044
-0.018
-0.0042
-0.00044
-0.006
-0.012
-0.017
-0.0099
0.0094
0.033
0.038
0.012
-0.021
-0.032
-0.015
0.013
0.034
0.036
0.032
0.035
0.052
0.061
0.019
-0.054
-0.11
-0.12
-0.1
-0.049
-0.0083
0.0015
-0.00041
0.0011
-0.0088
-0.034
-0.053
-0.058
-0.056
-0.039
-0.019
-0.02
-0.043
-0.067
-0.065
-0.05
-0.039
-0.039
-0.054
-0.084
-0.1
-0.098
-0.1
-0.11
-0.13
-0.13
-0.12
-0.1
-0.078
-0.059
-0.052
-0.055
-0.056
-0.057
-0.061
-0.077
-0.095
-0.095
-0.072
-0.046
-0.035
-0.032
-0.037
-0.041
-0.036
-0.022
-0.0023
0.015
0.031
0.027
-0.0035
-0.032
-0.048
-0.052
-0.049
-0.036
-0.027
-0.027
-0.024
-0.011
0.011
0.022
0.016
0.014
0.022
0.04
0.061
0.071
0.075
0.072
0.061
0.055
0.062
0.061
0.054
0.05
0.062
0.086
0.11
0.11
0.092
0.061
0.038
0.031
0.035
0.046
0.055
0.062
0.066
0.053
0.026
0.003
0.00017
0.02
0.04
0.04
0.019
-0.01
-0.032
-0.036
-0.028
-0.018
-0.0061
0.0021
-0.0025
-0.017
-0.029
-0.025
-0.0043
0.011
0.0039
-0.015
-0.031
-0.045
-0.05
-0.037
-0.027
-0.032
-0.037
-0.036
-0.032
-0.036
-0.037
-0.031
-0.02
-0.015
-0.028
-0.036
-0.029
-0.014
-0.0056
-1.5e-005
0.003
-0.0036
-0.018
-0.028
-0.023
-0.021
-0.02
-0.019
-0.031
-0.043
-0.037
-0.021
-0.023
-0.035
-0.034
-0.028
-0.021
-0.014
-0.0013
0.013
0.026
0.032
0.028
0.019
0.0078
0.019
0.059
0.076
0.051
0.011
-0.0089
-0.0002
0.019
0.039
0.05
0.057
0.063
0.063
0.047
0.035
0.039
0.048
0.057
0.071
0.085
0.075
0.044
0.012
-0.0002
0.0021
0.019
0.04
0.054
0.055
0.044
0.018
-0.006
-0.019
-0.028
-0.021
0.0065
0.038
0.051
0.038
0.018
0.0069
-0.0044
-0.033
-0.072
-0.095
-0.087
-0.06
-0.037
-0.017
-0.0014
0.0096
0.016
0.0044
-0.023
-0.044
-0.052
-0.05
-0.037
-0.02
-0.019
-0.023
-0.01
0.0058
-0.0046
-0.032
-0.043
-0.034
-0.025
-0.021
-0.026
-0.021
-0.0043
0.0033
0.011
0.026
0.038
0.039
0.027
0.013
0.0069
0.003
-0.0084
-0.0053
0.035
0.068
0.064
0.041
0.043
0.06
0.088
0.12
0.092
0.04
0.02
0.047
0.065
0.094
0.098
0.058
0.0006
-0.017
0.048
0.099
0.11
0.12
0.14
0.12
0.073
0.052
0.033
-0.0069
0.012
0.086
0.12
0.1
0.093
0.064
0.041
0.053
0.078
0.073
0.039
0.026
-0.013
-0.039
-0.0043
0.057
0.093
0.078
0.05
0.049
0.057
0.023
-0.027
-0.048
-0.039
-0.00066
0.023
0.012
0.0091
0.044
0.091
0.1
0.074
0.029
-0.0067
-0.02
-0.03
-0.037
-0.037
-0.021
0.013
0.032
0.02
0.0037
0.013
0.047
0.069
0.047
-0.0098
-0.045
-0.052
-0.054
-0.049
-0.052
-0.048
-0.033
-0.0096
0.03
0.037
-0.017
-0.059
-0.036
0.0089
0.041
0.033
-0.0036
-0.017
-0.0061
0.026
0.029
-0.00047
-0.014
-0.0064
-0.0081
-0.019
-0.027
-0.015
0.02
0.044
0.036
0.02
0.013
0.021
0.027
0.016
0.0047
0.00047
0.0034
0.015
0.015
-0.0081
-0.0083
0.013
0.013
-0.011
-0.034
-0.04
-0.022
0.003
0.015
0.0068
-0.02
-0.042
-0.036
-0.0077
0.022
0.029
0.015
0.0019
0.0019
0.012
0.023
0.04
0.056
0.056
0.045
0.054
0.068
0.058
0.044
0.038
0.033
0.031
0.041
0.052
0.036
-0.0035
-0.021
-0.0089
0.015
0.043
0.05
0.023
-0.0068
-0.021
-0.026
-0.027
-0.026
-0.014
0.0072
0.0079
-0.012
-0.022
-0.014
-0.0045
-0.014
-0.037
-0.055
-0.048
-0.036
-0.037
-0.051
-0.048
-0.029
-0.016
0.011
0.033
0.016
-0.029
-0.051
-0.043
-0.025
-0.0069
-0.00069
-0.004
-0.014
-0.035
-0.042
-0.028
-0.00032
0.011
0.0054
-0.0047
-0.015
-0.027
-0.034
-0.022
-0.0022
0.01
0.011
0.0073
0.0079
0.011
0.014
0.011
-0.0025
-0.0094
-0.016
-0.025
-0.023
-0.013
-0.013
-0.017
-0.016
-0.012
-0.014
-0.033
-0.05
-0.031
0.0068
0.016
-0.014
-0.051
-0.063
-0.059
-0.048
-0.036
-0.029
-0.034
-0.03
-0.017
0.0073
0.03
0.018
-0.014
-0.037
-0.035
-0.026
-0.018
-0.018
-0.018
-0.016
-0.013
0.0013
0.017
0.025
0.016
-0.0034
-0.016
-0.023
-0.019
-0.0019
0.018
0.032
0.039
0.021
-0.01
-0.029
-0.033
-0.037
-0.047
-0.039
-0.0085
0.023
0.028
0.016
0.00017
-0.018
-0.015
0.0045
0.026
0.041
0.044
0.027
0.0028
-0.023
-0.048
-0.066
-0.071
-0.055
-0.05
-0.049
-0.024
-0.0037
-0.013
-0.03
-0.032
-0.028
-0.021
-0.022
-0.036
-0.045
-0.046
-0.05
-0.06
-0.058
-0.042
-0.039
-0.061
-0.062
-0.041
-0.015
-0.00023
-0.0098
-0.037
-0.064
-0.072
-0.054
-0.026
-0.0085
0.0041
0.017
0.027
0.036
0.02
-0.022
-0.052
-0.062
-0.055
-0.044
-0.027
-0.00099
0.032
0.045
0.041
0.041
0.036
0.018
-0.0025
0.00066
0.019
0.031
0.027
0.017
0.012
0.0061
-0.0089
-0.015
-0.0071
0.0075
0.027
0.057
0.072
0.06
0.034
0.0048
-0.019
-0.022
-0.0052
0.011
0.027
0.058
0.079
0.067
0.04
0.034
0.051
0.076
0.09
0.075
0.053
0.04
0.035
0.048
0.089
0.11
0.099
0.076
0.069
0.076
0.079
0.075
0.073
0.085
0.087
0.072
0.055
0.056
0.067
0.067
0.08
0.093
0.089
0.067
0.036
0.013
0.018
0.035
0.045
0.055
0.063
0.063
0.053
0.041
0.044
0.047
0.038
0.024
0.018
0.015
0.017
0.029
0.045
0.066
0.081
0.076
0.057
0.037
0.018
-0.0023
-0.017
-0.017
-0.014
-0.021
-0.024
-0.019
-0.016
-0.0057
-0.006
-0.021
-0.044
-0.076
-0.097
-0.083
-0.059
-0.055
-0.067
-0.076
-0.061
-0.045
-0.041
-0.05
-0.065
-0.078
-0.075
-0.071
-0.062
-0.039
-0.028
-0.024
-0.023
-0.034
-0.059
-0.085
-0.092
-0.083
-0.073
-0.063
-0.053
-0.05
-0.05
-0.057
-0.072
-0.077
-0.067
-0.055
-0.047
-0.043
-0.042
-0.037
-0.043
-0.054
-0.056
-0.052
-0.056
-0.071
-0.08
-0.062
-0.038
-0.035
-0.04
-0.041
-0.039
-0.032
-0.025
-0.028
-0.025
-0.014
-0.0095
-0.0041
0.0068
0.0037
-0.029
-0.046
-0.034
-0.024
-0.027
-0.021
0.0012
0.013
0.016
0.0079
0.0016
0.0029
-0.0032
-0.011
-0.0061
0.0092
0.019
0.024
0.025
0.024
0.016
0.00096
-0.003
0.0078
0.034
0.055
0.056
0.051
0.053
0.043
0.017
-0.0054
-0.0046
0.013
0.029
0.034
0.039
0.036
0.018
0.00078
-0.01
-0.015
-0.018
-0.0083
0.015
0.044
0.048
0.033
0.024
0.026
0.023
0.0098
0.0014
-0.00072
-0.0027
-0.0089
-0.0081
-0.00075
0.011
0.017
0.018
0.018
0.014
0.0094
0.013
0.013
0.012
0.025
0.039
0.035
0.019
0.0045
0.0036
0.018
0.05
0.087
0.098
0.079
0.054
0.024
0.0063
0.0011
-0.0071
0.0031
0.033
0.063
0.079
0.075
0.058
0.044
0.023
0.0035
-0.0011
-0.0094
-0.015
-0.0042
0.0082
0.014
0.026
0.04
0.053
0.062
0.058
0.051
0.045
0.055
0.06
0.045
0.028
0.024
0.013
0.0029
0.0062
0.011
0.022
0.024
0.015
0.017
0.024
0.015
-0.0049
-0.022
-0.028
-0.0093
0.015
0.034
0.042
0.028
0.0048
-0.016
-0.019
-0.0024
0.014
0.024
0.035
0.039
0.03
0.014
-0.011
-0.033
-0.035
-0.028
-0.006
0.016
0.017
0.014
0.022
0.021
-0.00096
-0.031
-0.046
-0.031
-0.01
-0.00032
0.002
0.0062
0.0095
0.013
0.01
-0.0047
-0.023
-0.042
-0.052
-0.053
-0.05
-0.039
-0.03
-0.02
-0.0056
0.0014
0.0047
0.0075
7.6e-005
0.0017
0.0087
0.001
-0.018
-0.029
-0.025
-0.012
0.0028
0.012
0.016
0.014
0.012
0.0045
-0.0083
-0.008
-0.00075
0.0016
0.023
0.048
0.05
0.048
0.053
0.056
0.05
0.035
0.022
0.025
0.039
0.036
0.023
0.014
0.015
0.012
0.012
0.016
0.011
0.00032
0.0024
0.017
0.027
0.029
0.017
0.0066
0.0058
-0.0013
-0.0063
-0.00087
0.014
0.025
0.03
0.027
0.021
0.016
0.011
0.012
0.016
0.031
0.046
0.044
0.028
0.018
0.017
0.014
0.011
0.022
0.035
0.046
0.06
0.072
0.07
0.06
0.053
0.044
0.031
0.0096
-0.0093
-0.0015
0.025
0.039
0.031
0.021
0.022
0.023
0.0042
-0.017
-0.019
-0.0081
0.0009
0.0051
0.012
0.034
0.06
0.073
0.066
0.036
0.0073
0.0051
0.025
0.042
0.043
0.029
0.014
0.0096
0.013
0.011
-0.0045
-0.0094
0.0075
0.028
0.039
0.04
0.035
0.034
0.019
-0.002
-0.0094
-0.00066
0.011
0.012
0.0046
0.0055
0.016
0.014
0.0068
0.0029
-0.0067
-0.0072
0.0051
0.0091
0.0082
0.013
0.01
0.0057
0.0057
-0.0024
-0.014
-0.015
-0.00066
0.0037
-0.0049
-0.0079
-0.0014
-0.0072
-0.018
-0.018
-0.0028
0.02
0.026
0.015
0.0086
0.029
0.057
0.077
0.077
0.055
0.025
-0.0064
-0.019
-0.02
-0.0074
0.016
0.031
0.039
0.05
0.059
0.052
0.048
0.062
0.079
0.079
0.062
0.045
0.022
0.0034
0.0029
0.0061
0.012
0.029
0.053
0.066
0.058
0.03
0.01
0.0094
0.0026
-0.017
-0.03
-0.027
-0.015
-0.00075
0.013
0.02
0.019
0.01
-0.0022
-0.026
-0.048
-0.049
-0.034
-0.0088
0.0065
0.0033
0.0047
0.014
0.0057
-0.0077
-0.012
-0.017
-0.029
-0.027
-0.011
-0.0062
-0.021
-0.037
-0.034
-0.013
0.011
0.028
0.038
0.04
0.018
-0.01
-0.016
-0.021
-0.036
-0.028
0.0061
0.028
0.028
0.017
0.013
0.022
0.026
0.019
0.0087
0.009
0.01
-0.0044
-0.022
-0.025
-0.017
-0.007
0.0091
0.025
0.028
0.024
0.017
0.015
0.011
-0.0015
-0.0045
0.0047
0.018
0.019
0.01
-0.0024
-0.011
-0.013
-0.016
-0.024
-0.03
-0.015
0.0057
0.0083
-0.0021
-0.001
0.0068
-0.00075
-0.015
-0.018
-0.021
-0.025
-0.02
-0.011
-0.0094
-0.011
-0.015
-0.023
-0.03
-0.035
-0.032
-0.011
0.0058
0.00084
-0.016
-0.02
-0.0085
0.0021
4.6e-005
-0.014
-0.032
-0.043
-0.045
-0.046
-0.052
-0.055
-0.055
-0.057
-0.059
-0.06
-0.061
-0.059
-0.049
-0.032
-0.02
-0.017
-0.026
-0.037
-0.034
-0.016
-0.0027
0.0033
0.0046
0.011
0.012
-0.00029
-0.02
-0.033
-0.033
-0.018
0.0018
0.01
0.00096
-0.017
-0.025
-0.0099
0.011
0.017
0.018
0.022
0.02
0.017
0.017
0.0071
0.0031
0.02
0.041
0.05
0.044
0.027
0.0077
0.0016
0.006
0.0062
-0.0018
-0.00014
0.019
0.039
0.043
0.026
0.015
0.017
0.024
0.034
0.044
0.052
0.047
0.03
0.012
0.0061
0.0024
-0.0036
-0.006
-0.0085
-0.0033
0.0019
0.0005
-0.014
-0.024
-0.023
-0.025
-0.03
-0.028
-0.007
0.013
0.018
0.01
-0.015
-0.035
-0.038
-0.034
-0.032
-0.029
-0.023
-0.015
-0.012
-0.019
-0.029
-0.034
-0.033
-0.033
-0.031
-0.032
-0.03
-0.017
-0.0077
-0.012
-0.026
-0.037
-0.038
-0.042
-0.05
-0.052
-0.029
0.0059
0.02
0.019
0.01
-0.0074
-0.03
-0.047
-0.056
-0.059
-0.058
-0.057
-0.047
-0.034
-0.026
-0.031
-0.024
0.0072
0.032
0.031
0.024
0.022
-0.0053
-0.025
-0.012
-0.00047
-0.0081
-0.03
-0.043
-0.043
-0.039
-0.034
-0.0081
0.032
0.057
0.053
0.023
-0.011
-0.031
-0.033
-0.027
-0.01
0.0065
0.0048
0.0067
0.016
0.019
0.0032
-0.019
-0.03
-0.042
-0.06
-0.068
-0.064
-0.057
-0.044
-0.026
-0.0094
0.0019
0.0034
0.013
0.019
0.0042
-0.00084
0.0095
0.0079
-0.017
-0.037
-0.037
-0.022
0.0039
0.017
0.017
0.022
0.017
-0.0054
-0.024
-0.022
-0.014
-0.012
-0.012
-0.011
-0.0061
0.014
0.03
0.024
-0.0032
-0.029
-0.034
-0.025
-0.013
-0.0047
-0.013
-0.027
-0.024
-0.013
-0.0021
-0.00041
0.0022
0.016
0.036
0.047
0.059
0.074
0.077
0.065
0.059
0.062
0.052
0.029
0.0059
0.0012
0.0016
-0.0041
-0.008
-0.0085
-0.011
-0.013
-0.0057
0.0024
-0.0058
-0.028
-0.043
-0.054
-0.055
-0.047
-0.041
-0.024
-0.0054
0.0064
0.025
0.061
0.086
0.08
0.061
0.044
0.038
0.046
0.054
0.057
0.048
0.025
-0.012
-0.043
-0.057
-0.053
-0.036
-0.008
0.016
0.024
0.0053
-0.025
-0.024
0.0019
0.029
0.053
0.062
0.056
0.044
0.045
0.053
0.052
0.035
0.0084
-0.0077
-0.0061
0.026
0.065
0.083
0.079
0.069
0.074
0.09
0.1
0.11
0.11
0.11
0.11
0.12
0.11
0.1
0.091
0.082
0.076
0.072
0.071
0.088
0.11
0.099
0.058
0.026
0.021
0.034
0.049
0.06
0.054
0.038
0.051
0.074
0.074
0.054
0.013
-0.023
-0.033
-0.016
0.006
0.027
0.032
0.02
0.0065
-0.0042
-0.016
-0.023
-0.029
-0.028
-0.034
-0.049
-0.049
-0.036
-0.03
-0.024
-0.012
0.00087
-0.006
-0.038
-0.07
-0.074
-0.058
-0.038
-0.025
-0.011
0.0019
-0.0029
-0.014
-0.025
-0.036
-0.033
-0.011
0.014
0.036
0.05
0.038
0.013
-0.007
-0.019
-0.028
-0.019
0.0092
0.017
0.014
0.02
0.034
0.046
0.053
0.038
0.021
0.014
0.0078
0.0039
0.01
0.02
0.016
-0.0069
-0.034
-0.041
-0.021
0.0023
0.024
0.037
0.035
0.027
0.015
-0.014
-0.052
-0.073
-0.067
-0.043
-0.0051
0.018
0.011
-0.00066
0.0013
-0.002
-0.019
-0.034
-0.048
-0.06
-0.065
-0.068
-0.08
-0.095
-0.1
-0.084
-0.052
-0.02
-0.0005
0.0088
0.0032
-0.017
-0.031
-0.041
-0.056
-0.073
-0.079
-0.08
-0.069
-0.043
-0.026
-0.029
-0.034
-0.033
-0.031
-0.021
-0.0091
-0.0053
-0.0018
0.0066
0.019
0.02
0.012
0.014
0.024
0.027
0.025
0.02
0.0047
-0.022
-0.052
-0.06
-0.049
-0.032
-0.0066
0.029
0.05
0.053
0.036
0.013
0.0032
0.0018
0.014
0.039
0.049
0.038
0.03
0.029
0.04
0.064
0.085
0.1
0.12
0.13
0.11
0.082
0.064
0.064
0.066
0.069
0.081
0.12
0.19
0.19
0.067
-0.056
-0.071
-0.0097
0.055
0.092
0.087
0.054
0.027
0.013
-0.00047
-0.017
-0.012
0.0061
0.02
0.025
0.031
0.046
0.056
0.048
0.044
0.046
0.015
-0.043
-0.079
-0.091
-0.075
-0.039
-0.022
-0.036
-0.056
-0.068
-0.057
-0.04
-0.034
-0.028
-0.032
-0.04
-0.033
-0.019
-0.021
-0.019
-0.0054
0.0069
0.0075
-0.0046
-0.014
-0.029
-0.042
-0.038
-0.013
0.03
0.063
0.053
0.025
0.011
0.0029
0.0043
0.0079
-0.0033
-0.013
-0.0061
0.015
0.032
0.041
0.06
0.082
0.087
0.086
0.09
0.089
0.081
0.063
0.04
0.043
0.067
0.087
0.096
0.093
0.074
0.044
0.0068
-0.007
0.074
0.17
0.14
0.011
-0.058
-0.0034
0.086
0.13
0.12
0.061
0.0045
0.002
0.034
0.064
0.074
0.047
0.013
-0.01
-0.028
-0.038
-0.028
0.0022
0.033
0.048
0.052
0.05
0.035
0.015
0.013
0.017
0.028
0.032
-0.0068
-0.06
-0.074
-0.052
-0.019
0.0057
0.035
0.041
-0.005
-0.039
-0.017
0.00096
-0.013
-0.024
-0.025
-0.04
-0.082
-0.11
-0.093
-0.045
-0.018
-0.018
-0.015
-0.012
-0.024
-0.045
-0.045
-0.015
0.013
0.0079
-0.009
-0.025
-0.027
-0.019
-0.0081
0.0054
0.011
0.016
0.027
0.029
0.014
-0.013
-0.022
0.0074
0.03
0.023
0.0043
-0.018
-0.028
-0.021
-0.015
-0.022
-0.028
-0.017
0.022
0.055
0.052
0.037
0.03
0.028
0.015
0.00011
-0.0035
0.0044
0.011
0.018
0.00063
-0.039
-0.049
-0.043
-0.027
-0.0055
0.0031
0.025
0.044
0.052
0.06
0.064
0.066
0.065
0.036
-0.0018
-0.024
-0.023
0.0031
0.045
0.076
0.083
0.076
0.042
0.012
0.0048
0.018
0.043
0.055
0.048
0.03
0.012
0.0091
0.045
0.084
0.11
0.13
0.13
0.1
0.072
0.057
0.056
0.038
0.022
0.03
0.048
0.059
0.056
0.053
0.062
0.074
0.075
0.066
0.044
0.027
0.017
0.012
0.012
-0.0019
-0.008
0.014
0.041
0.057
0.048
0.018
0.0042
0.0073
0.01
0.0074
0.0086
0.02
0.031
0.034
0.044
0.057
0.06
0.052
0.042
0.035
0.036
0.021
0.0016
-0.007
-0.0092
-0.0098
-0.011
-0.004
0.006
0.0098
0.0046
-0.01
-0.028
-0.05
-0.073
-0.078
-0.059
-0.036
-0.02
-0.0098
-0.02
-0.032
-0.031
-0.032
-0.038
-0.044
-0.048
-0.045
-0.039
-0.038
-0.028
-0.019
-0.032
-0.059
-0.094
-0.11
-0.086
-0.044
-0.018
-0.019
-0.038
-0.045
-0.045
-0.055
-0.049
-0.035
-0.032
-0.033
-0.047
-0.052
-0.037
-0.0087
0.0017
-0.016
-0.049
-0.08
-0.096
-0.096
-0.081
-0.059
-0.033
-0.012
-0.0022
-0.011
-0.026
-0.041
-0.041
-0.023
-0.0058
-0.0013
-0.014
-0.03
-0.035
-0.039
-0.029
-0.021
-0.037
-0.054
-0.04
-0.021
-0.024
-0.047
-0.063
-0.055
-0.042
-0.046
-0.056
-0.049
-0.035
-0.011
0.014
0.035
0.034
0.00087
-0.043
-0.063
-0.049
-0.024
-0.018
-0.0093
-0.0033
-0.014
-0.044
-0.077
-0.081
-0.054
-0.01
0.035
0.047
0.036
0.024
0.0072
-0.0047
-0.011
-0.00093
0.014
0.025
0.028
0.029
0.04
0.048
0.031
0.0072
-0.0053
-0.022
-0.039
-0.038
-0.028
-0.00099
0.017
-0.0088
-0.048
-0.057
-0.028
4.6e-005
0.0064
0.0085
0.0095
0.0098
0.0063
0.0048
-0.0063
-0.023
-0.018
-0.01
-0.0092
-0.013
-0.015
-0.021
-0.043
-0.059
-0.043
-0.01
-0.0033
-0.03
-0.046
-0.035
-0.025
-0.033
-0.036
-0.029
-0.027
-0.018
-0.0042
-0.0025
-0.0079
-0.007
-0.014
-0.031
-0.024
0.0034
0.015
0.0069
-0.0015
0.0085
0.013
0.0059
-0.0035
-0.0061
0.0072
0.031
0.056
0.061
0.037
0.0028
-0.018
-0.0071
0.016
0.034
0.042
0.041
0.027
0.0054
0.0081
0.027
0.037
0.052
0.06
0.051
0.029
-0.0069
-0.032
-0.031
-0.00047
0.028
0.018
-0.0046
-0.00084
0.018
0.037
0.032
0.012
0.0061
0.022
0.04
0.04
0.027
0.019
0.014
0.0055
0.011
0.014
0.0087
-0.0097
-0.025
-0.021
0.0027
0.015
0.003
-0.011
-0.026
-0.036
-0.033
-0.026
-0.016
0.0012
0.021
0.037
0.04
0.033
0.021
0.014
0.015
0.028
0.049
0.056
0.048
0.02
-0.006
-0.016
-0.018
-0.016
-0.016
-0.0038
0.022
0.039
0.028
-0.0092
-0.052
-0.065
-0.04
-0.0002
0.035
0.057
0.065
0.069
0.066
0.055
0.034
0.01
0.0034
0.021
0.039
0.041
0.038
0.039
0.038
0.038
0.03
0.022
0.036
0.06
0.091
0.11
0.09
0.054
0.017
-0.0024
0.0099
0.034
0.039
0.042
0.054
0.063
0.066
0.062
0.042
0.02
0.012
0.029
0.07
0.11
0.13
0.13
0.11
0.087
0.069
0.062
0.065
0.06
0.047
0.05
0.055
0.051
0.045
0.038
0.044
0.058
0.076
0.086
0.071
0.057
0.054
0.049
0.049
0.043
0.028
0.035
0.06
0.074
0.07
0.068
0.074
0.072
0.063
0.045
0.034
0.041
0.05
0.053
0.05
0.043
0.024
0.015
0.022
0.03
0.024
0.022
0.045
0.067
0.055
0.0077
-0.02
-0.014
-0.0017
0.012
0.02
0.016
0.0054
-0.0058
-0.014
-0.018
-0.029
-0.046
-0.056
-0.052
-0.036
-0.008
0.011
0.018
0.023
0.032
0.032
0.014
0.0043
0.0069
0.018
0.028
0.024
0.0022
-0.025
-0.051
-0.072
-0.082
-0.085
-0.077
-0.043
0.00081
0.02
0.013
-0.0015
-0.012
-0.017
-0.012
-0.0048
0.0036
0.0052
0.014
0.037
0.044
0.029
0.0075
-0.01
-0.0084
0.0059
0.015
0.012
0.0034
0.00056
0.0029
-0.0036
-0.018
-0.029
-0.022
0.0095
0.038
0.051
0.057
0.057
0.043
0.031
0.031
0.038
0.036
0.031
0.037
0.053
0.054
0.029
-0.00053
-0.0032
0.022
0.033
0.017
-0.0039
-0.018
-0.022
-0.018
-0.018
-0.016
-0.0035
0.014
0.026
0.026
0.0082
-0.021
-0.039
-0.034
-0.02
-0.0061
-0.0024
-0.0054
-0.014
-0.015
-0.018
-0.022
-0.02
-0.017
-0.019
-0.018
-0.001
0.014
0.014
0.00063
-0.014
-0.034
-0.058
-0.072
-0.064
-0.041
-0.014
0.0083
0.013
0.0072
0.0092
0.014
0.0013
-0.03
-0.061
-0.076
-0.074
-0.056
-0.025
-0.007
-0.0014
0.002
0.0061
0.014
0.027
0.039
0.056
0.067
0.07
0.068
0.056
0.041
0.033
0.03
0.027
0.014
-0.0062
-0.019
-0.022
-0.019
-0.02
-0.025
-0.019
-0.0035
0.0034
0.004
0.0012
0.0036
0.012
0.019
0.02
0.022
0.024
0.017
0.0041
0.0088
0.028
0.048
0.052
0.048
0.04
0.024
0.0061
-0.0076
-0.0023
0.013
0.034
0.046
0.045
0.032
0.026
0.03
0.039
0.044
0.045
0.044
0.04
0.04
0.044
0.056
0.068
0.061
0.05
0.045
0.04
0.049
0.062
0.056
0.053
0.066
0.075
0.065
0.045
0.032
0.021
0.003
-0.014
-0.031
-0.041
-0.043
-0.038
-0.0088
0.037
0.054
0.047
0.04
0.046
0.063
0.064
0.051
0.039
0.037
0.032
0.033
0.03
0.024
0.033
0.07
0.12
0.16
0.16
0.15
0.14
0.12
0.034
-0.1
-0.23
-0.25
-0.13
0.058
0.14
0.086
0.0061
-0.015
0.013
0.074
0.16
0.14
0.028
-0.076
-0.077
0.03
0.11
0.12
0.05
-0.053
-0.085
-0.065
0.013
0.11
0.14
0.12
0.068
0.012
-0.021
-0.0046
0.066
0.13
0.11
0.054
0.0053
-0.012
-0.035
-0.1
-0.14
-0.1
-0.034
0.018
0.055
0.081
0.092
0.097
0.11
0.11
0.09
0.095
0.13
0.12
0.061
0.0054
-0.018
-0.03
-0.012
0.032
0.056
0.061
0.039
0.032
0.054
0.1
0.12
0.06
-0.026
-0.096
-0.11
-0.075
-0.036
-0.018
-0.0006
0.0053
-0.0044
-0.014
-0.032
-0.029
0.012
0.056
0.063
0.05
0.038
0.033
0.046
0.063
0.04
-0.011
-0.021
0.019
0.05
0.047
0.024
-0.0056
-0.033
-0.048
-0.038
-0.0085
0.033
0.063
0.045
-0.018
-0.079
-0.099
-0.069
-0.012
0.018
0.0086
-0.0087
-0.005
-0.0018
-0.024
-0.048
-0.061
-0.069
-0.054
-0.017
0.014
0.044
0.064
0.053
0.018
-0.016
-0.034
-0.034
-0.019
-0.0098
-0.013
-0.028
-0.053
-0.068
-0.061
-0.053
-0.054
-0.043
-0.038
-0.043
-0.05
-0.041
-0.021
-0.023
-0.057
-0.097
-0.1
-0.075
-0.041
-0.017
-0.013
-0.034
-0.061
-0.084
-0.11
-0.11
-0.087
-0.047
-0.018
-0.011
-0.03
-0.052
-0.047
-0.028
-0.022
-0.035
-0.077
-0.12
-0.12
-0.096
-0.073
-0.057
-0.048
-0.042
-0.033
-0.029
-0.036
-0.04
-0.046
-0.056
-0.049
-0.015
0.013
0.021
0.018
0.0023
-0.014
-0.017
-0.0021
0.017
0.036
0.053
0.067
0.067
0.041
0.0084
-0.012
-0.021
-0.019
-0.015
-0.023
-0.044
-0.064
-0.067
-0.067
-0.07
-0.078
-0.096
-0.098
-0.07
-0.026
0.01
0.011
-0.015
-0.037
-0.046
-0.041
-0.031
-0.009
0.027
0.052
0.046
0.02
-0.0069
-0.021
-0.012
0.019
0.061
0.11
0.14
0.16
0.16
0.13
0.11
0.077
0.051
0.045
0.064
0.084
0.078
0.059
0.032
-0.0037
-0.026
-0.029
-0.0023
0.032
0.06
0.073
0.076
0.077
0.07
0.045
0.022
0.024
0.04
0.059
0.078
0.089
0.085
0.074
0.065
0.072
0.085
0.091
0.083
0.074
0.071
0.062
0.048
0.038
0.028
0.0094
-0.015
-0.03
-0.023
0.0021
0.032
0.064
0.088
0.1
0.12
0.12
0.12
0.12
0.13
0.15
0.17
0.16
0.15
0.14
0.14
0.14
0.15
0.16
0.15
0.14
0.11
0.079
0.045
0.027
0.026
0.033
0.046
0.056
0.056
0.055
0.052
0.048
0.035
0.0056
-0.021
-0.018
0.0099
0.029
0.026
0.012
0.0054
-1.5e-005
-0.0064
-0.011
-0.014
-0.017
-0.021
-0.022
-0.028
-0.042
-0.054
-0.06
-0.074
-0.09
-0.1
-0.12
-0.12
-0.1
-0.091
-0.1
-0.12
-0.14
-0.16
-0.16
-0.16
-0.16
-0.19
-0.21
-0.22
-0.21
-0.19
-0.17
-0.17
-0.16
-0.14
-0.12
-0.092
-0.064
-0.045
-0.024
-0.0087
-0.022
-0.044
-0.048
-0.043
-0.043
-0.048
-0.062
-0.074
-0.074
-0.065
-0.055
-0.054
-0.065
-0.093
-0.12
-0.13
-0.14
-0.14
-0.16
-0.18
-0.2
-0.21
-0.23
-0.24
-0.24
-0.23
-0.21
-0.2
-0.18
-0.17
-0.18
-0.19
-0.2
-0.19
-0.17
-0.16
-0.17
-0.19
-0.19
-0.17
-0.16
-0.15
-0.15
-0.16
-0.16
-0.15
-0.14
-0.13
-0.13
-0.13
-0.14
-0.16
-0.16
-0.15
-0.12
-0.1
-0.096
-0.093
-0.086
-0.078
-0.076
-0.073
-0.061
-0.046
-0.034
-0.019
0.0017
0.024
0.043
0.042
0.025
0.0037
-0.017
-0.03
-0.038
-0.036
-0.013
0.018
0.031
0.013
-0.022
-0.049
-0.066
-0.069
-0.063
-0.052
-0.045
-0.046
-0.044
-0.041
-0.037
-0.028
-0.02
-0.015
-0.012
-0.0067
0.025
0.063
0.077
0.058
0.026
0.01
0.02
0.035
0.043
0.042
0.032
0.019
0.011
0.0085
0.0086
0.028
0.062
0.083
0.085
0.08
0.074
0.068
0.072
0.076
0.078
0.088
0.1
0.1
0.1
0.11
0.11
0.089
0.035
-0.013
-0.015
0.024
0.062
0.067
0.06
0.063
0.069
0.067
0.053
0.028
0.014
0.031
0.069
0.096
0.1
0.096
0.085
0.071
0.057
0.046
0.03
0.013
0.014
0.033
0.044
0.047
0.045
0.023
-0.0053
-0.0098
-0.0025
0.0081
0.016
0.011
-0.0034
-0.028
-0.052
-0.062
-0.052
-0.035
-0.019
-0.02
-0.035
-0.044
-0.035
-0.018
-0.0088
-0.007
-0.0065
-0.0059
0.0075
0.032
0.043
0.037
0.032
0.025
0.022
0.024
0.015
0.00072
-0.0072
0.01
0.041
0.061
0.057
0.037
0.012
0.0026
0.013
0.032
0.051
0.061
0.061
0.061
0.07
0.076
0.078
0.078
0.08
0.07
0.053
0.042
0.039
0.047
0.055
0.053
0.045
0.04
0.04
0.05
0.062
0.066
0.067
0.072
0.076
0.075
0.064
0.05
0.06
0.082
0.099
0.11
0.092
0.064
0.042
0.035
0.04
0.046
0.041
0.033
0.035
0.03
0.024
0.022
0.021
0.024
0.034
0.042
0.034
0.023
0.029
0.035
0.035
0.044
0.045
0.041
0.04
0.027
0.016
0.021
0.018
0.011
0.02
0.041
0.059
0.063
0.055
0.064
0.075
0.074
0.071
0.069
0.056
0.045
0.042
0.036
0.022
0.0057
-0.005
-0.0024
0.0043
0.011
0.023
0.027
0.029
0.026
0.018
0.028
0.051
0.069
0.055
0.003
-0.056
-0.078
-0.049
-0.0078
0.03
0.05
0.052
0.047
0.029
0.028
0.048
0.066
0.064
0.044
0.015
-0.0057
-0.018
-0.017
-0.0058
-0.013
-0.026
-0.027
-0.031
-0.035
-0.025
0.0091
0.047
0.069
0.08
0.075
0.06
0.043
0.023
0.018
0.034
0.06
0.078
0.085
0.081
0.067
0.046
0.015
-0.017
-0.028
-0.011
0.017
0.043
0.056
0.047
0.029
0.012
0.0025
0.0011
0.013
0.034
0.048
0.058
0.074
0.1
0.12
0.12
0.11
0.1
0.095
0.089
0.084
0.065
0.037
0.024
0.031
0.058
0.079
0.083
0.079
0.079
0.064
0.026
-0.018
-0.038
-0.031
-0.021
-0.0094
0.017
0.046
0.062
0.054
0.039
0.046
0.069
0.092
0.1
0.093
0.085
0.096
0.098
0.07
0.021
-0.026
-0.037
-0.0029
0.049
0.071
0.06
0.047
0.066
0.095
0.096
0.061
0.018
0.0044
0.026
0.053
0.071
0.079
0.085
0.086
0.076
0.06
0.046
