0.02
0.0077
0.0015
0.0061
0.0027
-0.0014
0.0055
0.0082
0.011
0.0076
0.006
0.0076
-0.0017
-0.0051
0.0015
0.0017
0.00032
0.0052
0.001
0.00044
0.0074
0.019
0.021
0.0023
-0.0065
0.012
0.018
0.0082
-0.0014
-0.0037
0.0088
0.019
0.0074
0.0023
0.016
0.021
0.0077
-0.0011
0.014
0.034
0.041
0.03
0.025
0.033
0.022
0.0058
0.023
0.031
0.0038
-0.0095
0.0054
0.0051
-0.017
-0.026
-0.018
-0.016
-0.019
-0.019
-0.01
0.01
0.02
0.0078
0.0054
0.014
-0.00093
-0.014
-0.0044
-0.0014
-0.0016
0.012
0.029
0.022
0.0025
-0.0073
-0.0084
0.0032
0.0094
0.0046
0.015
0.035
0.028
0.0023
0.013
0.028
0.017
-0.0059
-0.0073
-0.0082
-0.012
0.0074
0.019
0.016
0.014
0.013
-0.0016
-0.018
-0.005
0.016
0.012
0.0044
0.014
0.0047
-0.012
0.0027
0.015
0.0096
0.0077
0.014
0.0099
0.0033
0.0073
0.0097
0.011
0.018
0.024
0.012
0.0043
0.014
0.025
0.012
-0.0048
-0.0054
-0.0065
-0.0087
0.0068
0.021
0.01
0.0006
0.011
0.018
0.00029
-0.015
-0.0076
0.012
0.0068
-0.0041
-0.0021
0.0029
-0.0024
-0.0036
0.0044
0.012
0.0038
0.0083
0.031
0.031
0.0042
-0.015
-0.0045
0.014
0.01
0.0049
0.022
0.029
0.015
-0.0035
-0.017
-0.023
-0.025
-0.018
-0.0025
0.00069
-0.0044
-0.0077
-0.0088
-0.011
-0.012
-0.012
-0.022
-0.02
-0.0015
-0.0041
-0.02
-0.026
-0.02
-0.017
-0.026
-0.031
-0.015
0.0048
0.00023
0.00041
0.022
0.037
0.024
0.0055
0.011
0.023
0.014
0.0017
0.016
0.03
0.042
0.037
0.018
0.01
0.011
0.011
0.0034
0.0006
0.012
0.024
0.018
0.0041
0.01
0.014
0.013
0.018
0.016
0.0072
0.0051
0.014
0.018
0.014
0.0023
-0.0038
0.0018
0.014
0.026
0.027
0.011
0.0063
0.017
0.0063
-0.0071
-0.00041
0.012
0.014
0.0038
-0.0092
-0.0044
0.00084
-7.6e-005
-0.013
-0.021
-0.015
-0.0088
-0.014
-0.0087
-0.0059
-0.011
-0.015
-0.019
-0.0032
0.019
0.013
-0.0046
0.0075
0.018
-0.0046
-0.021
-0.00075
0.016
0.0045
0.0053
0.033
0.041
0.019
0.0075
0.014
0.0071
-0.0027
0.005
0.022
0.032
0.024
0.014
0.016
0.015
-0.0036
-0.00041
0.0061
-0.0071
-0.0032
0.016
0.023
0.016
0.011
0.0061
-0.0084
-0.022
-0.022
-0.013
-0.0024
0.0083
0.013
-0.001
-0.0042
-0.011
-0.021
-0.019
-0.0027
0.005
0.0084
0.021
0.027
0.019
0.015
0.018
0.0088
0.0089
0.023
0.028
0.016
0.018
0.029
0.013
-0.0028
0.012
0.022
0.014
0.0095
0.0095
0.015
0.022
0.014
-0.0026
-0.0092
0.0011
0.012
0.0057
0.00047
0.004
0.0011
-0.0078
-0.0073
-0.014
-0.023
-0.015
0.004
0.014
-0.0035
-0.023
-0.0094
0.0016
-0.0097
-0.017
-0.012
0.0011
0.0049
-0.0025
-0.0085
-0.0035
0.0022
0.0029
-0.0087
-0.018
-0.0081
0.011
0.013
0.012
0.013
0.0046
-0.0087
-0.0071
-0.0052
-0.017
-0.016
0.0098
0.024
0.0081
-0.0026
0.0079
0.0065
-0.0076
-0.0031
0.014
0.023
0.013
-0.0069
-0.0014
0.024
0.022
0.0056
0.0099
0.0061
-0.0069
-0.0014
0.011
0.0074
-0.0028
-0.0034
7.6e-005
0.0025
-0.0016
-0.019
-0.02
0.0051
0.024
0.0093
-0.0016
0.0076
0.0085
-0.0055
-0.012
-0.0072
-0.007
0.011
0.022
0.017
0.011
0.0058
0.00035
-0.0068
-0.013
-0.0098
-0.013
-0.023
-0.0006
0.021
0.0061
-0.0039
-0.0027
-0.0057
-0.011
-0.02
-0.02
-0.0079
-0.0031
-0.0098
-0.008
-0.0043
-0.0038
-0.011
-0.019
-0.029
-0.031
-0.028
-0.031
-0.034
-0.033
-0.026
-0.019
-0.03
-0.057
-0.067
-0.054
-0.028
-0.035
-0.053
-0.057
-0.048
-0.049
-0.055
-0.064
-0.063
-0.054
-0.044
-0.029
-0.017
-0.029
-0.049
-0.038
-0.023
-0.032
-0.051
-0.045
-0.03
-0.031
-0.04
-0.027
-0.019
-0.028
-0.031
-0.035
-0.048
-0.049
-0.039
-0.028
-0.026
-0.029
-0.033
-0.032
-0.029
-0.024
-0.022
-0.032
-0.038
-0.029
-0.023
-0.024
-0.022
-0.017
-0.02
-0.028
-0.037
-0.029
-0.01
-0.006
-0.0018
0.0028
-0.0026
-0.0097
-0.027
-0.032
-0.026
-0.015
-0.023
-0.027
-0.021
-0.012
-0.014
-0.03
-0.03
-0.026
-0.034
-0.04
-0.04
-0.037
-0.031
-0.033
-0.047
-0.047
-0.039
-0.034
-0.031
-0.042
-0.053
-0.042
-0.03
-0.033
-0.038
-0.039
-0.032
-0.024
-0.021
-0.012
-0.0027
-0.01
-0.017
-0.011
-0.014
-0.023
-0.021
-0.0054
-0.00087
-0.00041
-0.019
0.12
0.33
0.36
0.32
0.29
0.34
0.36
0.27
0.2
0.22
0.24
0.21
0.15
0.12
0.14
0.14
0.11
0.075
0.086
0.1
0.083
0.071
0.086
0.098
0.11
0.11
0.1
0.093
0.091
0.11
0.098
0.068
0.063
0.088
0.11
0.1
0.067
0.044
0.054
0.056
0.036
0.016
0.0031
0.015
0.044
0.051
0.027
0.0025
0.013
0.027
0.017
0.0043
-0.0071
-0.0059
0.0062
0.02
0.0068
0.0035
0.012
0.015
0.0055
0.0048
0.021
0.029
0.04
0.043
0.025
-0.00011
-0.0099
-0.0062
-0.00075
0.016
0.034
0.028
0.021
0.019
0.0044
-0.019
-0.021
-0.0052
0.002
-0.0011
-0.019
-0.023
-0.012
-0.017
-0.029
-0.022
0.0061
0.029
0.025
0.01
0.015
0.025
0.019
0.0059
-0.0026
-0.0055
-0.0075
0.028
0.11
0.15
0.13
0.11
0.14
0.13
0.099
0.083
0.097
0.11
0.096
0.053
0.0052
-0.021
-0.0076
0.014
0.018
0.0054
-0.0011
0.01
0.026
0.045
0.055
0.045
0.024
0.012
0.013
0.0081
-0.0065
-0.02
-0.045
-0.084
-0.099
-0.093
-0.093
-0.091
-0.082
-0.048
-0.0078
0.014
0.023
0.017
0.0044
-0.00026
0.0093
0.011
0.0048
0.01
0.039
0.059
0.048
0.027
0.0078
0.0033
0.03
0.053
0.052
0.051
0.065
0.075
0.071
0.064
0.045
0.02
-0.0018
-0.012
-0.014
-0.002
-0.0033
-0.016
-0.019
-0.025
-0.04
-0.051
-0.061
-0.064
-0.055
-0.044
-0.033
-0.039
-0.06
-0.069
-0.064
-0.052
-0.042
-0.046
-0.045
-0.018
0.0039
0.0023
-0.0059
-0.0044
0.015
0.043
0.057
0.056
0.055
0.057
0.049
0.035
0.031
0.037
0.052
0.06
0.034
0.011
0.01
0.024
0.023
0.0078
-0.011
-0.028
-0.053
-0.076
-0.083
-0.079
-0.071
-0.068
-0.06
-0.047
-0.044
-0.05
-0.033
-0.0055
-0.0033
-0.018
-0.0097
0.0021
-0.0021
0.0047
0.031
0.049
0.037
0.015
0.0012
-0.0079
-0.0036
0.012
0.028
0.036
0.032
0.027
0.015
-0.0011
-0.017
-0.0012
0.029
0.035
0.023
0.01
0.0006
0.0018
0.013
0.026
0.04
0.039
0.033
0.036
0.05
0.054
0.064
0.058
0.054
0.044
0.031
0.025
0.036
0.041
0.036
0.037
0.045
0.046
0.024
0.012
0.018
0.027
0.035
0.049
0.062
0.085
0.099
0.087
0.085
0.1
0.11
0.11
0.11
0.092
0.1
0.12
0.12
0.098
0.072
0.066
0.08
0.1
0.12
0.13
0.12
0.1
0.097
0.1
0.097
0.071
0.053
0.054
0.042
-0.00026
-0.028
-0.019
-0.012
-0.036
-0.074
-0.081
-0.059
-0.041
-0.047
-0.06
-0.076
-0.087
-0.1
-0.11
-0.11
-0.12
-0.13
-0.14
-0.15
-0.16
-0.18
-0.2
-0.19
-0.17
-0.15
-0.097
-0.041
-0.0079
-0.0018
0.0067
0.02
0.02
0.015
0.0085
0.0061
0.013
0.021
0.022
0.014
0.0036
-0.0015
0.0027
0.00084
-0.002
0.014
0.041
0.037
-0.0025
-0.043
-0.061
-0.06
-0.046
-0.051
-0.073
-0.1
-0.11
-0.11
-0.11
-0.11
-0.11
-0.11
-0.11
-0.12
-0.12
-0.093
-0.061
-0.049
-0.058
-0.076
-0.093
-0.11
-0.12
-0.1
-0.081
-0.062
-0.043
-0.043
-0.055
-0.058
-0.06
-0.082
-0.14
-0.24
-0.36
-0.48
-0.6
-0.72
-0.83
-0.87
-0.87
-0.86
-0.85
-0.81
-0.72
-0.5
-0.12
0.34
0.82
1
0.91
0.58
0.45
0.64
0.76
0.6
0.23
-0.0095
0.0087
0.13
0.21
0.32
0.47
0.57
0.56
0.42
0.16
-0.09
-0.24
-0.31
-0.35
-0.38
-0.42
-0.49
-0.54
-0.54
-0.59
-0.75
-0.89
-0.9
-0.9
-0.9
-0.89
-0.89
-0.89
-0.88
-0.83
-0.6
-0.35
-0.23
-0.13
-0.0056
0.27
0.67
0.9
0.99
0.96
0.91
0.88
0.88
0.8
0.62
0.47
0.44
0.49
0.51
0.51
0.51
0.54
0.6
0.64
0.63
0.58
0.51
0.44
0.37
0.3
0.21
0.066
-0.14
-0.37
-0.55
-0.59
-0.53
-0.5
-0.54
-0.63
-0.69
-0.73
-0.76
-0.81
-0.83
-0.75
-0.62
-0.51
-0.44
-0.4
-0.33
-0.25
-0.19
-0.15
-0.088
0.026
0.15
0.27
0.35
0.5
0.67
0.75
0.75
0.68
0.61
0.6
0.59
0.52
0.4
0.28
0.2
0.18
0.18
0.17
0.15
0.15
0.16
0.17
0.17
0.17
0.16
0.13
0.1
0.083
0.061
0.011
-0.045
-0.073
-0.082
-0.1
-0.13
-0.18
-0.23
-0.27
-0.26
-0.23
-0.22
-0.24
-0.25
-0.25
-0.26
-0.25
-0.24
-0.24
-0.23
-0.2
-0.16
-0.13
-0.11
-0.086
-0.048
-0.024
-0.0086
0.021
0.061
0.097
0.12
0.14
0.15
0.16
0.17
0.16
0.15
0.11
0.084
0.061
0.049
0.047
0.057
0.062
0.066
0.072
0.081
0.1
0.13
0.15
0.15
0.15
0.16
0.15
0.15
0.16
0.15
0.15
0.15
0.13
0.072
0.035
0.031
0.034
0.02
-0.015
-0.048
-0.056
-0.054
-0.068
-0.098
-0.12
-0.13
-0.13
-0.12
-0.11
-0.12
-0.13
-0.12
-0.11
-0.11
-0.12
-0.14
-0.13
-0.11
-0.09
-0.077
-0.061
-0.057
-0.071
-0.085
-0.063
-0.023
0.011
0.024
0.028
0.041
0.069
0.096
0.12
0.14
0.15
0.16
0.14
0.12
0.11
0.11
0.11
0.13
0.12
0.08
0.056
0.06
0.08
0.087
0.074
0.043
0.011
-0.0063
-0.012
-0.0054
0.011
0.026
0.023
0.0025
-0.015
-0.023
-0.025
-0.025
-0.029
-0.031
-0.022
-0.022
-0.025
-0.0086
0.0052
0.0021
-0.0058
-0.016
-0.019
0.0017
0.04
0.061
0.053
0.03
0.018
0.019
0.017
0.0095
-0.013
-0.026
-0.019
-0.014
-0.018
-0.03
-0.05
-0.073
-0.088
-0.093
-0.089
-0.081
-0.066
-0.058
-0.065
-0.067
-0.062
-0.059
-0.05
-0.036
-0.016
0.013
0.032
0.033
0.032
0.039
0.054
0.067
0.073
0.069
0.059
0.054
0.054
0.051
0.059
0.063
0.057
0.056
0.035
0.00032
-0.014
0.004
0.018
0.027
0.025
0.02
0.01
0.006
0.0023
-0.0015
-0.0028
-0.0032
0.00087
0.014
0.025
0.028
0.027
0.019
0.0069
-0.0028
-0.0032
0.017
0.029
0.021
0.0095
0.019
0.039
0.045
0.034
0.022
0.03
0.061
0.096
0.1
0.087
0.083
0.093
0.094
0.082
0.07
0.061
0.058
0.058
0.046
0.027
0.026
0.033
0.033
0.035
0.031
0.021
0.016
0.014
0.016
0.023
0.031
0.044
0.046
0.041
0.035
0.035
0.033
0.034
0.033
0.046
0.061
0.056
0.046
0.038
0.031
0.03
0.03
0.031
0.033
0.039
0.041
0.038
0.028
0.025
0.036
0.052
0.06
0.072
0.084
0.08
0.071
0.062
0.059
0.061
0.053
0.044
0.044
0.035
0.023
0.018
0.011
0.004
-0.0024
-0.0042
-0.0053
-0.014
-0.018
-0.0031
0.013
0.033
0.036
0.013
-0.0045
0.00093
0.016
0.019
0.018
0.014
0.011
0.011
0.014
0.016
0.011
0.0025
-0.0022
0.0022
0.0079
-0.0012
-0.014
-0.0048
0.0045
-0.0025
0.0026
0.016
0.017
0.014
0.023
0.025
0.012
0.0046
0.011
0.022
0.03
0.033
0.013
-0.02
-0.037
-0.028
-0.0022
-0.0028
-0.015
0.0011
0.043
0.064
0.068
0.075
0.073
0.064
0.059
0.037
0.0068
-0.0021
0.018
0.041
0.06
0.066
0.05
0.016
-0.014
-0.032
-0.043
-0.044
-0.038
-0.04
-0.031
-0.0053
0.011
0.013
0.0064
0.00084
-0.013
-0.036
-0.053
-0.068
-0.07
-0.046
-0.014
-0.00087
-0.013
-0.037
-0.045
-0.016
0.0076
-0.0065
-0.036
-0.057
-0.068
-0.065
-0.048
-0.031
-0.027
-0.017
-0.007
-0.013
-0.026
-0.031
-0.031
-0.026
-0.032
-0.042
-0.041
-0.026
-0.01
-0.0011
-0.0049
-0.015
-0.024
-0.017
-0.011
-0.013
-0.013
-0.00053
0.018
0.031
0.021
-0.013
-0.058
-0.099
-0.11
-0.091
-0.068
-0.055
-0.048
-0.052
-0.062
-0.059
-0.047
-0.048
-0.061
-0.065
-0.055
-0.04
-0.03
-0.026
-0.021
-0.019
-0.025
-0.032
-0.036
-0.043
-0.057
-0.058
-0.048
-0.047
-0.052
-0.052
-0.05
-0.051
-0.043
-0.041
-0.039
-0.029
-0.025
-0.03
-0.033
-0.026
-0.019
-0.014
-0.017
-0.025
-0.031
-0.041
-0.038
-0.025
-0.0099
-0.01
-0.025
-0.037
-0.046
-0.056
-0.07
-0.082
-0.088
-0.082
-0.08
-0.085
-0.092
-0.1
-0.1
-0.094
-0.081
-0.068
-0.053
-0.043
-0.027
-0.013
-0.013
-0.01
0.0046
0.033
0.068
0.082
0.071
0.046
0.018
-0.0089
-0.024
-0.021
-0.012
-0.0064
-0.0057
-0.02
-0.034
-0.029
-0.0023
0.017
0.02
0.021
0.033
0.044
0.05
0.047
0.04
0.042
0.052
0.058
0.056
0.054
0.05
0.049
0.05
0.042
0.03
0.035
0.051
0.043
0.038
0.052
0.056
0.055
0.055
0.057
0.059
0.056
0.044
0.043
0.045
0.041
0.036
0.024
0.015
-0.00017
-0.026
-0.045
-0.049
-0.036
-0.015
0.0086
0.017
0.015
0.0019
-0.0073
-0.0031
-0.0029
0.0051
0.018
0.023
0.034
0.041
0.04
0.034
0.029
0.012
-0.014
-0.036
-0.037
-0.016
0.0067
0.024
0.029
0.021
0.0075
0.0039
0.014
0.026
0.037
0.054
0.07
0.073
0.067
0.054
0.037
0.031
0.037
0.032
0.031
0.047
0.049
0.035
0.017
-0.0006
0.006
0.018
0.016
0.017
0.022
0.037
0.058
0.066
0.064
0.061
0.051
0.048
0.052
0.058
0.063
0.056
0.046
0.038
0.031
0.03
0.039
0.054
0.061
0.059
0.051
0.051
0.061
0.083
0.1
0.1
0.076
0.044
0.012
-0.0092
-0.019
-0.0065
0.011
0.02
0.029
0.048
0.059
0.048
0.021
0.0029
-0.0079
-0.014
-0.013
-0.0072
0.0093
0.024
0.036
0.05
0.046
0.021
-0.0089
-0.021
-0.018
-0.011
-0.0044
0.0028
0.00023
-0.014
-0.016
-0.0083
0.0035
0.016
0.0093
0.0011
-0.0086
-0.0058
0.0012
0.0072
0.0042
-0.0049
-0.018
-0.034
-0.042
-0.041
-0.019
0.0015
0.0025
-0.0086
-0.024
-0.025
-0.011
0.014
0.036
0.044
0.037
0.023
0.012
-0.0047
-0.01
-0.0085
-0.014
-0.012
0.0016
0.015
0.03
0.032
0.019
-0.0011
-0.011
-0.003
0.019
0.025
0.022
0.028
0.022
0.003
-0.012
-0.01
0.019
0.051
0.064
0.059
0.037
-0.00011
-0.028
-0.038
-0.039
-0.051
-0.06
-0.067
-0.064
-0.038
-0.011
0.0041
0.0082
0.0039
0.0014
0.0017
0.0098
0.028
0.039
0.037
0.02
0.0022
-0.0099
-0.011
0.0059
0.042
0.082
0.11
0.11
0.11
0.086
0.065
0.05
0.049
0.054
0.07
0.1
0.13
0.15
0.15
0.13
0.1
0.1
0.1
0.08
0.037
0.003
-0.0027
-0.013
-0.026
-0.04
-0.051
-0.019
0.043
0.11
0.15
0.14
0.15
0.16
0.17
0.15
0.14
0.12
0.088
0.074
0.076
0.067
0.041
0.025
-0.013
-0.058
-0.072
-0.048
0.015
0.085
0.14
0.17
0.16
0.12
0.085
0.064
0.044
0.025
-0.0046
-0.028
-0.033
-0.025
-0.026
-0.037
-0.032
-0.015
0.015
0.031
0.028
0.034
0.048
0.053
0.036
0.021
0.01
-7.6e-005
-0.00099
-0.0026
-0.012
-0.029
-0.033
-0.037
-0.033
-0.016
0.0055
0.024
0.034
0.044
0.049
0.049
0.04
0.018
-0.0058
-0.021
-0.033
-0.033
-0.023
-0.019
-0.027
-0.035
-0.047
-0.079
-0.099
-0.067
-0.023
-0.0063
-0.01
-0.013
-0.029
-0.06
-0.077
-0.078
-0.058
-0.047
-0.039
-0.027
-0.019
-0.026
-0.046
-0.055
-0.053
-0.032
0.0026
0.022
0.003
-0.035
-0.063
-0.087
-0.091
-0.09
-0.1
-0.097
-0.082
-0.057
-0.054
-0.055
-0.058
-0.064
-0.07
-0.074
-0.076
-0.081
-0.074
-0.057
-0.061
-0.083
-0.077
-0.057
-0.053
-0.056
-0.044
-0.025
-0.0083
0.0025
-0.024
-0.078
-0.11
-0.084
-0.041
-0.0068
0.0048
-0.012
-0.027
-0.024
-0.024
-0.019
-0.00063
0.019
0.022
0.0054
-0.0018
0.0045
0.0067
0.0014
-0.011
-0.023
-0.025
-0.027
-0.024
-0.021
-0.021
-0.011
0.011
0.023
0.017
0.0092
0.023
0.044
0.056
0.049
0.031
0.019
0.019
0.018
0.0076
-0.01
-0.025
-0.027
-0.025
-0.027
-0.022
-0.012
0.0062
0.026
0.033
0.044
0.071
0.091
0.091
0.083
0.07
0.053
0.031
0.023
0.035
0.042
0.034
0.03
0.059
0.088
0.081
0.042
0.012
0.017
0.04
0.053
0.057
0.054
0.051
0.059
0.072
0.085
0.093
0.075
0.062
0.073
0.093
0.095
0.082
0.06
0.044
0.045
0.047
0.051
0.045
0.038
0.038
0.04
0.048
0.052
0.043
0.039
0.046
0.06
0.065
0.061
0.06
0.06
0.053
0.055
0.053
0.032
0.0099
-0.0046
0.0013
0.033
0.063
0.057
0.025
0.0098
0.023
0.04
0.046
0.037
0.0088
-0.016
-0.027
-0.018
0.0054
0.025
0.029
0.017
-0.0059
-0.019
-0.023
-0.015
-0.011
-0.0048
0.0056
0.015
0.012
0.00078
-0.0043
-0.016
-0.029
-0.033
-0.035
-0.038
-0.039
-0.038
-0.031
-0.025
-0.027
-0.026
-0.019
-0.019
-0.022
-0.036
-0.05
-0.05
-0.027
-0.0045
0.0054
-7.6e-005
-0.017
-0.029
-0.042
-0.054
-0.059
-0.047
-0.033
-0.027
-0.027
-0.041
-0.066
-0.085
-0.072
-0.059
-0.061
-0.058
-0.045
-0.046
-0.055
-0.064
-0.07
-0.069
-0.07
-0.069
-0.059
-0.053
-0.048
-0.045
-0.039
-0.052
-0.071
-0.082
-0.085
-0.078
-0.056
-0.036
-0.033
-0.026
-0.023
-0.04
-0.065
-0.072
-0.046
-0.01
0.0093
0.012
0.0036
-0.011
-0.027
-0.026
-0.03
-0.038
-0.027
-0.0065
0.0042
0.0033
-0.00038
-0.0025
0.00038
-0.0088
-0.023
-0.024
-0.013
0.0097
0.029
0.025
0.0072
-0.00044
0.0082
0.023
0.034
0.031
0.018
0.0063
0.012
0.018
0.01
0.014
0.027
0.029
0.014
0.0025
-0.0065
-0.0061
0.0073
0.028
0.049
0.06
0.051
0.0065
-0.031
-0.031
-0.025
-0.014
-0.0018
0.00075
0.0048
0.028
0.049
0.062
0.072
0.07
0.067
0.053
0.025
0.0016
-0.0053
0.0037
0.013
0.033
0.045
0.026
0.0073
0.02
0.038
0.044
0.051
0.058
0.047
0.026
0.017
0.012
0.019
0.05
0.08
0.096
0.084
0.062
0.035
0.019
0.031
0.055
0.06
0.041
0.034
0.053
0.083
0.095
0.076
0.045
0.017
-0.0054
-0.0097
0.002
0.016
0.0025
-0.018
-0.013
-0.0002
0.0036
0.0087
0.0054
-0.0073
-0.017
-0.026
-0.029
-0.023
-0.013
-0.021
-0.046
-0.051
-0.034
-0.014
-0.0053
0.00075
0.0044
0.0041
1.5e-005
0.0051
0.019
0.026
0.017
-0.0025
-0.01
-0.003
-0.0058
-0.011
-0.012
-0.0069
-0.0063
-0.0016
0.0061
0.02
0.039
0.038
0.021
0.0085
-0.0011
-0.0081
-0.013
-0.011
-0.0009
0.006
-0.0061
-0.027
-0.051
-0.066
-0.053
-0.037
-0.031
-0.02
-0.0086
-0.0079
-0.0078
-0.0043
0.0054
0.024
0.032
0.026
0.012
0.0015
-0.0099
-0.014
-0.0018
0.004
-0.0027
-0.0055
-0.0035
-0.015
-0.025
-0.0075
0.014
0.01
0.00011
-0.015
-0.033
-0.038
-0.044
-0.044
-0.024
-0.00041
0.012
0.015
0.017
0.0058
-0.011
-0.016
0.0016
0.017
0.029
0.033
0.023
0.018
0.025
0.023
0.0073
-0.003
-0.0014
-0.0024
-0.0083
0.0076
0.022
0.0059
-0.0079
-0.0035
-0.01
-0.025
-0.025
-0.011
0.0097
0.022
0.016
-0.0052
-0.029
-0.038
-0.041
-0.046
-0.035
-0.023
-0.021
-0.02
-0.017
-0.0052
0.0012
-7.6e-005
0.0064
0.0043
-0.016
-0.036
-0.021
-0.0011
-0.0015
-0.012
-0.017
-0.023
-0.027
-0.011
0.0047
0.014
0.023
0.034
0.04
0.043
0.037
0.033
0.048
0.055
0.033
0.02
0.024
0.014
0.0083
0.024
0.032
0.02
0.0085
0.023
0.04
0.035
0.026
0.03
0.049
0.07
0.077
0.071
0.056
0.04
0.029
0.039
0.047
0.048
0.055
0.055
0.039
0.026
0.02
0.02
0.024
0.029
0.044
0.05
0.037
0.016
-0.0089
0.008
0.035
0.06
0.067
0.053
0.032
0.016
0.0058
0.0089
0.03
0.037
0.022
-0.022
-0.05
-0.056
-0.037
-0.0044
0.015
0.041
0.039
-0.0009
-0.045
-0.06
-0.04
-0.024
-0.023
-0.0009
0.044
0.071
0.068
0.057
0.05
0.033
0.0051
-0.022
-0.04
-0.058
-0.078
-0.073
-0.044
-0.011
0.023
0.044
0.037
0.013
0.0018
0.0066
0.019
0.035
0.037
0.018
-0.0022
-0.013
-0.015
-0.015
-0.0085
0.011
0.034
0.039
0.029
0.0065
-0.011
-0.013
-0.019
-0.026
-0.019
-0.013
0.002
0.026
0.031
0.017
0.02
0.036
0.038
0.032
0.035
0.038
0.028
0.0073
-0.012
-0.019
-0.025
-0.024
-0.014
0.0039
0.0094
-0.0052
-0.0093
-0.0019
-0.006
-0.0083
0.01
0.022
0.013
0.013
0.0054
-0.012
-0.021
-0.029
-0.027
-0.016
-0.011
-0.0091
-0.011
-0.0086
0.0046
0.018
0.017
0.0033
-0.01
0.0087
0.036
0.045
0.043
0.048
0.055
0.047
0.031
0.028
0.021
0.01
0.029
0.054
0.052
0.033
0.01
-0.021
-0.044
-0.033
-0.0049
0.019
0.032
0.024
-0.00072
-0.014
0.0016
0.027
0.03
0.028
0.034
0.042
0.04
0.018
0.0041
0.0047
0.0037
0.0097
0.021
0.026
0.013
-0.00032
0.00081
0.008
0.012
0.02
0.023
0.023
0.026
0.033
0.038
0.039
0.036
0.023
0.01
0.0027
0.00063
0.0021
-0.0026
-0.0009
0.021
0.031
0.021
0.017
0.016
0.018
0.02
0.0099
-0.0043
-0.0086
-0.012
-0.0098
0.00075
0.0035
0.0016
0.018
0.035
0.037
0.021
0.0025
-0.00096
-0.00038
-0.0049
-0.018
-0.028
-0.027
-0.024
-0.037
-0.045
-0.045
-0.043
-0.037
-0.032
-0.031
-0.02
0.0079
0.031
0.026
-0.00053
-0.032
-0.049
-0.049
-0.036
-0.043
-0.053
-0.042
-0.039
-0.041
-0.035
-0.035
-0.045
-0.06
-0.057
-0.042
-0.046
-0.051
-0.032
-0.023
-0.033
-0.042
-0.053
-0.049
-0.027
-0.0041
-0.001
-0.011
-0.019
-0.023
-0.033
-0.04
-0.032
-0.016
-0.0082
-0.01
-0.0059
-0.00014
-0.011
-0.019
-0.0054
0.014
0.024
0.026
0.022
0.0077
0.011
0.022
0.027
0.031
0.031
0.025
0.02
0.017
0.0072
0.0002
0.0083
0.03
0.046
0.057
0.057
0.043
0.038
0.046
0.044
0.036
0.04
0.03
0.016
0.033
0.056
0.059
0.044
0.033
0.027
0.023
0.04
0.061
0.061
0.044
0.031
0.0075
-0.013
-0.018
-0.027
-0.014
0.0098
0.034
0.055
0.064
0.06
0.052
0.038
0.018
0.013
0.01
-0.0085
-0.027
-0.04
-0.023
0.027
0.082
0.11
0.091
0.052
0.013
-0.0011
0.012
0.037
0.049
0.041
0.019
0.0082
0.025
0.057
0.078
0.078
0.055
0.016
-0.0081
-0.024
-0.045
-0.046
-0.022
0.0083
0.031
0.038
0.038
0.045
0.036
0.0064
-0.019
-0.013
0.01
0.031
0.04
0.045
0.037
0.015
0.0087
0.02
0.026
0.02
0.0086
0.0046
-0.0039
-0.021
-0.022
-0.013
-0.0029
0.018
0.02
0.0031
-0.0062
0.00014
0.0041
0.002
0.0054
0.014
0.018
0.017
0.008
-0.0048
-0.017
-0.028
-0.04
-0.04
-0.041
-0.051
-0.049
-0.033
-0.016
0.0054
0.027
0.036
0.029
0.013
-0.005
-0.027
-0.031
-0.029
-0.037
-0.042
-0.038
-0.037
-0.039
-0.035
-0.046
-0.061
-0.064
-0.067
-0.068
-0.05
-0.018
-0.012
-0.018
-0.022
-0.026
-0.02
-0.02
-0.03
-0.039
-0.035
-0.022
-0.019
-0.022
-0.021
-0.025
-0.032
-0.019
-0.0053
0.0079
0.028
0.036
0.028
0.019
0.0046
-0.01
-0.014
-0.0015
0.0054
-0.0032
-0.0054
-0.0038
-0.013
-0.012
-0.00096
-0.0014
-0.015
-0.025
-0.018
0.0079
0.029
0.032
0.023
0.0079
0.0077
0.019
0.029
0.04
0.054
0.07
0.08
0.08
0.082
0.091
0.086
0.063
0.03
-0.0046
-0.032
-0.027
-0.0021
0.021
0.037
0.055
0.067
0.063
0.059
0.057
0.057
0.057
0.052
0.037
0.022
0.012
0.0067
0.018
0.027
0.015
0.0079
0.0094
0.0083
0.0061
0.0041
-0.0012
0.0087
0.033
0.053
0.057
0.047
0.034
0.027
0.028
0.031
0.036
0.035
0.038
0.04
0.029
0.027
0.024
0.029
0.043
0.06
0.072
0.077
0.066
0.047
0.03
0.018
0.024
0.037
0.045
0.046
0.037
0.038
0.047
0.058
0.05
0.026
-0.00047
-0.0093
-0.0096
-0.00066
0.024
0.036
0.031
0.021
0.019
0.023
0.031
0.037
0.04
0.044
0.05
0.056
0.048
0.024
0.012
0.0091
-0.0024
-0.0087
0.0009
0.013
0.019
0.018
0.012
0.016
0.016
0.012
0.022
0.03
0.031
0.028
0.02
0.013
0.0077
0.014
0.033
0.041
0.031
0.022
0.015
-0.00075
-0.027
-0.057
-0.074
-0.063
-0.033
0.0034
0.032
0.046
0.054
0.052
0.044
0.031
0.025
0.019
-0.0025
-0.027
-0.026
-0.0075
0.016
0.052
0.071
0.062
0.056
0.052
0.037
0.023
0.011
-0.0043
-0.028
-0.043
-0.046
-0.029
0.00038
0.021
0.025
0.031
0.035
0.01
-0.015
-0.033
-0.041
-0.028
0.001
0.016
0.007
-0.0073
-0.02
-0.016
-0.0029
-0.0074
-0.023
-0.04
-0.045
-0.045
-0.033
-0.025
-0.028
-0.024
-0.018
-0.0079
-0.0058
0.0032
0.022
0.032
0.031
0.031
0.022
-0.0027
-0.03
-0.03
-0.022
-0.029
-0.02
0.0052
0.0047
-0.0074
-0.0094
-0.012
-0.0079
0.0015
0.0016
0.012
0.02
0.014
0.011
0.024
0.034
0.039
0.05
0.058
0.049
0.045
0.056
0.068
0.065
0.052
0.042
0.048
0.052
0.044
0.041
0.044
0.044
0.041
0.034
0.029
0.029
0.035
0.036
0.024
0.0079
-0.0034
-0.0026
0.012
0.032
0.047
0.054
0.046
0.024
0.011
0.014
0.016
0.013
-0.00038
-0.012
-0.0047
0.018
0.02
-0.0025
-0.027
-0.038
-0.034
-0.021
-0.011
-0.017
-0.021
-0.018
-0.0048
0.0098
0.009
-0.0065
-0.019
-0.019
-0.016
-0.014
-0.0087
0.015
0.033
0.036
0.037
0.032
0.02
-0.00063
-0.011
0.0026
0.021
0.032
0.027
-0.00017
-0.032
-0.039
-0.028
-0.003
0.017
0.032
0.043
0.039
0.023
0.0057
-0.0032
-0.00099
0.0091
0.012
0.01
0.0075
0.0081
0.013
-0.00075
-0.035
-0.06
-0.071
-0.064
-0.046
-0.016
0.018
0.043
0.047
0.026
0.004
-0.0051
-0.011
-0.021
-0.034
-0.042
-0.041
-0.039
-0.036
-0.026
-0.01
0.0028
0.015
0.026
0.037
0.042
0.043
0.046
0.046
0.036
0.015
-0.011
-0.035
-0.032
-0.0047
0.03
0.05
0.047
0.031
0.021
0.019
0.024
0.027
0.028
0.021
0.014
0.011
0.0078
0.0011
-0.0018
-0.00044
0.005
0.0098
0.0068
-0.0006
-0.0047
0.0048
0.015
0.018
0.011
0.013
0.02
0.02
0.025
0.028
0.03
0.027
0.024
0.018
0.0071
0.00099
0.0058
0.0056
0.0069
0.017
0.013
-0.0018
-0.0061
-0.012
-0.013
-0.0019
0.011
0.017
0.02
0.016
0.011
0.0058
-0.0048
-0.0082
-0.0047
0.011
0.025
0.023
0.011
0.0015
-0.007
-0.008
-0.0066
0.0066
0.032
0.052
0.057
0.053
0.043
0.034
0.028
-0.0015
-0.045
-0.065
-0.065
-0.055
-0.042
-0.022
0.0075
0.033
0.041
0.039
0.025
-0.00011
-0.019
-0.033
-0.048
-0.06
-0.064
-0.05
-0.03
-0.012
0.0023
0.00099
-0.008
-0.0092
-0.024
-0.046
-0.044
-0.029
-0.026
-0.019
0.0028
0.03
0.047
0.044
0.033
0.022
0.004
-0.026
-0.056
-0.057
-0.033
-0.013
-0.00026
0.0087
0.0075
0.012
0.024
0.015
-0.017
-0.044
-0.042
-0.024
-0.01
-0.001
0.0046
0.0065
0.0088
0.019
0.027
0.022
-0.0091
-0.037
-0.033
-0.017
-0.0062
0.012
0.028
0.018
0.0014
-0.0095
-0.0066
0.0028
-0.00026
-0.0059
0.0024
0.023
0.039
0.05
0.043
0.021
0.0063
4.6e-005
0.013
0.024
0.027
0.027
0.024
0.028
0.038
0.033
0.01
-0.013
-0.021
-0.021
-0.018
0.0023
0.027
0.03
0.016
0.015
0.023
0.026
0.028
0.031
0.041
0.049
0.036
0.014
0.0091
0.024
0.05
0.065
0.06
0.041
0.036
0.042
0.05
0.05
0.047
0.053
0.059
0.057
0.055
0.06
0.076
0.088
0.087
0.071
0.058
0.054
0.054
0.059
0.058
0.052
0.038
0.027
0.036
0.048
0.043
0.029
0.021
0.024
0.024
0.029
0.04
0.047
0.032
0.011
-0.0006
-0.0019
0.00081
-0.0027
-0.01
-0.015
-0.0036
0.0075
0.0057
0.0032
0.013
0.033
0.043
0.045
0.039
0.029
0.017
0.0087
0.0062
0.011
0.013
0.00072
-0.019
-0.029
-0.026
-0.0091
0.0086
0.0039
-0.02
-0.038
-0.03
-0.0067
0.006
0.0035
-0.012
-0.027
-0.033
-0.028
-0.021
-0.016
-0.015
-0.018
-0.022
-0.023
-0.0093
0.003
0.0014
-0.0041
0.0054
0.01
-0.0029
-0.014
-0.02
-0.026
-0.028
-0.024
-0.017
0.002
0.03
0.056
0.064
0.044
0.0046
-0.028
-0.039
-0.033
-0.012
0.011
0.019
0.027
0.029
0.018
0.0065
0.0028
0.0039
0.0022
-0.014
-0.021
-0.0089
0.011
0.028
0.029
0.0091
-0.019
-0.034
-0.03
-0.012
0.0016
0.012
0.018
0.011
-0.011
-0.036
-0.053
-0.054
-0.053
-0.056
-0.059
-0.057
-0.045
-0.036
-0.038
-0.043
-0.038
-0.027
-0.021
-0.029
-0.045
-0.064
-0.068
-0.062
-0.045
-0.016
0.014
0.029
0.032
0.033
0.022
0.0018
-0.018
-0.04
-0.072
-0.091
-0.081
-0.058
-0.028
0.0086
0.042
0.057
0.041
0.013
-0.0099
-0.0042
0.0036
-0.0014
-0.013
-0.026
-0.024
-0.018
-0.0095
-0.005
0.0009
0.014
0.023
0.019
0.0055
-0.0095
-0.0064
0.0046
0.017
0.02
0.011
0.02
0.035
0.032
0.011
-0.0066
-0.017
-0.022
-0.028
-0.022
0.011
0.046
0.049
0.027
0.0027
-0.0063
0.0024
0.0096
0.013
0.021
0.031
0.031
0.014
-0.011
-0.015
0.0036
0.026
0.043
0.044
0.027
0.0057
-0.014
-0.027
-0.042
-0.061
-0.071
-0.059
-0.032
-0.0011
0.025
0.04
0.046
0.056
0.07
0.079
0.077
0.068
0.058
0.052
0.046
0.026
-0.005
-0.026
-0.013
0.018
0.039
0.039
0.029
0.015
0.0053
0.0021
0.0012
0.012
0.03
0.043
0.052
0.056
0.059
0.055
0.047
0.037
0.015
-0.008
-0.022
-0.019
0.0024
0.018
0.022
0.019
0.028
0.045
0.042
0.037
0.049
0.061
0.043
0.0022
-0.019
-0.016
-0.0076
-0.023
-0.038
-0.031
-0.0057
0.0089
-0.0022
-0.016
-0.013
0.0077
0.026
0.035
0.028
0.0087
-0.0083
-0.0078
0.0034
0.006
-0.00078
-0.0025
0.0096
0.025
0.04
0.048
0.055
0.066
0.063
0.034
0.005
0.0021
0.019
0.032
0.027
-0.00044
-0.024
-0.026
-0.007
0.021
0.038
0.041
0.043
0.039
0.031
0.028
0.044
0.063
0.074
0.066
0.034
-0.0067
-0.03
-0.028
-0.018
-0.015
-0.014
-0.0047
0.01
0.021
0.016
0.012
0.026
0.033
0.0089
-0.025
-0.042
-0.038
-0.02
-0.0011
0.011
0.0062
-0.0055
-0.017
-0.03
-0.048
-0.053
-0.043
-0.034
-0.026
-0.012
0.0041
0.0097
0.0023
-0.011
-0.018
-0.021
-0.022
-0.031
-0.037
-0.032
-0.034
-0.045
-0.062
-0.083
-0.093
-0.08
-0.06
-0.048
-0.036
-0.024
-0.015
-0.018
-0.028
-0.047
-0.066
-0.08
-0.086
-0.077
-0.059
-0.048
-0.054
-0.063
-0.07
-0.071
-0.064
-0.053
-0.036
-0.02
-0.0035
0.00035
-0.001
-0.0082
-0.031
-0.048
-0.052
-0.062
-0.069
-0.058
-0.043
-0.028
-0.011
-0.0046
-0.002
0.0021
-0.0066
-0.022
-0.025
-0.024
-0.026
-0.044
-0.058
-0.035
-0.017
-0.015
-0.0097
-0.0096
-0.0068
0.017
0.063
0.096
0.074
0.027
0.0051
-0.017
-0.036
-0.018
-0.0089
-0.021
-0.0085
0.026
0.035
0.032
0.048
0.055
0.028
0.0029
0.00026
-4.6e-005
0.00066
0.0017
-0.0061
-0.011
-0.014
-0.013
-0.015
-0.018
-0.0022
0.03
0.046
0.034
0.028
0.041
0.058
0.051
0.017
-0.017
-0.036
-0.029
-0.0002
0.028
0.045
0.056
0.061
0.057
0.045
0.027
0.017
0.012
0.0032
0.015
0.029
0.034
0.047
0.062
0.056
0.026
-0.0047
-0.025
-0.016
-0.0014
0.0063
0.012
0.017
0.013
-0.00035
-0.016
-0.038
-0.064
-0.072
-0.059
-0.041
-0.017
0.0074
0.026
0.036
0.032
0.016
-0.0085
-0.021
-0.026
-0.015
-0.0046
-0.017
-0.042
-0.051
-0.042
-0.029
-0.011
0.015
0.038
0.047
0.039
0.011
-0.022
-0.044
-0.053
-0.054
-0.049
-0.035
-0.015
-0.0045
-0.0055
-0.008
-0.016
-0.026
-0.032
-0.025
-0.014
-0.0075
-0.00066
0.021
0.041
0.037
0.016
-0.0074
-0.023
-0.029
-0.026
-0.014
0.005
0.0096
-0.0064
-0.035
-0.053
-0.039
-0.018
-0.017
-0.025
-0.028
-0.03
-0.024
-0.017
-0.022
-0.023
-0.0085
0.012
0.018
0.0038
-0.012
-0.0096
0.012
0.029
0.026
0.019
0.017
0.022
0.023
0.016
0.0038
-0.011
-0.012
-0.013
-0.019
-0.017
-0.009
0.0012
0.022
0.06
0.074
0.053
0.014
-0.015
-0.023
-0.0089
0.016
0.028
0.03
0.033
0.038
0.045
0.056
0.067
0.07
0.065
0.045
0.028
0.016
0.0097
0.014
0.0089
-0.01
-0.017
0.008
0.024
0.025
0.018
0.011
0.02
0.028
0.045
0.047
0.0075
-0.021
-0.0066
0.0064
0.0086
0.013
0.0058
-0.0035
-0.012
-0.024
-0.011
0.0018
0.0075
0.02
0.022
0.011
-0.0035
-0.032
-0.06
-0.072
-0.077
-0.079
-0.072
-0.049
-0.026
-0.00017
0.022
0.027
0.021
0.018
0.0044
-0.0027
0.0064
0.012
0.022
0.03
0.017
-0.011
-0.044
-0.054
-0.05
-0.054
-0.044
-0.016
0.0031
-0.0072
-0.039
-0.067
-0.076
-0.077
-0.084
-0.073
-0.042
-0.0088
0.011
0.021
0.034
0.027
0.015
0.024
0.058
0.078
0.063
0.029
-0.013
-0.025
-0.02
-0.0062
0.013
0.041
0.073
0.1
0.12
0.11
0.094
0.089
0.085
0.07
0.049
0.024
0.0084
0.016
0.034
0.051
0.068
0.09
0.11
0.12
0.13
0.13
0.13
0.12
0.086
0.044
0.031
0.032
0.033
0.022
0.011
0.014
0.017
0.0043
0.0024
0.012
0.012
0.014
0.013
0.00047
-0.018
-0.022
-0.0032
0.025
0.04
0.037
0.043
0.067
0.084
0.086
0.095
0.11
0.096
0.057
0.016
-0.015
-0.035
-0.046
-0.047
-0.052
-0.057
-0.048
-0.049
-0.056
-0.05
-0.035
-0.022
-0.011
0.00023
0.014
0.034
0.045
0.046
0.041
0.019
-0.014
-0.047
-0.075
-0.096
-0.099
-0.083
-0.066
-0.049
-0.045
-0.051
-0.051
-0.042
-0.031
-0.035
-0.027
-0.0022
0.012
0.017
0.024
0.015
0.0015
0.0013
-0.0016
-0.0076
-0.012
-0.0027
0.0092
0.0014
-0.011
-0.024
-0.03
-0.031
-0.021
-0.0066
4.6e-005
0.0092
0.03
0.047
0.062
0.068
0.053
0.027
0.013
0.012
0.019
0.037
0.054
0.047
0.025
0.0099
0.0055
0.011
0.016
0.012
0.0098
0.017
0.011
-0.0085
-0.017
-0.0019
0.021
0.033
0.032
0.021
0.0048
0.0009
0.011
0.026
0.049
0.07
0.082
0.082
0.071
0.061
0.062
0.066
0.061
0.039
0.0099
-0.013
-0.017
-0.0041
0.0049
0.017
0.042
0.065
0.076
0.08
0.077
0.072
0.06
0.04
0.026
0.034
0.05
0.058
0.055
0.054
0.051
0.049
0.053
0.059
0.059
0.045
0.034
0.043
0.055
0.058
0.06
0.064
0.06
0.059
0.054
0.041
0.024
0.016
0.014
0.011
0.0097
0.012
0.015
0.026
0.037
0.031
0.026
0.024
0.021
0.025
0.026
0.029
0.033
0.037
0.045
0.053
0.057
0.05
0.04
0.043
0.058
0.057
0.037
0.023
0.024
0.029
0.035
0.041
0.043
0.044
0.037
0.032
0.046
0.05
0.047
0.036
0.013
0.0022
0.021
0.041
0.056
0.064
0.052
0.046
0.047
0.051
0.061
0.061
0.051
0.044
0.036
0.027
0.02
0.012
0.0083
0.015
0.013
0.0011
-0.0072
0.005
0.018
0.00032
-0.037
-0.063
-0.072
-0.043
0.019
0.058
0.049
0.011
-0.026
-0.048
-0.048
-0.05
-0.049
-0.035
-0.0091
0.022
0.036
0.046
0.057
0.058
0.063
0.051
0.0034
-0.052
-0.082
-0.078
-0.047
-0.023
-0.031
-0.05
-0.058
-0.046
-0.016
0.019
0.045
0.051
0.042
0.018
-0.024
-0.053
-0.05
-0.024
-0.00096
0.015
0.013
0.0015
-0.017
-0.037
-0.02
0.012
0.028
0.034
0.028
0.004
-0.022
-0.028
-0.0083
0.027
0.031
0.011
-0.0029
0.0055
0.031
0.056
0.064
0.053
0.039
0.041
0.031
0.004
-0.0076
-0.0064
-0.014
-0.021
-0.015
-0.013
-0.016
-0.0083
-0.0036
0.0054
0.021
0.018
-0.0012
-0.011
-0.0081
0.0002
0.0057
0.0074
0.0063
-0.0079
-0.023
-0.034
-0.048
-0.047
-0.04
-0.028
-0.016
-0.014
-0.016
-0.0099
0.0032
0.0041
-0.0082
-0.017
-0.026
-0.032
-0.037
-0.043
-0.049
-0.037
-0.021
-0.013
-0.00078
0.013
0.024
0.041
0.082
0.11
0.083
0.025
-0.043
-0.11
-0.11
-0.05
0.046
0.083
0.016
-0.088
-0.15
-0.13
-0.037
0.058
0.11
0.12
0.096
0.064
0.011
-0.026
-0.037
-0.014
0.031
0.046
0.028
-0.0082
-0.0022
0.018
-0.0088
-0.0036
0.044
0.077
0.072
0.036
0.03
0.052
0.071
0.072
0.041
0.012
-0.035
-0.091
-0.071
-0.029
0.026
0.11
0.15
0.14
0.091
0.035
0.00014
-0.02
-0.0061
0.024
0.037
0.02
-0.021
-0.069
-0.085
-0.04
0.022
0.071
0.11
0.14
0.12
0.09
0.042
-0.012
-0.04
-0.034
-0.024
-0.034
-0.035
-0.0058
0.036
0.056
0.053
0.044
0.028
0.016
0.03
0.047
0.055
0.038
0.02
0.0083
-0.0071
-0.015
-0.018
-0.017
0.00099
0.039
0.076
0.079
0.047
0.0036
-0.024
-0.024
-0.013
0.0022
0.016
0.026
0.024
0.02
0.021
0.021
0.014
0.0053
0.013
0.049
0.079
0.083
0.069
0.042
0.015
-0.003
-0.014
-0.0089
0.018
0.047
0.067
0.073
0.058
0.035
0.018
0.0033
-0.0048
-0.0019
0.012
0.029
0.029
0.0078
-0.014
-0.039
-0.058
-0.043
-0.022
-0.0027
0.012
0.0069
-0.011
-0.022
-0.03
-0.033
-0.039
-0.052
-0.053
-0.042
-0.028
-0.022
-0.038
-0.068
-0.084
-0.065
-0.014
0.031
0.044
0.035
0.014
-0.0099
-0.019
-0.04
-0.063
-0.056
-0.054
-0.049
-0.0077
0.034
0.045
0.043
0.04
0.044
0.042
0.011
-0.026
-0.042
-0.046
-0.039
-0.04
-0.045
-0.036
-0.03
-0.021
0.003
0.025
0.042
0.044
0.025
0.011
-0.0063
-0.027
-0.021
-0.0028
-0.01
-0.018
-0.027
-0.046
-0.052
-0.046
-0.038
-0.03
-0.029
-0.021
-0.0079
-0.00014
0.004
-0.0034
-0.011
-0.015
-0.034
-0.05
-0.05
-0.059
-0.071
-0.068
-0.054
-0.037
-0.023
-0.034
-0.049
-0.037
-0.013
0.0047
0.015
0.017
-0.0017
-0.043
-0.07
-0.057
-0.032
-0.015
-0.011
-0.027
-0.049
-0.075
-0.09
-0.057
-0.021
-0.024
-0.043
-0.064
-0.088
-0.09
-0.075
-0.05
-0.019
-0.0033
0.00066
-0.012
-0.035
-0.043
-0.036
-0.031
-0.025
-0.012
0.0013
0.0044
0.004
-0.0029
-0.025
-0.04
-0.03
-0.012
0.00078
0.012
0.019
0.017
0.0025
-0.023
-0.027
0.0025
0.021
0.012
-0.0032
-0.0014
0.0054
0.011
0.018
0.031
0.038
0.026
0.014
0.007
0.0036
0.0015
0.0097
0.016
0.017
0.013
0.012
0.011
0.013
0.013
0.01
0.019
0.032
0.036
0.03
0.018
-0.0035
-0.015
-0.0039
0.02
0.04
0.048
0.044
0.031
0.018
0.016
0.023
0.039
0.048
0.046
0.04
0.047
0.053
0.051
0.042
0.016
-0.0088
-0.013
-0.0059
0.00014
0.022
0.049
0.061
0.056
0.041
0.027
0.016
0.014
0.015
0.0076
0.0023
0.012
0.013
-0.0019
-0.011
-0.018
-0.018
-0.012
-0.019
-0.023
-0.013
-0.0033
-0.014
-0.029
-0.04
-0.04
-0.038
-0.034
-0.027
-0.03
-0.025
-0.014
-0.0092
-0.0098
-0.0062
-0.0012
-0.0051
-0.0052
-0.0029
-0.0022
-0.01
-0.019
-0.027
-0.045
-0.05
-0.039
-0.032
-0.029
-0.0094
0.018
0.036
0.033
0.0086
-0.012
-0.017
-0.018
-0.023
-0.024
-0.021
-0.0081
0.0088
0.01
-0.0019
-0.012
-0.019
-0.013
-0.012
-0.0046
-0.0015
-0.0082
-0.0082
-0.013
-0.015
-0.013
-0.011
-0.019
-0.012
-0.0049
-0.0021
0.0068
0.0078
-0.0013
-0.0088
-0.0081
-0.0056
-0.0041
0.0025
-0.0035
-0.024
-0.033
-0.034
-0.053
-0.057
-0.044
-0.039
-0.037
-0.028
-0.024
-0.023
-0.021
-0.025
-0.015
-0.0087
-0.01
-0.023
-0.044
-0.06
-0.075
-0.078
-0.066
-0.044
-0.02
0.0086
0.025
0.016
0.002
-0.0098
-0.016
-0.021
-0.035
-0.042
-0.04
-0.024
4.6e-005
0.017
0.015
-0.0076
-0.023
-0.039
-0.045
-0.041
-0.028
-0.012
-0.0014
0.0023
0.0072
0.025
0.045
0.06
0.063
0.047
0.026
0.0054
-0.019
-0.053
-0.061
-0.039
-0.014
-0.0076
-0.0085
-0.002
0.017
0.034
0.027
0.0043
-0.019
-0.023
-0.013
4.6e-005
0.011
0.023
0.023
0.023
0.033
0.045
0.057
0.061
0.046
0.016
-0.0022
-0.011
-0.0022
0.0069
0.00038
-0.0087
-0.0056
0.013
0.034
0.042
0.034
0.027
0.017
0.0063
0.0025
0.0017
0.004
0.0049
0.011
0.021
0.028
0.029
0.026
0.013
0.0054
0.012
0.02
0.033
0.043
0.042
0.037
0.029
0.021
0.013
0.014
0.024
0.036
0.034
0.029
0.015
0.00081
-0.013
-0.015
-0.01
-0.0056
0.0015
0.014
0.034
0.038
0.036
0.039
0.042
0.044
0.038
0.025
0.022
0.022
0.011
-0.0073
-0.015
-0.019
-0.017
-0.017
-0.0042
0.014
0.017
0.018
0.033
0.052
0.048
0.028
0.0098
0.0048
0.018
0.029
0.016
-0.0052
-0.0017
0.011
0.0093
0.0035
0.0051
0.0068
0.0038
0.0033
0.012
0.032
0.03
0.0047
-0.0088
-0.0012
0.015
0.02
0.018
0.02
0.025
0.032
0.047
0.055
0.052
0.042
0.03
0.024
0.03
0.035
0.043
0.054
0.062
0.065
0.051
0.034
0.021
0.027
0.033
0.027
0.017
0.014
0.016
0.021
0.027
0.03
0.028
0.028
0.021
0.014
0.014
0.0056
-0.0085
-0.00035
0.016
0.016
0.0075
0.0039
0.019
0.042
0.05
0.04
0.017
0.0053
0.031
0.068
0.079
0.061
0.041
0.038
0.049
0.064
0.062
0.046
0.033
0.041
0.057
0.061
0.068
0.073
0.071
0.063
0.057
0.064
0.076
0.082
0.074
0.055
0.03
0.014
0.0088
0.0084
0.024
0.031
0.029
0.02
0.0068
0.0044
0.019
0.037
0.041
0.044
0.065
0.088
0.096
0.08
0.061
0.046
0.041
0.034
0.015
-0.0057
-0.0052
0.016
0.043
0.065
0.059
0.05
0.051
0.041
0.025
0.016
0.012
0.022
0.032
0.03
0.024
0.0081
-0.0097
-0.016
-0.026
-0.026
-0.0056
0.018
0.04
0.043
0.032
0.028
0.032
0.033
0.022
-0.0045
-0.047
-0.074
-0.064
-0.036
-0.0022
0.018
0.013
-0.00017
-0.00026
0.017
0.046
0.076
0.079
0.036
-0.013
-0.036
-0.046
-0.04
-0.017
0.0047
0.011
0.011
0.0075
0.0087
0.0057
-0.0093
-0.013
-0.016
-0.025
-0.045
-0.047
-0.017
0.022
0.037
0.027
0.018
0.0052
-0.0058
-0.012
-0.01
0.0018
-0.0032
-0.022
-0.029
-0.02
0.0036
0.029
0.039
0.016
-0.0099
-0.02
-0.016
-0.019
-0.024
-0.015
-0.006
-0.019
-0.034
-0.034
-0.028
-0.024
-0.014
0.0056
0.015
0.006
-0.017
-0.058
-0.083
-0.072
-0.057
-0.046
-0.039
-0.035
-0.026
-0.011
-0.019
-0.029
-0.023
-0.02
-0.023
-0.026
-0.028
-0.028
-0.036
-0.046
-0.035
-0.023
-0.029
-0.052
-0.072
-0.071
-0.07
-0.076
-0.069
-0.055
-0.053
-0.07
-0.081
-0.083
-0.073
-0.054
-0.057
-0.078
-0.085
-0.073
-0.044
0.0013
0.034
0.027
-0.011
-0.045
-0.056
-0.054
-0.048
-0.029
-0.0081
-0.0016
-0.015
-0.025
-0.021
-0.019
-0.017
0.0019
0.019
0.0062
-0.023
-0.06
-0.072
-0.054
-0.038
-0.033
-0.032
-0.031
-0.028
-0.01
0.0098
0.011
-0.012
-0.022
-0.014
-0.014
-0.012
0.005
0.026
0.021
-0.0027
-0.0087
0.0074
0.024
0.032
0.032
0.023
0.0093
-0.014
-0.043
-0.055
-0.036
0.0024
0.022
0.0018
-0.035
-0.039
-0.0069
0.025
0.049
0.073
0.092
0.095
0.08
0.061
0.054
0.074
0.079
0.054
0.02
-0.0033
-0.02
-0.019
0.0091
0.028
0.019
-0.0023
-0.0053
0.011
0.034
0.042
0.039
0.041
0.049
0.05
0.034
0.0059
-0.019
-0.034
-0.024
0.00084
0.026
0.041
0.038
0.023
0.01
0.004
0.01
0.029
0.045
0.047
0.035
0.023
0.018
0.024
0.046
0.066
0.066
0.054
0.027
-0.0014
-0.0069
-0.00087
-0.003
-0.0029
0.0032
0.011
0.021
0.03
0.045
0.062
0.072
0.063
0.034
0.005
-0.009
-0.0045
0.0024
0.013
0.021
0.021
0.02
0.019
0.019
0.017
0.011
-0.0092
-0.039
-0.056
-0.041
-0.031
-0.04
-0.043
-0.023
0.012
0.026
0.0086
-0.0079
-0.0096
-0.0036
0.0047
0.011
0.018
0.031
0.029
-0.012
-0.062
-0.089
-0.095
-0.086
-0.08
-0.059
-0.025
0.0094
0.029
0.03
0.015
0.011
0.015
-0.0084
-0.033
-0.046
-0.041
-0.024
-0.022
-0.036
-0.048
-0.051
-0.039
-0.028
-0.044
-0.051
-0.029
-0.0092
-0.02
-0.043
-0.043
-0.0084
0.034
0.055
0.058
0.038
0.00017
-0.038
-0.058
-0.054
-0.038
-0.035
-0.057
-0.065
-0.049
-0.0017
0.033
0.031
0.028
0.042
0.052
0.045
0.037
0.043
0.062
0.065
0.052
0.036
0.028
0.022
0.015
0.021
0.037
0.036
0.033
0.042
0.042
0.028
0.022
0.029
0.034
0.038
0.035
0.026
0.026
0.032
0.046
0.059
0.068
0.057
0.021
-0.017
-0.02
0.0014
0.023
0.02
0.0078
0.02
0.021
-0.0017
-0.018
-0.0016
0.023
0.034
0.029
0.0083
-0.0081
-0.028
-0.037
-0.031
-0.024
-0.011
-0.004
-0.012
-0.03
-0.048
-0.058
-0.057
-0.042
-0.025
-0.029
-0.033
-0.025
-0.023
-0.033
-0.033
-0.033
-0.036
-0.044
-0.058
-0.076
-0.079
-0.069
-0.069
-0.069
-0.061
-0.047
-0.031
-0.016
-0.015
-0.024
-0.031
-0.03
-0.022
-0.019
-0.033
-0.048
-0.062
-0.073
-0.072
-0.064
-0.062
-0.064
-0.069
-0.064
-0.053
-0.051
-0.054
-0.044
-0.022
0.00093
0.019
0.02
0.018
0.019
0.023
0.029
0.025
0.0038
-0.016
-0.016
-0.00023
0.0063
0.0042
0.0012
0.0013
-0.0046
-0.012
-0.0094
-0.0026
0.012
0.033
0.045
0.05
0.05
0.044
0.03
0.027
0.036
0.042
0.035
0.025
0.017
0.0093
0.0099
0.013
0.017
0.017
0.013
0.0093
0.024
0.039
0.033
0.023
0.017
0.022
0.027
0.024
0.0063
-0.011
-0.029
-0.04
-0.029
-0.005
0.01
0.0069
0.001
-0.0033
0.0036
0.017
0.024
0.026
0.027
0.022
0.0043
0.0064
0.023
0.018
0.0041
0.00044
0.00032
0.016
0.044
0.051
0.039
0.026
0.004
-0.013
-0.013
-0.0034
0.011
0.028
0.041
0.049
0.043
0.032
0.029
0.031
0.026
0.023
0.022
0.023
0.029
0.046
0.066
0.068
0.057
0.043
0.037
0.039
0.048
0.06
0.069
0.072
0.074
0.071
0.065
0.052
0.042
0.056
0.08
0.088
0.074
0.058
0.042
0.029
0.046
0.074
0.071
0.06
0.066
0.063
0.055
0.038
0.0087
-0.0075
0.007
0.048
0.09
0.11
0.099
0.064
0.032
0.023
0.04
0.053
0.043
0.027
0.013
-0.011
-0.025
0.0015
0.046
0.069
0.074
0.066
0.051
0.044
0.045
0.036
0.02
0.017
0.019
0.017
0.0088
0.00014
0.012
0.042
0.063
0.072
0.067
0.034
-0.0032
-0.024
-0.032
-0.033
-0.015
0.011
0.00029
-0.039
-0.072
-0.085
-0.063
-0.033
-0.017
0.0051
0.029
0.025
-0.0059
-0.034
-0.049
-0.048
-0.04
-0.026
-0.01
-0.011
-0.021
-0.041
-0.063
-0.056
-0.034
-0.031
-0.051
-0.07
-0.084
-0.086
-0.067
-0.039
-0.015
-0.0088
-0.034
-0.065
-0.081
-0.084
-0.09
-0.082
-0.066
-0.054
-0.038
-0.018
-0.0063
-0.011
-0.022
-0.035
-0.042
-0.027
-0.0051
0.0017
-0.0088
-0.026
-0.038
-0.045
-0.055
-0.065
-0.069
-0.068
-0.068
-0.078
-0.087
-0.076
-0.068
-0.075
-0.083
-0.086
-0.084
-0.076
-0.062
-0.05
-0.038
-0.021
-0.0014
0.011
-0.0034
-0.04
-0.069
-0.065
-0.054
-0.05
-0.043
-0.033
-0.03
-0.043
-0.056
-0.054
-0.034
-0.024
-0.024
-0.018
-0.0033
0.015
0.02
0.008
-0.016
-0.034
-0.031
-0.03
-0.036
-0.034
-0.028
-0.033
-0.033
-0.027
-0.028
-0.032
-0.033
-0.032
-0.03
-0.025
-0.012
0.004
0.0064
-0.0083
-0.026
-0.036
-0.033
-0.015
0.0084
0.021
0.015
-0.0046
-0.016
-0.01
0.0035
0.0098
0.01
0.0012
-0.0074
-0.011
-0.011
-0.011
-0.011
-0.005
0.0066
0.02
0.025
0.019
0.01
0.0064
0.009
0.0063
-0.0047
-0.0053
0.0051
0.015
0.019
0.025
0.032
0.039
0.036
0.029
0.023
0.017
0.0071
-0.0037
-0.0084
0.0022
0.018
0.015
-0.0013
-0.02
-0.031
-0.019
0.0093
0.033
0.04
0.044
0.046
0.044
0.036
0.032
0.025
0.015
0.014
0.035
0.054
0.053
0.049
0.05
0.059
0.06
0.037
0.019
0.026
0.037
0.028
0.012
0.0064
0.022
0.041
0.04
0.03
0.019
0.018
0.027
0.044
0.061
0.06
0.043
0.023
0.009
0.015
0.041
0.05
0.044
0.048
0.035
0.013
0.0038
-0.013
-0.026
-0.015
0.0043
0.019
0.025
0.016
0.018
0.034
0.044
0.049
0.06
0.051
0.017
-0.021
-0.042
-0.043
-0.045
-0.05
-0.034
-0.0053
0.021
0.036
0.03
0.012
-0.0061
-0.0044
0.0058
-0.0033
-0.03
-0.05
-0.072
-0.084
-0.077
-0.062
-0.045
-0.029
-0.021
-0.025
-0.027
-0.019
-0.022
-0.04
-0.051
-0.043
-0.036
-0.028
-0.022
-0.025
-0.031
-0.024
-0.0055
-0.0054
-0.028
-0.049
-0.044
-0.036
-0.058
-0.076
-0.058
-0.017
0.0072
0.013
0.0029
-0.0086
-0.015
-0.01
0.0011
0.0028
-0.0046
-0.032
-0.064
-0.072
-0.073
-0.06
-0.013
0.04
0.074
0.075
0.061
0.053
0.05
0.038
0.02
-0.0033
-0.0092
0.011
0.032
0.03
0.0081
-0.0067
-0.0098
-0.011
-0.0012
0.0051
-0.0069
-0.013
0.0072
0.024
0.026
0.025
0.036
0.054
0.068
0.061
0.047
0.052
0.061
0.061
0.056
0.053
0.043
0.031
0.021
0.017
0.03
0.041
0.047
0.044
0.042
0.028
0.0069
-0.0082
-0.0058
0.0043
0.013
0.028
0.046
0.049
0.038
0.025
0.024
0.038
0.05
0.046
0.038
0.039
0.054
0.082
0.1
0.1
0.093
0.08
0.074
0.075
0.086
0.099
0.09
0.07
0.057
0.048
0.042
0.057
0.079
0.08
0.072
0.071
0.074
0.077
0.084
0.084
0.081
0.081
0.074
0.053
0.037
0.038
0.039
0.039
0.047
0.057
0.051
0.05
0.052
0.048
0.047
0.047
0.043
0.046
0.059
0.065
0.054
0.039
0.026
0.027
0.036
0.043
0.047
0.045
0.041
0.028
0.0064
-0.0048
0.0013
0.013
0.021
0.022
0.025
0.033
0.03
0.02
0.015
0.0053
-0.00041
-0.0052
-0.014
-0.022
-0.019
-0.021
-0.03
-0.041
-0.048
-0.03
-0.008
-0.0013
-0.0099
-0.015
-0.013
-0.01
-0.01
-0.012
-0.016
-0.021
-0.02
-0.006
0.01
0.012
0.0016
-0.0093
-0.015
-0.025
-0.028
-0.035
-0.047
-0.045
-0.027
-0.021
-0.029
-0.04
-0.041
-0.037
-0.032
-0.026
-0.024
-0.025
-0.023
-0.03
-0.036
-0.03
-0.029
-0.048
-0.048
-0.015
0.0047
0.007
-0.00072
-0.011
-0.028
-0.042
-0.047
-0.035
-0.014
-0.0082
-0.016
-0.013
0.0062
0.0058
0.0024
0.0011
-0.011
-0.032
-0.044
-0.038
-0.022
-0.012
-0.022
-0.024
-0.013
0.00078
0.013
0.011
0.0037
0.01
0.016
0.0058
-0.017
-0.03
-0.019
0.00093
0.013
0.031
0.05
0.059
0.062
0.074
0.089
0.095
0.083
0.049
-0.00011
-0.034
-0.027
0.0048
0.025
0.039
0.034
0.014
0.016
0.038
0.059
0.087
0.11
0.098
0.069
0.034
0.028
0.044
0.058
0.062
0.061
0.059
0.056
0.056
0.046
0.037
0.036
0.032
0.021
0.0081
0.011
0.05
0.096
0.11
0.098
0.091
0.088
0.074
0.056
0.035
0.0069
-0.019
-0.034
-0.044
-0.05
-0.034
-0.0069
0.016
0.02
0.0067
-7.6e-005
-0.00081
-0.0032
-0.011
-0.034
-0.058
-0.068
-0.072
-0.073
-0.067
-0.052
-0.033
-0.022
-0.025
-0.023
-0.012
-0.017
-0.03
-0.026
-0.0012
0.0017
-0.0085
0.0027
0.013
0.017
0.018
0.02
0.013
0.0044
-0.0058
-0.014
-0.0014
0.0055
-0.012
-0.026
-0.015
-0.0026
-0.0058
-0.016
-0.017
-0.013
-0.027
-0.049
-0.07
-0.073
-0.05
-0.026
-0.021
-0.031
-0.045
-0.067
-0.092
-0.093
-0.066
-0.042
-0.046
-0.058
-0.071
-0.092
-0.1
-0.1
-0.097
-0.094
-0.088
-0.077
-0.05
-0.034
-0.037
-0.039
-0.042
-0.049
-0.058
-0.058
-0.059
-0.059
-0.058
-0.059
-0.062
-0.054
-0.038
-0.035
-0.036
-0.043
-0.049
-0.03
-0.011
-0.016
-0.023
-0.03
-0.038
-0.036
-0.025
-0.015
-0.019
-0.026
-0.017
-0.0039
0.0036
0.013
0.021
0.022
0.012
-0.016
-0.027
-0.016
0.0017
0.0092
0.014
0.016
0.021
0.016
-0.003
-0.018
-0.029
-0.024
-0.0055
0.0036
0.00081
0.0023
0.003
-0.0031
-0.0074
-0.023
-0.038
-0.05
-0.054
-0.055
-0.058
-0.058
-0.052
-0.049
-0.049
-0.03
-0.012
-0.013
-0.027
-0.045
-0.044
-0.019
0.0058
0.013
0.0039
-0.015
-0.028
-0.035
-0.034
-0.015
0.01
0.03
0.029
0.014
0.007
0.012
0.013
0.021
0.032
0.044
0.055
0.054
0.04
0.035
0.028
0.019
0.016
-0.0017
-0.022
-0.0063
0.027
0.053
0.071
0.079
0.094
0.1
0.093
0.071
0.055
0.05
0.054
0.046
0.021
0.0092
0.007
0.011
0.0093
0.0012
-0.0032
-0.0059
-0.004
0.0092
0.021
0.023
0.034
0.044
0.046
0.051
0.051
0.039
0.026
0.027
0.025
0.017
0.022
0.033
0.032
0.028
0.02
0.0078
-0.0031
-0.009
-0.017
-0.015
-0.0018
0.0085
0.026
0.05
0.06
0.045
0.024
-0.011
-0.038
-0.035
-0.037
-0.044
-0.044
-0.033
-0.027
-0.017
0.006
0.014
0.0058
0.012
0.04
0.056
0.046
0.014
-0.012
-0.0076
0.0027
0.012
0.027
0.04
0.035
0.012
-0.019
-0.042
-0.042
-0.028
-0.014
-0.0022
0.013
0.028
0.034
0.034
0.055
0.081
0.08
0.053
0.042
0.044
0.04
0.04
0.048
0.045
0.026
0.011
-0.0026
-0.013
-0.02
-0.022
0.00069
0.038
0.05
0.033
0.014
0.019
0.044
0.063
0.069
0.065
0.069
0.08
0.083
0.065
0.045
0.045
0.05
0.039
0.0098
-0.017
-0.021
0.0024
0.036
0.055
0.055
0.049
0.044
0.045
0.049
0.043
0.044
0.057
0.065
0.058
0.041
0.026
0.031
0.046
0.044
0.037
0.035
0.044
0.052
0.055
0.057
0.06
0.045
0.025
0.027
0.042
0.063
0.079
0.07
0.057
0.062
0.08
0.089
0.086
0.075
0.057
0.041
0.057
0.081
0.085
0.076
0.068
0.05
0.024
0.002
0.00032
0.032
0.06
0.055
0.036
0.031
0.031
0.024
0.015
0.0092
0.0095
0.013
0.026
0.046
0.063
0.072
0.066
0.052
0.04
0.027
0.0015
-0.019
-0.015
0.0028
0.0089
-0.0005
-0.013
-0.028
-0.04
-0.032
-0.013
-0.0058
-0.015
-0.024
-0.028
-0.024
-0.021
-0.031
-0.035
-0.026
-0.0047
0.015
0.022
0.014
0.0041
0.0075
0.02
0.037
0.057
0.075
0.084
0.086
0.08
0.06
0.049
0.05
0.043
0.021
-0.00093
-0.021
-0.03
-0.025
-0.021
-0.023
-0.031
-0.034
-0.033
-0.021
0.0023
0.021
0.024
0.02
0.008
0.0057
0.029
0.041
0.024
0.013
0.016
0.012
0.0021
-0.0019
-0.0045
-0.0092
-0.015
-0.018
-0.016
-0.014
-0.019
-0.031
-0.048
-0.062
-0.064
-0.053
-0.037
-0.032
-0.031
-0.019
-0.0009
0.0083
0.0081
-0.0069
-0.014
-0.0042
0.01
0.023
0.021
0.016
0.013
0.0055
-0.0074
-0.0071
0.0024
0.0087
0.0043
-0.0077
-0.0042
0.0035
0.0046
-0.0011
-0.0038
-0.0049
-0.011
-0.023
-0.024
-0.012
-0.0017
0.0065
0.013
0.011
0.017
0.023
0.021
0.024
0.024
0.018
0.028
0.048
0.046
0.021
-0.0045
-0.011
0.0014
0.01
0.006
-0.0031
-0.0052
0.0047
0.02
0.028
0.032
0.037
0.042
0.038
0.023
0.012
0.0036
-0.00044
0.00014
0.0057
0.011
0.017
0.023
0.02
0.021
0.025
0.027
0.029
0.03
0.017
-0.00029
-0.01
-0.011
-0.013
-0.016
-0.012
-0.0019
0.0058
0.00093
-0.013
-0.0095
0.016
0.025
0.014
-0.0041
-0.017
-0.019
-0.0082
0.0022
0.0065
0.021
0.038
0.043
0.041
0.039
0.028
0.019
0.033
0.054
0.052
0.037
0.034
0.037
0.044
0.039
0.029
0.033
0.033
0.023
0.023
0.036
0.042
0.037
0.029
0.027
0.029
0.029
0.036
0.027
0.014
0.021
0.033
0.033
0.027
0.019
0.0024
-0.011
-0.005
0.0076
0.015
0.027
0.033
0.016
-0.0074
-0.011
-0.0067
-0.0087
-0.017
-0.033
-0.046
-0.037
-0.028
-0.028
-0.031
-0.034
-0.042
-0.052
-0.055
-0.043
-0.027
-0.011
0.0088
0.016
0.015
0.0089
-0.0024
0.0049
0.016
0.012
0.0099
0.012
0.013
0.015
0.016
0.013
0.012
0.0098
0.0045
-0.0061
-0.019
-0.015
-0.0036
0.0029
0.004
0.0015
0.0026
0.0079
0.0036
0.0054
0.018
0.014
-0.015
-0.039
-0.046
-0.028
0.00023
0.018
0.025
0.021
0.0085
-0.0022
-0.011
-0.014
-0.0072
0.00081
0.0063
0.013
0.012
0.0051
0.0031
0.0032
-0.004
-0.014
-0.014
-0.00072
0.002
-0.0038
-0.00093
0.0029
0.0077
0.0027
-0.018
-0.036
-0.023
0.0071
0.02
0.012
-0.0047
-0.0033
0.0041
0.012
0.026
0.032
0.034
0.036
0.025
0.0062
0.0028
0.0033
0.0036
0.0077
0.0044
-0.015
-0.035
-0.043
-0.044
-0.047
-0.051
-0.052
-0.062
-0.097
-0.11
-0.066
0.011
0.041
-0.0017
-0.05
-0.071
-0.057
-0.012
0.024
0.031
0.016
-0.0051
-0.018
-0.023
-0.014
-0.00038
-0.0039
-0.018
-0.023
-0.029
-0.021
0.0087
0.02
0.0074
0.00099
-0.013
-0.034
-0.02
0.0091
0.033
0.053
0.056
0.033
0.017
0.029
0.054
0.085
0.11
0.12
0.086
0.05
0.019
-0.0073
0.0033
0.044
0.063
0.045
0.012
-0.01
-0.03
-0.037
-0.019
0.018
0.051
0.06
0.041
0.018
0.0086
-0.0019
-0.0048
0.029
0.11
0.18
0.17
0.058
-0.067
-0.11
-0.071
0.011
0.086
0.094
0.039
-0.016
-0.0023
0.066
0.12
0.12
0.096
0.057
0.011
-0.0094
0.002
0.041
0.075
0.071
0.037
-0.0011
-0.016
-0.013
-0.0071
0.016
0.046
0.056
0.053
0.049
0.024
0.0055
0.006
0.01
0.02
0.018
0.002
0.0058
0.043
0.068
0.055
0.021
-0.012
-0.026
-0.029
-0.033
-0.033
-0.013
0.02
0.041
0.023
-0.014
-0.038
-0.041
-0.028
-0.017
-0.0041
0.011
0.013
-0.004
-0.042
-0.078
-0.092
-0.086
-0.07
-0.051
-0.056
-0.072
-0.061
-0.037
-0.026
-0.036
-0.066
-0.1
-0.12
-0.12
-0.094
-0.072
-0.047
-0.027
-0.022
-0.024
-0.035
-0.063
-0.085
-0.077
-0.055
-0.043
-0.035
-0.025
-0.02
-0.017
-0.0039
0.011
0.02
0.017
-0.00096
-0.015
-0.013
-0.0073
-0.021
-0.052
-0.064
-0.049
-0.022
-0.0095
-0.011
-0.0037
0.009
0.018
0.019
0.018
0.01
-0.018
-0.042
-0.04
-0.017
-0.0012
-0.0017
-0.0098
-0.0083
0.028
0.083
0.11
0.1
0.098
0.094
0.077
0.071
0.097
0.11
0.13
0.17
0.17
0.1
0.059
0.036
0.018
-0.0076
-0.044
-0.051
0.0039
0.11
0.16
0.13
0.065
0.037
0.058
0.051
0.0024
-0.029
-0.0086
0.029
0.06
0.065
0.027
-0.012
-0.011
0.038
0.066
0.049
0.013
-0.047
-0.097
-0.1
-0.079
-0.047
-0.01
0.0032
-0.025
-0.064
-0.072
-0.034
-0.0037
0.0028
-0.0089
-0.014
-0.0016
-0.0081
-0.0099
-0.0076
0.0067
-0.00029
-0.036
-0.078
-0.11
-0.096
-0.043
0.017
0.039
0.028
0.014
-7.6e-005
-0.014
-0.027
-0.054
-0.086
-0.094
-0.084
-0.068
-0.056
-0.044
-0.054
-0.067
-0.047
-0.0066
0.029
0.041
0.047
0.048
0.055
0.055
0.036
0.01
-0.0066
-0.0033
-0.0038
-0.024
-0.06
-0.087
-0.082
-0.065
-0.046
-0.037
-0.037
-0.028
-0.017
-0.0036
0.021
0.048
0.058
0.031
-0.019
-0.058
-0.068
-0.034
0.021
0.025
-0.016
-0.062
-0.084
-0.06
-0.0073
0.035
0.031
0.018
0.025
0.048
0.057
0.03
-0.017
-0.047
-0.032
0.012
0.05
0.067
0.056
0.025
-0.015
-0.032
-0.035
-0.029
-0.021
-0.019
0.0011
0.046
0.089
0.11
0.11
0.075
0.039
0.018
0.013
0.015
0.021
0.024
0.043
0.079
0.12
0.14
0.13
0.1
0.06
0.049
0.064
0.051
0.016
-0.0059
-0.023
-0.0067
0.045
0.086
0.079
0.045
0.026
0.036
0.064
0.078
0.06
0.017
-0.0032
0.021
0.074
0.11
0.097
0.05
0.0068
0.014
0.046
0.05
0.00032
-0.046
-0.052
-0.062
-0.072
-0.071
-0.055
-0.024
0.014
0.036
0.015
-0.02
-0.058
-0.083
-0.086
-0.072
-0.049
-0.03
-0.029
-0.035
-0.029
-0.028
-0.032
-0.023
-0.011
-0.017
-0.026
-0.02
-0.011
-0.014
-0.017
-0.025
-0.031
-0.021
-0.014
-0.015
-0.014
-0.027
-0.052
-0.07
-0.072
-0.057
-0.05
-0.051
-0.045
-0.024
-0.0033
0.0084
0.0041
-0.0029
-0.016
-0.016
0.01
0.038
0.054
0.052
0.051
0.056
0.056
0.052
0.042
0.031
0.022
0.025
0.04
0.051
0.045
0.019
-0.0056
-0.014
-0.0069
0.0067
0.024
0.032
0.033
0.023
0.011
-0.0047
-0.0053
-0.00096
0.013
0.017
-0.0082
-0.044
-0.087
-0.11
-0.079
-0.045
-0.051
-0.061
-0.053
-0.026
0.0053
0.021
0.0034
-0.034
-0.051
-0.059
-0.074
-0.061
-0.016
0.012
0.0087
-0.0047
-0.026
-0.045
-0.051
-0.048
-0.037
-0.019
-0.013
-0.037
-0.065
-0.081
-0.076
-0.062
-0.048
-0.039
-0.049
-0.054
-0.039
-0.039
-0.043
-0.032
-0.026
-0.034
-0.063
-0.091
-0.098
-0.079
-0.031
0.015
0.00041
-0.036
-0.064
-0.079
-0.066
-0.055
-0.048
-0.037
-0.045
-0.072
-0.1
-0.11
-0.071
-0.071
-0.12
-0.17
-0.19
-0.15
-0.061
0.0022
0.0088
-0.036
-0.13
-0.21
-0.23
-0.18
-0.059
0.043
0.082
0.045
-0.04
-0.091
-0.095
-0.1
-0.12
-0.16
-0.21
-0.19
-0.09
0.011
0.038
-0.014
-0.08
-0.082
-0.038
0.017
0.034
-0.027
-0.084
-0.096
-0.076
-0.055
-0.048
-0.043
-0.036
-0.051
-0.057
-0.029
-0.0024
-0.015
-0.058
-0.076
-0.068
-0.057
-0.062
-0.076
-0.081
-0.066
-0.044
-0.043
-0.069
-0.084
-0.07
-0.032
0.013
0.031
-0.0076
-0.069
-0.09
-0.052
0.00023
0.011
-0.01
-0.026
-0.02
-0.0013
0.019
0.033
0.045
0.053
0.058
0.05
0.036
0.033
0.041
0.054
0.061
0.058
0.065
0.077
0.071
0.042
0.017
-0.013
-0.046
-0.043
-0.024
-0.015
0.0028
0.022
0.023
0.025
0.035
0.049
0.063
0.081
0.096
0.1
0.1
0.09
0.075
0.067
0.056
0.044
0.042
0.059
0.068
0.058
0.049
0.054
0.07
0.082
0.083
0.088
0.11
0.13
0.15
0.16
0.14
0.13
0.12
0.13
0.13
0.13
0.13
0.13
0.12
0.12
0.12
0.13
0.15
0.18
0.18
0.17
0.15
0.12
0.11
0.1
0.1
0.096
0.082
0.084
0.097
0.1
0.11
0.12
0.13
0.13
0.11
0.099
0.084
0.073
0.065
0.059
0.049
0.03
0.014
0.018
0.044
0.056
0.046
0.043
0.06
0.08
0.089
0.088
0.072
0.049
0.031
0.031
0.032
0.023
0.034
0.052
0.052
0.043
0.032
0.017
0.0061
0.019
0.054
0.076
0.072
0.051
0.027
0.013
0.0078
0.0074
0.0064
-0.0011
-0.024
-0.039
-0.018
0.013
0.017
0.012
0.027
0.046
0.036
-0.0063
-0.049
-0.062
-0.047
-0.0069
0.026
0.029
0.011
-0.014
-0.034
-0.029
-0.019
-0.014
-0.016
-0.021
-0.023
-0.031
-0.041
-0.044
-0.042
-0.032
-0.021
-0.019
-0.022
-0.026
-0.03
-0.026
-0.019
-0.02
-0.033
-0.056
-0.059
-0.033
-0.0011
0.0011
-0.023
-0.039
-0.025
-0.0055
-0.0062
-0.022
-0.054
-0.084
-0.086
-0.065
-0.05
-0.048
-0.044
-0.036
-0.027
-0.028
-0.04
-0.048
-0.044
-0.04
-0.047
-0.069
-0.079
-0.077
-0.063
-0.043
-0.032
-0.03
-0.036
-0.045
-0.044
-0.032
-0.019
-0.012
-0.0038
0.0098
0.017
0.013
-0.0015
-0.016
-0.027
-0.024
-0.016
-0.019
-0.024
-0.016
-0.005
-0.0023
-0.0024
-0.0051
-0.0045
0.0043
0.013
0.012
-0.0088
-0.025
-0.0086
0.028
0.053
0.059
0.05
0.047
0.055
0.052
0.036
0.018
0.009
0.001
-0.0095
-0.021
-0.022
-0.01
0.0019
0.003
0.0033
0.009
0.02
0.024
0.028
0.045
0.069
0.087
0.067
0.028
0.012
-0.014
-0.02
0.012
0.054
0.086
0.091
0.074
0.04
0.018
-0.012
-0.034
-0.025
0.0046
0.053
0.077
0.083
0.076
0.047
0.036
0.077
0.11
0.11
0.12
0.14
0.12
0.077
0.064
0.087
0.14
0.17
0.16
0.11
0.063
0.046
0.067
0.097
0.11
0.09
0.067
0.055
0.062
0.078
0.089
0.12
0.15
0.15
0.11
0.071
0.043
0.049
0.073
0.096
0.099
0.075
0.047
0.044
0.053
0.07
0.096
0.11
0.12
0.12
0.097
0.071
0.047
0.03
0.033
0.052
0.067
0.069
0.07
0.093
0.11
0.11
0.12
0.13
0.11
0.092
0.08
0.08
0.089
0.1
0.13
0.16
0.17
0.17
0.15
0.13
0.11
0.11
0.12
0.12
0.099
0.064
0.045
0.044
0.051
0.056
0.052
0.054
0.054
0.048
0.05
0.04
0.0059
-0.013
-0.015
-0.01
0.00038
0.0075
0.0019
-0.0094
-0.024
-0.033
-0.041
-0.041
-0.025
-0.027
-0.043
-0.053
-0.061
-0.072
-0.097
-0.14
-0.17
-0.16
-0.11
-0.083
-0.076
-0.08
-0.075
-0.044
-0.016
-0.029
-0.083
-0.13
-0.14
-0.12
-0.066
-0.023
0.0096
0.032
0.043
0.037
0.0071
-0.043
-0.085
-0.086
-0.055
-0.015
0.013
0.016
0.0076
-0.0012
0.0032
0.0033
-0.015
-0.049
-0.07
-0.063
-0.044
-0.02
-0.0014
-0.015
-0.032
-0.016
0.012
0.015
0.0005
-0.0098
-0.014
-0.003
0.0057
-0.0018
0.0022
0.031
0.07
0.1
0.11
0.094
0.073
0.057
0.049
0.036
0.035
0.048
0.059
0.061
0.077
0.092
0.075
0.034
0.011
0.032
0.082
0.11
0.11
0.095
0.085
0.081
0.074
0.063
0.051
0.047
0.05
0.063
0.072
0.065
0.062
0.069
0.08
0.075
0.06
0.051
0.052
0.065
0.083
0.085
0.064
0.046
0.051
0.061
0.06
0.049
0.056
0.099
0.15
0.19
0.18
0.14
0.093
0.066
0.068
0.081
0.089
0.1
0.12
0.14
0.15
0.14
0.12
0.12
0.11
0.11
0.1
0.09
0.093
0.12
0.14
0.14
0.12
0.1
0.09
0.095
0.12
0.15
0.15
0.14
0.098
0.057
0.036
0.036
0.047
0.063
0.091
0.12
0.11
0.086
0.059
0.04
0.029
0.026
0.035
0.057
0.083
0.099
0.094
0.063
0.018
-0.0069
-0.014
-0.0097
0.0089
0.033
0.047
0.048
0.042
0.041
0.044
0.041
0.039
0.042
0.039
0.031
0.033
0.033
0.022
0.015
0.014
0.013
0.016
0.033
0.059
0.077
0.08
0.059
0.032
0.013
0.0097
0.019
0.038
0.048
0.037
0.018
0.0047
-0.0024
0.0044
0.0083
-0.00096
-0.012
-0.0081
0.0033
0.018
0.037
0.042
0.015
-0.0061
0.005
0.019
0.019
0.0091
-0.014
-0.041
-0.048
-0.041
-0.029
-0.0091
-0.0042
-0.0093
-0.0033
0.0094
0.0091
0.0028
-0.0043
-0.016
-0.015
0.00078
0.024
0.048
0.074
0.087
0.086
0.084
0.065
0.039
0.031
0.031
0.032
0.037
0.043
0.052
0.056
0.049
0.045
0.063
0.076
0.054
0.0033
-0.06
-0.096
-0.069
0.0068
0.064
0.071
0.05
0.03
0.037
0.071
0.079
0.049
0.041
0.066
0.099
0.12
0.1
0.064
0.048
0.045
0.037
0.034
0.056
0.095
0.13
0.16
0.17
0.16
0.15
0.14
0.12
0.063
0.0038
-0.043
-0.049
-0.0024
0.074
0.14
0.18
0.19
0.17
0.14
0.1
0.055
0.0013
-0.026
-0.015
0.027
0.078
0.12
0.13
0.13
0.12
0.11
0.1
0.12
0.15
0.17
0.17
0.15
0.13
0.13
0.15
0.19
0.19
0.15
0.1
0.065
0.048
0.046
0.05
0.061
0.083
0.12
0.15
0.17
0.17
0.16
0.19
0.22
0.26
0.3
0.32
0.31
0.28
0.24
0.2
0.17
0.13
0.08
0.041
0.04
0.062
0.076
0.071
0.046
0.022
0.0061
-0.01
-0.054
-0.12
-0.19
-0.24
-0.27
-0.29
-0.28
-0.25
-0.21
-0.17
-0.13
-0.088
-0.049
-0.019
0.00032
0.0032
-0.0094
-0.034
-0.061
-0.074
-0.078
-0.095
-0.13
-0.18
-0.25
-0.3
-0.32
-0.34
-0.35
-0.35
-0.36
-0.37
-0.37
-0.36
-0.36
-0.37
-0.35
-0.33
-0.31
-0.29
-0.29
-0.28
-0.27
-0.27
-0.27
-0.28
-0.3
-0.31
-0.32
-0.32
-0.32
-0.32
-0.3
-0.29
-0.28
-0.28
-0.3
-0.31
-0.29
-0.27
-0.27
-0.27
-0.26
-0.24
-0.22
-0.2
-0.17
-0.15
-0.13
-0.12
-0.13
-0.13
-0.12
-0.089
-0.058
-0.044
-0.051
-0.057
-0.056
-0.049
-0.046
-0.064
-0.079
-0.058
-0.011
0.033
0.043
-0.00017
-0.074
-0.12
-0.14
-0.14
-0.12
-0.1
-0.078
-0.06
-0.04
-0.026
-0.032
-0.047
-0.063
-0.065
-0.048
-0.033
-0.035
-0.037
-0.028
-0.031
-0.061
-0.098
-0.12
-0.11
-0.064
-0.035
-0.033
-0.041
-0.053
-0.045
-0.028
-0.032
-0.052
-0.081
-0.085
-0.051
-0.0036
0.024
0.02
0.008
0.01
0.0078
-0.0096
-0.021
-0.038
-0.069
-0.094
-0.096
-0.087
-0.069
-0.039
-0.0092
0.019
0.037
0.043
0.037
0.021
-0.0014
-0.041
-0.076
-0.078
-0.047
-0.013
0.01
0.019
0.012
-0.0048
-0.0016
0.0049
0.0083
0.0035
-0.015
-0.019
0.0051
0.055
0.093
0.11
0.095
0.058
0.032
0.03
0.036
0.043
0.057
0.072
0.054
0.0069
-0.027
-0.024
0.018
0.072
0.11
0.12
0.11
0.081
0.05
0.03
0.006
-0.0054
0.025
0.074
0.11
0.11
0.065
0.004
-0.016
-0.0041
0.012
0.01
-0.014
-0.033
-0.03
1.5e-005
0.039
0.057
0.054
0.06
0.054
0.031
-0.0071
-0.054
-0.078
-0.076
-0.05
-0.041
-0.079
-0.14
-0.17
-0.16
-0.13
-0.098
-0.095
-0.12
-0.15
-0.16
-0.14
-0.11
-0.094
-0.09
-0.077
-0.052
-0.045
-0.068
-0.08
-0.059
-0.031
-0.014
-0.01
-0.013
-0.015
-0.0046
-0.001
-0.022
-0.047
-0.059
-0.053
-0.052
-0.073
-0.08
-0.056
-0.023
-0.0072
-0.024
-0.054
-0.074
-0.075
-0.052
-0.03
-0.018
-0.0039
0.011
0.021
0.021
0.018
0.0077
-0.013
-0.043
-0.058
-0.052
-0.047
-0.047
-0.048
-0.042
-0.028
-0.025
-0.049
-0.079
-0.092
-0.071
-0.033
-0.0023
-0.0009
-0.016
-0.016
-0.006
-0.0023
-0.002
0.0053
0.0096
0.019
0.028
0.018
0.0022
0.0042
0.018
0.035
0.043
0.013
-0.034
-0.055
-0.046
-0.032
-0.032
-0.035
-0.032
-0.031
-0.038
-0.048
-0.05
-0.036
-0.015
-0.011
-0.017
-0.027
-0.032
-0.031
-0.024
-0.012
0.0028
0.0098
0.007
0.0032
-0.0015
-0.0017
-0.0033
-0.0046
0.0065
0.036
0.063
0.078
0.086
0.082
0.075
0.064
0.032
-0.0027
-0.015
0.0009
0.031
0.053
0.05
0.035
0.035
0.057
0.087
0.11
0.1
0.08
0.049
0.034
0.029
0.029
0.03
0.028
0.037
0.058
0.078
0.096
0.11
0.12
0.1
0.073
0.032
-0.0063
-0.024
-0.0067
0.028
0.058
0.073
0.074
0.073
0.08
0.073
0.039
-0.0059
-0.033
-0.028
-0.005
0.011
0.026
0.036
0.039
0.045
0.042
0.017
-0.025
-0.054
-0.048
-0.012
0.013
0.0071
-0.016
-0.018
0.013
0.05
0.059
0.041
0.016
0.0063
0.033
0.068
0.071
0.06
0.061
0.078
0.1
0.1
0.086
0.071
0.071
0.08
0.085
0.069
0.05
0.048
0.071
0.092
0.08
0.051
0.027
0.02
0.031
0.054
0.06
0.03
-0.036
-0.1
-0.11
-0.027
0.086
0.16
0.13
0.011
-0.076
-0.049
0.054
0.13
0.14
0.11
0.078
0.04
-0.0012
-0.026
-0.02
0.033
0.14
0.24
0.27
0.19
0.049
-0.035
-0.0011
0.13
0.24
0.2
0.027
-0.13
-0.11
0.043
0.16
0.13
0.023
-0.012
0.049
0.12
0.1
-0.013
-0.13
-0.12
0.019
0.17
0.21
0.14
0.042
0.0087
0.039
0.046
-0.00069
-0.059
-0.074
-0.018
0.063
0.094
0.078
0.067
0.099
0.15
0.15
0.11
0.04
0.0037
0.016
0.025
-0.014
-0.059
-0.054
0.0096
0.079
0.1
0.076
0.04
0.013
-0.0023
-0.0063
