0.0096
0.00035
-0.013
-0.00081
0.014
-0.0018
-0.021
-0.0049
0.016
0.0015
-0.011
0.004
0.016
0.016
-0.0011
-0.015
-0.019
-0.022
-0.027
-0.008
0.016
0.028
0.03
0.0077
-0.016
-0.018
-0.0038
0.0098
0.006
0.007
0.031
0.033
0.00081
-0.0019
0.0085
0.0018
-0.0035
-0.00066
0.0013
-0.0022
-0.0016
0.0029
0.0027
-0.0088
-0.015
-0.0022
0.0019
0.0098
0.026
0.016
-0.0069
-0.0033
0.012
0.019
0.023
0.033
0.032
0.011
-0.007
-0.0032
0.0061
0.009
0.0038
-0.0025
0.0048
0.015
0.0073
-0.0027
0.0055
0.00047
-0.012
-0.014
-0.0021
0.013
0.015
0.0046
-0.00093
0.0079
0.01
-0.0095
-0.022
-0.01
-0.0053
-0.012
0.0054
0.027
0.018
-0.0087
-0.014
-0.01
-0.024
-0.022
0.0069
0.033
0.036
0.023
0.014
0.011
0.0032
0.00023
0.012
0.011
0.0066
0.013
0.017
0.016
0.0098
-0.0002
-0.011
-0.016
-0.0095
-0.0051
-0.00053
0.012
0.021
0.0075
0.0045
0.012
0.0074
-0.00029
-0.0038
0.00035
0.011
0.03
0.034
0.025
0.018
0.015
0.0025
-0.011
0.0011
0.022
0.014
0.0022
0.015
0.014
-0.013
-0.012
0.0085
0.009
-0.0072
-0.0059
0.0076
0.0052
0.00075
-0.001
-0.0087
0.0002
0.02
0.013
0.0063
0.017
0.016
0.0018
0.0011
0.013
0.014
0.011
0.019
0.034
0.027
0.003
0.0024
0.022
0.02
0.014
0.013
0.017
0.0043
-0.016
-0.021
-0.013
-0.0077
-0.011
-0.0052
0.0099
0.0046
-0.0068
0.009
0.027
0.015
-0.00093
0.01
0.024
0.012
-0.004
0.0098
0.023
0.014
0.00011
-0.0087
-0.025
-0.035
-0.026
-0.0051
0.013
0.016
0.014
0.0094
-0.0065
-0.0095
-0.0017
-0.00081
0.00023
0.0094
0.013
0.0076
0.0046
0.0092
0.0098
0.0025
-0.00096
0.0073
0.017
0.017
0.0093
0.012
0.032
0.033
0.0015
-0.0092
0.008
0.014
-0.0075
-0.0022
0.012
0.015
0.015
0.006
0.0046
0.011
0.011
0.0013
-0.012
-0.013
0.00096
0.01
0.0071
0.0077
-0.0089
-0.031
-0.027
-0.0054
0.011
0.013
0.014
0.014
0.012
0.0082
0.012
0.021
0.015
0.011
0.019
0.02
0.016
0.02
0.02
0.0079
-0.0066
-0.0068
0.0042
0.0058
-0.0028
0.012
0.026
0.022
0.011
0.0029
0.012
0.026
0.018
0.0072
0.02
0.028
0.024
0.01
0.0064
0.029
0.038
0.0089
0.0006
0.022
0.02
-0.01
-0.016
0.012
0.011
-0.017
-0.0032
0.032
0.026
0.0025
0.0058
0.0047
-0.012
-0.0075
0.015
0.034
0.039
0.047
0.054
0.04
0.021
0.023
0.026
0.016
0.024
0.04
0.041
0.021
0.011
0.02
0.016
-0.0046
-0.0067
0.007
0.016
0.017
0.029
0.027
0.017
0.0043
-0.0024
0.0052
0.016
0.016
0.0076
0.014
0.03
0.039
0.028
0.016
0.012
0.0087
0.0055
0.011
0.015
0.019
0.027
0.022
0.0025
0.0029
0.01
0.008
0.0066
0.0044
0.0026
0.0031
0.0027
-0.0018
0.00096
0.0084
0.0075
-0.00038
-0.001
0.0089
0.0034
-0.015
-0.0076
0.00038
-0.012
-0.018
-0.0018
0.014
0.0075
-0.01
-0.0069
0.014
0.0093
-0.0047
-0.0075
0.011
0.021
0.013
0.0045
0.0067
0.008
0.0085
0.0051
0.0056
0.009
0.01
0.0057
0.0029
0.014
0.012
-0.012
-0.019
0.0038
0.015
-0.0027
0.0034
0.028
0.023
-0.0021
-0.0056
0.003
-0.0091
-0.017
-0.0037
0.02
0.031
0.018
0.0062
0.0065
0.00078
-0.015
-0.01
0.0076
0.0048
0.0017
0.01
0.016
0.0055
-0.0091
-0.024
-0.026
-0.012
-0.011
-0.013
0.0014
0.017
0.0087
-0.011
-0.013
-0.011
-0.0036
-0.005
-0.0041
-0.011
0.00041
0.02
0.0047
-0.012
-0.011
-0.012
-0.037
-0.053
-0.021
-0.008
-0.024
-0.018
-0.001
-0.0066
-0.013
0.0029
0.0061
-0.0045
-0.0005
0.00044
-0.012
-0.0083
-0.0036
-0.0043
0.0051
0.015
0.015
0.0009
-0.011
-0.01
-0.0074
-0.0081
-0.00038
0.0035
0.0002
-0.0064
-0.0049
-0.014
-0.015
-0.0011
0.0054
-0.0079
-0.019
-0.01
0.0019
0.00044
-0.0038
0.00078
0.003
0.00017
-0.0015
0.0017
0.021
0.041
0.017
-0.0029
0.0072
0.0069
-0.01
-0.01
0.012
0.016
-0.0075
-0.012
0.0097
0.019
0.013
0.0041
-0.021
-0.043
-0.041
-0.025
-0.00029
0.015
0.01
-0.018
-0.049
-0.057
-0.029
-0.00017
-0.0049
-0.019
-0.023
-0.014
-0.0042
0.0018
0.0073
-0.0006
-0.02
-0.027
-0.008
0.01
0.0071
0.012
0.014
0.004
-0.017
-0.023
-0.013
0.00075
0.0085
0.0064
0.0061
0.012
0.021
0.0066
-0.0054
0.00023
0.0022
0.00023
-0.005
-0.0077
0.00017
0.0045
-0.01
-0.023
-0.018
-0.017
-0.019
-0.014
-0.012
-0.0033
0.0084
0.0028
-0.011
-0.015
-0.014
-0.0047
0.0034
0.0074
0.015
0.008
-0.0074
0.006
0.013
0.0032
0.00096
0.01
0.017
0.012
-0.00087
0.0002
0.017
0.017
0.011
-0.0042
-0.014
-0.0057
0.0045
-0.0073
-0.02
-0.024
-0.017
-0.0099
-0.0033
0.0041
0.0065
-0.012
-0.026
-0.0027
0.015
-0.0014
-0.016
-0.011
-0.01
-0.019
-0.0093
0.013
0.023
0.0088
-0.0072
-0.018
-0.032
-0.028
-0.014
0.00029
-0.00026
-0.01
-0.012
-0.0063
-0.0087
-0.026
-0.026
-0.026
-0.038
-0.037
-0.029
-0.03
-0.025
-0.014
-0.017
-0.029
-0.033
-0.036
-0.036
-0.039
-0.026
-0.016
-0.022
-0.019
-0.021
-0.023
-0.033
-0.037
-0.039
-0.019
0.0024
0.0056
-0.0002
-0.012
-0.02
-0.02
-0.023
-0.02
-0.028
-0.039
-0.029
-0.0091
-0.0069
0.014
0.14
0.22
0.15
0.047
0.062
0.17
0.22
0.21
0.18
0.16
0.18
0.21
0.25
0.27
0.36
0.45
0.38
0.24
0.14
0.12
0.14
0.14
0.084
0.016
-0.024
0.023
0.13
0.2
0.21
0.21
0.23
0.22
0.19
0.15
0.13
0.11
0.093
0.058
0.012
-0.046
-0.078
-0.073
-0.064
-0.062
-0.067
-0.084
-0.098
-0.096
-0.081
-0.061
-0.063
-0.11
-0.17
-0.22
-0.21
-0.19
-0.2
-0.2
-0.17
-0.15
-0.14
-0.15
-0.14
-0.12
-0.063
-0.025
-0.025
-0.035
-0.038
-0.028
0.0046
0.03
0.033
0.024
0.011
0.017
0.043
0.068
0.098
0.11
0.11
0.085
0.067
0.07
0.09
0.099
0.097
0.092
0.089
0.081
0.057
0.051
0.067
0.072
0.057
0.043
0.027
0.012
0.015
0.026
0.035
0.014
-0.017
-0.02
-0.02
-0.026
-0.0082
0.012
0.00032
-0.023
-0.046
-0.067
-0.058
-0.035
-0.021
-0.015
-0.023
-0.041
-0.041
-0.024
-0.025
-0.053
-0.063
-0.053
-0.033
-0.00066
0.029
0.023
-0.0072
-0.022
-0.022
0.005
0.019
0.016
-0.0037
-0.016
-0.017
-0.0057
0.0016
0.0054
0.022
0.031
0.0056
-0.019
-0.014
0.0027
0.00081
-0.017
-0.033
-0.037
-0.039
-0.037
-0.017
-0.0098
-0.014
-0.0096
-0.021
-0.058
-0.07
-0.049
-0.024
-0.0079
0.0092
0.015
0.0058
-0.0077
0.0045
0.021
0.0014
-0.015
0.022
0.071
0.065
0.043
0.045
0.065
0.076
0.056
0.054
0.077
0.07
0.061
0.05
0.035
0.026
0.023
0.038
0.036
0.012
0.0045
0.017
0.022
0.024
0.01
0.0023
-0.001
-0.0096
-0.016
-0.021
-0.032
-0.033
-0.0078
0.015
0.014
0.0069
0.0033
0.0021
0.0045
0.015
0.03
0.048
0.053
0.04
0.035
0.045
0.061
0.074
0.068
0.053
0.045
0.037
0.033
0.025
0.017
0.018
0.02
0.025
0.036
0.025
-0.002
-0.006
-0.005
-0.012
-0.031
-0.053
-0.048
-0.026
-0.032
-0.062
-0.096
-0.11
-0.1
-0.095
-0.096
-0.09
-0.09
-0.11
-0.12
-0.1
-0.094
-0.096
-0.087
-0.075
-0.078
-0.069
-0.039
-0.018
-0.031
-0.049
-0.044
-0.034
-0.017
0.00087
0.028
0.058
0.071
0.064
0.053
0.047
0.041
0.059
0.077
0.072
0.06
0.064
0.077
0.082
0.085
0.08
0.062
0.041
0.032
0.036
0.056
0.077
0.077
0.056
0.035
0.014
0.0071
0.0061
0.024
0.039
0.037
0.035
0.036
0.03
0.018
0.0078
0.0023
-0.0021
-0.0018
-7.6e-005
-0.0035
0.00093
0.011
0.0056
-0.0022
0.007
0.019
0.025
0.03
0.032
0.045
0.05
0.02
-0.0099
-0.015
0.0064
0.033
0.033
0.017
0.0092
0.0092
0.005
0.0023
-0.0025
-0.011
-0.025
-0.027
-0.0079
0.013
0.019
0.029
0.027
0.01
-0.018
-0.035
-0.0096
0.021
0.045
0.043
0.011
-0.023
-0.01
0.034
0.059
0.033
-0.015
-0.031
-0.014
0.0047
0.027
0.031
0.0048
-0.028
-0.046
-0.052
-0.064
-0.08
-0.077
-0.071
-0.074
-0.081
-0.089
-0.1
-0.11
-0.086
-0.055
-0.044
-0.056
-0.07
-0.071
-0.064
-0.049
-0.019
0.0017
-0.0091
-0.026
-0.032
-0.01
0.024
0.04
0.041
0.033
0.02
0.028
0.047
0.063
0.062
0.044
0.015
0.00023
0.0029
0.019
0.046
0.062
0.073
0.072
0.058
0.048
0.039
0.024
0.007
-0.0026
0.00081
0.017
0.025
0.018
0.0075
0.00066
0.0088
0.0086
-0.021
-0.045
-0.038
-0.016
0.0079
0.015
-0.013
-0.046
-0.066
-0.074
-0.059
-0.045
-0.048
-0.047
-0.052
-0.067
-0.069
-0.056
-0.031
-0.00078
0.006
-0.0028
-0.0057
-0.0017
0.0048
0.00044
0.0078
0.025
0.053
0.07
0.079
0.084
0.082
0.087
0.094
0.096
0.091
0.079
0.071
0.093
0.12
0.12
0.083
0.062
0.052
0.041
0.036
0.046
0.064
0.064
0.049
0.028
0.0074
0.012
0.039
0.064
0.067
0.058
0.043
0.027
0.014
0.0029
0.01
0.0098
-0.0051
-0.018
-0.024
-0.028
-0.022
-0.011
-0.0085
-0.026
-0.045
-0.047
-0.037
-0.041
-0.04
-0.027
-0.018
-0.012
-0.014
-0.02
-0.024
-0.014
-0.012
-0.01
-0.013
-0.011
0.0017
0.016
0.014
-0.0097
-0.04
-0.044
-0.023
0.0038
0.03
0.026
-0.013
-0.046
-0.051
-0.029
-0.0002
0.0022
-0.02
-0.028
-0.022
-0.024
-0.045
-0.073
-0.076
-0.049
-0.026
-0.015
-0.018
-0.045
-0.059
-0.035
-0.0042
0.012
-0.008
-0.033
-0.034
-0.0066
0.035
0.067
0.062
0.032
0.0013
-0.0005
0.024
0.049
0.056
0.034
0.0019
-0.017
-0.022
-0.023
-0.014
-0.0012
0.013
0.014
-0.004
-0.027
-0.057
-0.074
-0.059
-0.03
-0.022
-0.02
0.002
0.021
0.0097
-0.025
-0.053
-0.056
-0.036
-0.015
-0.0042
-0.00029
0.0033
0.015
0.019
0.02
0.021
0.027
0.035
0.032
0.02
0.015
0.018
0.0069
0.0084
0.025
0.036
0.049
0.097
0.13
0.16
0.37
0.68
0.84
0.76
0.42
-0.059
-0.55
-0.85
-0.9
-0.69
-0.25
0.12
0.26
0.12
-0.24
-0.64
-0.86
-0.83
-0.68
-0.58
-0.58
-0.58
-0.52
-0.43
-0.39
-0.42
-0.41
-0.28
-0.069
0.12
0.25
0.33
0.35
0.32
0.25
0.18
0.18
0.25
0.35
0.45
0.51
0.47
0.33
0.14
0.016
0.0085
0.066
0.092
0.061
0.043
0.089
0.17
0.24
0.21
0.13
0.04
0.011
0.041
0.084
0.097
0.096
0.11
0.15
0.18
0.17
0.13
0.061
0.0079
-0.027
-0.061
-0.078
-0.065
-0.034
-0.0073
0.0033
-0.0019
-0.018
-0.038
-0.057
-0.059
-0.034
-0.011
-0.018
-0.05
-0.1
-0.16
-0.19
-0.19
-0.16
-0.13
-0.11
-0.074
-0.044
-0.021
-0.011
-0.027
-0.037
-0.02
0.0095
0.043
0.082
0.12
0.17
0.2
0.19
0.16
0.11
0.076
0.067
0.078
0.089
0.096
0.09
0.083
0.064
0.027
-0.0028
-0.014
-0.021
-0.033
-0.042
-0.031
0.0013
0.023
0.027
0.027
0.036
0.066
0.097
0.1
0.1
0.099
0.1
0.11
0.1
0.097
0.11
0.14
0.14
0.13
0.11
0.097
0.1
0.12
0.11
0.093
0.074
0.07
0.075
0.066
0.043
0.02
0.0096
0.023
0.024
0.0006
-0.025
-0.039
-0.044
-0.034
-0.02
-0.011
-0.0069
-0.0092
-0.0059
0.006
0.028
0.048
0.06
0.069
0.067
0.065
0.086
0.11
0.12
0.11
0.12
0.12
0.13
0.13
0.12
0.093
0.073
0.069
0.071
0.064
0.049
0.035
0.025
0.017
0.0086
0.0066
0.0095
0.0052
-0.0029
-0.0032
-0.0058
-0.016
-0.019
-0.008
0.0022
0.0027
-0.0062
-0.021
-0.026
-0.017
0.00023
0.0014
-0.015
-0.034
-0.045
-0.055
-0.064
-0.079
-0.083
-0.067
-0.046
-0.042
-0.06
-0.083
-0.094
-0.089
-0.073
-0.061
-0.068
-0.076
-0.078
-0.086
-0.087
-0.078
-0.077
-0.084
-0.082
-0.079
-0.064
-0.041
-0.032
-0.042
-0.053
-0.039
-0.01
0.0046
0.0073
0.004
-0.0018
-0.0018
0.00099
-0.0026
0.00035
0.01
0.024
0.035
0.033
0.0089
-0.015
-0.013
-0.005
-0.014
-0.036
-0.045
-0.028
0.0056
0.027
0.025
0.011
0.0031
-0.0035
-0.005
-0.011
-0.022
-0.022
-0.011
-0.00056
-0.0038
-0.022
-0.047
-0.065
-0.066
-0.051
-0.028
-0.012
-0.015
-0.031
-0.045
-0.048
-0.048
-0.048
-0.036
0.0027
0.045
0.061
0.044
0.013
-0.014
-0.021
-0.0021
0.0091
-0.0067
-0.029
-0.023
0.00099
0.027
0.034
0.015
-0.0081
-0.013
-0.0043
0.02
0.046
0.059
0.054
0.046
0.038
0.029
0.024
0.031
0.046
0.065
0.085
0.085
0.061
0.029
0.0022
-0.02
-0.037
-0.037
-0.013
0.014
0.026
0.021
-0.0031
-0.03
-0.046
-0.055
-0.065
-0.066
-0.062
-0.059
-0.048
-0.043
-0.061
-0.085
-0.093
-0.082
-0.067
-0.058
-0.052
-0.043
-0.033
-0.034
-0.036
-0.032
-0.026
-0.019
-0.0089
-0.0045
-0.00069
0.011
0.017
-0.0036
-0.036
-0.057
-0.051
-0.03
-0.013
-0.01
-0.0077
-7.6e-005
0.011
0.022
0.026
0.013
-0.011
-0.014
0.011
0.021
0.0088
-0.0029
-0.012
-0.022
-0.015
-0.0022
-0.0014
-0.0041
0.0047
0.015
0.012
0.0034
-0.013
-0.025
-0.026
-0.017
-0.0044
0.0039
0.0078
-0.0058
-0.021
-0.029
-0.028
-0.01
0.016
0.028
0.024
0.014
0.0032
0.0045
0.021
0.033
0.036
0.025
0.016
0.018
0.02
0.026
0.026
0.027
0.026
0.022
0.013
0.024
0.047
0.069
0.079
0.076
0.071
0.065
0.056
0.046
0.039
0.036
0.043
0.041
0.021
0.0071
0.0085
0.016
0.025
0.023
0.0072
-0.00023
0.0038
0.0094
0.0021
-0.016
-0.025
-0.017
-0.0018
0.015
0.014
-0.0095
-0.031
-0.026
-0.0041
0.017
0.016
0.0058
-0.0021
-0.0098
-0.015
-0.0095
-0.0045
-0.00023
-0.0051
-0.015
-0.017
-0.0085
0.0041
0.0099
0.0078
0.0033
-0.0017
-0.012
-0.017
-0.01
0.0028
0.012
0.0089
0.005
0.0018
-0.0053
0.0024
0.013
0.0093
0.015
0.042
0.068
0.072
0.049
0.034
0.045
0.069
0.079
0.068
0.059
0.064
0.078
0.081
0.064
0.034
0.023
0.04
0.054
0.053
0.043
0.047
0.055
0.054
0.042
0.025
0.019
0.031
0.04
0.042
0.043
0.045
0.037
0.028
0.017
0.0078
-0.0051
-0.013
-0.015
-0.00026
0.04
0.066
0.062
0.047
0.039
0.025
0.01
0.0059
0.013
0.021
0.026
0.037
0.03
0.0087
-0.0026
0.0078
0.015
0.0073
-0.0093
-0.033
-0.059
-0.077
-0.083
-0.08
-0.065
-0.04
-0.036
-0.051
-0.051
-0.029
-0.01
-0.0059
0.00087
0.008
0.0073
0.0059
0.0046
-0.0035
-0.017
-0.017
-0.00099
-0.0047
-0.04
-0.083
-0.11
-0.11
-0.084
-0.055
-0.046
-0.046
-0.03
-0.0077
0.0066
0.005
-0.0058
-0.013
-0.02
-0.024
-0.015
-0.0056
-0.0048
-0.013
-0.023
-0.031
-0.021
-0.0047
0.0036
0.0018
-0.0084
-0.018
-0.026
-0.029
-0.027
-0.014
0.0011
0.013
0.022
0.017
0.0017
-0.016
-0.024
-0.02
-0.0099
-0.0059
0.0093
0.026
0.026
0.019
0.0068
0.0014
0.011
0.015
0.013
0.018
0.032
0.046
0.05
0.038
0.0079
-0.022
-0.037
-0.031
-0.01
0.018
0.029
0.023
0.01
-0.002
-0.0084
-0.011
-0.012
-0.016
-0.021
-0.019
-0.022
-0.029
-0.046
-0.061
-0.07
-0.076
-0.073
-0.053
-0.021
0.0098
0.026
0.0054
-0.025
-0.036
-0.031
-0.015
4.6e-005
0.0059
0.00041
-0.015
-0.039
-0.045
-0.031
-0.015
-0.0043
-0.0083
-0.026
-0.036
-0.027
0.0044
0.026
0.027
0.013
0.0018
-0.0066
-0.0071
0.0032
0.011
0.014
0.011
0.0046
-0.0015
-0.0033
-0.0011
0.0084
0.033
0.042
0.018
0.0049
0.0075
-0.0013
0.011
0.041
0.04
0.033
0.035
0.043
0.05
0.053
0.055
0.074
0.094
0.094
0.1
0.099
0.069
0.043
0.033
0.017
-0.0039
-0.0019
0.016
0.035
0.044
0.032
0.0071
0.0016
0.032
0.056
0.047
0.028
0.025
0.039
0.045
0.037
0.0067
-0.017
-0.033
-0.038
-0.028
-0.0041
0.026
0.046
0.04
0.0051
-0.02
-0.012
0.0068
0.027
0.043
0.046
0.047
0.052
0.046
0.03
0.021
0.01
0.004
0.012
0.021
0.03
0.048
0.053
0.028
-0.0032
-0.011
0.0033
0.021
0.028
0.021
0.011
0.0044
-0.0002
-0.0098
-0.02
-0.021
-0.009
0.0034
0.013
0.015
0.014
0.016
0.015
0.0051
-0.0074
-0.0047
0.0065
0.018
0.012
-0.0039
-0.013
-0.012
-0.011
-0.0081
-0.011
-0.014
-0.0038
0.0076
0.017
0.019
0.0097
0.0065
0.013
0.017
0.014
0.016
0.023
0.033
0.048
0.052
0.033
0.007
-0.019
-0.048
-0.064
-0.062
-0.048
-0.028
-0.0078
0.016
0.041
0.055
0.045
0.021
0.0035
0.016
0.037
0.031
0.0095
-0.011
-0.018
-0.011
-0.0045
0.0016
0.00038
-0.006
-0.012
-0.0069
0.002
0.01
0.015
0.021
0.033
0.047
0.07
0.084
0.089
0.11
0.13
0.13
0.11
0.1
0.11
0.12
0.13
0.13
0.12
0.083
0.063
0.053
0.039
0.016
-0.0064
-0.017
-0.015
-0.0013
0.01
0.013
0.011
0.0098
0.016
0.03
0.036
0.037
0.049
0.066
0.084
0.099
0.094
0.074
0.059
0.041
0.025
0.019
0.027
0.037
0.052
0.058
0.063
0.06
0.055
0.045
0.025
0.01
0.0064
0.0083
0.024
0.043
0.041
0.024
0.014
0.0002
-0.015
-0.02
-0.027
-0.042
-0.046
-0.043
-0.058
-0.081
-0.093
-0.093
-0.1
-0.11
-0.1
-0.094
-0.085
-0.08
-0.071
-0.062
-0.063
-0.075
-0.08
-0.066
-0.049
-0.029
-0.0069
0.01
0.02
0.026
0.027
0.03
0.043
0.049
0.045
0.029
0.013
0.0059
-0.013
-0.039
-0.067
-0.086
-0.1
-0.11
-0.1
-0.074
-0.04
-0.03
-0.043
-0.058
-0.062
-0.046
-0.015
0.02
0.042
0.048
0.047
0.042
0.024
0.0065
-0.0017
-0.0084
-0.022
-0.049
-0.087
-0.11
-0.086
-0.071
-0.091
-0.12
-0.12
-0.12
-0.11
-0.11
-0.1
-0.09
-0.075
-0.055
-0.045
-0.043
-0.029
-0.013
-0.013
-0.019
-0.031
-0.034
-0.017
0.0094
0.011
-0.018
-0.053
-0.068
-0.071
-0.076
-0.072
-0.063
-0.056
-0.048
-0.048
-0.057
-0.055
-0.044
-0.03
-0.0028
0.024
0.024
0.018
0.016
0.0078
0.009
0.031
0.047
0.047
0.043
0.037
0.031
0.028
0.031
0.038
0.042
0.045
0.051
0.058
0.058
0.048
0.035
0.042
0.056
0.058
0.06
0.07
0.073
0.066
0.054
0.043
0.05
0.068
0.067
0.053
0.041
0.05
0.067
0.077
0.069
0.059
0.056
0.065
0.076
0.082
0.094
0.1
0.099
0.1
0.11
0.11
0.12
0.13
0.14
0.14
0.14
0.14
0.12
0.081
0.057
0.051
0.037
0.034
0.041
0.041
0.039
0.036
0.018
-0.0047
0.0016
0.032
0.052
0.051
0.024
-0.0056
-0.01
0.0018
0.021
0.032
0.025
0.0065
-0.011
-0.03
-0.044
-0.041
-0.032
-0.017
0.013
0.04
0.053
0.043
0.032
0.021
0.014
0.0091
-0.0015
-0.02
-0.022
-0.0087
-0.0029
0.0022
0.011
0.013
0.0092
-0.007
-0.014
0.0068
0.022
0.037
0.041
0.032
0.036
0.034
0.019
0.0082
0.0044
0.018
0.017
-0.016
-0.018
-0.00035
-0.00023
0.0044
0.01
0.0012
-0.0024
0.013
0.019
0.0037
-0.0061
-0.0044
-0.0017
-0.0028
-0.011
-0.0086
0.0089
0.014
0.0075
-0.0015
-0.021
-0.05
-0.078
-0.089
-0.088
-0.086
-0.076
-0.065
-0.061
-0.053
-0.053
-0.066
-0.074
-0.076
-0.074
-0.069
-0.056
-0.04
-0.032
-0.031
-0.031
-0.033
-0.06
-0.086
-0.081
-0.068
-0.061
-0.052
-0.048
-0.056
-0.054
-0.042
-0.035
-0.037
-0.037
-0.02
-0.0014
0.00026
-0.0075
-0.016
-0.028
-0.021
0.0064
0.025
0.018
-0.0019
-0.02
-0.025
-0.018
-0.015
-0.043
-0.079
-0.088
-0.054
-0.012
0.021
0.049
0.054
0.034
0.0028
-0.037
-0.052
-0.045
-0.049
-0.041
-0.00023
0.062
0.11
0.12
0.1
0.06
0.024
0.023
0.044
0.063
0.063
0.057
0.046
0.04
0.044
0.057
0.08
0.1
0.12
0.11
0.1
0.088
0.072
0.067
0.058
0.034
0.019
0.012
-0.029
-0.077
-0.09
-0.062
0.0022
0.072
0.12
0.13
0.13
0.15
0.15
0.13
0.095
0.044
0.0047
0.019
0.061
0.094
0.11
0.099
0.06
0.027
0.038
0.045
0.038
0.053
0.076
0.08
0.086
0.1
0.11
0.1
0.099
0.094
0.075
0.025
-0.027
-0.029
0.031
0.091
0.11
0.085
0.0086
-0.047
-0.05
-0.016
0.013
0.024
0.029
0.02
0.0095
0.02
0.053
0.084
0.1
0.1
0.077
0.034
0.0063
0.014
0.04
0.061
0.056
0.023
-0.0026
0.0026
0.033
0.056
0.067
0.065
0.051
0.028
0.024
0.061
0.11
0.14
0.16
0.15
0.11
0.069
0.037
0.018
0.024
0.038
0.041
0.039
0.044
0.046
0.049
0.062
0.06
0.04
0.034
0.044
0.06
0.078
0.079
0.057
0.028
0.0055
-0.0071
-0.0031
0.0092
0.013
0.0093
-0.0018
-0.021
-0.038
-0.04
-0.043
-0.051
-0.056
-0.058
-0.047
-0.025
-0.00026
0.0087
-0.014
-0.054
-0.091
-0.11
-0.086
-0.044
-0.022
-0.023
-0.02
-0.014
-0.014
-0.02
-0.016
-0.0013
-0.002
-0.012
-0.033
-0.058
-0.051
-0.027
-0.017
-0.023
-0.039
-0.05
-0.041
-0.029
-0.028
-0.04
-0.047
-0.037
-0.035
-0.037
-0.042
-0.047
-0.038
-0.034
-0.04
-0.046
-0.057
-0.053
-0.037
-0.03
-0.036
-0.051
-0.061
-0.066
-0.057
-0.039
-0.021
-0.027
-0.051
-0.063
-0.061
-0.061
-0.061
-0.057
-0.05
-0.047
-0.061
-0.08
-0.097
-0.12
-0.13
-0.12
-0.11
-0.11
-0.099
-0.09
-0.078
-0.05
-0.029
-0.03
-0.062
-0.1
-0.11
-0.087
-0.07
-0.074
-0.091
-0.11
-0.12
-0.12
-0.098
-0.077
-0.069
-0.049
-0.015
0.0064
0.021
0.028
0.016
0.0057
-0.00087
-0.0087
-0.0094
-0.0028
0.0036
0.011
0.0063
-0.014
-0.043
-0.054
-0.056
-0.056
-0.056
-0.044
-0.022
0.016
0.056
0.054
0.021
-0.011
-0.024
-0.02
-0.012
-0.0034
0.013
0.033
0.045
0.046
0.033
0.0037
-0.015
-0.018
-0.012
0.013
0.043
0.049
0.033
0.0081
-0.0077
-0.0053
0.0085
0.028
0.042
0.039
0.029
0.032
0.039
0.033
0.024
0.033
0.054
0.063
0.057
0.041
0.021
0.011
-0.0061
-0.033
-0.045
-0.042
-0.028
-0.015
-0.0055
0.0015
0.0038
-0.0024
-0.0052
-0.0043
-0.0057
-0.015
-0.028
-0.027
0.00096
0.014
-0.0028
-0.014
-0.024
-0.048
-0.057
-0.048
-0.04
-0.032
-0.02
-0.0063
-0.0025
-0.0083
-0.017
-0.02
-0.012
0.012
0.024
0.02
0.0099
-0.013
-0.021
-0.024
-0.039
-0.051
-0.033
-0.01
0.0045
0.014
0.0087
0.0011
-0.0027
-0.016
-0.038
-0.053
-0.047
-0.034
-0.015
-0.0041
-0.015
-0.035
-0.049
-0.055
-0.053
-0.038
-0.023
-0.018
-0.023
-0.018
-0.00096
0.015
0.022
0.029
0.029
0.027
0.047
0.072
0.081
0.077
0.069
0.055
0.039
0.03
0.023
0.02
0.024
0.025
0.015
0.0076
0.01
0.019
0.019
0.011
0.0062
0.012
0.036
0.058
0.065
0.07
0.078
0.085
0.082
0.067
0.05
0.048
0.041
0.023
-0.0032
-0.014
-0.00026
0.0079
0.00014
-0.021
-0.04
-0.047
-0.053
-0.053
-0.042
-0.037
-0.032
-0.012
0.009
0.034
0.051
0.053
0.049
0.039
0.023
0.012
0.018
0.0098
-0.0067
-0.013
-0.014
-0.014
-0.0081
-0.011
-0.031
-0.028
0.009
0.044
0.043
0.012
-0.021
-0.037
-0.019
0.011
0.02
0.022
0.034
0.047
0.052
0.025
-0.016
-0.041
-0.036
-0.0049
0.022
0.035
0.037
0.032
0.042
0.044
0.025
0.0018
-0.0044
0.0045
0.03
0.054
0.052
0.024
-0.0094
-0.033
-0.059
-0.078
-0.075
-0.049
-0.011
0.017
0.039
0.045
0.035
0.021
0.0071
0.0013
0.022
0.058
0.081
0.089
0.072
0.038
0.0095
-0.012
-0.024
-0.03
-0.033
-0.028
-0.022
-0.019
-0.015
-0.021
-0.038
-0.051
-0.049
-0.026
0.0073
0.02
0.031
0.035
0.025
0.015
0.014
0.0054
-0.0096
-0.017
-0.0076
0.021
0.04
0.038
0.019
0.0047
-0.00081
-0.0072
-0.0039
0.0094
0.012
0.014
0.035
0.052
0.06
0.062
0.055
0.054
0.058
0.066
0.073
0.071
0.062
0.058
0.062
0.058
0.045
0.029
0.025
0.031
0.034
0.041
0.05
0.055
0.051
0.036
0.014
-0.0084
-0.011
0.023
0.071
0.085
0.068
0.052
0.035
0.028
0.029
0.026
0.018
0.014
0.011
0.0035
-0.014
-0.036
-0.048
-0.049
-0.038
-0.023
-0.01
0.0031
0.011
0.0053
-0.00056
-0.004
-0.0019
0.015
0.024
0.0083
-0.01
-0.018
-0.011
-0.0068
-0.019
-0.036
-0.042
-0.051
-0.066
-0.073
-0.063
-0.04
-0.023
-0.012
0.0022
0.0056
0.0061
0.013
0.009
-0.0082
-0.028
-0.033
-0.014
0.0046
0.0036
-0.01
-0.03
-0.044
-0.039
-0.035
-0.028
-0.0084
0.019
0.036
0.039
0.038
0.043
0.049
0.054
0.062
0.067
0.069
0.064
0.053
0.053
0.046
0.025
0.01
0.0083
0.01
0.024
0.035
0.03
0.021
0.018
0.027
0.042
0.055
0.055
0.046
0.044
0.054
0.061
0.049
0.03
0.0098
-0.0029
7.6e-005
-0.0034
-0.019
-0.016
0.0089
0.024
0.027
0.015
0.009
0.02
0.029
0.034
0.037
0.047
0.058
0.063
0.055
0.031
0.0031
-0.01
-0.0067
-0.015
-0.019
-0.007
-0.0018
-0.014
-0.029
-0.037
-0.045
-0.047
-0.032
-0.014
-0.0055
0.00093
0.0088
0.0021
-0.0034
-0.0011
-0.0029
-0.007
-0.018
-0.03
-0.028
-0.019
-0.026
-0.038
-0.045
-0.047
-0.05
-0.051
-0.046
-0.044
-0.039
-0.024
-0.0052
0.0018
-0.0078
-0.016
-0.015
-0.013
-0.011
-0.01
-0.0058
-0.0057
-0.0061
-0.016
-0.027
-0.032
-0.032
-0.025
-0.022
-0.021
-0.022
-0.022
-0.013
-0.0031
-0.0014
-0.013
-0.018
-0.015
-0.014
-0.0057
0.0036
0.0066
0.0024
-0.0036
-0.0093
0.0006
0.01
0.0045
-0.012
-0.026
-0.022
-0.018
-0.028
-0.045
-0.051
-0.044
-0.035
-0.037
-0.052
-0.057
-0.058
-0.051
-0.04
-0.035
-0.036
-0.03
-0.023
-0.016
-0.012
-0.024
-0.041
-0.052
-0.052
-0.037
-0.025
-0.02
-0.028
-0.041
-0.054
-0.056
-0.051
-0.042
-0.034
-0.029
-0.013
-0.0057
-0.017
-0.027
-0.026
-0.03
-0.036
-0.037
-0.033
-0.026
-0.024
-0.03
-0.044
-0.054
-0.047
-0.051
-0.07
-0.082
-0.069
-0.051
-0.042
-0.045
-0.049
-0.039
-0.037
-0.037
-0.021
-0.0057
0.0033
0.015
0.025
0.027
0.022
0.012
0.0091
0.0034
-0.01
-0.016
-0.0098
0.0047
0.018
0.012
-0.0074
-0.022
-0.03
-0.036
-0.031
-0.018
-0.0043
0.0039
0.0036
0.0061
0.019
0.038
0.045
0.037
0.039
0.041
0.033
0.024
0.015
0.0034
0.0094
0.025
0.025
0.008
-0.0065
-0.012
-0.012
-0.0018
0.0097
0.017
0.021
0.02
0.011
0.0002
0.0073
0.01
0.014
0.018
0.014
0.0063
0.015
0.028
0.025
0.021
0.016
0.022
0.038
0.036
0.026
0.022
0.033
0.044
0.047
0.034
0.013
-0.00014
-0.0035
0.0029
-0.00069
0.0047
0.024
0.035
0.026
0.0095
-0.011
-0.024
-0.023
-0.011
-0.00041
0.004
0.016
0.03
0.024
0.01
0.0054
0.0051
0.0058
0.0011
-0.0085
-0.0034
0.012
0.012
-0.002
-0.0089
-0.004
-4.6e-005
0.0037
0.0094
0.0078
0.0062
0.011
0.024
0.033
0.032
0.023
0.019
0.022
0.024
0.021
0.024
0.031
0.028
0.013
0.0014
-0.00081
0.0023
0.008
0.0091
0.011
0.019
0.019
0.0083
-0.0011
-0.0041
0.0042
0.025
0.035
0.03
0.027
0.029
0.034
0.033
0.025
0.014
0.0095
0.018
0.029
0.024
0.015
0.017
0.025
0.032
0.037
0.049
0.072
0.086
0.083
0.058
0.024
-0.005
-0.017
-0.014
-0.00075
0.021
0.055
0.079
0.079
0.065
0.048
0.036
0.03
0.03
0.037
0.047
0.066
0.08
0.075
0.056
0.037
0.013
-0.0037
-0.0067
0.0065
0.031
0.05
0.044
0.014
-0.013
-0.023
-0.0086
0.024
0.059
0.075
0.07
0.054
0.029
0.01
0.0055
0.0042
0.0042
-0.0013
-0.004
-0.00038
0.0033
0.0042
0.0012
0.007
0.018
0.028
0.04
0.046
0.049
0.054
0.046
0.027
0.0047
-0.019
-0.031
-0.021
-0.0054
-0.0052
-0.012
-0.014
-0.023
-0.041
-0.058
-0.066
-0.072
-0.068
-0.047
-0.019
0.0017
0.0027
-0.005
-0.00096
0.013
0.015
-0.0072
-0.028
-0.026
-0.019
-0.018
-0.023
-0.037
-0.056
-0.062
-0.055
-0.045
-0.032
-0.015
-0.0075
-0.0062
-0.0059
-0.0084
-0.0097
-0.011
-0.0053
-0.0045
-0.011
-0.021
-0.039
-0.052
-0.057
-0.062
-0.063
-0.046
-0.027
-0.025
-0.027
-0.028
-0.022
-0.022
-0.038
-0.053
-0.058
-0.032
-0.0023
0.011
0.0063
-0.0051
-0.02
-0.038
-0.05
-0.064
-0.065
-0.053
-0.042
-0.045
-0.067
-0.087
-0.075
-0.044
-0.02
-0.029
-0.048
-0.042
-0.02
-0.001
0.0029
-0.0015
-0.00047
0.009
0.0019
-0.02
-0.024
-0.014
-0.011
-0.0085
-0.0027
-0.0022
-0.0072
-0.019
-0.029
-0.028
-0.014
0.0047
0.022
0.025
0.023
0.028
0.032
0.037
0.04
0.044
0.052
0.055
0.046
0.034
0.025
0.024
0.032
0.044
0.05
0.039
0.015
-0.0019
-0.0014
0.0014
-0.0039
-0.0026
0.011
0.014
0.0055
0.00053
-0.0022
-0.0038
-0.0006
0.005
0.015
0.037
0.052
0.047
0.031
0.019
0.013
0.011
0.015
0.027
0.038
0.042
0.043
0.034
0.027
0.032
0.039
0.044
0.052
0.054
0.054
0.051
0.042
0.032
0.019
0.0085
0.0093
0.017
0.031
0.043
0.056
0.06
0.059
0.056
0.051
0.051
0.052
0.055
0.053
0.054
0.064
0.077
0.074
0.059
0.041
0.018
0.0063
0.0069
0.015
0.027
0.047
0.065
0.064
0.044
0.029
0.026
0.023
0.026
0.037
0.05
0.056
0.041
0.013
-0.0002
0.0059
0.018
0.023
0.012
-0.01
-0.022
-0.022
-0.02
-0.023
-0.027
-0.026
-0.024
-0.022
-0.021
-0.011
0.0021
0.0088
0.012
0.0067
-0.0077
-0.028
-0.035
-0.029
-0.03
-0.032
-0.016
0.013
0.036
0.036
0.019
0.0043
-0.0028
0.0045
0.019
0.021
1.5e-005
-0.024
-0.031
-0.016
0.011
0.034
0.037
0.013
-0.021
-0.048
-0.05
-0.032
-0.016
-0.013
-0.0067
0.012
0.037
0.049
0.05
0.064
0.084
0.081
0.047
0.0098
-0.013
-0.02
-0.0096
0.0058
0.015
0.019
0.024
0.027
0.026
0.027
0.025
0.018
0.0044
-0.015
-0.038
-0.044
-0.037
-0.021
-0.0022
0.011
0.016
0.0082
0.0023
0.0045
0.013
0.02
0.017
0.014
0.012
0.0032
-0.011
-0.017
-0.019
-0.013
0.0002
-0.0028
-0.031
-0.053
-0.056
-0.049
-0.044
-0.047
-0.053
-0.05
-0.044
-0.041
-0.04
-0.05
-0.068
-0.073
-0.062
-0.043
-0.028
-0.016
-0.0069
0.00078
-0.008
-0.024
-0.027
-0.028
-0.032
-0.028
-0.019
-0.013
-0.0068
0.0032
0.011
0.0022
-0.013
-0.022
-0.019
-0.0077
0.01
0.023
0.028
0.026
0.025
0.02
0.011
0.0011
-0.01
-0.016
-0.011
-0.0075
-0.016
-0.027
-0.024
-0.015
-0.011
-0.0084
-0.0075
-0.0019
0.0092
0.026
0.038
0.034
0.024
0.0037
-0.0045
0.00096
0.0049
0.0083
0.016
0.02
0.0082
-0.015
-0.036
-0.038
-0.022
-0.01
0.003
0.014
0.029
0.039
0.038
0.031
0.024
0.017
0.011
0.02
0.025
0.018
0.011
0.0071
0.0054
0.012
0.011
0.0039
-0.003
-0.002
0.0055
0.015
0.033
0.042
0.039
0.03
0.025
0.018
0.0064
-0.0021
0.0012
0.027
0.054
0.058
0.046
0.043
0.056
0.063
0.057
0.048
0.03
0.017
0.024
0.035
0.034
0.027
0.023
0.033
0.039
0.044
0.051
0.061
0.075
0.086
0.078
0.063
0.049
0.04
0.034
0.031
0.031
0.032
0.026
0.028
0.04
0.044
0.039
0.028
0.02
0.028
0.039
0.047
0.05
0.036
0.019
0.014
0.017
0.021
0.023
0.021
0.018
0.024
0.029
0.023
0.0084
0.0034
0.0085
0.019
0.028
0.032
0.035
0.041
0.05
0.05
0.052
0.065
0.068
0.056
0.047
0.037
0.029
0.021
0.0072
0.00017
0.0085
0.021
0.033
0.029
0.016
-0.0037
-0.019
-0.017
-0.003
0.0029
0.0064
0.022
0.036
0.04
0.04
0.031
0.012
-0.0039
-0.0052
0.00096
0.013
0.025
0.039
0.053
0.065
0.069
0.058
0.047
0.043
0.041
0.04
0.039
0.026
0.0046
0.0097
0.038
0.057
0.067
0.073
0.066
0.055
0.05
0.05
0.053
0.045
0.02
0.0039
-0.0031
-0.0044
0.0032
0.022
0.038
0.045
0.038
0.021
0.0057
-0.0025
-0.0072
-0.011
-0.015
-0.021
-0.017
-0.0069
0.0078
0.0094
0.0025
-0.0023
-0.006
-0.019
-0.03
-0.029
-0.028
-0.019
-0.0018
0.0053
0.0029
-0.0014
-0.0022
-0.0053
-0.017
-0.029
-0.045
-0.058
-0.058
-0.049
-0.039
-0.031
-0.033
-0.047
-0.049
-0.045
-0.041
-0.041
-0.032
-0.019
-0.023
-0.046
-0.07
-0.081
-0.075
-0.065
-0.047
-0.035
-0.023
-0.009
0.0029
0.0072
-0.0023
-0.022
-0.028
-0.0051
0.019
0.033
0.037
0.035
0.022
0.005
-0.0016
-0.0014
0.004
0.016
0.017
0.0087
0.012
0.0067
-0.013
-0.027
-0.032
-0.026
-0.0065
0.0036
0.005
0.019
0.035
0.039
0.03
0.021
0.02
0.02
0.021
0.022
0.016
0.01
0.014
0.02
0.018
0.0092
0.0035
0.0089
0.027
0.04
0.033
0.026
0.028
0.026
0.012
-0.0029
-0.01
-0.013
-0.0098
0.0012
0.0067
-0.00029
-0.012
-0.017
-0.011
0.00041
0.0026
-0.0051
-0.027
-0.047
-0.05
-0.044
-0.041
-0.049
-0.061
-0.058
-0.044
-0.034
-0.032
-0.037
-0.038
-0.029
-0.02
-0.026
-0.037
-0.034
-0.032
-0.026
-0.012
-0.011
-0.025
-0.024
-0.014
-0.014
-0.017
-0.015
-0.011
-0.014
-0.02
-0.02
-0.012
-0.0025
-0.0069
-0.021
-0.029
-0.03
-0.019
0.0024
0.0054
-0.014
-0.041
-0.066
-0.07
-0.063
-0.049
-0.036
-0.04
-0.053
-0.057
-0.047
-0.034
-0.023
-0.011
-0.0042
-0.0027
0.0033
0.0035
-0.014
-0.032
-0.05
-0.061
-0.043
-0.011
0.012
0.025
0.027
0.0099
-0.019
-0.033
-0.021
-0.0035
0.0043
0.011
0.03
0.053
0.066
0.071
0.056
0.025
-0.0052
-0.008
0.015
0.049
0.088
0.13
0.13
0.1
0.064
0.025
0.0086
0.022
0.054
0.088
0.11
0.11
0.11
0.094
0.078
0.062
0.051
0.06
0.08
0.089
0.085
0.067
0.039
0.022
0.026
0.043
0.074
0.091
0.094
0.091
0.071
0.051
0.038
0.013
-0.015
-0.0063
0.037
0.08
0.11
0.11
0.1
0.061
0.02
-0.0024
-0.013
0.0024
0.03
0.06
0.099
0.12
0.11
0.073
0.02
-0.02
-0.016
0.026
0.066
0.073
0.049
0.014
-0.0048
0.011
0.045
0.069
0.08
0.088
0.075
0.041
0.017
0.0055
0.0032
0.0097
0.0092
-0.0021
0.00078
0.015
0.03
0.038
0.016
-0.0039
-0.01
-0.016
-0.0044
0.025
0.049
0.06
0.051
0.03
0.02
0.028
0.037
0.052
0.063
0.053
0.043
0.029
0.0079
-0.003
0.0011
0.019
0.045
0.058
0.056
0.047
0.039
0.034
0.026
0.031
0.054
0.067
0.063
0.053
0.03
0.01
0.0098
0.018
0.018
0.016
0.014
0.014
0.015
0.027
0.04
0.041
0.033
0.019
-0.00078
0.0067
0.032
0.047
0.044
0.025
-0.0074
-0.037
-0.046
-0.035
-0.011
0.014
0.03
0.035
0.025
0.014
0.0036
0.01
0.035
0.048
0.039
0.03
0.028
0.029
0.031
0.03
0.026
0.019
0.006
0.0071
0.018
0.023
0.025
0.026
0.022
0.019
0.015
-0.0088
-0.034
-0.043
-0.029
-0.0015
0.024
0.032
0.016
-0.0099
-0.025
-0.011
0.029
0.06
0.063
0.064
0.068
0.062
0.053
0.047
0.042
0.052
0.077
0.096
0.1
0.098
0.074
0.041
0.025
0.035
0.05
0.055
0.055
0.059
0.056
0.05
0.047
0.042
0.039
0.037
0.044
0.049
0.04
0.014
-0.0058
-0.004
0.0052
0.0093
0.0047
-0.0045
-0.014
-0.01
0.0023
0.003
-0.0077
-0.02
-0.029
-0.036
-0.043
-0.05
-0.06
-0.07
-0.072
-0.061
-0.049
-0.043
-0.036
-0.025
-0.018
-0.015
-0.026
-0.04
-0.05
-0.057
-0.053
-0.046
-0.052
-0.057
-0.041
-0.022
-0.015
-0.021
-0.039
-0.055
-0.063
-0.051
-0.022
-0.0035
-0.0042
-0.0026
0.0002
-0.013
-0.031
-0.027
-0.0022
0.011
0.0047
0.0066
0.017
0.0082
-0.0051
0.0014
0.011
0.015
0.013
0.022
0.036
0.042
0.05
0.056
0.049
0.041
0.038
0.027
0.021
0.028
0.038
0.048
0.052
0.053
0.044
0.019
0.0069
0.011
0.024
0.038
0.042
0.05
0.06
0.055
0.043
0.035
0.033
0.027
0.016
0.01
0.014
0.017
0.01
-0.0076
-0.022
-0.021
-0.015
-0.015
-0.0072
0.0069
0.0086
0.0098
0.0097
-0.0072
-0.021
-0.014
0.0016
0.0098
0.01
-0.0013
-0.015
-0.023
-0.018
-0.0048
0.0091
0.021
0.024
0.024
0.024
0.013
0.0031
-0.012
-0.04
-0.063
-0.069
-0.059
-0.037
-0.017
-0.0061
-0.0014
-0.009
-0.029
-0.044
-0.05
-0.049
-0.024
0.014
0.036
0.038
0.025
0.011
0.005
0.0044
0.0051
0.0051
0.0068
0.011
-0.0011
-0.025
-0.036
-0.043
-0.054
-0.054
-0.043
-0.018
0.013
0.033
0.039
0.036
0.023
0.0072
-0.0052
-0.0094
0.0075
0.026
0.033
0.029
0.0095
-0.012
-0.026
-0.035
-0.033
-0.028
-0.024
-0.013
-0.015
-0.029
-0.029
-0.022
-0.017
-0.0053
-0.0034
-0.0081
0.0033
0.021
0.031
0.029
0.015
0.0035
0.00026
-0.0087
-0.0084
0.011
0.022
0.021
0.019
0.018
0.017
0.02
0.032
0.05
0.061
0.065
0.068
0.07
0.075
0.078
0.069
0.057
0.047
0.031
0.026
0.037
0.048
0.048
0.043
0.032
0.019
0.03
0.061
0.068
0.067
0.071
0.058
0.042
0.05
0.042
0.032
0.055
0.068
0.069
0.068
0.044
0.019
0.023
0.029
0.038
0.057
0.059
0.058
0.07
0.06
0.029
0.0047
-0.0086
-0.014
-0.013
-0.0089
0.0036
0.0091
0.0006
-0.015
-0.021
-0.0097
0.0064
0.023
0.038
0.045
0.046
0.041
0.02
-0.01
-0.023
-0.029
-0.015
0.0079
0.018
0.022
0.024
0.016
0.011
0.0085
-0.0049
-0.021
-0.014
0.0061
0.0077
-0.00069
-0.0046
-0.013
-0.027
-0.033
-0.026
-0.018
-0.012
-0.015
-0.014
-0.00075
0.009
0.0038
-0.011
-0.014
-0.0093
-0.013
-0.014
-0.013
-0.022
-0.033
-0.032
-0.016
0.0041
0.0058
-0.006
-0.017
-0.016
-0.012
-0.0021
0.011
0.017
0.015
0.018
0.03
0.037
0.039
0.033
0.021
0.021
0.031
0.039
0.034
0.023
0.019
0.03
0.045
0.05
0.053
0.051
0.049
0.05
0.052
0.049
0.05
0.047
0.043
0.035
0.019
0.0086
0.0083
0.0094
0.0041
0.0073
0.017
0.016
0.0016
-0.02
-0.037
-0.045
-0.044
-0.037
-0.034
-0.035
-0.027
-0.028
-0.045
-0.062
-0.068
-0.062
-0.049
-0.041
-0.038
-0.039
-0.046
-0.056
-0.061
-0.06
-0.052
-0.045
-0.031
-0.00078
0.023
0.031
0.027
0.016
-0.0041
-0.023
-0.025
-0.016
0.0049
0.022
0.024
0.024
0.035
0.045
0.038
0.024
0.016
0.012
0.017
0.033
0.032
0.011
-0.0036
-0.0073
0.0029
0.02
0.027
0.023
0.015
0.0042
0.00072
-0.0032
-0.0083
-0.014
-0.026
-0.041
-0.047
-0.049
-0.045
-0.047
-0.052
-0.058
-0.07
-0.077
-0.074
-0.067
-0.064
-0.065
-0.07
-0.078
-0.083
-0.087
-0.086
-0.078
-0.068
-0.053
-0.038
-0.021
-0.015
-0.03
-0.051
-0.061
-0.064
-0.051
-0.029
-0.025
-0.035
-0.04
-0.045
-0.046
-0.031
-0.0099
0.0068
0.005
-0.018
-0.043
-0.049
-0.037
-0.036
-0.04
-0.034
-0.025
-0.033
-0.051
-0.057
-0.06
-0.063
-0.07
-0.074
-0.078
-0.1
-0.12
-0.11
-0.094
-0.079
-0.074
-0.073
-0.072
-0.063
-0.055
-0.044
-0.033
-0.027
-0.02
-0.02
-0.031
-0.035
-0.023
-0.011
-0.0093
-0.0038
0.0082
0.018
0.024
0.028
0.013
-0.0041
-0.0033
0.001
0.00075
-0.0053
-0.021
-0.032
-0.029
-0.022
-0.025
-0.034
-0.032
-0.027
-0.031
-0.04
-0.034
-0.023
-0.02
-0.021
-0.027
-0.034
-0.036
-0.029
-0.018
-0.0088
-0.014
-0.014
-0.0011
0.0079
0.0031
-0.0056
-0.0036
0.0049
0.011
0.016
0.018
0.016
0.012
0.011
0.021
0.037
0.051
0.053
0.035
0.012
0.005
0.013
0.024
0.033
0.037
0.041
0.056
0.065
0.054
0.039
0.035
0.037
0.045
0.055
0.057
0.059
0.063
0.063
0.06
0.058
0.054
0.055
0.063
0.071
0.059
0.039
0.04
0.05
0.058
0.062
0.056
0.05
0.053
0.058
0.061
0.063
0.063
0.055
0.048
0.04
0.035
0.03
0.03
0.046
0.067
0.078
0.076
0.069
0.06
0.055
0.048
0.035
0.03
0.04
0.047
0.039
0.028
0.022
0.017
0.014
0.0083
-0.0057
-0.019
-0.014
-0.0019
0.0092
0.0087
-0.0047
-0.011
-0.00047
0.015
0.019
0.011
0.0044
0.0016
0.0017
0.0062
0.0075
0.012
0.015
0.018
0.013
-0.00014
-0.019
-0.024
-0.0074
0.00035
-0.015
-0.04
-0.064
-0.07
-0.049
-0.026
-0.021
-0.03
-0.044
-0.066
-0.081
-0.08
-0.066
-0.054
-0.042
-0.035
-0.023
0.0039
0.027
0.039
0.055
0.068
0.068
0.047
0.012
-0.012
-0.00078
0.033
0.07
0.093
0.075
0.043
0.034
0.052
0.077
0.084
0.084
0.081
0.069
0.048
0.034
0.026
0.032
0.039
0.034
0.032
0.025
0.0097
0.0081
0.013
0.02
0.023
0.014
-0.014
-0.04
-0.038
-0.022
-0.0016
0.0041
0.0061
0.015
0.021
0.025
0.021
0.0076
-0.017
-0.046
-0.061
-0.06
-0.044
-0.029
-0.028
-0.04
-0.044
-0.035
-0.021
-0.0086
-0.0065
-0.019
-0.022
-0.011
0.0023
0.0092
0.0036
0.0052
0.026
0.052
0.076
0.097
0.095
0.076
0.054
0.042
0.051
0.061
0.059
0.055
0.043
0.025
0.015
0.0071
0.0089
0.019
0.018
0.0071
0.0052
-0.0085
-0.032
-0.054
-0.074
-0.08
-0.062
-0.024
0.015
0.047
0.072
0.089
0.11
0.13
0.13
0.11
0.099
0.1
0.12
0.17
0.24
0.28
0.22
0.11
-0.0034
-0.0076
0.078
0.15
0.18
0.16
0.14
0.079
-0.013
-0.081
-0.098
-0.066
-0.022
-0.0093
-0.0034
0.027
0.074
0.089
0.048
0.009
0.0027
0.0094
0.021
0.027
0.0092
-0.018
-0.027
-0.024
-0.02
-0.024
-0.059
-0.1
-0.1
-0.043
0.026
0.042
-0.014
-0.07
-0.07
-0.047
-0.048
-0.056
-0.033
0.0098
0.051
0.075
0.056
0.014
-0.015
0.0048
0.052
0.072
0.055
0.029
0.0048
-0.029
-0.057
-0.074
-0.096
-0.11
-0.12
-0.1
-0.068
-0.037
-0.047
-0.088
-0.13
-0.15
-0.14
-0.11
-0.084
-0.077
-0.066
-0.048
-0.041
-0.048
-0.053
-0.045
-0.042
-0.052
-0.054
-0.051
-0.038
-0.019
0.011
0.03
0.024
0.0067
-0.0059
0.0073
0.032
0.028
0.0012
-0.028
-0.037
-0.025
-0.0018
0.026
0.049
0.034
-0.03
-0.098
-0.12
-0.089
-0.033
0.0058
0.00017
-0.024
-0.036
-0.035
-0.031
-0.039
-0.051
-0.054
-0.037
-0.0082
0.015
0.0071
-0.0044
-0.0012
0.002
0.0082
0.01
0.01
0.014
0.016
0.012
0.008
0.0053
-0.008
-0.015
-0.0063
0.0069
0.014
-0.0046
-0.02
-0.025
-0.023
-0.0091
0.0085
0.0089
0.01
0.013
0.00078
-0.0054
0.013
0.028
0.0085
-0.028
-0.053
-0.073
-0.064
-0.028
0.0025
0.018
0.026
0.021
0.00044
-0.027
-0.065
-0.095
-0.097
-0.084
-0.072
-0.051
-0.036
-0.045
-0.055
-0.062
-0.073
-0.091
-0.11
-0.11
-0.094
-0.067
-0.053
-0.064
-0.077
-0.076
-0.069
-0.064
-0.066
-0.09
-0.11
-0.12
-0.12
-0.1
-0.076
-0.056
-0.052
-0.075
-0.11
-0.13
-0.11
-0.073
-0.04
-0.036
-0.05
-0.071
-0.079
-0.056
-0.025
-0.016
-0.028
-0.055
-0.087
-0.1
-0.095
-0.065
-0.04
-0.036
-0.052
-0.065
-0.057
-0.036
-0.013
0.0057
0.019
0.026
0.019
0.012
0.0094
0.0085
0.023
0.058
0.083
0.07
0.035
0.0052
0.0048
0.031
0.063
0.087
0.09
0.087
0.082
0.082
0.072
0.06
0.068
0.091
0.11
0.11
0.1
0.09
0.079
0.074
0.071
0.064
0.055
0.054
0.056
0.053
0.045
0.043
0.055
0.064
0.064
0.059
0.057
0.062
0.079
0.097
0.12
0.13
0.12
0.098
0.082
0.071
0.054
0.026
0.0033
0.0058
0.028
0.053
0.059
0.034
-0.0059
-0.027
-0.023
-0.0005
0.021
0.026
0.036
0.056
0.066
0.057
0.036
0.017
0.022
0.051
0.071
0.06
0.03
0.0056
-0.016
-0.03
-0.031
-0.033
-0.034
-0.02
-0.0043
-0.00099
-0.0079
-0.032
-0.06
-0.082
-0.096
-0.094
-0.067
-0.033
-0.0098
0.00084
-0.011
-0.037
-0.062
-0.083
-0.095
-0.11
-0.11
-0.1
-0.1
-0.095
-0.056
-0.02
-0.011
-0.023
-0.054
-0.072
-0.058
-0.024
-0.0041
-0.0019
-0.007
-0.019
-0.029
-0.027
-0.0065
-1.5e-005
-0.0025
0.0018
0.0082
0.014
0.011
-0.0058
-0.032
-0.036
-0.023
-0.013
0.0013
0.017
0.023
0.0058
-0.02
-0.04
-0.065
-0.075
-0.061
-0.033
-0.00084
0.022
0.033
0.033
0.017
-0.0047
-0.0053
0.0044
0.0093
-0.0022
-0.014
-0.0017
0.031
0.05
0.032
-0.012
-0.049
-0.048
-0.015
0.015
0.025
0.015
0.0017
-0.012
-0.025
-0.03
-0.022
0.00035
0.0082
0.0063
0.0034
-0.014
-0.031
-0.031
-0.033
-0.037
-0.034
-0.026
-0.028
-0.045
-0.044
-0.021
0.009
0.037
0.033
0.0061
-0.021
-0.036
-0.0051
0.04
0.042
0.014
-0.03
-0.041
-0.01
0.0051
0.00056
0.0083
0.042
0.066
0.045
0.0061
-0.019
-0.048
-0.06
-0.059
-0.052
-0.046
-0.054
-0.054
-0.02
0.039
0.09
0.091
0.032
-0.061
-0.094
-0.011
0.12
0.2
0.2
0.14
0.073
0.032
0.026
0.059
0.095
0.11
0.097
0.045
-0.013
-0.046
-0.053
-0.042
-0.016
0.01
-0.0012
-0.048
-0.051
-0.0034
0.048
0.088
0.079
0.028
-0.0062
-0.0069
0.0071
0.045
0.07
0.068
0.056
0.024
-0.015
-0.039
-0.032
-0.02
-0.016
-0.013
-0.013
-0.014
-0.013
-0.011
-0.0093
0.0052
0.045
0.071
0.068
0.058
0.06
0.058
0.049
0.038
0.017
-0.023
-0.069
-0.082
-0.05
-0.012
-0.014
-0.044
-0.051
-0.037
-0.034
-0.051
-0.071
-0.079
-0.073
-0.055
-0.031
-0.004
0.015
0.02
0.0096
-0.01
-0.038
-0.059
-0.059
-0.041
-0.014
0.0016
0.0099
0.014
0.0092
-0.007
-0.029
-0.035
-0.026
-0.014
-0.0042
0.0073
0.0029
-0.027
-0.069
-0.1
-0.1
-0.086
-0.081
-0.081
-0.073
-0.048
-0.025
-0.01
-0.018
-0.04
-0.054
-0.043
-0.026
-0.025
-0.021
-0.019
-0.029
-0.044
-0.056
-0.072
-0.097
-0.099
-0.073
-0.048
-0.036
-0.034
-0.044
-0.054
-0.047
-0.039
-0.038
-0.039
-0.04
-0.033
-0.013
0.0064
0.0013
-0.015
-0.023
-0.012
0.012
0.03
0.042
0.057
0.072
0.075
0.061
0.041
0.028
0.025
0.02
0.013
0.0058
0.0013
-0.0018
-0.007
-0.011
-0.02
-0.024
-0.024
-0.0064
0.026
0.052
0.062
0.067
0.063
0.045
0.032
0.033
0.047
0.06
0.053
0.044
0.043
0.043
0.034
0.023
0.017
0.02
0.027
0.037
0.048
0.048
0.046
0.053
0.062
0.067
0.071
0.071
0.063
0.056
0.048
0.04
0.034
0.037
0.04
0.025
0.013
0.018
0.034
0.049
0.059
0.052
0.04
0.032
0.027
0.032
0.039
0.04
0.034
0.031
0.033
0.029
0.021
0.0087
0.0024
0.0097
0.031
0.045
0.041
0.026
0.0085
0.00023
-0.0061
-0.0083
1.5e-005
0.0032
-0.0093
-0.02
-0.014
-0.0074
-0.0054
-0.0049
-0.015
-0.023
-0.018
-0.013
-0.013
-0.013
-0.025
-0.033
-0.018
-0.0036
0.0033
0.0058
0.0017
-0.0036
-0.0094
-0.018
-0.016
0.0019
0.024
0.047
0.047
0.017
-0.02
-0.043
-0.044
-0.034
-0.018
-0.013
-0.0043
0.014
0.032
0.034
0.02
7.6e-005
-0.016
-0.022
-0.024
-0.03
-0.037
-0.033
-0.017
-0.006
-0.0022
-7.6e-005
-0.0046
-0.022
-0.032
-0.027
-0.024
-0.031
-0.04
-0.043
-0.043
-0.039
-0.027
-0.0075
0.018
0.03
0.029
0.022
0.0081
-0.018
-0.03
-0.017
-0.011
-0.021
-0.037
-0.039
-0.025
-0.019
-0.032
-0.052
-0.057
-0.049
-0.041
-0.039
-0.03
-0.0082
0.0012
-0.0039
-0.023
-0.048
-0.06
-0.055
-0.049
-0.043
-0.034
-0.022
-0.015
-0.015
-0.018
-0.032
-0.05
-0.045
-0.018
0.0051
0.017
0.02
0.0078
-0.0045
-0.0035
-0.0061
-0.014
-0.026
-0.051
-0.062
-0.041
-0.023
-0.031
-0.047
-0.044
-0.014
0.01
0.0028
-0.012
-0.015
0.0023
0.032
0.04
0.038
0.039
0.032
0.021
0.023
0.029
0.025
0.016
0.022
0.034
0.029
0.014
0.0064
0.012
0.028
0.032
0.027
0.024
0.025
0.036
0.05
0.051
0.046
0.041
0.03
0.025
0.028
0.036
0.029
0.024
0.039
0.066
0.073
0.047
0.012
-0.014
-0.019
-0.0029
0.015
0.021
0.026
0.034
0.051
0.074
0.077
0.052
0.023
0.018
0.02
0.022
0.034
0.05
0.049
0.032
0.022
0.018
0.027
0.037
0.027
0.023
0.034
0.048
0.047
0.035
0.025
0.023
0.025
0.03
0.033
0.034
0.041
0.039
0.026
0.0079
-0.011
-0.022
-0.026
-0.025
-0.015
-0.0016
0.0073
0.015
0.017
0.0032
-0.014
-0.017
-0.0031
0.018
0.035
0.043
0.048
0.039
0.0084
-0.0076
0.012
0.044
0.062
0.065
0.059
0.047
0.031
0.015
-0.005
-0.029
-0.052
-0.061
-0.055
-0.047
-0.042
-0.041
-0.043
-0.049
-0.039
-0.027
-0.021
-0.02
-0.026
-0.029
-0.025
-0.021
-0.021
-0.035
-0.048
-0.052
-0.05
-0.041
-0.021
-0.015
-0.019
-0.016
-0.011
-0.017
-0.027
-0.034
-0.029
-0.014
-0.0025
0.005
-0.0049
-0.025
-0.04
-0.047
-0.052
-0.048
-0.026
-0.008
0.0046
0.0018
-0.0092
-0.013
-0.01
-0.0076
-0.02
-0.036
-0.037
-0.037
-0.039
-0.033
-0.035
-0.046
-0.052
-0.057
-0.049
-0.024
-0.013
-0.015
-0.018
-0.021
-0.016
0.0011
0.01
0.019
0.028
0.03
0.034
0.031
0.028
0.024
0.0086
0.003
0.0097
0.027
0.06
0.083
0.066
0.027
-0.00056
-0.013
-0.014
-0.024
-0.035
-0.019
0.012
0.036
0.046
0.027
0.015
0.031
0.047
0.047
0.033
0.0064
-0.013
-0.017
-0.0056
0.018
0.028
0.022
0.02
0.024
0.018
0.0089
0.023
0.05
0.063
0.062
0.052
0.03
0.015
0.027
0.048
0.063
0.07
0.067
0.059
0.053
0.051
0.049
0.034
0.011
-0.00029
-0.0063
-0.0097
-0.0049
-0.0073
-0.0085
0.008
0.015
0.0049
-0.0036
-0.013
-0.026
-0.034
-0.038
-0.033
-0.017
-0.0089
-0.005
-0.0058
-0.0037
-0.0043
-0.0072
0.011
0.025
0.017
-0.0016
-0.0096
-0.0055
0.0023
0.0046
-0.00087
0.0043
0.017
0.016
0.013
0.025
0.047
0.05
0.037
0.027
0.028
0.031
0.032
0.029
0.022
0.02
0.019
0.013
0.012
0.022
0.028
0.018
0.0032
1.5e-005
0.0017
0.0079
0.018
0.023
0.017
0.014
0.021
0.033
0.044
0.039
0.02
0.015
0.017
0.011
0.0049
0.0096
0.026
0.035
0.028
0.016
0.014
0.013
0.0076
-0.0045
-0.00093
0.025
0.049
0.057
0.046
0.029
0.018
0.022
0.029
0.028
0.019
0.013
0.0015
-0.011
-0.011
-0.0091
-0.0076
0.0048
0.02
0.033
0.043
0.049
0.05
0.045
0.03
0.026
0.034
0.047
0.041
0.015
0.0014
0.0089
0.018
0.017
0.0071
-0.011
-0.021
-0.0062
0.0082
0.0065
0.0087
0.029
0.047
0.054
0.048
0.036
0.024
0.036
0.055
0.053
0.036
0.032
0.036
0.034
0.033
0.018
0.0036
0.0088
0.019
0.021
0.012
0.0044
0.0028
0.0046
0.004
-0.0043
-0.013
-0.013
-0.0033
0.011
0.028
0.039
0.04
0.034
0.019
-0.001
-0.016
-0.014
0.0068
0.027
0.031
0.023
0.026
0.031
0.035
0.037
0.025
0.016
0.031
0.063
0.089
0.092
0.059
0.026
0.026
0.04
0.051
0.059
0.066
0.065
0.062
0.059
0.059
0.061
0.064
0.062
0.057
0.051
0.045
0.052
0.069
0.073
0.07
0.074
0.077
0.074
0.07
0.069
0.063
0.054
0.049
0.043
0.038
0.046
0.062
0.064
0.061
0.062
0.061
0.078
0.11
0.11
0.11
0.1
0.078
0.044
0.025
0.024
0.041
0.055
0.059
0.068
0.088
0.093
0.078
0.052
0.031
0.011
-0.0029
0.013
0.027
0.019
-0.0011
-0.0054
0.0098
0.032
0.041
0.033
0.032
0.039
0.052
0.065
0.063
0.051
0.035
0.022
0.019
0.025
0.028
0.03
0.037
0.049
0.069
0.083
0.073
0.048
0.029
0.014
-0.0033
-0.0044
0.011
0.022
0.022
0.015
-0.00078
-0.014
-0.012
-0.0082
0.0037
0.01
-0.003
-0.018
-0.019
-0.019
-0.029
-0.035
-0.026
-0.004
0.0054
-0.0052
-0.02
-0.031
-0.032
-0.019
-0.014
-0.023
-0.04
-0.051
-0.04
-0.021
-0.012
-0.016
-0.015
-0.0094
-0.0076
-0.011
-0.007
-0.0011
0.0073
0.024
0.028
0.017
0.0038
0.0052
0.019
0.035
0.044
0.04
0.02
-0.0072
-0.018
-0.0091
-0.0014
-0.011
-0.032
-0.051
-0.044
-0.024
-0.012
-0.013
-0.024
-0.032
-0.021
-0.0058
-0.0038
0.0038
0.02
0.029
0.039
0.053
0.061
0.061
0.074
0.086
0.081
0.062
0.052
0.051
0.037
0.019
0.0085
0.01
0.01
-0.0039
-0.024
-0.037
-0.038
-0.032
-0.021
-0.021
-0.028
-0.031
-0.025
-0.0096
0.0044
0.022
0.037
0.043
0.048
0.06
0.066
0.067
0.074
0.09
0.097
0.093
0.079
0.068
0.056
0.048
0.046
0.045
0.047
0.04
0.025
0.017
0.014
0.00096
-0.0089
-0.0045
0.0099
0.021
0.018
0.0068
-0.0043
-0.0054
0.0059
0.023
0.029
0.021
0.0019
-0.013
-0.019
-0.022
-0.015
0.0047
0.027
0.049
0.066
0.073
0.071
0.064
0.058
0.056
0.053
0.058
0.066
0.066
0.051
0.027
0.004
0.0094
0.027
0.033
0.033
0.025
0.01
0.014
0.04
0.06
0.065
0.054
0.032
0.0096
-0.007
-0.01
0.00023
0.014
0.016
0.014
0.014
0.016
0.0096
0.0009
0.0057
0.016
0.029
0.045
0.056
0.058
0.057
0.048
0.038
0.031
0.026
0.025
0.026
0.02
0.015
0.0083
0.0033
-0.0029
-0.008
-0.0095
-0.0073
-0.0051
0.0071
0.023
0.028
0.027
0.023
0.016
0.0047
-0.015
-0.031
-0.033
-0.025
-0.0085
0.0069
0.0021
-0.02
-0.039
-0.05
-0.044
-0.03
-0.021
-0.0061
0.016
0.026
0.013
-0.0035
-0.0011
0.02
0.033
0.024
-0.0006
-0.025
-0.031
-0.027
-0.031
-0.034
-0.022
0.003
0.033
0.044
0.034
0.025
0.034
0.058
0.074
0.071
0.067
0.068
0.07
0.074
0.076
0.072
0.059
0.039
0.015
-0.0065
-0.0081
0.017
0.042
0.034
0.0048
-0.021
-0.027
-0.02
-0.017
-0.016
-0.0058
0.0037
0.0088
0.015
0.017
0.015
0.015
0.01
-0.0045
-0.0043
0.013
0.027
0.029
0.023
0.014
0.0087
0.014
0.02
0.02
0.011
0.001
-0.016
-0.031
-0.031
-0.0084
0.035
0.078
0.1
0.12
0.12
0.11
0.085
0.066
0.051
0.046
0.038
0.015
-0.0067
-0.0096
0.012
0.037
0.043
0.029
0.008
-0.012
-0.031
-0.044
-0.04
-0.021
0.0059
0.029
0.03
0.0051
-0.0057
0.019
0.05
0.061
0.049
0.041
0.057
0.08
0.079
0.057
0.037
0.037
0.047
0.051
0.038
0.011
-0.012
-0.017
-0.012
-0.0081
-0.009
-0.015
-0.012
0.00011
0.0021
-0.013
-0.028
-0.032
-0.027
-0.026
-0.038
-0.053
-0.061
-0.057
-0.051
-0.056
-0.054
-0.038
-0.013
0.015
0.028
0.017
-0.00096
-0.0087
0.007
0.035
0.047
0.033
0.016
0.0093
0.014
0.029
0.029
0.012
-0.01
-0.03
-0.034
-0.027
-0.024
-0.02
-0.0092
0.0028
0.011
0.0051
-0.011
-0.021
-0.018
-0.011
-0.01
-0.014
-0.015
-0.017
-0.019
-0.016
-0.02
-0.028
-0.035
-0.043
-0.042
-0.029
-0.015
-0.011
-0.0075
-0.0021
0.0025
0.0023
-0.0057
-0.011
-0.016
-0.016
-0.013
-0.011
-0.013
-0.017
-0.019
-0.032
-0.051
-0.062
-0.065
-0.062
-0.058
-0.051
-0.051
-0.059
-0.058
-0.057
-0.069
-0.075
-0.066
-0.046
-0.027
-0.021
-0.022
-0.02
-0.02
-0.021
-0.018
-0.017
-0.024
-0.037
-0.044
-0.041
-0.036
-0.027
-0.022
-0.033
-0.054
-0.067
-0.071
-0.066
-0.066
-0.07
-0.065
-0.046
-0.035
-0.034
-0.037
-0.043
-0.054
-0.057
-0.048
-0.037
-0.025
-0.014
-0.011
-0.011
-0.0094
-0.0088
-0.0083
0.0029
0.01
0.0092
0.0098
0.0087
0.0098
0.018
0.023
0.014
0.00053
-0.012
-0.012
0.0038
0.016
0.017
0.011
0.0043
-0.0093
-0.028
-0.038
-0.03
-0.013
0.0026
0.013
0.013
0.01
0.0035
0.01
0.036
0.054
0.052
0.053
0.054
0.052
0.047
0.042
0.032
0.019
0.012
0.022
0.045
0.076
0.11
0.14
0.14
0.13
0.13
0.1
0.058
0.029
0.031
0.044
0.053
0.056
0.042
0.026
0.04
0.068
0.089
0.088
0.061
0.035
0.047
0.081
0.097
0.093
0.085
0.089
0.099
0.095
0.079
0.056
0.03
0.019
0.026
0.03
0.012
-0.017
-0.019
7.6e-005
0.02
0.046
0.066
0.066
0.045
0.027
0.026
0.036
0.044
0.044
0.038
0.033
0.024
0.0057
-0.012
-0.013
-0.0032
0.0067
0.0087
-0.0077
-0.026
-0.032
-0.02
-0.0042
-0.00047
-0.0046
0.0014
0.0021
-0.017
-0.035
-0.041
-0.032
-0.017
-0.02
-0.048
-0.078
-0.086
-0.071
-0.06
-0.066
-0.084
-0.1
-0.098
-0.086
-0.074
-0.066
-0.051
-0.037
-0.025
-0.013
-0.016
-0.029
-0.044
-0.058
-0.065
-0.06
-0.051
-0.044
-0.042
-0.042
-0.04
-0.04
-0.037
-0.028
-0.025
-0.015
-0.00084
0.0065
0.0039
0.0039
0.0054
-0.0025
-0.011
-0.01
-0.0095
-0.016
-0.014
-0.0083
-0.013
-0.024
-0.041
-0.056
-0.056
-0.038
-0.012
0.018
0.037
0.026
0.0024
-0.019
-0.027
-0.012
0.015
0.023
0.01
-0.0017
0.0078
0.022
0.018
0.0019
-0.009
-0.016
-0.02
-0.014
0.0011
0.013
0.0098
-0.0014
-0.0087
-0.00084
0.011
0.016
0.0093
-0.0068
-0.028
-0.04
-0.038
-0.038
-0.033
-0.025
-0.024
-0.018
-0.014
-0.023
-0.037
-0.044
-0.049
-0.053
-0.047
-0.029
-0.013
-0.017
-0.025
-0.026
-0.024
-0.0094
0.017
0.022
-0.0038
-0.047
-0.089
-0.091
-0.041
0.028
0.061
0.031
-0.03
-0.072
-0.078
-0.048
0.0057
0.038
0.044
0.04
0.025
-0.00078
-0.032
-0.051
-0.04
-0.017
-0.0014
-0.0058
-0.036
-0.07
-0.075
-0.061
-0.031
0.00047
0.015
0.022
0.028
0.032
0.033
0.037
0.04
0.036
0.026
0.025
0.042
0.062
0.076
0.069
0.031
-0.0062
-0.025
-0.03
-0.015
0.013
0.035
0.041
0.022
-0.0042
-0.019
-0.023
-0.019
0.0018
0.022
0.026
0.028
0.039
0.055
0.059
0.051
0.044
0.035
0.019
0.014
0.01
0.01
0.02
0.018
0.0035
-0.00084
0.0029
0.013
0.022
0.021
0.017
0.0046
-0.0071
-0.0083
0.0081
0.037
0.056
0.077
0.11
0.11
0.076
0.041
0.017
-0.006
-0.011
-0.017
-0.033
-0.05
-0.052
-0.041
-0.029
-0.019
-0.022
-0.035
-0.032
-0.0059
0.034
0.076
0.093
0.078
0.038
0.0031
-0.0061
-0.0043
0.011
0.021
0.026
0.015
-0.011
-0.015
-0.012
-0.012
-0.005
0.0043
0.019
0.027
0.025
0.027
0.03
0.026
0.02
0.015
0.0093
0.019
0.044
0.062
0.056
0.041
0.018
-0.0011
-0.0012
0.0072
0.0062
0.01
0.032
0.048
0.041
0.032
0.0087
-0.024
-0.039
-0.039
-0.024
0.013
0.054
0.067
0.048
0.029
0.025
0.024
0.034
0.041
0.038
0.023
0.028
0.054
0.072
0.071
0.06
0.058
0.073
0.082
0.075
0.08
0.1
0.12
0.12
0.1
0.09
0.064
0.04
0.041
0.056
0.068
0.075
0.074
0.067
0.058
0.047
0.054
0.062
0.073
0.085
0.09
0.084
0.08
0.072
0.066
0.068
0.059
0.047
0.026
0.0061
0.0058
0.015
0.019
0.02
0.022
0.016
0.0064
-0.00087
-0.00056
0.016
0.054
0.092
0.097
0.084
0.068
0.055
0.044
0.04
0.029
0.02
0.016
0.00041
-0.017
-0.032
-0.042
-0.041
-0.029
-0.0097
-0.0092
-0.027
-0.038
-0.016
0.026
0.06
0.072
0.061
0.038
0.014
0.0033
0.0022
-0.0037
-0.0086
-0.011
-0.024
-0.04
-0.052
-0.077
-0.11
-0.11
-0.087
-0.056
-0.04
-0.045
-0.063
-0.077
-0.081
-0.07
-0.052
-0.03
-0.0059
-0.014
-0.033
-0.033
-0.039
-0.052
-0.059
-0.082
-0.12
-0.13
-0.12
-0.1
-0.093
-0.092
-0.081
-0.061
-0.047
-0.038
-0.031
-0.038
-0.047
-0.045
-0.053
-0.079
-0.099
-0.12
-0.13
-0.12
-0.094
-0.078
-0.072
-0.072
-0.073
-0.06
-0.037
-0.032
-0.043
-0.042
-0.041
-0.052
-0.053
-0.046
-0.044
-0.045
-0.043
-0.035
-0.018
0.0064
0.033
0.048
0.042
0.02
-0.014
-0.037
-0.051
-0.062
-0.073
-0.073
-0.058
-0.032
-0.0096
-0.0014
0.009
0.014
0.0079
-0.0016
-0.00084
0.017
0.031
0.031
0.012
-0.0084
-0.021
-0.022
-0.02
-0.034
-0.053
-0.053
-0.032
-0.0087
0.0081
0.021
0.03
0.051
0.084
0.11
0.12
0.12
0.11
0.076
0.046
0.023
0.019
0.035
0.046
0.052
0.073
0.1
0.11
0.089
0.036
-0.012
-0.038
-0.04
-0.023
0.0018
0.032
0.057
0.068
0.079
0.096
0.1
0.097
0.096
0.1
0.11
0.12
0.097
0.048
0.01
0.0019
0.012
0.018
0.02
0.018
0.0087
-0.0012
0.01
0.033
0.049
0.063
0.071
0.068
0.061
0.071
0.089
0.096
0.085
0.057
0.017
-0.004
-0.0042
-0.0018
-0.011
-0.035
-0.063
-0.074
-0.069
-0.062
-0.047
-0.025
0.0076
0.057
0.094
0.1
0.094
0.086
0.076
0.057
0.039
0.026
0.015
0.017
0.032
0.023
0.012
0.01
0.0016
-0.015
-0.029
-0.033
-0.035
-0.022
-0.0036
-0.0036
-0.011
-0.015
-0.019
-0.0099
0.013
0.04
0.048
0.038
0.031
0.032
0.033
0.034
0.029
0.0075
-0.012
-0.016
-0.013
-0.022
-0.04
-0.049
-0.051
-0.04
-0.038
-0.045
-0.03
0.0019
0.012
0.01
0.018
0.027
0.03
0.038
0.041
0.033
0.021
0.014
0.0081
0.005
0.0028
-0.0048
-0.018
-0.02
-0.014
-0.013
0.0029
0.017
0.017
0.0066
-0.00035
-0.0027
0.0065
0.019
0.033
0.03
0.022
0.019
0.016
0.022
0.032
0.034
0.034
0.025
0.023
0.032
0.033
0.017
-0.0039
-0.0062
-0.0014
0.013
0.0068
-0.011
-0.013
-0.021
-0.03
-0.017
-0.0086
0.0045
0.035
0.04
0.023
0.029
0.058
0.085
0.1
0.097
0.076
0.038
0.0025
0.012
0.044
0.077
0.11
0.093
0.045
0.013
0.03
0.068
0.11
0.12
0.074
0.012
-0.0065
0.034
0.088
0.12
0.13
0.14
0.13
0.12
0.12
0.12
0.1
0.11
0.12
0.13
0.13
0.12
0.1
0.085
0.071
0.066
0.07
0.07
0.054
0.057
0.091
0.12
0.11
0.045
-0.014
-0.0032
0.053
0.096
0.1
0.075
0.059
0.076
0.1
0.13
0.14
0.15
0.18
0.21
0.24
0.27
0.27
0.24
0.19
0.11
0.058
0.023
-0.0046
-0.019
-0.017
-0.01
-0.007
-0.0052
-0.0059
0.0095
0.057
0.1
0.12
0.12
0.1
0.081
0.06
0.063
0.067
0.047
0.018
-0.01
-0.044
-0.067
-0.079
-0.075
-0.058
-0.051
-0.063
-0.071
-0.06
-0.034
-0.0006
0.022
0.025
0.022
0.04
0.065
0.058
0.022
-0.011
-0.017
-0.0079
-0.014
-0.045
-0.072
-0.065
-0.04
-0.018
-0.012
-0.027
-0.058
-0.087
-0.11
-0.1
-0.074
-0.042
-0.013
0.0074
0.022
0.031
0.039
0.041
0.039
0.037
0.032
0.033
0.049
0.054
0.046
0.039
0.024
0.004
-0.0019
0.0052
0.017
0.037
0.049
0.043
0.044
0.049
0.037
0.024
0.024
0.036
0.047
0.041
0.038
0.037
0.019
0.0072
-0.003
-0.021
-0.043
-0.066
-0.069
-0.049
-0.028
-0.035
-0.081
-0.12
-0.12
-0.087
-0.056
-0.041
-0.035
-0.031
-0.031
-0.029
-0.0012
0.034
0.042
0.018
-0.0092
-0.014
0.0029
0.016
0.0047
-0.017
-0.03
-0.027
-0.027
-0.036
-0.039
-0.029
-0.032
-0.056
-0.096
-0.14
-0.17
-0.18
-0.15
-0.12
-0.08
-0.048
-0.016
0.0078
0.013
0.015
0.025
0.034
0.04
0.03
0.013
0.015
0.029
0.024
-0.016
-0.065
-0.084
-0.075
-0.052
-0.042
-0.054
-0.061
-0.068
-0.063
-0.047
-0.047
-0.062
-0.069
-0.05
-0.011
0.027
0.044
0.032
0.0061
-0.023
-0.042
-0.044
-0.037
-0.029
-0.018
-0.022
-0.044
-0.074
-0.1
-0.11
-0.082
-0.057
-0.063
-0.092
-0.12
-0.16
-0.2
-0.23
-0.22
-0.18
-0.089
0.014
0.089
0.12
0.11
0.095
0.095
0.11
0.12
0.079
0.027
-0.0085
-0.016
-0.014
-0.013
-0.037
-0.085
-0.11
-0.12
-0.12
-0.13
-0.15
-0.18
-0.17
-0.12
-0.037
0.024
0.046
0.03
-0.0073
-0.02
0.011
0.066
0.089
0.045
-0.042
-0.12
-0.14
-0.11
-0.067
-0.04
-0.06
-0.11
-0.17
-0.17
-0.13
-0.07
-0.00066
0.05
0.056
0.03
-0.0054
-0.057
-0.095
-0.093
-0.091
-0.12
-0.17
-0.2
-0.2
-0.2
-0.22
-0.23
-0.22
-0.2
-0.16
-0.12
-0.077
-0.052
-0.053
-0.064
-0.084
-0.1
-0.1
-0.1
-0.099
-0.095
-0.1
-0.1
-0.094
-0.099
-0.1
-0.1
-0.092
-0.08
-0.08
-0.08
-0.081
-0.099
-0.13
-0.17
-0.21
-0.23
-0.21
-0.17
-0.12
-0.052
0.0028
0.02
-0.014
-0.067
-0.091
-0.07
-0.032
0.013
0.054
0.066
0.05
0.014
-0.015
-0.017
-0.0026
0.018
0.044
0.079
0.12
0.15
0.16
0.17
0.18
0.2
0.22
0.21
0.16
0.12
0.08
0.042
0.017
-0.0063
-0.03
-0.044
-0.032
0.0015
0.026
0.025
0.022
0.035
0.052
0.049
0.017
-0.0062
0.0056
0.025
0.042
0.066
0.077
0.054
0.013
-0.027
-0.04
-0.013
0.056
0.16
0.21
0.21
0.16
0.081
0.072
0.11
0.14
0.13
0.11
0.093
0.091
0.092
0.09
0.082
0.076
0.086
0.092
0.085
0.097
0.11
0.12
0.11
0.082
0.055
0.05
0.082
0.11
0.11
0.099
0.084
0.069
0.064
0.06
0.055
0.08
0.12
0.11
0.057
0.035
0.053
0.068
0.064
0.043
0.011
-0.012
-0.017
-0.0081
0.012
0.019
0.0092
-0.0096
-0.0097
0.018
0.046
0.05
0.034
0.011
0.0043
0.0046
0.0063
0.021
0.05
0.081
0.078
0.051
0.019
0.012
0.028
0.045
0.059
0.063
0.065
0.069
0.063
0.047
0.033
0.012
0.019
0.055
0.073
0.07
0.036
-0.0059
-0.021
-0.027
-0.033
-0.033
-0.025
-0.02
-0.011
-1.5e-005
0.022
0.044
0.056
0.056
0.032
0.0044
0.0037
0.026
0.052
0.071
0.069
0.058
0.055
0.048
0.037
0.031
0.025
0.02
0.026
0.047
0.081
0.11
0.11
0.096
0.074
0.069
0.074
0.075
0.06
0.032
0.016
0.063
0.13
0.15
0.1
0.055
0.055
0.091
0.13
0.13
0.095
0.056
0.048
0.066
0.072
0.051
0.022
0.0066
0.0035
7.6e-005
-0.012
-0.04
-0.078
-0.091
-0.079
-0.063
-0.058
-0.056
-0.053
-0.05
-0.061
-0.089
-0.099
-0.086
-0.068
-0.052
-0.041
-0.046
-0.065
-0.08
-0.08
-0.072
-0.051
-0.04
-0.052
-0.067
-0.065
-0.06
-0.06
-0.067
-0.083
-0.097
-0.1
-0.1
-0.12
-0.12
-0.12
-0.13
-0.13
-0.11
-0.086
-0.076
-0.089
-0.11
-0.11
-0.093
-0.085
-0.1
-0.12
-0.13
-0.14
-0.12
-0.085
-0.063
-0.072
-0.094
-0.11
-0.12
-0.12
-0.14
-0.16
-0.16
-0.14
-0.12
-0.12
-0.14
-0.15
-0.16
-0.16
-0.13
-0.1
-0.077
-0.07
-0.085
-0.086
-0.059
-0.02
0.023
0.044
0.029
0.011
0.014
0.027
0.051
0.069
0.064
0.044
0.027
0.023
0.024
0.021
0.028
0.041
0.056
0.069
0.066
0.04
0.024
0.041
0.059
0.082
0.1
0.1
0.097
0.099
0.098
0.096
0.098
0.089
0.069
0.049
0.039
0.032
0.025
0.029
0.041
0.049
0.051
0.042
0.031
0.035
0.04
0.029
0.0054
-0.0044
0.0081
0.035
0.054
0.043
0.013
-0.0061
0.003
0.027
0.039
0.031
0.013
0.0066
0.026
0.064
0.094
0.091
0.061
0.028
0.0091
0.0094
0.025
0.04
0.042
0.033
0.026
0.027
0.041
0.055
0.058
0.055
0.05
0.043
0.031
0.026
0.029
0.029
0.024
0.004
-0.021
-0.031
-0.019
0.0017
0.01
-0.0026
-0.03
-0.049
-0.046
-0.028
-0.008
-0.0016
-0.0026
0.004
0.019
0.016
-0.0081
-0.027
-0.036
-0.032
-0.021
-0.018
-0.031
-0.06
-0.083
-0.086
-0.083
-0.09
-0.11
-0.13
-0.13
-0.11
-0.071
-0.05
-0.052
-0.083
-0.12
-0.13
-0.11
-0.084
-0.066
-0.057
-0.054
-0.054
-0.047
-0.033
-0.024
-0.028
-0.028
-0.028
-0.027
-0.013
-0.005
-0.018
-0.05
-0.094
-0.13
-0.16
-0.17
-0.18
-0.19
-0.2
-0.2
-0.19
-0.16
-0.14
-0.14
-0.16
-0.19
-0.2
-0.2
-0.19
-0.17
-0.16
-0.15
-0.16
-0.17
-0.19
-0.18
-0.15
-0.1
-0.078
-0.075
-0.091
-0.11
-0.11
-0.086
-0.063
-0.075
-0.1
-0.12
-0.14
-0.14
-0.14
-0.14
-0.16
-0.18
-0.19
-0.19
-0.18
-0.18
-0.18
-0.18
-0.18
-0.17
-0.16
-0.15
-0.14
-0.13
-0.13
-0.13
-0.11
-0.1
-0.091
-0.094
-0.1
-0.12
-0.12
-0.11
-0.089
-0.079
-0.088
-0.11
-0.13
-0.12
-0.09
-0.07
-0.071
-0.099
-0.12
-0.12
-0.074
-0.026
0.008
0.018
0.0065
-0.01
-0.018
-0.02
-0.024
-0.025
-0.02
-0.0049
0.02
0.04
0.038
0.016
-0.021
-0.054
-0.054
-0.014
0.05
0.098
0.077
-0.0084
-0.093
-0.12
-0.074
0.0005
0.05
0.043
0.0025
-0.04
-0.047
-0.021
-0.00041
-0.0013
-0.019
-0.034
-0.027
-0.0097
-0.0038
-0.016
-0.038
-0.06
-0.064
-0.053
-0.042
-0.05
-0.073
-0.086
-0.079
-0.063
-0.054
-0.056
-0.077
-0.1
-0.11
-0.099
-0.078
-0.063
-0.062
-0.062
-0.061
-0.063
-0.064
-0.055
-0.037
-0.024
-0.025
-0.034
-0.047
-0.05
-0.043
-0.041
-0.048
-0.052
-0.041
-0.018
0.005
0.015
0.0055
-0.0017
0.0044
0.022
0.049
0.072
0.069
0.049
0.041
0.046
0.074
0.12
0.13
0.12
0.076
0.038
0.032
0.061
0.093
0.1
0.073
0.028
-0.016
-0.046
-0.036
-0.0036
0.0087
-0.013
-0.048
-0.069
-0.065
-0.05
-0.047
-0.058
-0.064
-0.051
-0.029
-0.0074
-0.0017
-0.019
-0.046
-0.063
-0.066
-0.061
-0.047
-0.029
-0.023
-0.028
-0.029
-0.028
-0.033
-0.042
-0.042
-0.037
-0.033
-0.033
-0.03
-0.024
-0.013
-0.0043
-0.0029
0.00056
0.0068
0.017
0.025
0.025
0.019
0.011
0.011
0.013
0.008
-0.0026
-0.0097
-0.015
-0.015
-0.0018
0.018
0.026
0.02
0.0066
-0.00041
-0.0002
-0.0013
-0.0014
-0.0038
-0.0045
-0.012
-0.03
-0.04
-0.029
-0.015
-0.013
-0.022
-0.043
-0.049
-0.039
-0.033
-0.032
-0.024
-0.005
0.018
0.035
0.034
0.012
-0.017
-0.027
-0.018
0.0013
0.024
0.04
0.036
0.027
0.014
0.00014
0.0017
0.0094
0.022
0.038
0.056
0.07
0.072
0.068
0.062
0.061
0.066
0.077
0.084
0.089
0.1
0.12
0.12
0.11
0.087
0.073
0.075
0.087
0.11
0.14
0.14
0.13
0.11
0.082
0.067
0.062
0.054
0.055
0.065
0.075
0.086
0.089
0.084
0.071
0.05
0.039
0.048
0.067
0.083
0.095
0.099
0.1
0.14
0.4
0.82
0.99
0.98
0.99
0.99
0.98
0.69
0.25
-0.16
-0.43
-0.47
-0.32
-0.1
0.049
0.09
0.046
-0.011
-0.0037
0.11
0.28
0.46
0.58
0.63
0.6
0.54
0.46
0.4
0.38
0.37
0.35
0.29
0.22
0.16
0.13
0.14
0.17
0.2
0.22
0.24
0.28
0.33
0.38
0.4
0.41
0.4
0.39
0.36
0.32
0.28
0.22
0.2
0.2
0.22
0.25
0.23
0.2
0.18
0.19
0.23
0.26
0.27
0.26
0.24
0.23
0.22
0.22
0.2
0.17
0.15
0.16
0.18
0.21
0.21
0.2
0.17
0.14
0.12
0.12
0.14
0.16
0.17
0.18
0.17
0.15
0.14
0.14
0.14
0.14
0.14
0.12
0.1
0.097
0.099
0.087
0.069
0.056
0.034
0.0021
-0.018
-0.0059
0.016
0.015
-0.00072
-0.023
-0.046
-0.074
-0.086
-0.07
-0.041
-0.0075
0.0039
-0.01
-0.032
-0.051
-0.062
-0.062
-0.053
-0.043
-0.04
-0.05
-0.073
-0.087
-0.082
