-0.0043
0.02
0.03
0.027
0.03
0.026
0.003
-0.017
-0.0098
-0.0098
-0.019
-0.004
0.013
0.012
0.0047
0.011
0.017
0.017
0.013
0.015
0.017
0.005
0.00066
0.011
0.013
0.015
0.0069
-0.0016
-0.0032
-0.0043
-0.014
-0.0016
0.021
0.033
0.017
-0.0024
0.01
0.02
0.01
0.0074
0.012
0.0096
0.012
0.02
0.013
0.0078
0.01
0.017
0.02
0.012
0.01
0.022
0.03
0.017
0.013
0.0092
-0.0018
-0.0024
0.012
0.026
0.019
0.0074
0.02
0.04
0.027
0.0074
0.0096
0.022
0.019
0.0062
0.0022
0.015
0.029
0.027
0.0065
-0.0054
0.0073
0.01
-0.0088
-0.01
0.012
0.022
0.015
0.01
0.024
0.039
0.038
0.021
0.022
0.03
0.0098
-0.015
-0.0036
0.013
0.0042
0.0047
0.028
0.031
0.0092
-0.0011
0.011
0.0094
-0.011
-0.011
0.012
0.034
0.035
0.023
0.015
0.011
-0.0029
-0.0065
0.0087
0.0067
0.0025
0.02
0.039
0.029
0.011
0.019
0.032
0.037
0.031
0.018
0.029
0.051
0.048
0.022
0.023
0.021
0.0061
-0.0032
0.00081
0.011
0.022
0.031
0.02
0.0036
0.0041
0.012
0.0047
-0.0025
0.016
0.028
0.0052
-0.0085
0.0074
0.0071
-0.019
-0.026
-0.018
-0.014
-0.018
-0.011
0.013
0.023
0.0056
-0.01
-0.0083
0.0032
0.015
0.013
0.012
0.01
0.007
-0.0027
-0.012
-0.016
-0.021
-0.023
-0.013
-0.0038
-0.019
-0.035
-0.019
-0.0022
-0.016
-0.029
-0.017
0.0033
-0.00081
-0.01
-0.0073
-0.0021
-0.0087
-0.011
-0.0036
0.0028
-0.0054
-0.0026
0.012
0.0078
-0.012
-0.026
-0.022
-0.009
-0.016
-0.028
-0.012
-0.0041
-0.011
-0.018
-0.031
-0.037
-0.035
-0.036
-0.026
-0.013
-0.0036
0.00032
-0.0042
-0.015
-0.021
-0.024
-0.024
-0.0079
0.0028
-0.00011
0.0013
-0.0024
-0.012
-0.019
-0.025
-0.029
-0.016
-0.00053
-0.0062
-0.01
-0.0068
0.0035
-0.0058
-0.03
-0.028
-0.016
-0.025
-0.035
-0.02
-0.0032
0.024
0.016
-0.022
-0.029
-0.021
-0.024
-0.032
-0.024
-0.0086
-0.0025
-0.0071
-0.019
-0.014
-0.011
-0.013
-0.0099
-0.0048
0.02
0.029
0.0089
-0.01
-0.021
-0.03
-0.016
-0.0015
-0.009
-0.014
-0.0076
-0.014
-0.01
0.0028
-0.004
-0.014
-0.0092
-0.0012
0.0011
0.012
0.026
0.028
0.018
0.016
0.011
0.00014
-0.0016
0.0043
0.0055
0.02
0.025
0.01
-0.0086
-0.026
-0.01
0.032
0.037
0.0083
0.013
0.033
0.019
-0.0085
-0.0031
0.021
0.015
-0.0053
0.015
0.044
0.035
0.013
0.0062
-0.0018
-0.014
-0.02
-0.0021
0.015
0.0069
0.00041
0.002
-0.012
-0.029
-0.021
-0.016
-0.028
-0.023
-0.0043
0.0037
0.0052
0.013
0.0043
-0.025
-0.03
-0.0081
-0.0002
-0.012
-0.0079
0.013
0.016
0.0078
-0.0091
-0.015
-0.0094
-0.0006
-0.01
-0.014
0.0072
0.027
0.019
-0.0051
-0.019
-0.016
-0.015
-0.024
-0.029
-0.025
-0.009
0.00047
-0.017
-0.034
-0.032
-0.027
-0.029
-0.035
-0.041
-0.032
-0.02
-0.027
-0.035
-0.044
-0.044
-0.034
-0.037
-0.045
-0.041
-0.039
-0.039
-0.026
-0.029
-0.034
-0.025
-0.0092
-0.0072
-0.025
-0.038
-0.022
-0.0045
-0.012
-0.026
-0.031
-0.022
-0.016
-0.034
-0.049
-0.038
-0.024
-0.017
-0.02
-0.015
-0.011
-0.013
-0.022
-0.022
-0.0082
-0.0082
-0.02
-0.02
-0.015
-0.024
-0.026
-0.00017
0.013
-0.008
-0.029
-0.023
-0.019
-0.025
-0.022
-0.0065
0.015
0.012
-0.00056
-0.0045
-0.013
-0.028
-0.031
-0.02
-0.025
-0.033
-0.018
-0.0061
-0.023
-0.037
-0.028
-0.011
0.014
0.032
0.02
0.02
0.04
0.056
0.048
0.04
0.04
0.046
0.053
0.057
0.052
0.045
0.065
0.077
0.071
0.066
0.055
0.04
0.029
0.023
0.027
0.018
0.0012
-0.00041
-0.013
-0.033
-0.038
-0.039
-0.047
-0.052
-0.058
-0.053
-0.037
-0.042
-0.057
-0.065
-0.047
-0.022
-0.014
-0.011
-0.019
-0.019
-0.015
-0.008
-0.0097
-0.011
0.0027
0.021
0.027
0.017
0.0048
0.013
0.033
0.037
0.035
0.033
0.041
0.038
0.027
0.017
0.025
0.028
0.021
0.023
0.036
0.039
0.028
0.025
0.024
0.0095
0.0043
0.021
0.03
0.02
0.0069
0.018
0.039
0.041
0.019
-0.0089
-0.025
-0.031
-0.035
-0.014
0.0017
-0.0014
-0.0023
-0.0033
-0.013
-0.019
-0.016
-0.018
-0.011
0.014
0.029
0.0081
-0.021
-0.026
-0.015
-0.0042
-0.002
-0.00093
0.0019
-0.0082
-0.0059
0.008
0.015
0.016
0.0031
-0.016
-0.028
-0.013
0.0095
0.026
0.027
0.034
0.028
0.0013
-0.017
-0.024
-0.019
-0.0014
0.02
0.023
0.0083
-0.014
-0.033
-0.024
-0.0056
-0.00072
-0.0086
-0.027
-0.041
-0.027
-0.0068
-0.012
-0.03
-0.049
-0.049
-0.038
-0.023
-0.0083
-0.0045
-0.014
-0.018
-0.021
-0.037
-0.047
-0.037
-0.022
-0.015
-0.026
-0.055
-0.058
-0.038
-0.024
-0.036
-0.048
-0.036
-0.00011
0.029
0.062
0.087
0.057
0.068
0.14
0.17
0.15
0.15
0.17
0.2
0.21
0.18
0.16
0.18
0.21
0.22
0.22
0.23
0.26
0.26
0.24
0.2
0.18
0.16
0.16
0.16
0.14
0.12
0.11
0.07
0.025
-0.023
-0.041
-0.055
-0.089
-0.12
-0.12
-0.11
-0.12
-0.14
-0.16
-0.16
-0.14
-0.12
-0.11
-0.11
-0.11
-0.082
-0.065
-0.054
-0.065
-0.066
-0.044
-0.015
-0.0047
0.0038
0.027
0.055
0.068
0.047
0.02
0.025
0.045
0.051
0.05
0.054
0.076
0.092
0.083
0.064
0.067
0.088
0.1
0.1
0.091
0.099
0.12
0.13
0.098
0.066
0.051
0.06
0.077
0.091
0.1
0.082
0.059
0.062
0.057
0.041
0.029
0.028
0.034
0.028
0.0075
-0.0019
0.0024
0.00087
-0.0047
-0.013
-0.016
-0.023
-0.039
-0.047
-0.044
-0.041
-0.036
-0.043
-0.055
-0.057
-0.046
-0.037
-0.034
-0.031
-0.031
-0.031
-0.025
-0.017
-0.022
-0.021
0.0043
0.035
0.048
0.038
0.031
0.03
0.032
0.041
0.048
0.059
0.068
0.077
0.086
0.088
0.073
0.061
0.065
0.072
0.073
0.082
0.1
0.098
0.084
0.08
0.08
0.082
0.091
0.091
0.088
0.096
0.11
0.12
0.11
0.096
0.085
0.078
0.076
0.071
0.066
0.077
0.083
0.077
0.066
0.05
0.03
0.017
0.013
0.011
0.0012
-0.0025
0.012
0.014
-0.0054
-0.011
-0.009
-0.0084
-0.011
-0.02
-0.011
0.019
0.018
-0.016
-0.043
-0.038
-0.02
-0.0036
0.003
-0.0073
-0.016
-0.031
-0.042
-0.047
-0.044
-0.041
-0.031
-0.016
-0.0095
-0.0036
0.013
0.038
0.039
0.04
0.054
0.075
0.078
0.075
0.074
0.083
0.089
0.1
0.12
0.13
0.11
0.08
0.088
0.1
0.099
0.085
0.076
0.06
0.054
0.064
0.085
0.097
0.088
0.076
0.055
0.013
-0.0098
0.0049
0.034
0.041
0.032
0.027
0.022
0.0075
-0.011
-0.026
-0.039
-0.044
-0.034
-0.025
-0.05
-0.068
-0.06
-0.051
-0.044
-0.053
-0.06
-0.049
-0.043
-0.039
-0.034
-0.035
-0.04
-0.047
-0.052
-0.054
-0.053
-0.054
-0.05
-0.048
-0.032
-0.013
-0.0081
-0.018
-0.028
-0.031
-0.027
-0.006
0.018
0.026
0.019
0.0059
0.0047
0.011
0.017
0.031
0.039
0.036
0.04
0.044
0.04
0.037
0.03
0.024
0.026
0.024
0.031
0.045
0.04
0.028
0.02
0.0063
-0.0051
-0.007
-0.0028
0.0092
0.0056
-0.021
-0.027
-0.025
-0.028
-0.034
-0.037
-0.033
-0.031
-0.051
-0.061
-0.049
-0.05
-0.061
-0.069
-0.062
-0.053
-0.055
-0.062
-0.053
-0.04
-0.035
-0.035
-0.036
-0.03
-0.029
-0.022
-0.0014
0.019
0.015
-0.0034
-0.017
-0.039
-0.045
-0.028
-0.00081
0.021
0.027
0.019
0.0045
-0.0016
-0.0034
0.0021
0.0057
-0.00096
-0.0015
0.021
0.042
0.036
0.018
0.0069
0.0064
0.016
0.029
0.032
0.025
0.022
0.036
0.043
0.042
0.032
0.036
0.04
0.049
0.049
0.045
0.04
0.039
0.038
0.025
0.0047
-0.0089
-0.0094
0.0014
0.012
0.0034
-0.0073
-0.012
-0.016
-0.012
-0.0014
0.0025
0.0014
0.0025
0.0065
0.021
0.039
0.044
0.032
0.02
0.033
0.055
0.064
0.071
0.082
0.077
0.067
0.069
0.075
0.086
0.092
0.1
0.12
0.12
0.1
0.096
0.11
0.13
0.15
0.15
0.14
0.14
0.15
0.15
0.15
0.14
0.15
0.18
0.19
0.2
0.2
0.19
0.17
0.19
0.2
0.19
0.16
0.12
0.079
0.049
0.033
0.0043
-0.06
-0.14
-0.2
-0.25
-0.29
-0.35
-0.42
-0.47
-0.51
-0.52
-0.53
-0.54
-0.56
-0.55
-0.51
-0.46
-0.43
-0.41
-0.37
-0.35
-0.32
-0.29
-0.28
-0.27
-0.25
-0.24
-0.24
-0.23
-0.21
-0.19
-0.18
-0.18
-0.17
-0.17
-0.15
-0.14
-0.11
-0.058
-0.018
-0.0046
0.0011
0.022
0.049
0.074
0.093
0.11
0.11
0.11
0.12
0.13
0.14
0.16
0.17
0.16
0.13
0.11
0.12
0.14
0.15
0.14
0.15
0.16
0.17
0.17
0.17
0.16
0.16
0.15
0.13
0.1
0.091
0.1
0.12
0.13
0.11
0.072
0.042
0.034
0.034
0.04
0.043
0.031
-0.013
-0.056
-0.084
-0.092
-0.093
-0.095
-0.1
-0.11
-0.13
-0.15
-0.15
-0.14
-0.15
-0.17
-0.17
-0.15
-0.12
-0.1
-0.087
-0.081
-0.088
-0.095
-0.095
-0.088
-0.065
-0.03
-0.0016
0.01
0.039
0.072
0.086
0.072
0.048
0.044
0.053
0.068
0.096
0.13
0.14
0.13
0.12
0.12
0.12
0.12
0.1
0.1
0.11
0.11
0.099
0.078
0.064
0.059
0.061
0.067
0.064
0.035
0.004
-0.007
0.02
0.046
0.047
0.029
0.01
-0.005
-0.011
-0.0024
0.024
0.065
0.085
0.072
0.044
0.019
0.016
0.044
0.081
0.089
0.079
0.06
0.038
0.047
0.067
0.065
0.032
-0.02
-0.039
-0.0047
0.035
0.06
0.056
0.023
-0.01
-0.017
-0.0051
0.0035
-0.004
-0.018
0.0026
0.022
0.021
-0.0068
-0.052
-0.074
-0.058
-0.039
-0.025
-0.017
-0.0045
0.025
0.039
0.029
0.021
0.015
0.02
0.049
0.074
0.07
0.047
0.039
0.054
0.069
0.073
0.077
0.082
0.083
0.087
0.094
0.07
0.024
0.0059
0.021
0.029
0.017
-0.0064
-0.016
0.0067
0.047
0.066
0.026
-0.05
-0.094
-0.071
-0.016
0.01
-0.0021
-0.029
-0.043
-0.037
-0.016
-0.0018
-0.012
-0.012
0.017
0.035
0.041
0.042
0.036
0.016
0.019
0.045
0.061
0.06
0.073
0.094
0.091
0.059
0.025
0.0059
0.025
0.066
0.083
0.068
0.038
0.015
0.025
0.05
0.047
0.024
-0.0037
-0.026
-0.019
0.0076
0.013
-0.019
-0.053
-0.046
-0.021
-0.014
-0.025
-0.044
-0.07
-0.08
-0.068
-0.076
-0.097
-0.1
-0.077
-0.051
-0.051
-0.08
-0.12
-0.14
-0.13
-0.13
-0.13
-0.12
-0.089
-0.054
-0.033
-0.033
-0.047
-0.046
-0.034
-0.029
-0.044
-0.059
-0.057
-0.038
-0.019
-0.02
-0.031
-0.031
-0.017
-0.0089
-0.0042
0.0089
0.0095
0.0024
-0.0025
-0.0061
-0.012
-0.0058
0.0021
0.012
0.039
0.067
0.07
0.034
-0.013
-0.036
-0.036
-0.015
0.014
0.026
0.013
0.011
0.014
0.019
0.011
-0.03
-0.064
-0.055
-0.04
-0.024
0.003
0.023
0.016
-0.0098
-0.029
-0.026
-0.018
-0.012
0.00053
0.017
0.049
0.078
0.076
0.057
0.039
0.026
0.019
0.015
0.018
0.025
0.034
0.04
0.022
0.0028
0.018
0.041
0.048
0.038
0.0053
-0.023
-0.012
0.012
0.018
0.0039
-0.0045
0.016
0.039
0.045
0.031
0.018
0.018
0.019
0.0062
-0.012
-0.032
-0.043
-0.038
-0.025
-0.019
-0.019
-0.0038
-0.0006
-0.0089
-0.027
-0.042
-0.057
-0.066
-0.069
-0.065
-0.064
-0.064
-0.059
-0.047
-0.035
-0.026
-0.015
-0.00041
0.012
0.012
0.0075
0.0028
0.0048
0.035
0.057
0.061
0.038
-0.00035
0.0061
0.047
0.085
0.095
0.069
0.037
0.033
0.043
0.054
0.061
0.041
0.016
0.0032
0.011
0.024
0.017
-0.00053
0.0005
0.0027
-0.011
-0.032
-0.052
-0.056
-0.031
-0.0056
0.0065
0.0083
0.0054
0.00075
0.0022
0.013
0.015
0.0065
-0.0061
0.0012
0.023
0.05
0.053
0.039
0.038
0.058
0.073
0.062
0.044
0.038
0.045
0.047
0.037
0.023
0.014
0.032
0.06
0.07
0.053
0.033
0.026
0.035
0.047
0.039
0.03
0.027
0.026
0.03
0.028
0.014
0.0025
0.0047
-0.0022
-0.015
-0.024
-0.021
-0.013
-0.015
-0.025
-0.038
-0.044
-0.032
-0.031
-0.04
-0.048
-0.041
-0.03
-0.022
-0.02
-0.026
-0.027
-0.016
0.0042
0.019
0.027
0.021
0.012
0.02
0.031
0.029
0.026
0.026
0.013
0.023
0.056
0.07
0.056
0.034
0.022
0.016
0.019
0.025
0.038
0.056
0.068
0.076
0.073
0.071
0.07
0.081
0.1
0.11
0.11
0.11
0.11
0.11
0.11
0.11
0.11
0.12
0.11
0.095
0.087
0.084
0.09
0.084
0.065
0.04
0.03
0.021
0.0092
-0.016
-0.041
-0.051
-0.056
-0.06
-0.067
-0.073
-0.09
-0.12
-0.14
-0.16
-0.17
-0.16
-0.13
-0.13
-0.12
-0.12
-0.12
-0.1
-0.068
-0.046
-0.037
-0.019
-0.0079
-0.023
-0.043
-0.023
0.024
0.059
0.072
0.059
0.036
0.026
0.035
0.048
0.048
0.031
0.016
0.015
0.017
0.019
0.028
0.046
0.059
0.051
0.026
-0.005
-0.032
-0.035
-0.025
-0.022
-0.022
-0.0081
0.0056
0.012
0.0071
0.0067
0.016
0.013
-0.0051
-0.025
-0.033
-0.022
-0.0012
0.0077
-0.0034
-0.0054
0.0097
0.022
0.011
-0.012
-0.033
-0.045
-0.037
-0.013
0.014
0.02
0.016
0.0046
-0.023
-0.051
-0.062
-0.041
-0.0056
0.014
-0.00014
-0.015
-0.012
0.011
0.037
0.032
0.00038
-0.021
-0.014
0.0051
0.014
0.014
-0.0034
-0.023
-0.034
-0.034
-0.04
-0.047
-0.039
-0.017
0.014
0.024
0.015
0.0069
0.0052
0.0053
0.0014
0.004
0.014
0.016
0.0086
0.012
0.0054
-0.0074
-0.0058
-0.0043
-0.0048
0.005
0.037
0.068
0.08
0.066
0.022
-0.016
-0.012
0.02
0.028
0.016
0.009
0.026
0.05
0.045
0.021
0.0032
-0.0078
-0.0097
-0.0016
0.011
0.016
0.02
0.028
0.024
0.022
0.02
0.016
0.0013
-0.0012
0.0097
0.026
0.04
0.046
0.043
0.034
0.031
0.042
0.062
0.069
0.051
0.034
0.035
0.043
0.044
0.033
0.018
0.02
0.028
0.022
0.021
0.03
0.041
0.044
0.031
0.004
-0.00063
0.031
0.077
0.11
0.12
0.11
0.081
0.075
0.087
0.084
0.065
0.06
0.079
0.097
0.1
0.085
0.059
0.056
0.053
0.035
0.02
0.029
0.05
0.064
0.053
0.022
0.013
0.024
0.029
0.019
0.0076
0.00038
0.0094
0.034
0.05
0.038
0.0017
-0.014
0.0042
0.032
0.038
0.026
0.023
0.022
0.031
0.027
0.0059
-0.0084
-0.00096
0.023
0.043
0.054
0.047
0.046
0.052
0.045
0.036
0.018
-0.0063
-0.012
0.011
0.031
0.039
0.04
0.042
0.047
0.037
0.011
-0.012
-0.019
0.0023
0.022
0.022
0.0046
-0.017
-0.04
-0.052
-0.045
-0.039
-0.044
-0.054
-0.064
-0.062
-0.036
-0.017
-0.031
-0.05
-0.055
-0.055
-0.046
-0.028
-0.027
-0.025
-0.0046
0.0028
-0.017
-0.044
-0.059
-0.07
-0.074
-0.069
-0.044
-0.0048
0.015
0.012
-0.0094
-0.027
-0.047
-0.065
-0.06
-0.049
-0.04
-0.024
-0.014
-0.037
-0.059
-0.063
-0.067
-0.051
-0.032
-0.034
-0.048
-0.054
-0.042
-0.04
-0.05
-0.071
-0.071
-0.05
-0.02
-0.0061
-0.011
-0.017
-0.023
-0.026
-0.039
-0.059
-0.08
-0.097
-0.089
-0.061
-0.034
-0.012
-0.012
-0.046
-0.073
-0.072
-0.063
-0.046
-0.0093
0.019
0.023
0.023
0.02
0.00084
-0.029
-0.045
-0.039
-0.038
-0.04
-0.038
-0.043
-0.056
-0.064
-0.065
-0.071
-0.088
-0.1
-0.1
-0.085
-0.074
-0.061
-0.05
-0.043
-0.037
-0.038
-0.041
-0.051
-0.049
-0.031
-0.0096
0.004
0.0066
-0.0014
-0.0078
-0.0061
0.0048
0.024
0.04
0.054
0.067
0.063
0.052
0.037
0.025
0.024
0.04
0.055
0.052
0.035
0.011
0.00032
0.0073
0.019
0.021
0.023
0.028
0.033
0.04
0.04
0.037
0.041
0.053
0.049
0.026
0.011
0.027
0.056
0.074
0.068
0.032
0.0035
0.013
0.037
0.05
0.051
0.061
0.081
0.098
0.087
0.054
0.027
0.02
0.025
0.027
0.031
0.026
0.023
0.041
0.061
0.057
0.032
0.011
0.0083
0.017
0.027
0.033
0.025
0.012
0.016
0.024
0.029
0.033
0.039
0.039
0.043
0.054
0.054
0.052
0.064
0.084
0.093
0.09
0.083
0.084
0.098
0.11
0.1
0.096
0.079
0.065
0.059
0.049
0.032
0.023
0.034
0.037
0.033
0.032
0.034
0.023
0.012
0.0092
0.0087
0.011
0.017
0.024
0.025
0.011
-0.0037
-0.0051
-0.0034
-0.018
-0.029
-0.019
0.0046
0.023
0.023
0.012
0.0098
0.021
0.033
0.035
0.025
0.019
0.033
0.057
0.065
0.056
0.052
0.058
0.07
0.076
0.078
0.066
0.041
0.029
0.029
0.036
0.052
0.057
0.043
0.031
0.022
0.0048
-0.0078
-0.019
-0.023
-0.014
-0.0057
-0.0071
-0.017
-0.024
-0.037
-0.047
-0.05
-0.048
-0.052
-0.053
-0.05
-0.041
-0.032
-0.036
-0.053
-0.068
-0.068
-0.052
-0.035
-0.024
-0.016
-0.0045
0.0029
0.0042
-0.0035
-0.018
-0.019
0.0046
0.035
0.041
0.021
-0.0062
-0.0046
0.016
0.017
-0.00035
-0.023
-0.046
-0.054
-0.052
-0.064
-0.084
-0.1
-0.12
-0.12
-0.1
-0.089
-0.069
-0.041
-0.006
0.0096
-0.00087
-0.025
-0.041
-0.037
-0.0095
0.024
0.058
0.079
0.067
0.032
0.0006
-0.019
-0.033
-0.046
-0.049
-0.055
-0.063
-0.045
-0.024
-0.03
-0.038
-0.029
-0.016
-0.03
-0.07
-0.095
-0.084
-0.042
1.5e-005
0.0059
-0.016
-0.04
-0.047
-0.032
-0.0077
-0.0032
-0.0061
0.00047
-0.01
-0.037
-0.041
-0.0067
0.026
0.041
0.042
0.029
0.02
0.013
0.0038
0.0002
-0.009
-0.011
-0.0063
-0.00072
-0.00056
-0.0053
-0.02
-0.029
-0.034
-0.031
-0.021
-0.023
-0.026
-0.0056
0.025
0.041
0.025
-0.0005
-0.018
-0.035
-0.037
-0.036
-0.055
-0.068
-0.055
-0.032
-0.027
-0.042
-0.066
-0.079
-0.062
-0.038
-0.037
-0.046
-0.04
-0.024
-0.019
-0.017
-0.012
-0.0074
-0.01
-0.017
-0.026
-0.032
-0.031
-0.019
-0.015
-0.026
-0.039
-0.046
-0.037
-0.0072
0.017
0.015
0.0059
-0.0076
-0.02
-0.026
-0.03
-0.028
-0.016
0.00096
0.021
0.024
0.014
0.0015
-0.01
-0.015
-0.01
-0.013
-0.02
-0.021
-0.017
-0.012
-0.0028
0.0023
-0.0012
-0.012
-0.041
-0.071
-0.068
-0.04
-0.013
0.0068
0.022
0.029
0.034
0.033
0.026
0.021
0.039
0.058
0.054
0.044
0.058
0.072
0.075
0.074
0.058
0.043
0.048
0.061
0.069
0.07
0.064
0.051
0.045
0.045
0.048
0.052
0.055
0.046
0.028
0.021
0.014
0.01
0.02
0.029
0.02
-0.0044
-0.0088
0.0033
0.0076
0.015
0.025
0.018
-0.0018
-0.011
-0.012
-0.017
-0.023
-0.016
0.0042
0.026
0.035
0.023
-0.0013
-0.0089
0.012
0.035
0.05
0.046
0.028
0.018
0.015
0.011
0.013
0.0087
-0.0061
-0.012
-0.012
-0.014
-0.0068
0.012
0.019
0.023
0.028
0.032
0.027
0.021
0.017
0.02
0.022
0.019
0.016
0.023
0.026
0.018
0.0095
0.018
0.027
0.03
0.044
0.045
0.031
0.032
0.056
0.082
0.086
0.079
0.07
0.051
0.035
0.032
0.035
0.043
0.053
0.056
0.05
0.043
0.032
0.029
0.026
0.014
0.0042
0.01
0.021
0.026
0.033
0.032
0.023
0.012
0.01
0.025
0.045
0.053
0.055
0.035
0.0072
-0.0031
-0.0044
-0.0018
0.013
0.034
0.062
0.084
0.089
0.082
0.081
0.089
0.092
0.078
0.056
0.029
0.025
0.067
0.11
0.13
0.12
0.095
0.073
0.065
0.059
0.047
0.04
0.038
0.027
0.0038
-0.015
-0.018
-0.0016
0.023
0.041
0.048
0.024
-0.02
-0.049
-0.052
-0.026
0.0056
0.037
0.056
0.052
0.038
0.032
0.038
0.049
0.041
0.02
0.0069
0.0038
0.015
0.04
0.061
0.069
0.063
0.056
0.047
0.04
0.045
0.048
0.029
0.011
0.018
0.022
0.017
0.0054
-0.019
-0.039
-0.032
-0.01
0.0033
-0.0046
-0.024
-0.047
-0.055
-0.043
-0.017
0.0063
0.0051
-0.017
-0.032
-0.031
-0.038
-0.049
-0.044
-0.032
-0.026
-0.0093
0.026
0.034
0.021
0.0081
0.0002
0.0037
0.0028
-0.0047
0.0045
0.025
0.04
0.028
0.0021
-0.02
-0.026
-0.023
-0.014
-0.0098
0.0023
0.027
0.041
0.029
0.014
0.01
0.0046
-0.0034
-0.004
-7.6e-005
-0.017
-0.035
-0.031
-0.029
-0.035
-0.033
-0.03
-0.03
-0.032
-0.038
-0.037
-0.031
-0.029
-0.043
-0.074
-0.09
-0.076
-0.051
-0.033
-0.029
-0.03
-0.028
-0.03
-0.041
-0.041
-0.021
-0.00038
0.0029
-0.0036
-0.0075
-0.00038
0.015
0.022
0.019
0.012
0.012
0.016
0.023
0.023
0.013
-0.0038
-0.015
-0.013
-0.0002
0.00099
-0.0064
-0.0053
-0.0034
-0.017
-0.029
-0.038
-0.048
-0.047
-0.04
-0.041
-0.039
-0.039
-0.046
-0.054
-0.066
-0.071
-0.062
-0.05
-0.043
-0.029
-0.013
-0.006
-0.012
-0.023
-0.02
-0.023
-0.025
-0.021
-0.026
-0.041
-0.04
-0.034
-0.03
-0.019
-0.0059
0.00017
-0.0075
-0.016
-0.0082
0.014
0.04
0.044
0.032
0.02
0.0098
0.0016
0.0015
0.0031
0.0035
0.014
0.0096
-0.011
-0.024
-0.022
-0.027
-0.035
-0.03
-0.013
0.0015
0.0028
0.0076
0.014
0.0043
0.0063
0.021
0.021
0.017
0.027
0.048
0.062
0.057
0.035
0.023
0.02
0.014
0.011
0.012
0.0089
0.013
0.017
0.0092
-0.0053
-0.013
-0.012
-0.012
-0.018
-0.015
-0.0016
0.018
0.041
0.041
0.028
0.032
0.051
0.06
0.064
0.059
0.051
0.049
0.051
0.046
0.038
0.042
0.041
0.025
0.02
0.013
-0.015
-0.026
-0.023
-0.032
-0.027
-0.0084
0.0051
0.013
0.017
0.019
0.012
0.008
0.0045
0.012
0.033
0.054
0.064
0.058
0.046
0.015
-0.0041
-0.0074
-0.027
-0.066
-0.089
-0.084
-0.069
-0.059
-0.065
-0.064
-0.039
-0.02
-0.013
-0.0065
0.0061
0.022
0.021
0.0035
-0.015
-0.013
-0.0029
-0.0012
-0.026
-0.04
-0.036
-0.029
-0.034
-0.048
-0.058
-0.065
-0.067
-0.054
-0.042
-0.039
-0.02
0.0099
0.0083
-0.022
-0.05
-0.049
-0.036
-0.04
-0.049
-0.035
-0.0058
0.017
0.016
-0.015
-0.041
-0.038
-0.015
0.0054
0.0053
-0.0089
-0.011
-0.0029
0.00029
-0.0053
-0.021
-0.035
-0.035
-0.023
-0.0094
-0.00029
0.0066
0.022
0.034
0.027
0.019
0.02
0.031
0.041
0.039
0.025
0.0069
-0.005
0.003
0.016
0.017
0.01
-0.0037
-0.0093
-0.00081
-0.0072
-0.025
-0.025
-0.013
0.01
0.042
0.052
0.035
0.019
0.016
0.017
0.022
0.021
0.013
0.016
0.028
0.039
0.033
0.026
0.029
0.031
0.025
0.011
-0.015
-0.026
0.00017
0.021
0.029
0.026
0.0083
-0.0043
-0.0043
0.00069
0.01
0.017
0.012
-0.0018
-0.0088
-0.0028
0.016
0.028
0.04
0.043
0.046
0.067
0.082
0.078
0.072
0.069
0.063
0.053
0.046
0.044
0.034
0.039
0.066
0.066
0.036
0.015
0.011
0.0064
0.0022
0.0013
0.015
0.042
0.056
0.05
0.029
0.016
0.0074
0.0031
0.014
0.023
0.027
0.026
0.027
0.029
0.031
0.029
0.02
0.011
0.007
0.0036
0.0033
0.013
0.025
0.027
0.011
0.00072
0.0065
0.017
0.017
0.0079
-0.014
-0.031
-0.042
-0.048
-0.048
-0.043
-0.021
0.013
0.032
0.037
0.035
0.03
0.032
0.035
0.02
0.0052
-0.0015
0.0019
0.021
0.037
0.044
0.048
0.048
0.041
0.027
0.0096
-0.0013
0.00069
0.01
0.027
0.035
0.046
0.066
0.079
0.071
0.057
0.034
0.0042
-0.016
-0.023
-0.012
0.0077
0.02
0.028
0.027
0.012
-0.019
-0.048
-0.059
-0.048
-0.022
0.012
0.04
0.042
0.039
0.036
0.026
0.018
0.016
0.0063
-0.0088
0.0052
0.038
0.048
0.024
-0.012
-0.04
-0.053
-0.022
0.019
0.026
0.0021
-0.026
-0.041
-0.035
-0.024
-0.015
0.024
0.075
0.095
0.08
0.049
0.013
0.0013
0.021
0.041
0.039
0.03
0.031
0.031
0.022
0.017
0.0062
-0.027
-0.052
-0.067
-0.065
-0.035
0.007
0.026
0.018
-0.00069
-0.017
-0.025
-0.026
-0.03
-0.033
-0.02
-0.012
-0.031
-0.043
-0.041
-0.044
-0.027
0.0087
0.016
0.0093
0.0097
0.017
0.038
0.059
0.051
0.015
-0.0082
-0.0023
0.021
0.03
0.011
-0.031
-0.072
-0.083
-0.076
-0.062
-0.048
-0.054
-0.075
-0.078
-0.058
-0.042
-0.022
-0.0012
0.017
0.035
0.046
0.055
0.053
0.041
0.029
0.022
0.024
0.018
0.011
0.0028
-4.6e-005
-0.0042
0.0086
0.024
0.019
0.006
0.0068
0.021
0.034
0.034
0.026
0.012
0.00066
0.0096
0.032
0.026
0.015
0.036
0.065
0.068
0.035
-0.0038
0.007
0.047
0.069
0.064
0.051
0.065
0.1
0.12
0.1
0.073
0.045
0.034
0.048
0.062
0.071
0.068
0.056
0.037
0.01
-0.011
-0.0069
0.0094
0.025
0.04
0.043
0.043
0.039
0.038
0.043
0.048
0.052
0.057
0.058
0.045
0.02
-0.0035
-0.0058
-0.0034
-0.007
-0.012
-0.023
-0.034
-0.033
-0.024
-0.019
-0.0086
-0.0016
0.0019
0.0043
0.0065
0.015
0.032
0.044
0.044
0.044
0.045
0.045
0.042
0.032
0.02
0.011
0.01
0.0069
-0.0032
-0.0047
0.016
0.023
0.0048
-0.025
-0.05
-0.051
-0.037
-0.021
-0.015
-0.0096
-0.0059
-0.014
-0.025
-0.042
-0.051
-0.045
-0.02
-0.0064
-0.0046
0.0014
0.0043
-0.0018
-0.01
-0.022
-0.045
-0.071
-0.081
-0.068
-0.059
-0.058
-0.05
-0.053
-0.069
-0.077
-0.083
-0.093
-0.093
-0.079
-0.055
-0.028
-0.023
-0.035
-0.037
-0.024
-0.021
-0.028
-0.028
-0.024
-0.0072
0.0068
0.0026
-0.0083
-0.015
-0.025
-0.04
-0.058
-0.064
-0.062
-0.058
-0.059
-0.071
-0.084
-0.094
-0.085
-0.063
-0.045
-0.039
-0.04
-0.036
-0.02
-0.00023
0.012
0.011
0.0046
-0.00032
0.0055
0.0028
0.00087
0.011
0.016
0.0013
-0.017
-0.028
-0.03
-0.029
-0.034
-0.046
-0.055
-0.035
0.00099
0.023
0.025
0.024
0.017
-0.0029
-0.019
-0.035
-0.038
-0.037
-0.044
-0.049
-0.05
-0.045
-0.023
0.01
0.03
0.043
0.046
0.031
0.012
0.0018
0.013
0.025
0.033
0.037
0.01
-0.022
-0.028
-0.03
-0.02
0.0018
0.0083
0.013
0.013
-0.0077
-0.025
-0.021
-0.011
0.013
0.045
0.059
0.061
0.042
0.014
-0.0055
-0.017
-0.0031
0.0069
-0.011
-0.018
0.0091
0.041
0.051
0.045
0.016
-0.0036
-0.0092
-0.017
-0.016
-0.0065
-0.0045
0.0025
0.02
0.029
0.022
0.009
0.016
0.033
0.024
0.0033
-0.019
-0.036
-0.023
-0.0067
0.004
0.01
0.013
0.012
0.016
0.016
0.0058
-0.014
-0.024
-0.027
-0.026
-0.022
-0.023
-0.021
-0.00032
0.022
0.018
-0.0011
-0.013
-0.015
-0.0071
0.017
0.026
0.017
0.016
0.022
0.026
0.023
0.013
0.009
0.01
-0.0017
-0.024
-0.044
-0.039
-0.026
-0.026
-0.027
-0.03
-0.038
-0.032
-0.012
-0.0034
-0.014
-0.031
-0.033
-0.021
-0.015
-0.006
0.0057
0.018
0.017
0.0052
-0.0084
-0.016
-0.0064
-0.0013
-0.001
-0.017
-0.028
-0.017
0.0069
0.021
0.023
0.013
-0.0079
-0.029
-0.035
-0.027
-0.022
-0.0095
0.0043
0.0014
-0.0045
0.0091
0.021
0.015
-0.018
-0.053
-0.055
-0.029
-0.015
-0.021
-0.029
-0.02
0.0017
0.013
0.0036
-0.018
-0.034
-0.021
0.0056
0.014
0.0073
-0.0058
-0.016
-0.023
-0.034
-0.04
-0.034
-0.019
0.0034
0.011
-0.0041
-0.02
-0.022
-0.01
0.0045
0.012
0.018
0.017
0.01
0.0045
-0.0054
-0.012
-0.013
-0.019
-0.029
-0.032
-0.03
-0.029
-0.037
-0.042
-0.039
-0.024
-0.0086
-0.014
-0.035
-0.045
-0.033
-0.0098
0.0057
0.0016
-0.016
-0.031
-0.033
-0.021
-0.016
-0.022
-0.036
-0.039
-0.021
-0.012
-0.014
0.0015
0.011
0.016
0.021
0.02
0.013
-0.0016
-0.004
0.017
0.04
0.055
0.049
0.034
0.023
0.02
0.0094
0.0032
0.008
0.014
0.017
0.02
0.016
-0.0011
-0.0063
0.003
0.0028
-0.0018
0.012
0.029
0.04
0.052
0.052
0.039
0.036
0.038
0.029
0.023
0.024
0.032
0.044
0.043
0.021
0.0042
0.0073
0.014
0.022
0.038
0.052
0.056
0.054
0.063
0.077
0.076
0.066
0.058
0.045
0.048
0.07
0.088
0.083
0.061
0.045
0.047
0.061
0.072
0.081
0.077
0.067
0.059
0.044
0.028
0.029
0.038
0.051
0.068
0.097
0.11
0.1
0.1
0.098
0.092
0.086
0.069
0.042
0.035
0.053
0.067
0.057
0.033
0.025
0.029
0.028
0.013
-0.0029
0.0028
0.02
0.025
0.024
0.03
0.038
0.035
0.022
0.0075
-0.0082
-0.015
-0.0083
0.00075
-0.0046
-0.015
-0.013
-0.0062
0.0082
0.024
0.034
0.036
0.021
-0.0055
-0.028
-0.036
-0.031
-0.018
-0.008
0.00078
-0.002
-0.011
-0.031
-0.068
-0.093
-0.085
-0.063
-0.05
-0.034
-0.026
-0.022
-0.011
-0.0078
-0.015
-0.022
-0.04
-0.058
-0.051
-0.034
-0.035
-0.051
-0.071
-0.087
-0.082
-0.075
-0.074
-0.075
-0.082
-0.069
-0.051
-0.051
-0.054
-0.052
-0.042
-0.031
-0.039
-0.055
-0.05
-0.027
-0.0051
-0.0093
-0.04
-0.069
-0.076
-0.068
-0.054
-0.042
-0.028
-0.017
0.0044
0.013
0.005
-0.0062
-0.0056
-0.0074
-0.011
-0.004
0.011
0.028
0.038
0.035
0.031
0.03
0.032
0.032
0.024
0.0053
-0.0059
-0.0058
0.00026
0.0096
0.017
0.03
0.035
0.019
0.0024
0.00035
0.024
0.048
0.05
0.032
0.017
0.027
0.049
0.056
0.037
0.02
0.021
0.023
0.027
0.026
0.023
0.026
0.024
0.017
0.0017
-0.0048
0.0031
0.024
0.037
0.032
0.025
0.033
0.047
0.06
0.054
0.041
0.034
0.034
0.048
0.054
0.061
0.069
0.063
0.049
0.046
0.057
0.069
0.075
0.068
0.065
0.065
0.055
0.036
0.023
0.023
0.028
0.029
0.033
0.04
0.042
0.044
0.052
0.057
0.054
0.05
0.06
0.074
0.076
0.063
0.055
0.061
0.07
0.067
0.056
0.05
0.062
0.077
0.084
0.08
0.076
0.075
0.084
0.098
0.1
0.093
0.083
0.074
0.065
0.064
0.064
0.052
0.032
0.016
0.006
0.0087
0.028
0.046
0.05
0.037
0.027
0.027
0.023
0.025
0.042
0.062
0.074
0.075
0.066
0.057
0.049
0.044
0.037
0.02
0.0005
-0.0035
-0.0067
-0.017
-0.033
-0.046
-0.051
-0.054
-0.049
-0.034
-0.02
-0.0087
-0.00066
0.0075
0.0082
0.0075
0.0048
0.0088
0.01
-0.001
-0.017
-0.025
-0.027
-0.033
-0.047
-0.059
-0.066
-0.065
-0.054
-0.045
-0.048
-0.043
-0.04
-0.053
-0.071
-0.091
-0.1
-0.088
-0.049
-0.0082
0.02
0.017
0.0061
0.021
0.046
0.061
0.065
0.052
0.028
0.007
-0.0086
-0.014
-0.016
-0.019
-0.014
-0.0095
-0.039
-0.089
-0.12
-0.12
-0.1
-0.082
-0.066
-0.052
-0.032
-0.012
0.0047
0.017
0.03
0.034
0.025
0.0064
0.0067
0.023
0.04
0.049
0.046
0.026
0.0036
-0.0084
-0.0076
0.0058
0.017
0.025
0.042
0.054
0.051
0.045
0.041
0.04
0.042
0.05
0.062
0.076
0.077
0.06
0.045
0.037
0.044
0.046
0.035
0.025
0.03
0.051
0.073
0.071
0.053
0.046
0.052
0.05
0.037
0.019
0.013
0.0063
0.0002
-0.0028
-0.0057
-0.027
-0.049
-0.033
0.0043
0.039
0.063
0.074
0.087
0.11
0.11
0.096
0.079
0.085
0.11
0.14
0.14
0.12
0.093
0.087
0.1
0.13
0.17
0.16
0.11
0.069
0.036
0.011
0.0069
0.016
0.028
0.034
0.025
0.018
0.022
0.019
0.02
0.032
0.046
0.05
0.049
0.067
0.086
0.069
0.019
-0.0032
0.021
0.059
0.087
0.092
0.093
0.086
0.068
0.069
0.085
0.09
0.06
0.015
-0.0061
-0.0051
-0.0063
-0.021
-0.043
-0.051
-0.043
-0.023
-0.004
-0.006
-0.017
-0.012
0.0072
0.0029
-0.021
-0.041
-0.035
0.00026
0.025
0.016
0.0047
0.0029
0.004
0.01
0.0053
0.005
-0.0037
-0.021
-0.042
-0.056
-0.055
-0.073
-0.11
-0.15
-0.17
-0.18
-0.18
-0.14
-0.081
-0.033
-0.0015
0.0075
0.006
-0.003
-0.0049
0.0031
0.0072
-0.0079
-0.02
-0.029
-0.021
-0.0054
-0.028
-0.072
-0.094
-0.085
-0.048
-0.014
-0.0031
-0.02
-0.054
-0.072
-0.056
-0.038
-0.024
-0.0057
0.00029
-0.0024
-0.014
-0.045
-0.074
-0.073
-0.059
-0.049
-0.037
-0.024
-0.0075
0.0048
0.0029
-0.0084
-0.029
-0.04
-0.03
-0.0075
0.014
0.019
0.023
0.022
0.01
-0.017
-0.043
-0.054
-0.05
-0.034
-0.015
-0.0025
-0.015
-0.04
-0.061
-0.064
-0.044
-0.023
-0.0046
0.012
0.015
0.015
0.016
0.012
0.0072
0.019
0.032
0.05
0.062
0.062
0.05
0.036
0.019
-0.0055
-0.03
-0.05
-0.036
0.014
0.049
0.053
0.045
0.039
0.037
0.038
0.039
0.036
0.025
0.027
0.04
0.046
0.045
0.045
0.039
0.041
0.041
0.024
0.011
0.0076
0.011
0.027
0.04
0.047
0.054
0.058
0.056
0.053
0.04
0.024
0.02
0.019
0.028
0.052
0.081
0.098
0.088
0.064
0.045
0.047
0.066
0.079
0.067
0.056
0.058
0.058
0.078
0.096
0.089
0.069
0.064
0.073
0.081
0.071
0.044
0.032
0.036
0.045
0.04
0.028
0.023
0.03
0.038
0.034
0.022
0.0096
0.00023
-0.0036
-0.01
-0.016
-0.0087
0.015
0.034
0.016
-0.024
-0.054
-0.06
-0.049
-0.039
-0.04
-0.024
0.0065
0.023
0.014
-0.0073
-0.021
-0.02
-0.018
-0.0026
0.014
0.024
0.034
0.04
0.038
0.032
0.031
0.03
0.021
0.015
0.015
0.0064
-0.01
-0.014
0.0021
0.018
0.016
0.01
0.017
0.04
0.062
0.075
0.082
0.079
0.063
0.053
0.06
0.066
0.061
0.054
0.057
0.059
0.058
0.056
0.042
0.039
0.053
0.065
0.071
0.062
0.049
0.042
0.038
0.023
0.002
-0.018
-0.019
-0.0041
0.013
0.028
0.029
0.017
0.0074
-0.0002
-0.0011
-0.0006
-0.00047
-0.0062
-0.0034
0.00041
0.0051
0.0056
-0.011
-0.033
-0.038
-0.027
-0.018
-0.015
-0.013
0.00038
0.017
0.018
0.011
0.011
0.016
0.033
0.05
0.046
0.029
0.0049
-0.0077
-0.0096
-0.02
-0.037
-0.04
-0.03
-0.0052
0.0036
-0.0077
-0.021
-0.03
-0.023
-0.013
-0.02
-0.037
-0.046
-0.045
-0.032
-0.019
-0.0083
-0.0013
-0.014
-0.032
-0.035
-0.021
0.0013
0.009
-0.0081
-0.018
-0.014
-0.012
-0.013
-0.025
-0.045
-0.048
-0.026
-0.0042
0.0081
0.01
0.0079
0.013
0.019
0.014
0.0039
0.0094
0.033
0.044
0.025
0.0028
0.0083
0.02
0.022
0.0041
-0.02
-0.024
-0.021
-0.021
-0.017
-0.0098
-0.0048
-0.0042
-0.011
-0.029
-0.045
-0.055
-0.038
-0.0057
0.032
0.066
0.071
0.048
0.027
0.02
0.022
0.02
0.022
0.028
0.018
0.0061
0.012
0.011
-0.0063
-0.028
-0.034
-0.011
0.012
0.013
0.0023
0.012
0.033
0.04
0.039
0.04
0.039
0.02
-0.0061
-0.024
-0.032
-0.036
-0.042
-0.054
-0.053
-0.04
-0.019
-0.012
-0.019
-0.023
-0.015
-0.0079
-0.012
-0.031
-0.049
-0.043
-0.018
0.009
0.02
0.0097
0.0035
0.013
0.026
0.033
0.03
0.02
0.0039
-0.014
-0.036
-0.048
-0.048
-0.04
-0.036
-0.036
-0.046
-0.055
-0.06
-0.064
-0.067
-0.069
-0.066
-0.057
-0.055
-0.058
-0.048
-0.021
0.0062
0.015
0.0036
-0.013
-0.026
-0.03
-0.032
-0.038
-0.045
-0.039
-0.029
-0.029
-0.035
-0.037
-0.03
-0.03
-0.041
-0.037
-0.02
-0.011
-0.013
-0.021
-0.033
-0.036
-0.03
-0.011
0.01
0.022
0.04
0.053
0.049
0.026
-0.0059
-0.024
-0.022
-0.007
0.013
0.016
0.0016
-0.004
0.0013
-0.011
-0.019
-0.021
-0.031
-0.041
-0.036
-0.022
-0.0012
0.0074
-0.014
-0.029
-0.025
-0.018
-0.019
-0.024
-0.031
-0.035
-0.037
-0.041
-0.042
-0.05
-0.058
-0.052
-0.04
-0.034
-0.038
-0.03
0.0028
0.032
0.039
0.023
-0.0022
-0.016
-0.0045
0.0069
0.016
0.036
0.051
0.049
0.039
0.028
0.025
0.034
0.062
0.082
0.081
0.077
0.073
0.064
0.074
0.089
0.09
0.085
0.082
0.087
0.088
0.07
0.039
0.015
0.00072
-0.00023
-0.004
-0.02
-0.031
-0.033
-0.02
0.0011
0.0017
-0.015
-0.024
-0.024
-0.019
-0.013
-0.015
-0.0061
0.012
0.02
0.027
0.031
0.041
0.062
0.076
0.07
0.063
0.065
0.057
0.043
0.024
0.022
0.037
0.046
0.036
0.02
0.016
0.019
0.017
0.022
0.023
0.017
0.022
0.03
0.022
0.013
0.013
0.016
0.022
0.015
-0.0017
0.0075
0.035
0.042
0.027
0.0074
0.0054
0.021
0.031
0.028
0.019
0.00044
-0.0093
-0.0029
0.013
0.037
0.041
0.033
0.028
0.019
0.0096
0.0091
0.02
0.041
0.053
0.047
0.036
0.032
0.035
0.044
0.048
0.051
0.055
0.057
0.049
0.033
0.019
0.011
-7.6e-005
-0.011
-0.012
-0.0025
0.0047
0.012
0.012
0.0073
0.017
0.029
0.032
0.021
0.0035
-0.01
-0.0098
-0.01
-0.01
-0.0044
-0.0065
-0.014
-0.024
-0.038
-0.056
-0.066
-0.058
-0.051
-0.066
-0.087
-0.082
-0.069
-0.061
-0.053
-0.051
-0.05
-0.061
-0.065
-0.035
0.0094
0.033
0.025
-0.0018
-0.026
-0.018
-0.0031
0.012
0.016
0.013
0.011
-0.00078
-0.028
-0.054
-0.064
-0.062
-0.059
-0.056
-0.059
-0.08
-0.087
-0.056
-0.031
-0.029
-0.035
-0.043
-0.045
-0.034
-0.018
0.0036
0.034
0.044
0.018
-0.017
-0.035
-0.036
-0.032
-0.026
-0.03
-0.053
-0.085
-0.11
-0.12
-0.12
-0.11
-0.07
-0.042
-0.042
-0.06
-0.06
-0.043
-0.02
0.0018
0.0069
-0.012
-0.02
-0.0077
-0.0024
-0.013
-0.028
-0.035
-0.029
-0.018
-0.021
-0.035
-0.038
-0.026
-0.021
-0.022
-0.016
-0.0068
-0.00081
-0.0049
-0.027
-0.036
-0.024
-0.011
-0.014
-0.038
-0.06
-0.05
-0.019
0.0093
0.03
0.036
0.039
0.044
0.032
0.0061
-0.024
-0.051
-0.047
-0.023
1.5e-005
0.013
-0.0027
-0.017
-0.0033
0.012
0.015
0.012
0.0024
0.0039
0.019
0.027
0.02
0.0095
-0.0043
-0.0088
-0.021
-0.038
-0.04
-0.033
-0.019
-0.00053
0.014
0.016
0.0019
-0.021
-0.033
-0.019
0.0031
0.021
0.019
0.0045
-0.007
-0.026
-0.035
-0.025
-0.011
-0.011
-0.022
-0.037
-0.04
-0.033
-0.034
-0.019
0.003
0.0056
-0.0045
-0.003
0.0094
0.023
0.028
0.016
-0.0015
-0.018
-0.026
-0.022
-0.031
-0.04
-0.035
-0.014
0.011
0.016
-0.0069
-0.037
-0.058
-0.062
-0.048
-0.05
-0.064
-0.068
-0.062
-0.064
-0.069
-0.071
-0.076
-0.082
-0.072
-0.059
-0.049
-0.034
-0.024
-0.031
-0.023
0.0056
0.026
0.028
0.015
0.0041
0.012
0.016
0.0051
0.0045
0.01
0.011
0.0042
0.0024
0.011
0.011
0.0096
0.011
0.0088
0.007
0.021
0.042
0.045
0.035
0.027
0.035
0.051
0.041
0.015
-0.0079
-0.013
-0.0051
0.00066
-0.0087
-0.024
-0.034
-0.038
-0.032
-0.041
-0.049
-0.042
-0.028
-0.017
-0.014
-0.019
-0.025
-0.028
-0.018
-0.012
-0.017
-0.013
0.0033
0.0069
0.0038
0.00093
-0.0067
-0.018
-0.032
-0.04
-0.025
0.00081
0.0058
-0.0093
-0.022
-0.017
0.0012
0.012
0.0093
0.0017
-0.012
-0.022
-0.014
-0.00069
0.0061
0.00029
-0.0034
0.0054
0.013
-0.00029
-0.017
-0.027
-0.02
-0.0043
0.0095
0.0099
-0.0083
-0.03
-0.03
-0.014
0.0011
0.011
0.017
0.018
0.0051
-0.0067
0.0047
0.02
0.022
0.015
0.017
0.03
0.047
0.058
0.057
0.064
0.072
0.069
0.047
0.0081
-0.021
-0.022
-0.0098
0.004
0.029
0.044
0.035
0.019
0.0085
0.0044
0.0019
0.0061
0.019
0.026
0.029
0.042
0.049
0.05
0.043
0.032
0.028
0.029
0.023
0.021
0.032
0.05
0.057
0.048
0.023
0.0055
-0.0014
0.013
0.031
0.033
0.035
0.035
0.025
0.019
0.024
0.026
0.026
0.038
0.049
0.041
0.024
0.03
0.038
0.035
0.023
0.01
0.01
0.013
0.014
0.019
0.026
0.013
-0.0082
-0.02
-0.018
-0.013
-0.012
-0.0026
-0.00023
0.006
0.021
0.031
0.025
0.001
-0.014
-0.0042
0.0052
0.0023
-0.0056
-0.0022
0.0025
-0.0036
-0.018
-0.027
-0.028
-0.017
0.0066
0.018
0.017
0.016
0.023
0.027
0.023
0.022
0.023
0.024
0.022
0.0021
-0.015
-0.017
-0.02
-0.035
-0.039
-0.032
-0.012
0.0068
0.021
0.035
0.039
0.043
0.045
0.037
0.025
0.026
0.04
0.057
0.06
0.031
-0.0038
-0.019
-0.016
-0.0056
0.0072
0.014
0.02
0.02
0.019
0.024
0.023
0.017
0.018
0.021
0.029
0.042
0.059
0.066
0.049
0.013
-0.012
-0.021
-0.024
-0.011
0.006
0.018
0.029
0.036
0.043
0.048
0.044
0.039
0.043
0.064
0.083
0.079
0.067
0.061
0.048
0.038
0.031
0.0086
-0.012
-0.0019
0.028
0.06
0.071
0.044
0.022
0.021
0.033
0.05
0.056
0.043
0.036
0.044
0.057
0.067
0.06
0.049
0.044
0.031
0.012
-0.0038
-0.018
-0.019
-0.0081
0.013
0.026
0.023
0.02
0.04
0.069
0.077
0.064
0.049
0.033
0.018
-0.0034
-0.034
-0.053
-0.032
0.016
0.068
0.12
0.15
0.15
0.12
0.099
0.085
0.085
0.083
0.063
0.04
0.025
0.0069
0.0069
0.03
0.044
0.036
0.012
0.0021
0.01
0.031
0.048
0.054
0.056
0.071
0.092
0.086
0.054
0.018
0.005
0.014
0.013
-0.006
-0.013
-0.0038
0.0096
0.011
-0.0041
-0.022
-0.025
-0.019
-0.015
-0.019
-0.022
-0.015
-0.0096
-0.014
-0.02
-0.033
-0.058
-0.074
-0.06
-0.036
-0.03
-0.032
-0.026
-0.027
-0.03
-0.033
-0.036
-0.033
-0.014
0.0022
0.015
0.039
0.04
0.0056
-0.035
-0.052
-0.049
-0.041
-0.043
-0.049
-0.049
-0.035
-0.02
-0.028
-0.035
-0.026
0.0076
0.05
0.072
0.057
0.034
0.026
0.019
-0.0016
-0.032
-0.059
-0.062
-0.044
-0.035
-0.055
-0.079
-0.079
-0.058
-0.024
0.012
0.036
0.045
0.035
0.0014
-0.032
-0.043
-0.043
-0.034
-0.0061
0.019
0.012
-0.039
-0.094
-0.09
-0.03
0.019
0.038
0.046
0.03
0.014
0.011
0.016
0.031
0.037
0.041
0.045
0.032
0.0016
-0.048
-0.099
-0.11
-0.11
-0.09
-0.065
-0.051
-0.033
-0.012
-0.0096
-0.013
-0.0014
0.022
0.053
0.079
0.082
0.071
0.054
0.04
0.02
-0.0043
-0.015
-0.01
-0.0079
-0.0084
-0.011
-0.017
-0.026
-0.045
-0.075
-0.1
-0.091
-0.044
0.0035
0.021
0.024
0.025
0.03
0.038
0.055
0.068
0.067
0.054
0.029
0.016
0.033
0.054
0.047
0.0094
-0.039
-0.07
-0.075
-0.065
-0.054
-0.053
-0.048
-0.032
-0.024
-0.034
-0.055
-0.06
-0.04
-0.0036
0.023
0.027
0.011
-0.01
-0.0099
-0.0064
-0.011
-0.011
0.0047
0.027
0.031
0.0042
-0.031
-0.055
-0.053
-0.043
-0.041
-0.051
-0.068
-0.078
-0.057
-0.019
0.013
0.014
-0.013
-0.048
-0.067
-0.057
-0.034
-0.015
-0.014
-0.028
-0.047
-0.056
-0.04
-0.021
-0.0034
0.00096
-0.013
-0.049
-0.087
-0.089
-0.056
-0.021
-0.01
-0.026
-0.061
-0.079
-0.055
-0.02
0.00035
-0.0017
-0.022
-0.045
-0.058
-0.058
-0.047
-0.042
-0.047
-0.042
-0.03
-0.017
-0.012
-0.011
-0.0057
0.0022
-0.0021
-0.015
-0.022
-0.0052
0.025
0.045
0.043
0.027
0.0054
-0.0018
0.0089
0.011
0.0021
0.00093
-0.009
-0.018
-0.011
-0.0013
0.022
0.047
0.05
0.032
0.0075
-0.0074
-0.0011
0.0065
0.011
0.015
0.011
0.024
0.049
0.068
0.071
0.058
0.044
0.041
0.045
0.043
0.034
0.025
0.018
0.022
0.028
0.019
0.012
0.034
0.058
0.062
0.051
0.031
0.015
0.019
0.031
0.027
0.017
0.013
0.015
0.03
0.059
0.074
0.067
0.043
0.017
0.011
0.026
0.036
0.044
0.057
0.049
0.037
0.033
0.036
0.044
0.046
0.04
0.046
0.074
0.095
0.1
0.085
0.057
0.012
-0.028
-0.025
-0.0025
0.032
0.072
0.13
0.18
0.21
0.2
0.18
0.15
0.11
0.1
0.11
0.11
0.1
0.081
0.038
0.0036
0.0045
-0.013
-0.079
-0.12
-0.11
-0.057
0.0057
0.053
0.039
-0.011
-0.011
0.044
0.098
0.13
0.13
0.14
0.14
0.11
0.06
0.0086
-0.025
-0.031
-0.017
-0.018
-0.029
-0.019
0.011
0.044
0.055
0.036
0.0023
-0.0045
0.011
0.029
0.053
0.07
0.059
0.009
-0.049
-0.069
-0.065
-0.056
-0.042
-0.036
-0.037
-0.018
0.004
-0.011
-0.052
-0.096
-0.11
-0.078
-0.027
0.022
0.046
0.047
0.031
0.0075
-0.0033
0.0051
0.031
0.046
0.051
0.04
0.018
0.0019
-0.013
-0.022
-0.0093
0.0049
0.0027
-0.0073
0.002
0.028
0.037
0.022
0.0062
-0.006
-0.0052
-0.00096
-0.005
-0.0072
-0.0021
0.0052
-0.0029
-0.026
-0.06
-0.094
-0.11
-0.091
-0.077
-0.073
-0.056
-0.029
-0.0034
0.01
0.025
0.037
0.047
0.064
0.079
0.089
0.084
0.066
0.035
0.0062
0.0059
0.021
0.017
-0.015
-0.041
-0.051
-0.037
0.00047
0.019
0.017
0.01
0.0019
-0.015
-0.031
-0.038
-0.045
-0.051
-0.039
-0.015
0.0079
0.028
0.035
0.029
0.022
0.027
0.036
0.039
0.041
0.052
0.059
0.052
0.024
0.0027
0.0018
0.015
0.027
0.0097
-0.015
-0.023
-0.017
-0.011
-0.008
-0.0031
0.00035
-0.00041
0.005
0.021
0.037
0.046
0.052
0.041
0.018
0.0045
-0.0017
-0.011
-0.0083
-0.0013
-0.011
-0.025
-0.015
0.0058
0.0014
-0.019
-0.03
-0.026
-0.019
-0.024
-0.043
-0.065
-0.079
-0.081
-0.068
-0.054
-0.048
-0.049
-0.048
-0.033
-0.014
-0.0022
0.0077
0.014
0.0094
0.0014
0.0036
0.0049
0.015
0.025
0.025
0.012
-0.0047
-0.014
-0.019
-0.022
-0.031
-0.027
-0.0062
0.016
0.019
0.016
0.023
0.03
0.04
0.056
0.07
0.073
0.071
0.07
0.058
0.033
0.012
0.0086
0.01
0.0018
-0.00011
0.0096
0.015
0.0098
0.0044
-0.0009
-0.0013
0.0042
0.0088
0.006
-0.0022
-0.014
-0.029
-0.037
-0.019
0.01
0.025
0.035
0.031
0.014
0.0078
0.02
0.034
0.049
0.067
0.074
0.052
0.016
-0.018
-0.032
-0.027
-0.0032
0.036
0.068
0.088
0.1
0.1
0.074
0.042
0.042
0.064
0.074
0.07
0.058
0.04
0.037
0.048
0.041
0.022
0.015
0.027
0.057
0.091
0.1
0.074
0.037
0.03
0.054
0.081
0.08
0.046
0.016
-0.0046
-0.012
-0.00069
0.015
0.018
0.0069
-0.02
-0.046
-0.046
-0.015
0.021
0.043
0.053
0.058
0.062
0.063
0.061
0.058
0.053
0.039
0.029
0.015
0.0028
-0.0042
-0.012
-0.017
-0.027
-0.034
-0.034
-0.027
-0.0089
-0.0015
-0.02
-0.031
-0.036
-0.053
-0.066
-0.066
-0.057
-0.038
-0.0063
0.023
0.044
0.053
0.04
0.017
0.013
0.026
0.034
0.027
0.015
0.019
0.033
0.047
0.041
0.016
0.0006
0.009
0.034
0.046
0.048
0.038
0.027
0.024
0.03
0.025
0.01
0.0056
0.019
0.038
0.042
0.037
0.033
0.024
0.0088
0.0006
0.0058
0.028
0.05
0.049
0.032
0.014
0.0089
0.018
0.011
-0.0043
-0.0069
0.0065
0.03
0.049
0.045
0.032
0.029
0.031
0.038
0.052
0.073
0.092
0.1
0.1
0.086
0.063
0.053
0.058
0.05
0.029
0.016
0.0066
-0.00084
0.0056
0.017
0.02
0.02
0.015
0.0091
0.014
0.022
0.033
0.042
0.045
0.039
0.035
0.032
0.031
0.04
0.057
0.074
0.081
0.077
0.064
0.054
0.048
0.044
0.041
0.039
0.035
0.028
0.037
0.044
0.029
0.00011
-0.028
-0.039
-0.029
-0.0074
-0.0016
-0.0029
-0.0094
-0.02
-0.021
-0.019
-0.024
-0.035
-0.033
-0.013
0.013
0.032
0.037
0.023
0.00078
-0.015
-0.025
-0.034
-0.031
-0.016
-0.0059
-0.0088
-0.02
-0.025
-0.015
-0.0049
-0.0017
-0.01
-0.029
-0.033
-0.019
-0.0051
0.0033
0.0019
-0.011
-0.025
-0.033
-0.039
-0.049
-0.055
-0.054
-0.055
-0.065
-0.084
-0.1
-0.1
-0.076
-0.04
-0.021
-0.024
-0.035
-0.043
-0.035
-0.026
-0.03
-0.035
-0.035
-0.038
-0.041
-0.033
-0.013
-0.002
-0.00078
0.0072
0.011
0.0019
-0.021
-0.039
-0.035
-0.021
-0.018
-0.021
-0.021
-0.009
-0.0079
-0.016
-0.019
-0.021
-0.033
-0.042
-0.047
-0.055
-0.047
-0.025
-0.0066
0.0022
0.0048
0.012
0.022
0.032
0.04
0.025
-0.0013
-0.014
-0.014
-0.014
-0.0018
0.019
0.033
0.038
0.038
0.02
-0.00072
-0.014
-0.019
-0.027
-0.047
-0.068
-0.074
-0.078
-0.089
-0.089
-0.077
-0.062
-0.06
-0.063
-0.061
-0.056
-0.048
-0.04
-0.041
-0.048
-0.038
-0.018
-0.01
-0.01
-0.0046
-0.0045
-0.015
-0.024
-0.028
-0.029
-0.024
-0.02
-0.019
-0.02
-0.017
-0.017
-0.03
-0.054
-0.055
-0.034
-0.02
-0.027
-0.045
-0.055
-0.054
-0.046
-0.03
-0.017
-0.016
-0.023
-0.023
-0.02
-0.026
-0.031
-0.02
-0.002
0.012
0.017
0.0081
-0.015
-0.029
-0.022
-0.017
-0.018
-0.013
-0.0088
-0.018
-0.027
-0.027
-0.021
-0.015
-0.021
-0.027
-0.013
0.0042
0.00047
-0.0099
-0.0088
0.0029
0.017
0.019
0.018
0.016
0.021
0.028
0.026
0.023
0.017
0.0081
0.0082
0.017
0.027
0.032
0.022
0.013
0.022
0.019
0.0029
-0.015
-0.029
-0.032
-0.026
-0.019
-0.0043
0.0069
-0.0025
-0.025
-0.037
-0.025
-0.022
-0.037
-0.052
-0.058
-0.056
-0.046
-0.034
-0.029
-0.031
-0.041
-0.042
-0.033
-0.016
-0.0044
0.0076
0.014
0.024
0.031
0.023
0.014
0.011
0.0093
-0.0035
-0.017
-0.011
0.0095
0.022
0.017
0.0023
-0.013
-0.018
-0.025
-0.03
-0.018
0.0076
0.027
0.019
0.0043
-0.0032
-0.0077
-0.012
-0.0072
0.00078
-0.0077
-0.015
-0.018
-0.028
-0.029
-0.0095
0.012
0.022
0.024
0.023
0.03
0.037
0.043
0.041
0.024
0.014
0.019
0.014
0.016
0.028
0.032
0.03
0.021
0.012
0.011
0.0064
0.011
0.034
0.045
0.028
0.016
0.013
0.013
0.028
0.048
0.058
0.047
0.03
0.023
0.021
0.015
0.0051
-0.0026
0.0089
0.019
0.013
0.014
0.025
0.031
0.054
0.075
0.061
0.045
0.047
0.056
0.064
0.059
0.054
0.053
0.041
0.023
0.014
0.013
0.004
-7.6e-005
-0.0013
-0.0031
-0.00014
0.00093
-0.0077
-0.01
-0.0056
0.011
0.033
0.043
0.047
0.046
0.046
0.05
0.043
0.037
0.039
0.039
0.032
0.028
0.03
0.037
0.039
0.027
0.014
0.0034
-0.0011
-0.0032
-0.0059
0.0019
0.0099
0.0051
0.0022
0.0039
-1.5e-005
-0.0096
-0.00038
0.035
0.063
0.066
0.059
0.057
0.047
0.036
0.028
0.029
0.038
0.042
0.057
0.071
0.074
0.072
0.068
0.067
0.061
0.046
0.029
0.02
0.01
0.007
0.0069
0.0061
0.026
0.042
0.043
0.049
0.058
0.062
0.077
0.098
0.096
0.075
0.06
0.064
0.081
0.088
0.081
0.065
0.049
0.047
0.043
0.023
0.0036
-0.00047
0.0022
0.0072
-0.00084
-0.0068
-0.0094
-0.0055
0.0092
0.028
0.036
0.027
0.015
0.016
0.037
0.047
0.039
0.036
0.039
0.037
0.031
0.016
0.0067
0.025
0.044
0.052
0.032
0.0049
0.00017
0.0085
0.0049
-0.015
-0.037
-0.041
-0.027
-0.013
0.0046
0.014
0.018
0.026
0.02
0.0024
-0.016
-0.018
-0.0072
0.0067
0.0024
-0.0059
-0.0036
-0.00056
-0.0039
-0.028
-0.062
-0.055
-0.016
0.0081
0.011
-0.006
-0.032
-0.042
-0.04
-0.039
-0.029
-0.022
-0.021
-0.0085
0.0012
-0.0037
-0.014
-0.018
-0.011
-0.02
-0.04
-0.053
-0.054
-0.041
-0.014
-0.0078
-0.018
-0.021
-0.029
-0.04
-0.046
-0.04
-0.021
0.00063
0.02
0.025
0.011
-0.011
-0.017
-0.013
-0.0019
0.0086
0.0041
-0.016
-0.041
-0.064
-0.077
-0.08
-0.071
-0.053
-0.048
-0.043
-0.021
-0.013
-0.012
-0.0011
0.0067
-0.0031
-0.02
-0.028
-0.032
-0.033
-0.04
-0.038
-0.019
-0.011
-0.022
-0.039
-0.054
-0.06
-0.055
-0.044
-0.026
-0.0057
0.015
0.018
0.0087
-0.0018
-0.0049
0.012
0.041
0.053
0.049
0.042
0.031
0.013
-1.5e-005
-0.0025
-0.0016
-0.0046
-0.0082
-0.0087
-0.012
-0.019
-0.031
-0.055
-0.064
-0.054
-0.045
-0.034
-0.018
-0.011
-0.0024
0.022
0.039
0.041
0.043
0.047
0.049
0.043
0.035
0.039
0.037
0.023
0.0091
-0.0068
-0.023
-0.04
-0.049
-0.044
-0.031
-0.003
0.039
0.073
0.074
0.051
0.032
0.036
0.059
0.073
0.074
0.067
0.066
0.075
0.075
0.059
0.042
0.046
0.056
0.051
0.029
0.015
0.017
0.027
0.038
0.045
0.04
0.027
0.018
0.028
0.047
0.055
0.065
0.081
0.085
0.066
0.043
0.015
-0.012
-0.021
-0.014
-0.0058
0.0049
0.00044
-0.015
-0.032
-0.034
-0.023
-0.02
-0.024
-0.021
-0.0099
-0.011
-0.012
-0.0035
0.017
0.04
0.043
0.037
0.027
0.014
-0.0012
-0.014
-0.022
-0.036
-0.053
-0.052
-0.025
0.0076
0.043
0.073
0.083
0.066
0.036
0.0088
-0.012
-0.03
-0.039
-0.023
0.0049
0.039
0.055
0.042
0.022
0.021
0.015
-0.011
-0.033
-0.033
-0.019
-0.0063
-0.012
-0.013
-0.0044
0.0009
0.016
0.027
0.025
0.019
0.012
0.017
0.022
0.023
0.022
0.02
0.021
0.03
0.039
0.033
0.015
-0.01
-0.028
-0.026
-0.014
-0.013
-0.011
0.00093
0.0021
-0.0023
-0.014
-0.031
-0.04
-0.034
-0.0014
0.026
0.037
0.037
0.015
-0.00078
0.0027
0.0045
-0.0076
-0.03
-0.041
-0.044
-0.032
-0.0022
0.023
0.016
-0.011
-0.025
-0.02
-0.021
-0.018
-0.00078
0.034
0.066
0.062
0.027
-0.0088
-0.029
-0.032
-0.031
0.00087
0.055
0.052
0.0083
-0.029
-0.03
0.017
0.043
0.017
-0.038
-0.079
-0.061
-0.022
-0.018
-0.037
-0.035
-0.0026
0.022
0.0097
-0.022
-0.034
-0.032
-0.024
0.0018
0.034
0.052
0.074
0.069
0.046
0.029
0.0093
0.022
0.052
0.057
0.04
0.014
0.017
0.051
0.087
0.098
0.04
-0.043
-0.077
-0.067
-0.058
-0.057
-0.034
-0.0044
-0.0032
-0.029
-0.054
-0.054
-0.048
-0.035
-0.0061
0.025
0.055
0.073
0.051
0.026
0.016
0.0082
-0.016
-0.041
-0.038
-0.032
-0.017
-0.0013
0.02
0.066
0.089
0.075
0.066
0.077
0.072
0.058
0.048
0.027
0.013
0.0077
-0.0062
-0.0082
0.02
0.042
0.04
0.035
0.019
-0.0012
-0.0017
0.0098
0.022
0.037
0.062
0.1
0.12
0.1
0.059
0.004
-0.011
0.032
0.08
0.078
0.046
0.017
0.014
0.034
0.057
0.066
0.05
0.022
0.0078
0.015
0.037
0.057
0.047
0.007
-0.036
-0.05
-0.023
0.031
0.079
0.095
0.068
0.029
0.011
0.033
0.067
0.087
0.09
0.092
0.1
0.096
0.076
0.045
0.01
-0.0076
-0.013
-0.0071
0.0095
0.014
0.013
0.019
0.022
0.015
0.00032
-0.018
-0.011
0.015
0.034
0.045
0.039
0.023
-0.0079
-0.04
-0.044
-0.029
-0.0025
0.028
0.046
0.036
0.019
0.0018
-0.013
-0.015
-0.022
-0.023
-0.013
0.0034
0.012
0.0022
-0.025
-0.069
-0.1
-0.099
-0.064
-0.029
-0.015
-0.015
-0.022
-0.033
-0.057
-0.088
-0.11
-0.11
-0.091
-0.061
-0.052
-0.064
-0.067
-0.07
-0.081
-0.078
-0.067
-0.051
-0.029
-0.021
-0.012
0.014
0.025
0.014
0.0059
0.0081
0.014
0.0085
-0.0086
-0.013
-0.0059
-0.011
-0.029
-0.038
-0.024
-0.0079
-0.0077
-0.022
-0.037
-0.045
-0.037
-0.022
-0.011
-0.0067
-0.0085
0.0083
0.042
0.055
0.038
0.0065
-0.012
-0.0058
0.0022
0.00029
0.0011
0.004
0.0049
0.013
0.012
-0.0025
-0.018
-0.028
-0.022
-0.015
-0.015
-0.014
-0.022
-0.033
-0.027
0.0022
0.033
0.049
0.038
0.0055
-0.006
0.016
0.043
0.055
0.05
0.033
0.017
0.026
0.05
0.055
0.036
0.026
0.039
0.055
0.058
0.037
0.022
0.027
0.032
0.041
0.047
0.049
0.045
0.048
0.038
0.0062
-0.019
-0.021
-0.0051
-0.0019
-0.0068
-0.0099
-0.016
-0.016
-0.0076
-0.019
-0.05
-0.036
0.049
0.12
0.12
0.066
0.021
0.015
0.042
0.072
0.073
0.037
0.0047
0.0056
0.035
0.063
0.056
0.03
0.011
0.0032
-0.0049
-0.026
-0.052
-0.079
-0.095
-0.076
-0.051
-0.05
-0.04
-0.021
0.0065
0.033
0.027
0.0038
-0.0043
-0.0042
-0.0002
0.0027
0.0065
0.01
-0.00038
-0.023
-0.048
-0.058
-0.04
-0.011
-1.5e-005
-0.018
-0.048
-0.073
-0.081
-0.076
-0.051
-0.0066
0.022
0.016
-0.0014
-0.0094
-0.004
0.014
0.025
0.027
0.012
-0.016
-0.027
-0.024
-0.031
-0.049
-0.052
-0.037
-0.02
-0.026
-0.048
-0.053
-0.021
0.028
0.058
0.057
0.039
0.021
-0.0029
-0.01
-0.0034
0.0069
0.011
-0.0037
-0.02
-0.028
-0.023
-0.0076
0.01
0.016
0.0049
-0.0089
-0.02
-0.022
-0.028
-0.026
-0.0062
0.016
0.029
0.027
0.016
-0.003
-0.018
-0.01
0.016
0.039
0.05
0.05
0.023
-0.022
-0.054
-0.059
-0.017
0.065
0.1
0.048
-0.033
-0.075
-0.053
-0.0097
0.014
0.015
0.015
0.029
0.039
0.026
-0.0064
-0.032
-0.029
-0.009
-0.00075
-0.023
-0.051
-0.048
-0.027
-0.01
-0.015
-0.031
-0.038
-0.023
-0.01
-0.0011
0.014
0.025
0.021
0.0045
-0.013
-0.018
-0.022
-0.038
-0.068
-0.089
-0.077
-0.056
-0.019
0.021
0.031
0.024
0.028
0.036
0.028
-0.00084
-0.041
-0.058
-0.045
-0.037
-0.038
-0.051
-0.062
-0.048
-0.032
-0.011
0.015
0.028
0.039
0.041
0.028
0.011
-7.6e-005
0.002
0.017
0.012
0.00044
0.018
0.031
0.034
0.04
0.041
0.032
0.014
-0.0038
-0.021
-0.032
-0.041
-0.042
-0.039
-0.034
-0.02
-0.0088
-0.0025
-0.00017
0.0024
0.0054
0.0057
-0.0037
-0.026
-0.047
-0.044
-0.033
-0.047
-0.064
-0.059
-0.039
-0.0027
0.02
0.0086
-0.013
-0.012
-0.0093
-0.016
-0.033
-0.04
-0.019
-0.0042
-0.015
-0.023
-0.017
-0.015
-0.016
-0.02
-0.027
-0.042
-0.057
-0.054
-0.057
-0.071
-0.076
-0.062
-0.023
0.016
0.03
0.034
0.046
0.047
0.033
0.0076
-0.026
-0.047
-0.04
-0.02
0.008
0.022
0.014
-0.0066
-0.036
-0.05
-0.052
-0.049
-0.036
-0.035
-0.036
-0.014
0.0035
0.0088
0.021
0.034
0.042
0.04
0.03
0.01
0.0092
0.033
0.06
0.076
0.071
0.041
0.0054
-0.0041
0.0086
0.012
-0.0025
-0.00047
0.007
0.0038
0.0042
-0.00078
-0.005
-0.0095
-0.0082
0.011
0.031
0.043
0.045
0.04
0.03
0.025
0.021
0.019
0.025
0.028
0.027
0.035
0.035
0.028
0.019
0.013
0.018
0.024
0.02
0.013
0.0084
0.023
0.043
0.03
0.0013
-0.025
-0.034
-0.02
-0.00056
0.0084
0.024
0.051
0.063
0.058
0.049
0.047
0.039
0.04
0.054
0.068
0.063
0.054
0.048
0.043
0.029
0.011
0.0038
0.0044
0.012
0.039
0.077
0.085
0.053
0.0022
-0.038
-0.052
-0.035
-0.0014
0.026
0.039
0.037
0.023
0.008
0.0031
0.018
0.034
0.05
0.049
0.048
0.062
0.073
0.075
0.071
0.053
0.036
0.037
0.044
0.053
0.044
0.023
0.017
0.027
0.041
0.046
0.044
0.042
0.045
0.046
0.052
0.058
0.061
0.066
0.064
0.054
0.046
0.043
0.037
0.038
0.033
0.025
0.024
0.025
0.036
0.047
0.053
0.058
0.062
0.065
0.058
0.04
0.021
0.018
0.021
0.025
0.035
0.035
0.026
0.017
0.0063
0.00066
0.00075
0.008
0.024
0.044
0.052
0.046
0.029
0.008
-0.0098
-0.023
-0.029
-0.026
-0.0066
0.0089
0.016
0.014
0.022
0.048
0.072
0.076
0.048
0.017
0.013
0.024
0.032
0.026
0.0059
-0.011
-0.014
-0.011
-0.0031
0.013
0.036
0.068
0.086
0.08
0.055
0.027
0.0062
0.0064
0.028
0.05
0.055
0.048
0.042
0.036
0.033
0.038
0.036
0.019
0.011
-0.0014
-0.027
-0.02
-0.0013
0.00038
0.01
0.0093
-0.0047
-0.012
-0.0027
0.0077
0.018
0.031
0.031
0.022
0.016
0.013
-0.0015
-0.0042
0.005
0.024
0.04
0.04
0.019
-0.014
-0.029
-0.02
0.004
-0.0025
-0.027
-0.029
-0.031
-0.032
-0.037
-0.06
-0.068
-0.065
-0.072
-0.07
-0.066
-0.058
-0.033
-0.013
-0.0067
-0.014
-0.02
-0.021
-0.022
-0.026
-0.035
-0.03
-0.012
-0.0072
-0.032
-0.04
-0.036
-0.057
-0.098
-0.12
-0.12
-0.087
-0.049
-0.036
-0.048
-0.056
-0.074
-0.093
-0.1
-0.099
-0.065
-0.028
-0.015
-0.01
-0.01
-0.006
-0.031
-0.077
-0.083
-0.068
-0.047
-0.027
-0.036
-0.044
-0.041
-0.034
0.0018
0.029
0.011
-0.041
-0.089
-0.086
-0.053
-0.053
-0.065
-0.09
-0.098
-0.08
-0.046
-0.037
-0.053
-0.052
-0.024
-0.011
-0.011
-0.0043
-0.019
-0.042
-0.042
-0.03
-0.002
0.02
-0.0013
-0.044
-0.083
-0.09
-0.074
-0.061
-0.036
-0.0022
0.0012
-0.018
-0.052
-0.084
-0.1
-0.085
-0.059
-0.057
-0.056
-0.038
-0.021
-0.011
0.0013
-0.0018
0.0075
0.017
-0.0023
-0.022
-0.019
0.014
0.034
0.024
0.0089
-0.0064
-0.018
-0.023
-0.022
-0.022
-0.024
-0.019
-0.012
-0.018
-0.021
-0.012
0.0062
0.033
0.052
0.066
0.067
0.064
0.076
0.068
0.057
0.06
0.042
0.018
0.0005
-0.0089
-0.0021
0.0022
0.0037
0.012
0.036
0.069
0.079
0.093
0.11
0.095
0.054
0.025
0.038
0.078
0.091
0.076
0.047
0.031
0.027
0.032
0.058
0.089
0.094
0.059
0.017
-0.0098
-0.0018
0.024
0.024
0.0097
0.027
0.062
0.092
0.1
0.079
0.053
0.046
0.045
0.048
0.055
0.039
0.00023
-0.023
-0.012
0.012
0.027
0.0038
-0.026
-0.041
-0.043
-0.02
0.0081
0.018
0.028
0.051
0.065
0.067
0.071
0.059
0.047
0.05
0.049
0.021
-0.015
-0.041
-0.035
-0.0051
0.016
0.012
-0.0017
0.0079
0.041
0.079
0.09
0.066
0.028
0.0068
-0.00032
-0.0015
0.0031
0.0049
0.012
0.013
-0.0051
-0.0089
0.0068
0.02
0.017
-0.0044
-0.025
-0.024
0.0051
0.049
0.073
0.069
0.071
0.071
0.061
0.043
-0.00023
-0.048
-0.047
0.01
0.062
0.071
0.036
-0.0068
-0.024
-0.028
-0.027
-0.018
-0.012
0.00014
0.022
0.037
0.033
0.014
0.0041
0.011
0.018
0.033
0.043
0.039
0.042
0.047
0.042
0.035
0.025
-0.0042
-0.028
-0.017
0.016
0.036
0.034
0.025
0.021
0.017
0.0033
-0.0093
0.007
0.052
0.083
0.081
0.038
-0.02
-0.029
0.023
0.075
0.075
0.049
0.023
0.015
0.027
0.032
0.024
0.011
0.0035
0.013
0.033
0.042
0.025
0.0022
0.0096
0.036
0.041
0.016
-0.0009
0.0024
0.024
0.04
0.032
0.024
0.025
0.026
0.034
0.036
0.027
0.01
-0.0035
-0.0072
-0.0045
-0.0058
0.0002
0.02
0.043
0.072
0.081
0.062
0.03
0.013
0.012
0.018
0.029
0.047
0.058
0.057
0.049
0.022
-0.012
-0.028
-0.025
-0.0015
0.024
0.023
0.0047
-0.0065
-0.0053
0.0063
0.022
0.029
0.024
0.0066
-0.028
-0.062
-0.082
-0.087
-0.075
-0.066
-0.072
-0.074
-0.07
-0.056
-0.023
-0.0029
-0.016
-0.04
-0.057
-0.069
-0.085
-0.091
-0.088
-0.091
-0.088
-0.076
-0.065
-0.072
-0.089
-0.1
-0.11
-0.087
-0.063
-0.045
-0.041
-0.034
-0.024
-0.026
-0.049
-0.074
-0.078
-0.062
-0.048
-0.063
-0.079
-0.078
-0.075
-0.064
-0.046
-0.044
-0.044
-0.035
-0.028
-0.024
-0.015
-0.02
-0.049
-0.066
-0.062
-0.051
-0.052
-0.066
-0.077
-0.074
-0.071
-0.069
-0.052
-0.031
-0.016
-0.0023
0.016
0.024
0.014
-0.0019
-0.023
-0.043
-0.064
-0.09
-0.12
-0.14
-0.15
-0.13
-0.11
-0.097
-0.085
-0.068
-0.065
-0.057
-0.025
0.0069
0.018
0.015
0.0056
-0.012
-0.032
-0.048
-0.058
-0.057
-0.045
-0.046
-0.05
-0.048
-0.056
-0.056
-0.041
-0.022
-0.007
0.0096
0.017
0.0032
-0.023
-0.032
-0.02
-0.012
-0.023
-0.043
-0.054
-0.047
-0.043
-0.036
-0.02
-0.014
-0.014
-0.015
-0.016
-0.016
-0.0034
0.02
0.034
0.046
0.063
0.075
0.063
0.038
0.022
0.013
0.013
0.012
0.0058
0.013
0.022
0.012
0.0018
0.0065
0.026
0.049
0.044
0.032
0.032
0.029
0.024
0.027
0.029
0.032
0.035
0.026
0.022
0.029
0.04
0.061
0.077
0.078
0.066
0.058
0.072
0.092
0.087
0.067
0.043
0.024
0.022
0.015
0.0078
0.024
0.056
0.076
0.079
0.061
0.026
0.0051
0.0011
0.0091
0.028
0.053
0.083
0.11
0.12
0.11
0.095
0.086
0.095
0.11
0.13
0.12
0.092
0.076
0.085
0.089
0.099
0.11
0.11
0.12
0.13
0.13
0.12
0.1
0.082
0.075
0.078
0.084
0.1
0.11
0.1
0.098
0.1
0.1
0.098
0.098
0.1
0.11
0.12
0.12
0.13
0.14
0.14
0.13
0.12
0.13
0.12
0.1
0.089
0.078
0.066
0.064
0.063
0.073
0.093
0.099
0.094
0.098
0.12
0.14
0.14
0.14
0.13
0.11
0.12
0.12
0.095
0.073
0.065
0.059
0.06
0.065
0.077
0.1
0.12
0.12
0.1
0.077
0.056
0.035
0.032
0.041
0.049
0.045
0.04
0.042
0.054
0.051
0.032
0.035
0.045
0.046
0.043
0.039
0.04
0.041
0.043
0.043
0.038
0.036
0.039
0.035
0.018
0.0089
0.014
0.022
0.026
0.028
0.031
0.024
0.0073
0.00011
0.0037
0.029
0.058
0.065
0.05
0.03
0.014
0.013
0.028
0.018
0.0028
0.023
-0.0074
-0.011
0.031
0.074
0.084
0.034
-0.028
-0.051
0.0093
0.061
0.035
0.0059
0.0018
-0.0009
0.012
0.039
0.044
0.029
-0.0014
-0.031
-0.034
-0.017
0.0075
0.013
-0.012
-0.029
-0.0092
0.029
0.048
0.048
0.041
0.024
0.015
0.0094
0.011
0.024
0.027
0.029
0.039
0.036
0.0031
-0.046
-0.08
-0.068
-0.035
-0.017
-0.0029
0.0017
0.0051
0.024
0.029
0.0045
-0.021
-0.028
-0.024
-0.0098
0.024
0.056
0.065
0.068
0.07
0.068
0.057
0.034
0.0059
-0.0066
-0.0027
0.0055
0.017
0.025
0.023
0.016
0.024
0.045
0.041
0.021
0.01
0.0058
0.0045
0.0048
0.012
0.021
0.026
0.032
0.044
0.054
0.053
0.034
0.0014
-0.019
-0.02
-0.016
-0.015
-0.011
-0.00029
0.013
0.023
0.02
-0.0013
-0.023
-0.037
-0.045
-0.042
-0.036
-0.045
-0.06
-0.06
-0.044
-0.029
-0.033
-0.055
-0.069
-0.063
-0.049
-0.037
-0.029
-0.023
-0.023
-0.031
-0.046
-0.062
-0.067
-0.049
-0.024
-0.0056
-0.0016
-0.012
-0.034
-0.056
-0.073
-0.084
-0.095
-0.11
-0.12
-0.12
-0.12
-0.11
-0.11
-0.11
-0.11
-0.098
-0.087
-0.084
-0.092
-0.11
-0.11
-0.097
-0.082
-0.082
-0.087
-0.099
-0.12
-0.13
-0.13
-0.14
-0.14
-0.13
-0.11
-0.087
-0.069
-0.07
-0.084
-0.086
-0.065
-0.044
-0.03
-0.018
-0.012
-0.011
-0.011
-0.009
-0.0022
0.0062
0.0056
0.00069
-0.0023
0.00053
0.002
-0.0035
-0.013
-0.02
-0.016
-0.0051
0.0011
0.0036
0.0089
0.011
0.0021
-0.018
-0.037
-0.049
-0.055
-0.054
-0.044
-0.038
-0.043
-0.059
-0.068
-0.069
-0.071
-0.068
-0.072
-0.083
-0.079
-0.057
-0.041
-0.047
-0.075
-0.098
-0.096
-0.094
-0.099
-0.1
-0.098
-0.09
-0.076
-0.063
-0.046
-0.039
-0.033
-0.028
-0.03
-0.03
-0.023
-0.018
-0.016
-0.0075
0.0064
0.02
0.021
0.002
-0.014
-0.0054
0.0079
0.011
0.012
0.0084
-0.00026
-0.015
-0.017
-0.0018
0.025
0.06
0.086
0.09
0.076
0.041
0.014
0.03
0.067
0.091
0.08
0.051
0.026
0.031
0.075
0.12
0.11
0.027
-0.077
-0.079
0.05
0.2
0.27
0.21
0.051
-0.084
-0.13
-0.1
-0.058
-0.021
0.014
0.053
0.095
0.11
0.073
0.039
0.035
0.043
0.036
0.017
0.012
0.037
0.067
0.065
0.021
-0.019
-0.016
0.023
0.062
0.075
0.063
0.041
0.021
0.017
0.034
0.07
0.12
0.17
0.17
0.15
0.12
0.082
0.056
0.035
0.0066
-0.0069
0.017
0.069
0.11
0.12
0.11
0.074
0.034
0.025
0.051
0.092
0.12
0.15
0.15
0.13
0.096
0.048
0.0077
-0.0034
0.017
0.062
0.11
0.14
0.11
0.05
0.01
0.011
0.022
0.031
0.047
0.068
0.092
0.11
0.093
0.049
0.0034
-0.028
-0.046
-0.048
-0.002
0.067
0.12
0.13
0.11
0.07
0.05
0.038
0.026
0.031
0.059
0.11
0.15
0.16
0.12
0.08
0.053
0.043
0.042
0.051
0.074
0.093
0.1
0.085
0.048
0.032
0.046
0.06
0.066
0.064
0.052
0.052
0.054
0.043
0.029
0.021
0.024
0.03
0.038
0.038
0.028
0.029
0.045
0.058
0.06
0.055
0.049
0.043
0.041
0.04
0.022
-0.0052
-0.014
-0.005
0.012
0.033
0.038
0.014
-0.031
-0.062
-0.054
-0.024
0.0054
0.018
0.022
0.04
0.062
0.054
0.027
0.00069
-0.009
0.0011
0.018
0.03
0.033
0.03
0.019
0.0006
-0.018
-0.023
-0.011
0.014
0.042
0.053
0.042
0.016
-0.013
-0.025
-0.0083
0.015
0.021
0.019
0.017
0.022
0.026
0.029
0.028
0.025
0.02
0.027
0.057
0.1
0.12
0.096
0.071
0.054
0.04
0.031
0.023
0.013
0.016
0.03
0.049
0.044
0.014
-0.013
-0.021
-0.0073
0.013
0.031
0.038
0.034
0.011
-0.012
-0.032
-0.061
-0.077
-0.058
-0.027
-0.016
-0.026
-0.059
-0.095
-0.12
-0.11
-0.09
-0.06
-0.041
-0.045
-0.067
-0.11
-0.15
-0.19
-0.21
-0.19
-0.17
-0.15
-0.12
-0.099
-0.087
-0.099
-0.13
-0.15
-0.16
-0.16
-0.15
-0.13
-0.096
-0.067
-0.054
-0.058
-0.078
-0.11
-0.12
-0.11
-0.092
-0.058
-0.022
-0.013
-0.025
-0.04
-0.043
-0.035
-0.03
-0.035
-0.048
-0.053
-0.035
0.0041
0.037
0.049
0.04
0.024
0.023
0.028
0.027
0.021
0.017
0.015
0.0055
-0.0043
-0.0072
-0.0011
-0.0031
-0.0019
-0.0069
-0.015
-0.023
-0.021
-0.017
-0.024
-0.031
-0.039
-0.044
-0.03
-0.0066
0.0083
0.0077
-0.0095
-0.031
-0.043
-0.033
-0.02
-0.0025
0.016
0.015
-0.0029
-0.027
-0.045
-0.041
-0.012
0.013
0.021
0.0083
-0.0062
-0.016
-0.026
-0.019
-0.0069
-0.0051
-0.012
-0.018
-0.027
-0.029
-0.038
-0.046
-0.026
0.008
0.022
0.016
0.0077
0.016
0.04
0.04
-0.0033
-0.068
-0.11
-0.083
-0.041
-0.0079
0.018
0.029
0.025
0.006
-0.02
-0.04
-0.05
-0.052
-0.043
-0.025
0.00087
0.015
-0.0037
-0.04
-0.065
-0.074
-0.069
-0.062
-0.069
-0.073
-0.056
-0.038
-0.036
-0.046
-0.049
-0.034
-0.016
-0.003
0.00035
-0.0075
-0.017
-0.0027
0.024
0.032
0.0068
-0.034
-0.048
-0.031
-0.019
-0.014
-0.019
-0.035
-0.057
-0.071
-0.078
-0.075
-0.07
-0.068
-0.059
-0.055
-0.058
-0.074
-0.087
-0.078
-0.057
-0.034
-0.024
-0.034
-0.04
-0.028
-0.011
-0.02
-0.07
-0.13
-0.15
-0.12
-0.085
-0.064
-0.067
-0.08
-0.071
-0.062
-0.079
-0.11
-0.12
-0.1
-0.067
-0.038
-0.027
-0.046
-0.076
-0.096
-0.1
-0.096
-0.083
-0.086
-0.085
-0.056
-0.019
0.0034
0.0023
-0.026
-0.051
-0.06
-0.059
-0.047
-0.03
-0.019
-0.0087
-0.0052
-0.021
-0.067
-0.12
-0.12
-0.079
-0.046
-0.031
-0.037
-0.057
-0.071
-0.067
-0.056
-0.045
-0.046
-0.059
-0.086
-0.12
-0.13
-0.14
-0.13
-0.12
-0.1
-0.087
-0.08
-0.083
-0.097
-0.1
-0.095
-0.07
-0.05
-0.057
-0.081
-0.085
-0.061
-0.02
0.015
0.018
-0.0041
-0.029
-0.043
-0.03
-0.006
0.021
0.048
0.061
0.057
0.043
0.018
-0.014
-0.028
-0.017
0.013
0.035
0.038
0.041
0.053
0.062
0.059
0.048
0.043
0.05
0.062
0.074
0.081
0.08
0.074
0.062
0.051
0.04
0.018
-0.0043
-0.018
-0.015
0.012
0.047
0.068
0.065
0.053
0.038
0.031
0.03
0.034
0.048
0.071
0.087
0.075
0.044
0.028
0.04
0.06
0.072
0.059
0.026
0.0078
0.013
0.042
0.081
0.1
0.1
0.092
0.082
0.08
0.094
0.11
0.12
0.13
0.13
0.12
0.098
0.089
0.097
0.11
0.11
0.12
0.11
0.1
0.1
0.095
0.1
0.12
0.12
0.13
0.12
0.098
0.081
0.084
0.095
0.097
0.079
0.069
0.075
0.081
0.08
0.071
0.048
0.039
0.052
0.058
0.055
0.044
0.04
0.052
0.072
0.09
0.096
0.088
0.08
0.07
0.057
